18.47672943552375
9.536464420789184
-8.025372510836535
-5.367232630734421
3.6901532115670754
14.272649483224946
16.737175526707055
8.36300739619044
-14.545696162752794
-1.7858633157786628
11.409029832913081
7.299191969776867
19.40015405530165
-2.0931075367504413
-6.062476845938672
-17.82827241992605
-19.537060298900755
-18.577288019023115
-0.38431467685981957
-13.59344751771696
6.18417953104462
15.971805173242132
16.339414958139784
11.512567275638634
6.005087728059799
17.699547548529488
-1.3930816703218198
13.687001807550857
10.507211101545565
-19.838809315969456
-13.041333184472519
10.18215403328741
5.008102690865293
-16.117735259017355
-5.08249059276595
15.194196112927216
0.16769667953959555
-6.649438336980001
7.818519406473406
3.7343947897569336
10.909527572291992
0.12208092999991038
1.8950573356684508
-14.47509469946505
-13.789201343784075
-16.964787304344323
3.68122752916495
-7.427108418038145
19.916855523539155
-17.97632207411766
10.455974025447958
-14.230911358501292
18.9217462353394
-0.9819903306605084
5.253988260207262
-5.337631857033291
-0.21036403020313088
-0.5569335147224095
10.974570399448368
-1.1265423496836888
7.864266057940505
4.869086533282577
-5.165039551834138
-8.207271557325232
-9.60335458601496
-1.110684707837983
-1.6922373700860902
-8.401990786820033
8.143069375664641
-19.4182702098649
1.6527662499979492
0.5143504518080313
16.84297557092941
-3.250245859201236
7.178501582561644
8.920245710258207
10.523383048490082
4.13543374039741
-0.7200568654587087
-17.180090823718857
10.526493832974658
-17.304385432777444
9.317128095576948
-3.781568084342261
2.372042136490677
1.6899199444007742
3.9369630285226656
8.57869894288454
14.332189613267367
11.042542613660725
19.420296487185254
-3.9487894235797754
-12.790330949696651
-16.265917717771593
19.277186004707843
-17.48194509915045
11.713483615014475
6.6639573007464605
-2.931809009627262
-10.544576875805888
-2.4031216284381784
17.84233949694481
-9.726556076243575
7.485998871179305
-2.2932682286161956
-19.290935516081902
-12.205151836844204
10.243503321094746
14.47382920135965
-0.4423438204209482
13.877114044316556
8.28830877039804
-8.679488326097964
10.364102851881466
-14.84896706370915
-16.45254043941874
12.578987831728327
7.136593712072322
15.647961906820562
2.6611264543763298
5.679329347006416
7.868069452799936
-14.423719073272743
3.6794874946493152
-7.285294136364463
4.428547316099344
3.0585044103844297
18.73867224036276
2.506952732249271
12.720421188627185
8.390924081764602
15.272393930245237
-4.421433742117804
-14.321442024935367
6.0742799178379805
-18.087314789046122
-18.72156215370684
-18.21049186515613
-14.91331858815192
3.2742209193988074
14.627282495280916
-15.260036959224689
-2.8634577109403736
-0.5649436358806312
-6.769758368372955
12.807954827700662
6.045926170788462
-3.0859253813561764
-9.641061888557157
-13.31550160325885
-3.710756385320309
4.165365403385188
-18.3540463023402
-1.9744721012047783
-18.976230550875922
12.41557945708226
-16.77311162485743
19.35799964777268
-18.575955607920427
9.086841760419748
10.083032219304805
-15.324599812246849
-10.799351103427139
-16.127063877745744
-2.1982758145255765
10.576260178223535
-18.50727763615707
13.94758158104316
1.037555932897849
19.309981669180104
-19.644039864626354
-7.456070540389774
0.7994325684594052
11.980784417687211
11.961591801252109
18.21343093205214
16.00154565276334
6.786553592337484
9.506760344626358
6.1017894340603505
-3.0573280011429844
-1.0520421862748677
-9.436963453937551
4.188276063055714
-11.028571580722307
-16.805168643327313
9.902650721258667
2.404900929943267
-7.630158943295221
12.912607564214575
8.950165933113823
6.111317669236254
5.130325613840782
-3.0077619194065335
-8.785523553413505
17.108326086521075
-9.54604003278356
17.714151656049772
1.1272831166252288
17.017688171188006
-12.564051345034532
4.906856271476659
17.151012555161913
-16.915096255980714
7.989870542658043
18.047049885056893
-9.661810740292829
-13.007854734964246
15.89249741246622
19.322789450621336
-3.9863569727625183
9.829675601788018
-13.064581492272321
1.618939259008691
12.7112250833664
-6.576336056900217
-7.616342953461658
13.271373352527021
-10.35001216350338
15.35671499667486
7.158443702704822
-5.6689420349539645
9.726536079998628
15.67932370786179
-13.875663458035689
10.704309396980904
-12.805118197485754
-9.670028445594237
-13.433241256695059
2.7498907827747523
-16.130643014608065
-0.25940235731044226
-8.481644467281647
-14.868678731155981
-3.182910809998578
-1.5146327280969096
0.6352640278241424
-3.934612881948528
7.098137103127023
-1.5500209061542911
-6.574160756299175
2.2209393156862447
-14.244295678302713
-11.052387586730493
-9.524406392063147
3.9141453430613318
-5.074205256472224
16.34883683655228
-18.490872081308996
3.068350487780293
-5.0524700962676015
6.848515944794116
-13.081087815764828
-2.8357606962189337
16.588878879138576
-2.2989962382820472
-8.946097317467242
11.101466783824627
13.803525117449887
6.252619299942541
-9.246637661141017
-15.724309208528705
15.873926060834165
-15.706011788984643
15.190106257778346
13.21639535995724
4.857141832702322
-17.921168812314214
14.319531032618151
12.549235073684137
15.822806459499773
15.132070316686942
-17.4160451810379
-2.9266621549241734
-14.961823700214687
11.45246757929337
12.413428697034817
-8.312496180243528
1.8805566155112743
7.251830376898091
1.8439719356870938
18.808292460811835
0.9566081398529924
-3.8074458833171647
-17.70324832876005
11.018928470054142
-9.186421957198734
-11.947670218039095
-18.588058789817126
-9.19677459070877
6.338080532110119
-8.542366730316214
9.885591037514601
-0.9541293075789952
-10.054665610937011
-0.21442015592287333
-17.580149720625812
-14.323205556206915
-13.24130935325076
10.498476321080354
-1.1923768013902816
-11.92538570507323
15.591242310552914
18.98645912219998
12.495965753159133
1.7255153116252622
9.217684148079726
10.375741985299932
-10.082799898104211
-6.459387877663815
12.77258842197027
1.5859627888817158
2.562369048811256
-12.970233171997583
-14.088543430273258
-0.21368637700544113
2.130057282294345
-2.4305275177519263
8.79867292820721
-0.6709305450590506
-11.678901629136732
0.6971525544410575
-18.10169631531059
-9.601860366961272
11.556117478112938
-19.14350223051136
-3.285944553609518
-17.231047185561362
8.501504482996737
9.98062748737311
1.539079151862886
1.8079411059821417
-16.61353628982345
-17.748151078402703
10.117305435043011
-17.696850292059743
-16.971091779292106
-17.990320394930677
0.6698294191649836
2.926833678023577
-4.21143575566763
10.941507399489147
-3.283238884774473
17.19161983702788
10.455063157553248
-2.08477538786439
11.40593821172721
17.29975207864443
14.521170446168107
-10.542627771151466
-8.896493475769791
4.876255756840596
8.004993977500696
16.42731593018621
17.577364417334344
-14.099004338028154
7.581149285960883
-6.1940015455645625
17.28935136493145
10.923451884634453
11.09960565872153
17.04119722785172
12.009947034771756
-17.754069065655163
1.0049474014783328
-15.060386653735382
-10.7414721143732
-17.358929456700665
15.945768472214269
0.20295298082341873
-2.3030890963675255
12.788306809819701
17.47403319019535
9.281188307411206
1.7473793317701158
11.892381626104797
9.311163199701106
-6.796900599020104
8.713437771584395
7.27513078339318
14.18762898007624
8.272808558064469
-9.237566044700758
11.642999777554234
-9.88254309741853
8.259870982730845
5.653454841566035
-6.138971734760105
9.741752601010212
-13.416610920221355
11.948397233486574
17.701326313485467
-5.478342814227609
9.273604425610152
-8.222106405489615
14.496776654389606
13.010979613701608
-19.486418431446666
14.231362348183943
15.837139436099847
3.1717352689176046
18.026713961566116
-7.238940545274417
-13.493711807734062
-13.472748048690203
-3.2555115049402694
9.470795839179576
1.7620710766821333
-2.5889492304336343
-17.965078370827374
9.94820063190587
10.251891039942528
2.0652309579011963
-13.573132871915053
18.931371756976866
-4.422844106485492
-17.677817601503282
-6.254680905454983
-0.17964990671414327
-12.740292024414842
3.086339356319975
-3.5485255779975162
2.538558956671487
-12.651347919382893
-19.752199383417313
-4.091248959513361
-16.512402487770164
-5.741935791568782
-13.351726936629689
-10.267354249757567
16.213649892147473
7.62089427819776
0.5397185292793907
10.397423982958578
-2.05300260835633
0.8281480729353952
5.927087879052028
7.99839179642802
-10.263860613978352
-18.42270701688506
-16.29739267612516
2.290738944725529
18.020344977046776
-2.8404052681246803
8.653939418843205
-12.820896547321432
-10.047492536956032
10.426896490001191
16.481454395798004
11.7436213800014
19.461599758257883
6.79509403066621
-16.44654157678115
8.807449318359446
-17.53915386563977
12.93722694494614
-15.16128203935267
12.720316408787468
7.623401226622942
-4.234497740360519
-2.4347294272830453
2.5774370043734542
16.985393790672077
4.608346422849053
2.88299481768599
-6.30164974915909
17.584655689217826
-15.041494274154514
-18.405682426507255
11.156879448341432
19.220857397899763
17.722833328044857
-18.261331178845566
15.166410568673669
18.287086342209747
-1.6695072409204315
-8.789109402231517
-0.152747708317289
-12.281280350327698
17.5214204227845
-1.5351945953188597
14.600737897022299
-17.908913529649087
-0.4861016870779906
-7.316101138811163
14.907122392025215
1.8660656929507304
-14.486470270688482
-19.680097454665898
-16.184129229755836
8.242427157411761
-6.321769005642754
-14.875717847403598
-11.206221784177032
-12.699752693206584
-16.241461307716058
-12.278148796681801
6.361328439109499
-6.249316530944027
14.445533223999028
-11.421194269086655
-3.1891718166875833
9.652278539856383
11.341224537786388
2.332350366234614
8.453533014185641
-14.07027933997471
-19.076512530390456
8.212216311063433
1.858941567331371
-10.2547727785982
-10.121870812537361
12.83479177182177
10.671895641610782
-18.606517708090333
-12.261657145256489
10.366259324767718
-0.34601360660826685
-1.2256666942523786
8.882905687935896
0.8359403404617964
12.90052319529051
-16.142217549110477
11.494168484405336
13.926009668957569
10.411615618635224
-13.113801389375528
-5.228057562139924
-15.874547823288667
8.442891453435323
-17.267772655132994
-11.811936748961438
-10.256940593273951
15.836445375600128
-15.237903716385798
19.543189850867215
8.50487862974838
17.82351137797462
14.207078292820107
12.90718009954302
-8.827669155400573
19.05882215000954
1.0509820964983199
3.0940447971393326
-6.1687154236263275
2.2702766473506983
-3.737277674938092
18.714785656759133
2.2203638799875804
-5.591904384057273
12.932754540472025
-10.87845394450721
-3.8356445615400467
10.92200812848359
-17.40064442105075
-8.295578613315925
-11.76030062024953
17.96438222491087
17.864461632878047
-9.166521448191641
8.690242552601617
-19.035322009438485
-11.53206448877464
6.183753283572308
10.669595789804092
18.262099744674202
-15.915367697536396
-14.695694483505095
16.25148357208061
-8.783131492773206
-2.8058544208770755
17.189005054407424
17.356338076466294
3.8017042914146657
-4.0405476735327674
-9.335653383004022
-16.76757360437073
0.41032247671571653
16.243240231034378
5.9469111145628375
-0.8917665998739963
7.69251002619249
-14.863692912970574
-14.425515966021099
8.022053260997659
-3.970223460687219
9.712414177327311
-9.160441471879807
-6.1650346483801055
1.9442325554701014
18.324099272770255
-12.065472097515189
7.251985769645685
-10.369477651147495
-3.7629261869827673
-18.501352412420076
-5.043729544563519
16.679936743256775
-12.818193924572544
10.46450408700941
4.8493309876699975
-7.544506082640563
-0.36051689511923257
14.49928563223061
-12.98048136580238
-17.405724231801525
-8.221864287813517
-7.168286603855272
-2.01717222220665
4.663280550141387
-2.334873641242062
-5.4031032689569045
3.3653949756243833
-9.262304288363428
5.476456837854521
-17.236774389492496
-1.69064223553859
6.108557457750543
16.173892118026735
10.850760910018149
13.698029642738717
-14.291658482186818
-16.32094017770258
12.07563649839448
17.26643368746896
0.8338018980613171
12.144371953319947
-16.982091285769286
9.024394479593202
-3.682750302668161
-2.2952359380367398
-1.2487781766094805
-16.334094508214125
3.525011622470089
-15.955183003183006
15.157154673971924
5.1429814612123295
-4.785477163333972
-10.450972986819828
2.7970294124750694
-15.359773985845418
-17.44616643611948
-19.7621319009451
17.701362814242138
-12.566742518053665
-15.73929831527845
-19.28106645625992
-10.880460948998309
1.832267827694487
9.150284495873166
14.962044343137194
-9.142965519599414
9.11473213469165
-16.49236570441394
-17.280736274294867
15.138499592681853
14.298411684619417
11.02111002032808
-1.4455380929541342
19.926836580320597
9.306511946718722
-14.419292905894219
-14.808600883558416
-12.180530813933256
-12.319348837113306
13.132467272233981
16.726095917576394
1.4448853240561412
-19.275806237928084
8.912981962371195
-16.27374402659441
0.09273799102828306
-14.047842746448884
2.0881946886722886
18.28631734261669
-14.717469089866055
13.49889128934663
-3.312524406234715
13.175350886342201
17.888889788331554
15.10148201701221
-12.865155334801145
-4.5813360370797405
-3.1782214006256737
8.811195531855944
-7.716811417995611
4.015331100869432
-18.92588779022256
0.03302349888931744
-13.521875403241816
9.527172698595741
-17.76461266459161
5.183676343475444
10.343139098164155
7.181280842887105
-0.6522017302748822
-18.289314029812903
-15.768560536476333
12.65895692815026
-16.09496185379986
-18.220498061616443
-11.998799505729881
-1.660334945435352
13.750519022267184
1.7875434703670408
-17.25964226495957
-1.2115429625814258
9.474603240024546
15.413907198283624
1.6525471293038123
-2.913666306109665
18.543107401736364
-0.1254818147664416
-5.870789901489726
17.015375560799768
-1.6161663706612153
-10.45262147539991
-9.01336029574367
14.472690602486779
-9.14754857846383
1.9727561923633772
-7.9037970320115
2.2292705681571725
-8.57097223381706
17.641675040668048
-1.1753119848726072
17.2456006534412
-12.66737132696095
-14.726604899472132
9.56136223005499
9.19035391993534
17.71855686331272
19.112284558325833
13.75077364582107
4.588877466150855
-12.004041056085297
0.28922062974033125
-17.28940249999741
12.220674662781526
-15.647628027323925
19.949525457607315
4.321678491166743
13.10423568292481
-14.887599961648288
12.338819381388689
9.157561717451614
-0.3829444598067866
4.215758659448156
-13.4134711047105
-8.713879392523758
-19.009545854205697
12.235562435822864
-4.702840485628691
-13.921318734504053
1.8174402379385732
11.383994787445332
-17.074674112683947
12.75193553449914
9.572216106792272
-1.4507871127858891
15.408589099984574
10.62491663479102
-1.4235558012078258
-2.7949521403997544
6.2186907269668055
1.4728738059653352
1.9969772825780439
7.149119559225024
8.744399081859534
-12.779617472438748
-17.478628873609765
-15.687380852842207
-1.6918986049959308
-0.9055634489349274
-0.30735154260410624
-0.3367040187958956
-5.424091366387156
-13.993488086277797
-5.473943200492521
-17.403751924441085
-18.25463562230331
16.44056805999962
-19.58657322258935
6.067327448149907
8.489623344345656
7.247366350379277
-10.746179245922143
-17.563034481646774
-15.809322770709251
-6.041118346802158
-14.617790762226477
-0.5957207433750789
14.042766195283441
12.198247954208469
-2.323311381897092
-16.227667322258462
-2.7840736016934855
0.3354561409241015
11.205414697362293
9.678381975306863
-19.29610735158041
2.2557599628757075
17.259206874364622
-7.4322834215711495
10.417672290303148
-10.739151697595544
-6.307054594356977
8.28440481659936
-5.328590241164196
-10.620930337129542
-16.48024241587672
-13.766125132329714
-18.29273393606084
1.5764487733370913
8.035366178104436
5.4883244804299025
-8.763324721993229
-10.679373775823588
-1.9728116791701389
-6.179988505842751
-3.9787386252885035
9.608685401542797
-0.09447012746254302
8.667340792533768
-19.064219401601786
-6.302624770116827
-0.38640603439595367
-13.633070214020666
10.627508944483061
-13.746066519547885
2.397582828969533
7.09917924402227
13.982117980607192
-0.8195761663125793
11.721652432284209
16.8714459569294
14.466950737138959
1.9237364542413147
-14.7868607563532
-4.101043604814372
3.4115778386683715
16.285205661820626
-2.094794318061169
-16.154380094134954
-4.3226970835444245
11.740446816084322
-9.231433701976947
18.471593607301003
12.966989322104496
-12.062566032795651
12.516331368762849
19.50374406757014
-10.26227101915917
-4.359680326378005
-14.101799864188127
1.351483079336596
19.146913770743424
4.576377016750087
17.76541408775674
9.890843548182794
-18.08117200437053
4.984936949780355
-6.24166002228089
-11.873202281541175
-15.994163531623862
13.213496378828275
-14.902866555203858
6.749055694054086
-1.9174914002015342
12.235609036880916
17.04830611780291
-19.58975823286499
-9.42775048419215
-0.674893532175119
-14.644511531001857
-15.200328054442508
-5.680952909154575
0.011814553072085232
-19.502431914797732
-4.468520704384321
-11.48938798553171
-19.932815564598055
12.33449031462171
3.9466005312920736
-10.752937285496156
-1.6695035754886156
8.366091600409774
11.760498859065216
18.970773353493954
-14.852120503979297
10.77280092600336
15.41728328748193
13.165855744740725
3.4894416335462317
5.728754064882985
2.088177776249914
0.9662738184747113
5.6184254751201514
-2.423600480986977
-15.862380054045149
-18.98775409969477
-2.8069094155024104
-5.15873490205712
-14.693129502224881
-2.4078475124529817
17.15202123088264
-9.875325059416982
-8.225243565654976
-11.97404260924408
-7.718343590739188
7.752138237370765
-5.100038855809439
-3.0420475163916194
-5.357757413637906
-1.7089633586477682
19.679445504229527
7.386298323216472
-17.816750043172114
0.20609671476855596
-4.33070551063658
2.1977840943429285
6.209714667289454
8.918852214475894
1.7420422830036095
3.9272775600285605
-16.360393748797414
-10.962804125274918
-14.154673885824955
12.831052500586601
-12.529107867958462
-18.152989401364895
-12.802717927631168
-8.026223294383271
-17.483638624682804
-12.274889927594316
-19.916734057677257
-15.929754453146842
14.136141917000487
-3.374543068867087
0.9123075462837633
-16.847651395079758
-18.389390374285043
2.8438906306321456
-18.777146413524758
-15.900305565432124
14.718993669292153
-2.005224171891008
-0.14028834968644333
-14.169424866817497
11.479056187623375
-1.893086063246372
-6.230230711548863
-8.061978652808385
-2.9410170283508137
13.569230975701927
6.530432757595079
-12.383437539840978
-15.36185452408478
-0.7896457648644564
2.364043982599334
8.370094250769121
10.19457399033444
-12.52802283769003
12.5656662059015
9.469439178953337
-3.8354597349077437
-8.428409285969245
5.551196644131764
16.442798360822927
-17.971321713296536
-3.3581155534570186
13.720589006687753
-17.39056502974045
19.009102143997787
-14.209319546749963
-17.758301401961944
-7.73307755576797
-6.223911027464123
16.83013197120073
-13.511589950398356
-5.511149417203928
-13.635048138271966
18.882307231033707
14.7848953863354
-17.516386265433
18.86750012116741
13.55539907144788
17.318569770850836
-19.70724021001014
2.9440619687525427
8.497692592403382
6.800569976980281
-6.117140047822032
11.164447145837482
-2.437087331446733
0.036968615639793256
8.919940498749504
7.343373150625997
5.310135414924218
-8.815533352270318
-4.960928457935466
14.52083752060264
8.786006810015287
9.144387671288428
-9.774826945058713
-17.11672422444169
-4.869000858580774
7.205568844403576
2.7191259916382684
-13.900760820336991
13.547786395542424
1.698493344547142
16.93943517468523
11.667490857638363
-8.865572171833108
9.021478186084057
18.968021370624598
4.021840481405093
-9.544030018090153
-0.8965353174367934
10.957269423152162
4.520178879161705
-3.8111867057399635
14.187637077376735
-18.651348493592987
6.494032743395202
8.47249115836959
10.713962873146876
2.5501679753242037
-9.516044491691137
-10.6215286052239
-12.240674368170495
1.157188701317871
7.88110350036543
-13.38975763587683
-4.023390135850612
18.933362909382417
3.61652549646206
4.605786092034929
16.12344813866327
-1.6470793683969305
9.289530628591557
1.6717994654145052
8.058411770070421
-7.600562992662102
15.759768382170549
-14.586167673092238
-5.663182995157685
18.112673049830924
-6.151508631926967
-15.993605874081286
9.849191142540544
0.5166006782688299
-13.219248061436616
-19.38419595517486
6.861802468515734
-11.029284916791436
7.1306787041229285
-2.8563571587759995
-17.351297712138603
-13.967702183673811
8.791860864655675
-4.05960348666229
-3.692789402555494
-16.574944756669368
5.001556538084397
-6.1860738252694105
-15.398505597688153
-5.329123385472162
17.322351993456977
-0.3965664270123561
-12.735570284025247
17.82060718945352
-4.59431112104058
-3.059954525721345
9.096652052656292
8.142092601569217
13.705327895045272
11.940229042028328
-10.161941007306673
-7.824788051730138
-9.179827140723775
8.43155485734269
16.139450952326676
-0.8491475820958954
-10.321001068701033
14.377278370679605
-16.745914900821756
8.915033535411816
-18.813611398423223
19.229878497269134
6.4120377167620966
-5.033755468896025
10.613368521978245
13.999649103282586
2.7558548130935314
-17.4861188978776
18.919590657678327
-7.909305774610438
5.345327156308262
10.120744703832472
15.851143628442742
9.666925390841918
13.543026702094267
-9.594670897307424
16.922759953142325
-3.630604890641006
6.711830594798663
9.69209980156737
10.346740320971985
2.85763573065055
18.947024146171835
-12.711116859825346
-19.429649809449565
-17.139380166400116
15.732202829269866
19.277969697774807
-19.360292004935346
4.473193810921288
-13.046655389102174
15.355960660006737
-9.35771405044164
12.132993184286946
-12.637380816061935
13.04981049536525
17.46909418409635
4.165459302498547
-16.717031960507263
-16.92226971593837
-6.776659007226659
-0.8359988137046273
19.34227317340892
6.246605920372865
-8.043765534925104
-11.169779948063617
11.936071562212472
17.20840243738067
-6.005124820480381
-16.728540426503315
-13.115203081064934
-17.46323367991867
5.6772928194321715
7.261026620187497
15.042175264008016
-6.377481664266966
8.6914420909056
16.626091132706293
-4.348387043320393
-9.988537385892018
-12.003725973435193
5.336669129836125
-8.20750795932151
-14.372517087537165
-7.37473661057523
-17.11992428633183
5.996185694761774
2.002507053335478
9.406140108185497
-1.35270103516212
15.982893100542427
13.891536363375309
3.5947943350139653
2.3229292801182453
-19.420335068708198
-1.6698392278547445
-19.464369482218874
-5.298380809960275
-4.854398953079521
7.162926972220799
-1.768305951349003
0.6627901688994164
1.0439354249789226
-19.530525155473057
2.481512833155559
-13.023274536654723
5.648160195031281
-6.030443614893786
16.022930884884246
15.947718873332384
-1.7082940857321987
12.807528633516498
6.063178651996207
11.933656861157765
-8.235559437729432
-12.233914086076055
-12.316370695505267
2.7981066187014214
-7.597924729924962
-19.487520967940508
0.9894085643462738
-7.408756860319329
5.3742185811687975
-17.565815181679916
6.667688593858571
-10.464291628606803
7.493129567959002
19.59021263988921
2.3384042486372927
8.370160761879575
-11.911563401452185
13.943967028492047
5.624219117468932
-17.815232109491212
4.187772540907563
12.38850544522247
-13.244153752221063
12.715898474120976
-11.535729573804069
-15.822361172594587
-15.776692285667746
-13.298239769394566
13.331075255471376
12.82705036561827
-6.704596225187011
0.9169171922790795
5.230596860724642
-10.257900023988796
-5.603325440351444
11.055118408833522
-4.756050329030419
-16.61649642616819
-0.959176393425551
-13.609258485077348
6.276449120836457
-7.670155441775638
13.083495436299884
-18.501809168204936
15.70486277087145
-5.531082787473135
-19.05016345810731
-15.469792881057387
-12.872434995083296
-12.104850484788177
0.1936155910550923
-8.268416216812927
9.836767716037642
-11.073894700233247
0.0559039633113656
2.831472661063973
16.85315229236086
2.612685056541629
6.336958232891519
19.569221643595853
-1.4667764670310213
9.284346184409927
-9.367736205927084
-6.315391979652141
15.525114248137207
14.462755218718499
11.84234045663798
6.819548241715442
-2.402893191424095
7.438795801350373
-4.842584709017345
-12.496359434555849
14.911922740312164
-9.728643471402094
2.027732131472277
-13.180608127607325
2.7002298027151994
13.527542259737828
11.524738582970556
11.639821140852646
17.551605030661378
16.482128345289105
11.223576453756131
-7.82260604719256
-3.0650799828027786
-5.132859419642779
-15.579120546814549
-10.151786680315507
-12.157702143034887
4.550291522131307
0.008966377822403615
-11.004933358985717
9.099392538351228
-12.704633981715045
1.1694021485857462
10.00662412253828
-10.854139435339611
17.718198630664503
9.615942355134738
-19.15904433711291
15.892593086251551
-19.590240400474727
-11.44488132538767
-10.854951500756837
14.949807896388599
11.144569944471684
-5.226919208147001
-18.82420267693378
3.5685895452366942
18.929075030845404
-13.351888573450426
7.594002505138462
-12.986451513133218
15.274580590853446
1.5391728696327114
-15.45156442962703
6.9058331895783525
19.069437474759532
7.327806226163634
2.576703410643802
17.060403354174333
12.714174360174788
10.503381640855423
5.90282735556729
10.647733788602874
-2.1973250885804028
11.81163083566097
2.305881941547252
-1.4667192083367766
14.273884464831028
-13.779489338655653
16.696550169222334
11.5692744776469
-8.770155137179305
19.68208834160896
9.263342026039517
12.72641537416068
-7.30783617916841
4.346130559866701
15.15975003086109
-7.53008730985024
6.150291185881912
-10.209486391227568
4.464168429976908
-9.704337426900036
-7.659888102734328
5.677837434547172
-2.769389856221899
10.535727179032808
-6.21676733247201
19.34921143300717
15.875715585992502
-16.778622322005777
-0.8138853417310798
-2.742602360960717
14.354074577250998
-1.488180145353688
17.38185574896756
12.65498037769894
0.13189517133597306
2.0313044961982314
-2.395276389865245
-4.764752173311111
8.48253769272177
2.174436134680331
-12.582214185917412
11.908563562766528
-3.3817551201828557
11.927500742730043
3.121174697346987
0.9142896964328244
5.165444233900619
-10.197567198873658
-10.89155748609883
-14.560141243138599
-16.103073648690135
1.1682859790237927
-18.34858437921756
-15.951613194956629
-14.106344253434377
11.11925714603883
-7.048988892428474
7.657975724875129
3.337388712027849
16.603796496640975
7.037624214517784
-0.21207914530864969
-9.068914883459854
8.81646579803915
-11.525707351568354
-18.35267423209567
-16.215095096981255
-4.210739677819504
-9.073603454422887
5.290724836358187
1.7888775745226546
-6.701037335604481
-2.1871231707344485
-13.879769736411195
12.086289032339806
-3.07647081351098
8.994154287687426
-1.611267969679293
11.951667160958785
19.74345894667978
9.093884068588398
-16.868040022302484
6.98474519882463
3.3082661163291682
-17.515398781398858
10.165863563448887
-18.081365724899797
-18.587012227714514
18.169308657162354
-0.3465109615314468
-12.194275006478223
-17.494920565528997
11.77859705636305
15.498129740584204
16.227367403133762
-8.60989687027823
-16.833073455432647
15.272051336239983
6.665766312561281
11.715011401245423
3.2915403520694753
-0.32217699527220134
-4.201439644013938
-12.76715143202695
-8.79722279290025
-6.540365176682901
-15.422338271865357
8.167258290289311
17.944907111826815
-13.012192600383315
-4.433790244072551
16.728476091719962
11.82460403432859
-13.310908576691753
-9.94659528016959
-2.4504363450711537
3.507997541490081
18.773898843077752
-11.695872266920171
14.44318739768525
0.14745878112621824
2.4469431934555104
-9.807298348599884
-18.29702152175631
-8.642240828889838
-3.0499192097079053
6.075646123790833
7.275601818591106
6.395014476985356
-7.445151919233769
-10.757153614815369
17.09931066745154
-9.3956236359146
1.7051884854353219
2.261226724289152
17.76082612461343
11.420412866520323
-17.484469615763516
-0.8397376084133086
19.685468058557504
8.376855126602191
19.756407000199637
-10.935729560408248
-19.668959371147956
-14.856405863955263
-7.939126044157568
-19.016646284995254
-10.811757369479938
4.518152313167683
19.258119169361272
7.263163095025696
-5.294877640470368
8.307851746776475
14.778211530850612
-7.4495390091789595
14.303528652149915
-8.25812068548872
-17.56762794195817
-18.867762616327518
15.70679047510567
-6.064607851662167
9.92049667253514
7.361805932789149
-18.948383536182384
8.0129938764534
2.2381310013088687
-8.160805256507459
-10.981387536778676
-13.676452844699671
-8.84023880495333
14.966789256818217
-1.5506552192511762
16.31183074046811
-9.786781820083785
-1.4271635361956534
3.1585001171565494
11.894956596211003
-4.0570337898470665
-3.0539987693745196
-19.963859142191033
-19.867796210692703
-2.5469357319778823
8.809743601043209
-7.700151262767228
-18.384654799294943
1.4066438219911035
3.7030630977943524
12.155631707609572
13.90216306915066
5.5184263320520515
-18.937686523828173
3.0102214530078832
-2.8270184555395836
2.654832373740618
-10.96021797066296
-19.380323877648987
1.6552374790783588
-18.763560305900377
11.141677796726839
19.230676309441378
-4.108833731251318
-11.367139925665644
7.199661721173992
12.463913401813933
4.420446788597587
-18.596106128677363
-0.05999710975842021
2.1363932333368574
1.256824793909331
-18.45008099236103
-1.446335706497564
-17.529575091652166
-18.31249969307948
-8.036461064739612
19.30185563320363
11.556582989100331
4.168745341007462
-5.084629533113638
7.521204166929813
11.737709938822153
-6.276300030965842
-2.463947130576571
0.42372244003230364
3.032848785230321
12.676578101247308
-3.806677784496557
8.9779288315917
16.24197043859138
13.903255669947548
18.76717577605342
-15.57777150968898
3.1762952006591796
-19.95566717859576
-7.136783966660346
10.180529067890014
-10.849384177087682
-14.882783547435569
-3.3829306221346798
2.0221083639786244
-6.137066811126504
-19.557549617707068
4.638136030362151
-13.856730370148554
-15.782421661722626
-7.539067287740707
2.034067533174447
4.623378345933137
17.029839614842935
11.544243286711755
15.406570064493081
1.8102657612143425
13.124061228406603
7.59310415626102
6.059020408468733
3.121919654280042
-14.409942209900253
13.803110160496516
9.729287063879251
8.588954717642572
-3.380566716934588
19.247101747017915
19.215886683732847
-7.000523145341685
4.353690036247766
-0.5476367601194276
-11.39043976357522
4.496894479053552
17.8419909380899
-18.443078296095386
-7.394285603366896
13.467236080421621
18.69325890954582
5.675633786581443
16.20240495755317
-15.132733853234818
19.47875781649544
19.145059497330834
-4.095140769199084
0.5880303901386128
-15.105823857166145
-9.427733015984558
-1.1652255627109938
-7.523192660417518
-17.15419775610858
15.424769304118719
8.95357135801071
-15.810827808814384
17.50966117555157
0.1743215477696225
-1.4188941568291789
-19.811075916821544
6.184380150354674
-17.88568451088728
16.501840033943708
-1.1134752758725028
-5.592936570753899
-15.582322636661917
6.736240471846891
6.635595852324293
-17.68021562114557
-5.675394889690626
-17.841861061510713
14.417179354888539
-16.148518942343067
18.797505612510143
11.478964906244656
-16.696782885810528
-17.636623785674324
-15.414324658650145
17.148326705929968
-0.02262143008463724
-17.611682566590822
-4.306703442905704
-6.0718763048451905
-16.732720209743917
18.21091496758114
1.6675068163324767
-18.65711131682376
12.255285962993547
17.774209335229315
-16.308347542587782
13.873864181046372
9.8044581685966
-9.652480730431288
-6.692351397264474
18.98347683533595
-18.945906386177953
-8.75665823271846
12.55343130318991
19.673755517620414
0.9831422076801246
18.676909896034147
9.32235921444077
-18.592577456043998
-17.029545725049474
9.073640771851728
-2.244267373256882
2.061755876877701
15.655829818095619
-6.410470351661566
-9.113243991278459
-17.229725906142548
-16.12687059023186
6.883920645308606
16.05363100753579
8.05072756220168
-11.679802186926347
-12.553000476957621
-11.281769746300272
18.23941901221709
-13.949049906519058
-13.053682262424179
-16.02478483713714
-8.090827577476926
0.2220250687045855
-8.420469284382044
-11.601901788455123
-13.320389570858406
5.149080315988158
-9.76304776252022
-4.616885359247727
-0.7695467080584706
-10.815583148852493
-5.483427038341144
-3.8755998150497106
18.337369648506083
19.581438204652464
19.5960560617453
8.354175025454097
0.9383445643760346
5.978130236662995
2.841127828419765
-2.7286748063603525
-19.17527473789429
-4.446093076785509
-11.175996960359882
-16.789032023199823
1.9890068218340282
-4.81868639069476
-15.6121465124698
18.558367890742538
-17.599792162509065
-5.074312687056231
14.225374114749023
14.859112726274283
6.534830772713818
15.958586894741174
-4.7249121310024975
-3.3705673705360653
12.989709987343659
3.5083366394392073
-8.082405296745128
16.11903765578777
-14.028846287370133
-7.269945514405084
-4.791346875132806
-11.142046177355267
-19.914667602057172
5.818132585695221
19.47264209034511
4.958650875357854
-1.6979912432229902
6.571254562502848
18.698554831884422
18.12963596629058
-17.835991832507247
-14.013226576347142
-4.642220484377031
-16.467776854567248
15.347495933994281
-2.81760057332189
12.473787115510063
5.873136579261949
-5.812249357493062
15.933430592156519
6.373845896017237
-10.605094255138132
13.713921082787586
6.460784897596948
2.241607429823272
-5.866778842976487
4.635208565606362
-18.240095073663014
-10.449629987113145
0.48956992371487473
-9.212805496012791
-5.441793316687097
-15.759849413424893
-12.87043033096098
-5.741532949592436
8.778144849063803
15.995329871195445
6.8861098323986525
7.18561901742596
2.97191606816628
19.742133590772866
11.801862742862209
-19.549317579584816
7.909047649411303
9.141731151019357
14.08337990648645
11.42298019607044
14.164690213062372
17.682895711262788
0.04699696844601675
18.61283699985779
6.744934324777404
9.675423513174948
11.502379915094224
-2.4931682564804873
6.133370812446316
0.43323634971730485
-18.338331867339672
-12.995724454242934
14.884909203198319
-11.712113632359799
-6.185403483603999
-13.751299168122086
11.957859965950583
3.6523019827563985
5.9165399579649005
-8.92664581177316
-16.913133522345646
-19.849099126098473
-11.641981992603721
8.702320302385601
8.0778310123657
18.104104485389172
9.068768594095676
12.262268758920818
-7.512033041575062
-14.760481659890935
-7.551438724616313
-12.85372155775649
-17.596832921730382
4.850344716371481
-16.183917051074282
-8.449276370330718
-6.3459711786721265
-11.330854319828564
5.4176346667743545
7.489326253428565
16.751482570191328
-14.967687125716843
1.0121346361161763
-12.410053849120239
12.529712360217516
-17.341965662717172
-12.779700863831414
4.9426618089505965
12.775099946397972
-11.09140565602971
19.02327819323373
-17.1418295577641
-2.238324396980545
-19.782731449630347
-2.502681693196873
3.6135398690096885
16.284084651729472
10.789673189706033
9.510311106304247
-3.7454302369519894
-4.069438691416263
19.527852899445378
18.847919234143895
-9.961335247203099
-4.5815309319913755
16.64289787413103
-10.106157392426077
-12.592758632676762
-17.907876650054803
8.048947409001169
-13.975609827003947
1.9275426936703788
7.00056947265621
-12.66876458416661
16.333925613890493
19.64880392857195
-8.607117629217758
-8.408621480244168
2.4767717941122314
-14.490177967651281
6.439190246222765
-17.764806430122
-10.00590290530408
-12.315549794937244
19.973081776697455
-14.827197212792157
10.003428116611666
-6.681596984326257
4.576046554024003
-14.845718275323353
-19.183696156228507
-4.823687813214379
7.5524619571192915
13.29692188616773
9.216313445841937
-15.19667893597179
-4.699323512412521
1.1402348434905534
13.013845682930835
-17.90453297518431
-5.25765323236036
-2.9291093879586256
15.762207637762636
12.773594535401784
-7.25582731694427
18.46786682706795
-13.002296803249935
-10.951878655649331
-1.1550307120333585
10.123910365523177
5.1254479879586725
-10.019344425742766
10.22342179664184
-4.357674032035646
18.926794105732867
-13.551004816078596
-15.78287272760679
-3.7650427789089207
-15.608140919026345
15.892560828401393
-5.378033045056508
-15.578987320873438
11.297153641374042
-9.139976251099643
-18.94403920464481
18.080755808443534
-11.522292202410043
5.6316239435941
4.5792122543464515
3.56845602634192
-12.59876323741199
-18.95584533754782
-6.024214702302789
5.819527574151792
16.738998383903166
10.325353180895299
4.279587225279002
7.870785858894656
-3.240445739221993
-4.165783156520728
6.719865509505741
0.5013380061352848
-3.132827104408218
-12.771459548556884
5.2671286059270805
-0.013090526869440566
-18.248089562381168
-13.987579606614823
13.964352180949959
-18.781637697702728
-15.82349631074666
-5.510565615850766
-12.795751378522029
0.17139897724732123
13.05748822196729
11.348731583556528
19.199944397252928
-2.2167042468575318
13.87420427394136
12.6230790752982
-0.3038264223014764
-0.0559867319064935
-6.0258000869504755
9.707502040909496
13.097951583419203
-4.194833642124216
8.51174790197934
16.539691425469947
-10.174707917091347
-13.015130030681924
9.896833965857855
-14.180589387463112
-19.78625289443366
15.445234230969156
-12.085268762765363
-2.5552340126897235
0.1280147872874018
15.997588014709194
-6.269184115362432
2.156882040804838
-6.262620585454943
-0.5652234101969889
19.526993598754757
7.146620951450448
-13.658750967498587
6.971164625619714
-10.597809786103355
-2.7597256309189433
-9.22490082166087
18.002489667528124
3.8484503562201695
12.482248098840671
13.693280375371906
-1.998530501465833
-2.231030413211812
-18.2978135349954
1.2320484295004483
6.171099501327877
-13.09668591162
-15.886853206114044
13.290654816558842
5.292501601392921
2.438269456145843
-6.778069774672733
19.058590582176578
4.587763903823401
-0.8337203370336042
-0.7474677997716697
-5.189784193864728
-12.909379507798032
-15.538586847524435
7.767647895460691
-16.061127861015837
4.557737204547077
2.719084211535762
14.403559186422413
16.21535939865843
19.004208367084566
-19.789134525996097
3.71501198503681
1.587746583234587
-13.79201984671678
8.822693781484105
5.606415301740935
0.6621287991229075
-4.285956965471684
1.2388715492990414
10.24523805167506
-10.056478464469185
12.94124920539381
-12.589906641206454
-16.812060963184624
-9.782762102265083
6.81523593845677
-13.752129514738352
7.500834778522304
19.914324052851107
15.477088413786817
-15.672603095440017
16.82060071068389
-12.300094037413736
-13.666087969070562
-0.9521875177097314
-11.436406708603037
-0.2922931832464357
-6.679322244096145
8.506414063240577
-3.5559815615872736
15.37924091319698
11.258880251421765
-2.5668308400290165
9.882946841319452
-10.573006697658812
-14.543273555091044
4.643729916467912
-14.33890679809914
-10.51685852067533
11.917933297202875
8.777164562504375
-1.3462937474152668
1.023316320381305
13.702818991623325
-13.484959581883862
-12.375852215362876
8.380126862111513
16.907169011659015
16.698764728136922
17.630399663613645
16.008654824304095
7.214093598809086
14.048851321552156
11.614266264877319
-6.191292136378351
-5.61276770265302
-14.133045729983507
-5.55446159664533
14.89127768009152
-3.408103770743235
-10.161690151756385
7.823514102497597
13.855616937543779
-19.941878272716135
-16.064379660523798
-9.617991073678196
-14.45421904211042
-1.3866907551637375
16.765130036450607
-8.556192133458453
-18.879454760626743
-1.9874250141992107
-15.621979733262425
-0.14134149866343648
-9.113354084641276
19.817055017537818
10.041170982253618
16.66752300942602
1.0524711799743756
10.322939526477853
-14.107891155438782
12.561024366856444
8.719678367028713
16.732995806587418
-5.200064019602699
5.46761116992764
2.7225761515751543
-4.4211005283975915
13.460842779864151
9.170800884355337
6.62560927984903
-1.4208756350628704
17.869838188533144
-19.871373275680746
4.563128909424272
0.08356649604075983
-5.8318056929942905
-7.629878600790359
-11.22025064552249
19.69278341293993
3.580593503557175
1.813287935252621
-15.292121643885576
10.92952087563852
-14.063754131918373
-19.20496681021119
-19.355173779765884
-10.986809243578858
8.08666866514563
4.333599704250311
-2.81535010497975
-11.898738296803298
7.85140115647371
0.378414413899435
9.182098032614224
16.998111261329456
10.189327868276926
12.54361685900998
15.21216892249057
3.4973177937216064
7.368948002143121
-9.511786159350839
-6.443233464159498
17.476796060077803
-8.947938100325281
-6.796573779243879
-18.093528111155287
-6.848382834957096
-19.523761269825492
-8.033145268847019
1.9339814328813922
-12.690063885554705
0.5477438727558273
0.5421285364214015
1.2004088761833884
1.339022741843369
7.823094269779965
-1.6656739417538269
-15.887600364618466
14.651238483823505
12.953585866770318
-15.335107443879075
-16.531540694968268
2.025531780758868
-2.803985869403064
-7.263135017900071
-19.120027872088347
-10.100087077412297
-11.426210809029023
11.50496909084087
14.983232338041795
-12.043825291435653
-0.11315527354796728
10.627495713357021
5.785166673515597
13.72712842895843
2.604055503403899
-4.458208622752643
-19.993205361912022
-10.128955182662246
-14.031982060890375
-17.094565053645926
-1.9213433781005023
17.142049725689446
-12.147753511634862
16.89860352784755
5.708402588476872
-15.979982970778877
-18.427944631698114
-0.2670804232811932
-13.923386978679716
-17.25059304135987
0.6959792438263825
4.7212396846815565
-1.125190232032267
-9.79821847093175
-18.492055060165157
11.741767613358071
11.260863696867446
-9.881545528595023
-14.839608636047267
11.846336648186298
8.066635585693831
0.3542100975925635
-6.840280078571963
-17.316415897904903
18.620379351157652
-19.940477339593016
-8.423510685562832
-14.81806610227677
-0.3309709845843898
4.99892512238203
8.131695376080046
-5.608438683015287
1.3004031600617374
-13.483317211352134
-9.56622148180208
-14.434889555514122
10.944633101071112
-14.951284726878233
-5.399424884641686
18.160786720302568
7.94558460075006
-0.5260441787581591
16.272320413961758
4.792981370985654
-14.272167267950291
2.5880020226303593
-19.056978618071994
-3.584507869260886
19.889673554291882
-2.997782725219288
15.583067876009295
12.78473165077456
8.24589166490906
-6.4725535413534985
9.860052005311218
16.02738517965576
-17.53804391092457
-11.63515260362959
7.166097914666786
13.88519788264994
6.92630032338565
-10.196689575566854
2.2568382980368575
-16.338851702756013
-10.999734056525337
10.289368241748612
-10.267954145702491
5.528575368195057
7.274195567364629
5.724074124378646
-1.2255799918396235
-10.069336016306686
-19.78580898322548
11.883503417468788
8.981271862483986
1.6936627888887728
18.221132797288284
15.231848789611064
-2.6184561128729236
19.66037238028195
2.7326360586148724
1.8153964243831133
19.647313653462113
10.33741170993903
-12.547155502977091
-10.147776056516115
14.174344957464285
6.581586988842201
-0.19071441827201596
14.45133483333683
-12.179827097217775
11.746218613131521
15.416049676529234
-16.510402908993132
13.501114280478092
-10.832023460222388
-3.3849398518403433
-7.002416120079662
8.383834558861803
-10.290471950177187
-11.605317943333532
-15.012878557702582
0.8061264460466617
3.1360110321815
-16.67279680088818
-3.780747981253594
17.558320509849572
-1.8711558705027365
-9.549042011153922
-18.831357842310098
-16.33331327430376
-6.90274103157777
4.92911012700074
-17.711153772030876
4.794469923505517
19.696332673864873
0.6130417152792091
8.176290597716335
3.8247146454699497
-18.68093593432992
13.013524000079101
-12.741708548106075
-13.938803654513965
5.356412386148605
18.221029781902743
-0.4341054827455615
-9.990669221795248
9.340613524908665
2.9601425867697664
-8.721717841952788
6.331740433532808
-11.890027313591194
-12.082070163614373
18.02252258521149
-13.344774111008633
-11.134485475498707
7.7748838994573255
-11.767210429189397
7.276194612384263
-2.999844543657609
10.83026207044535
-17.849551630237602
4.526264070676618
-4.055244888313091
13.420586337978513
-0.5017191481865666
-14.824271510162973
-8.67948269860246
5.584859638496688
16.413197291897383
-17.573826834907223
-7.648884824483577
7.919475154770478
-11.681953746534388
8.887203619381054
-18.999953078584362
2.2512673344894374
10.458551986384691
-6.229366396813187
-9.948507209142807
18.211922685760435
10.20142607534476
0.24603101770715696
16.51017313069743
3.686417322773373
-2.1166569756573885
14.320544367444953
-18.387325571152928
10.189608818831402
9.63837338744467
17.945717632834715
-11.303232269286214
2.8350875121703965
-1.300905211168594
14.345186201075478
-10.05685084046885
13.864465016143562
19.16008699518867
-11.010842838169555
7.132297298293526
-6.652363185135277
7.328772727410584
-10.79419729898602
16.05083390664722
17.39370808103478
-14.53669026981891
-1.1146000917367687
-18.63962625272785
-18.485045747728186
-19.854962651593052
18.48426494315673
-13.413762742785075
-12.216304132140845
-8.638174823056573
-10.787997283730476
-5.658172865372668
15.7703219667221
-15.908761519169952
-2.3758276219687637
7.156989347262005
17.869419454969538
-4.4889291082275395
-8.36035489206382
-10.8756032993996
18.029276646686853
9.791898179854126
-19.880081584078667
4.3876806937718555
-17.602586395431572
-4.3472081668087235
-12.923011040893723
-11.17589309561074
16.99904175067369
-2.5115863494383532
1.0969522399674716
11.138567322039982
11.473473052460896
-4.486073126674558
2.0151738589784074
11.524128166867037
2.468060097224985
17.150149252302974
-7.713344609991989
-18.08435984665849
1.3570178108792632
4.249645005682929
3.669975917104548
13.3441744442584
-19.867808562555446
18.252693751637935
-5.592701454133465
6.197822255152619
4.056872429732515
14.405519855470843
-15.428469634488913
13.420579112421422
-19.600533799298123
13.991968615646556
18.64356320431302
15.2174304102249
-9.013230114924188
-0.38429045011674745
-13.99086344405768
17.62890529414439
15.618187553089335
-17.186334732886948
-6.372263319593996
-7.684454929974006
-14.390522685806385
-1.964382721872294
-16.336415734182864
-0.625797021872394
-10.174410489841922
-17.495956413113262
1.9784071281817184
8.084024490241344
13.00755961006648
-4.588582795581754
-12.235216843311477
5.533329596645977
17.115436577220066
-4.429168398116531
-4.701012793921407
2.900011466018121
-16.27046478916685
5.655619720411373
-3.850945215498193
-3.8884216957343334
6.098647330610202
-11.734727979462821
-16.935490831266744
-5.275924158561235
16.707191132239593
3.639905389003978
12.27666504261851
-4.73866763473203
3.1374486035640174
-9.712749255375712
10.348110381771889
-17.97580874396632
6.344297014856153
4.239393692127123
5.49033102222473
-5.307077528525097
-7.301818380716725
9.367286692166665
-12.843012544091046
7.6694227829926795
-0.5260807639813407
16.131780876284353
-12.367349473490794
-0.13816496768893316
11.655163313739479
17.72720096152743
-0.39615183753105043
6.836040724979821
4.266960395187844
-13.825014283708272
7.885283132710512
6.068205193998839
-9.80470064678121
-6.570128252411935
-1.1051017415409383
8.17886666030111
-10.231957627897978
-13.999621266897805
6.863037096342236
17.172244807564546
-5.314275777867676
-11.898759442025542
-0.9597623864420015
-2.0076105593369853
-2.077716613619419
-12.102729360901566
12.599883598885974
6.733845902376579
-6.216718352143037
18.925998648092587
-7.90620244127787
-0.3043479605749013
-16.162389477349524
-14.585672075942675
-0.20595278095275305
-11.656435390263233
17.151489913565804
7.622767221092911
-11.879630156175853
-8.332322512022401
10.03101479477488
6.892610787262807
-15.802259878750116
-3.483382669490865
10.511665219975935
-16.679478339449354
10.618838516024049
-10.346582291294585
-17.71521534240701
5.3613019919812785
0.2207159261410787
-5.811286513150499
13.733266162477804
-1.3458293941587804
5.465852367725166
-16.701110802628143
-15.279148630181156
12.840847618744597
-19.896880658877514
-12.215972747300178
-13.977018824155024
-5.068081236115965
14.027874161048885
-6.148726045449472
8.043478905473627
14.724064513767061
-17.586785499650887
2.8280174134696665
-6.133161326330132
-19.35883276062978
15.5055521854391
-8.638631095268764
-0.7847486110550115
-17.0590633754613
14.064896982398032
-4.6068479686779575
-17.14928740730067
-8.003885267102318
7.228956335088846
4.028697000574212
10.64079701012124
-3.878341760230679
9.796526585850032
19.85075139593389
-4.981986174048799
9.921647856517065
-18.24871860033665
8.34268942599024
14.735709912609984
-6.892902891030381
-2.2627697348755262
-14.234575608434579
-10.387314178702125
-14.26273325571049
-11.90592541148147
0.5286793686190769
19.674853052694033
8.081091240549164
17.364719725270305
9.162385780226487
-13.507769563023464
13.602665029722722
11.231519429473416
-7.3938423162393185
-5.997174211215155
-0.7808102489292246
6.531982638080894
-0.5001257100447631
4.982868246405047
5.325328814195647
0.2737092300209696
14.057098025642539
1.7254379512338787
11.519958483767635
-17.131177893052858
16.598965601182783
7.321988160565006
-11.449129404301935
-1.6592130885542566
9.696184322858802
5.863048342101639
-19.217508916135586
-15.734206197464022
6.979614972238515
11.505194375688003
-15.825053072963966
8.240633552040219
7.2915763534544595
-5.55353508213431
-9.982393565340125
-8.39486027591208
-6.462205889879158
15.363134744205276
7.289311636260955
-8.387623018108368
-7.854348207833905
-15.942055912684335
-2.0434144895160813
-16.271038528031742
15.825788562919513
-0.7027634679836012
-5.3312522276836525
11.562816305021908
-8.087822138867748
-17.553611781203344
-17.09636884619488
10.353669668938515
-12.25065435272953
10.427858724183643
-9.79368521147444
-16.010142471316257
-14.368619103228308
13.935694636282093
-16.961729980341932
0.5729979145513582
-11.161512534745377
4.25783499262927
-4.3271500306636455
-0.7637265419331456
-13.276923092642573
-9.29559748970583
18.860025493049307
-16.479453555281562
-3.527288327132929
-5.757981892354177
10.458058386932258
7.760128444174189
5.890380002259494
-7.3577979342627575
18.616369673309563
-4.9210612493836425
-13.904598958748595
-19.18913821381864
11.00233375059906
5.457034391148795
-13.40711187935215
0.07315553355701354
-15.683440270561132
-14.242199855903973
-15.055644317188488
3.9520297930805057
9.162471034298715
0.6562151208814981
-9.432066723012408
0.821850772638129
-13.96228814110656
-19.10289192343797
-11.857857424458725
2.918409500006483
-14.696276350915385
-18.681823918370636
15.357083361517695
-14.447185064917543
14.221199192483965
1.961241022069263
-10.033468377412076
-2.7839933804545396
11.795965896760336
-18.144331918135705
4.72755001672018
-15.010582738609424
-11.407462060586099
5.472714159137496
10.711788824769762
-3.7568477140646763
-1.1287922195780666
2.940974610939719
-13.638523777450185
16.101862722323553
-15.377371235496344
18.55760825308097
10.468516099835789
18.538318520537345
17.362297281700222
-0.9506941652159107
-3.5336663184358343
-17.926260844799984
15.249530280030257
15.319093801143573
-2.776435662472103
-10.891664479670364
11.784951952375813
-0.016632749605062003
-16.915860207421854
13.99037958640205
-2.7813090881419242
-0.5351683381122463
-13.401832728511977
-7.435900142045062
-14.515736783290013
-12.977606812353187
0.024289398388095407
-15.93792074118776
-11.88377491858784
-13.809043240764293
-0.06910810530708034
-17.593708367748313
3.5727998410613395
-8.877545440808463
-9.040147869562794
-7.383107413238715
9.900696775904532
4.319232914587566
8.528321599941822
-4.811786139349707
-0.8430195456915257
3.905246353185653
-16.665587457729075
-10.389014044859092
-13.072062298406045
12.626297843185156
18.61357398982841
-17.741429324623716
9.916271754101842
10.959764946885272
9.856094158610347
4.151910338286612
17.219044231865972
18.378368754660094
13.680341057730047
6.890558058671878
18.02083329276202
-4.0334051480717825
-16.523082141923705
-16.688899587916254
-0.7963994365301161
-8.716413700991588
17.37382188804039
5.423439064631168
5.237312023512853
-7.1280036437837335
12.452507149865994
-12.782481580965426
-16.07620397686862
5.713214466582123
-6.144656486195554
19.276829127443584
6.547466041522544
-3.4879564313763503
-18.42975260092183
-17.828465885078877
7.614758618403037
-9.023310203046652
4.719321619841136
-2.5034294182709402
19.78257331052879
12.263527823914629
3.5863493253517618
14.452681928364356
4.600670640582017
-1.724659849697609
3.567316855770404
-8.082280976445073
11.062493381906869
-8.57467078486454
15.566726329119348
14.703979904348415
5.095380207083089
14.164553757276138
9.799221919902095
18.227325659700128
-11.775186872779638
14.64460002735499
14.4697544482501
-0.04732920917430761
-7.876450749936158
-4.8612165646063055
-0.053597849821329646
14.853362068051382
7.875127908677754
14.427190010097888
-2.3586912276038134
19.508630140501808
-1.3195056995478467
6.514835045074353
-9.723447923188093
-18.850578252170838
8.520317899979133
-6.826969747820479
12.305975669394563
-7.25520320525527
-16.83274431995231
-10.572773186531235
13.73326018095969
16.472465620385456
19.411707450085935
-19.713160374051483
3.7531053061855992
15.761411664652286
-9.732679831231842
18.402504537906296
5.350240908272468
5.558117373162123
1.4348084300682054
2.499640926525423
-2.6112995387189954
17.109158438396072
-5.9142357576628655
-15.556288589309816
16.2320313030271
-10.559415002468157
10.081571629546776
18.726393974669683
-6.338533666637014
13.414011431046916
11.606290700010046
2.419355559118621
-3.439842281699626
-18.12080630896061
-7.505741973090828
10.866335548738665
6.608186010349762
-14.868867269002767
-8.565792448375952
4.856772557490736
-15.332302712264738
-6.544918977309013
7.063612834446225
6.822812005689229
-14.917454241193763
-11.890108665164135
10.946351640068045
-4.803119986117439
-9.819171222737534
-2.2501040223858517
16.5117678389104
14.493447316599749
-3.296140364819742
3.9835649199565957
-11.972061452838322
-10.595802750124763
9.423912326190948
-9.92908420299193
-19.615587778400744
9.231527099092844
-10.53796121187682
-17.04247149533551
-3.010255459078582
-19.91595832852111
11.972343823024243
1.9323145915668185
2.558723827060451
19.100676507946716
3.5367074098070397
12.646389101117151
16.360605886104494
-12.259836193178044
-2.9503853682002976
3.0695485435423144
14.98221977901909
15.318571172346374
17.262118107468496
12.388710777473065
-9.79087320278568
-4.765003303807704
12.075505020036125
9.569747533724676
-6.365393873418883
11.507569254321957
8.988833923789254
5.777361836426188
5.086472002741576
-3.422619254238338
2.1089357797927804
14.58429230317784
-0.3896221815662244
12.260054521422646
14.24689863543174
14.28276496024759
7.947898328225111
-2.231852853866009
6.135451446559049
-0.4420482291117622
5.831153620248806
-11.595665181416287
-11.42723219996778
0.503865173930123
-11.491668509159258
14.148452885838978
0.7830069531710748
14.163076812376914
2.1449433279384493
-11.625424231570637
-19.36973101530245
-14.968622454676117
-2.2581544000795333
-7.428341157877089
9.623361106521607
-1.2035916267320879
-17.919537243326488
11.22433305201044
-14.31699574141756
15.325212627022381
-7.369583854043817
-9.324936394188153
12.749492567874242
4.145311849075867
-18.469979602972785
16.67103549021472
-15.742635340538293
-14.212175642124581
0.12228210483050006
-4.3752251043345645
11.161801362465344
-3.8895015269227358
-15.348178027868776
-1.4370955502705698
17.691114593956947
2.1756903124329163
1.6601844330563438
-3.4063840635840776
-14.982176404816826
0.8155229294128006
-4.621124141927089
7.0754342491445925
0.8161241578958389
6.337235149860071
-8.556670773539077
-11.878272970258461
-12.476667660785363
-2.229437572155728
-6.306787688204425
11.86880444072235
1.5809806899785457
12.271557625798245
16.388271972326997
12.234809071890417
-16.07123707242853
-15.980950044621478
9.208741933692018
5.893669098803503
-8.80339031254525
-14.082441525510575
1.8235229402230324
9.958427354310228
1.760101480831434
-15.583225492600672
-9.965337260500329
-18.763465994710078
-8.26610105635587
8.58291559169356
13.656596453316865
-3.38030810884257
19.527443213491956
-11.590049588344806
-3.4896220427242106
19.17163216120204
3.3654168174068566
-6.869373683732988
2.232469441072105
-5.879741309848917
17.60894841018755
10.327720456191969
-19.17724471511918
-8.95784381586723
11.824911111630684
12.787731344311865
-3.0725396178613877
6.530285564807407
17.75972015952192
-13.72446961826645
12.49573207491865
0.6259516533305742
-11.268303582296436
-16.5947718957011
5.28053364689579
-6.926358604530911
4.978993494678985
16.755216066363474
-18.94876371481031
4.887046773550811
-11.901843081458514
19.024951070483908
0.08174371920320667
-9.413084545234142
-10.68087227008875
-18.310657116253868
10.271236696508922
-16.207276993242115
12.305025919776696
-6.61865236159754
-13.403285058398872
-14.02094284728378
-16.744256300165507
-7.2840574576113895
7.212538441826027
12.123635772323354
4.858850134019541
7.001279507783998
1.9499276733015805
-6.635673329763261
-4.655259906329
-17.86569863487367
-6.7154582991663325
10.52883905952578
-3.2582584877940626
6.248637208036591
12.04574469631762
-15.253744850182596
12.877054908046155
-16.5858522720726
18.199966790136607
1.6075117584587346
8.3493242839778
0.36242203246141
-7.064715088042078
3.4298082065631696
11.19257623172112
9.071134770553968
-13.302388673212736
-4.042565698720647
9.742496793834047
0.922080629366814
-19.759142281793324
-17.158492084640432
-2.3736267286708994
-18.45388689333243
11.779810581376097
-16.467903187237706
17.453797433555906
11.853469524483934
-6.063487932545266
-11.207236892480253
13.248804818854879
-18.895494761814096
19.51754061975918
0.017587084867926706
16.10426513907462
12.786966216503565
-15.886954147334805
7.917019247945419
-5.144684192440035
-3.4585786793068394
11.520836992840266
3.5952892447018137
-0.6201337738939827
-19.370366029085297
-7.541918460882755
19.43624513924901
13.056225841087866
-1.8820905718641825
-15.011377634755881
15.845537963838751
19.72401288101271
2.7267660729450753
16.35460828372768
14.83085349584352
4.743305954568264
-4.01702212772328
-10.271965252526098
-17.488901435986467
-18.562110826330542
-5.432308561064874
3.396463152028769
-5.211889256990258
-9.539491544591069
-1.7070639314494613
18.46874564828046
-10.064339307234746
-19.32037240325919
11.720684133762397
5.760413894757551
14.553881962088283
-8.540773323462911
-11.585405526877889
17.605720255028523
-10.456281365495794
-18.771246130052713
-2.814424564318159
-0.20826886374230824
-17.028638848656158
-19.02694593848201
17.22250450724424
18.112611582032706
0.8421429447403312
-2.544873456283927
10.519503058629116
-1.575559476266978
4.4207416152732435
18.86497406512553
-13.815824114210589
13.099521641175777
11.85898948392019
-2.9558256592604053
-19.562706055946165
-13.831552457751046
9.041041687126121
14.219680033622112
11.529047261555373
1.882745406284453
10.932233957014347
-9.36085723587265
-1.4168876396311987
16.586304312224087
-18.58823913761869
-11.376439002273763
-11.997804805018259
-5.60871796533152
-8.973369662732189
-9.008027532744215
-2.3348316718892974
-7.215958434848385
-19.723488136437854
5.424519681804874
-1.6825021595525982
-7.905909907336376
-5.026621227824112
-11.442178859678407
17.439302349564898
0.3375237746501938
3.4459044073807696
2.636048205725384
12.355081602104548
-17.54423286507089
1.5199418399247477
4.84887411226687
-13.443298657967858
-18.021200586992194
10.215670527460926
-8.235117635358211
-12.968120167934657
17.705023701097616
-5.664421994130638
0.3591405447699785
6.968233897315304
-15.26935194180783
11.70560400679561
-5.930661920601068
-8.966842497570866
6.90769324608047
9.168053657705126
8.788656549537606
10.499694171386388
4.59544370375626
19.956611420188047
13.353757574683478
12.605446868827507
-5.825918002202615
3.753586307345902
-14.002264640021016
18.659960598770397
12.589036680071445
7.713362910110881
5.451308149459408
-1.0938800148396837
-15.733431991297522
-6.573658731953213
4.0024102433152855
2.1051877692299925
-12.5675858610831
5.427222499825316
2.12909953630378
-15.865969219116307
-11.191184166738854
-10.49579800965287
10.66302425524659
16.557782629171882
-10.388213267042264
-13.44379718931554
4.538273795722038
-9.000923912306886
-3.275787525329463
-14.495847894925792
3.548716388608643
-11.85527650426151
-11.447848509846823
6.957599960896999
15.469992895313084
-9.121766278607346
11.218015700120478
8.388085805081495
-11.1954534964873
-1.8606708978831037
-7.111295851040875
-12.590504325177626
-15.732272690530703
18.00487844294782
-3.3620832478235805
-5.480313906035237
-14.962292567868062
-16.67934956743695
-16.41192421280557
-10.055257990926979
-3.467968036006166
16.128292453812755
6.575895252974895
17.87362170906271
-0.5141035010639392
7.546157130018997
-6.625600218376837
-3.561094704918254
-8.539429513490955
14.15847984102654
19.68555998405145
-19.189303001261678
-12.484630977356574
1.6762230174385877
8.797393293512947
-14.24969637340225
-1.5740169007046347
-9.958549760808895
-5.371435951479473
9.971753670577268
6.79647831191744
14.01980333638668
-12.87290839852103
-14.69800997433413
-1.7312514368398197
-19.552266654084494
17.810356722356808
-3.407064742378875
6.5874746631129035
-18.043427430204105
-14.736451402280304
15.582621617588465
-15.277469251232741
17.411785334483582
15.22954996444917
10.020041661255274
11.278820255238351
-17.66347132299402
10.222953978866236
4.236849297983785
-8.137642530219571
-4.001587658076616
13.581425259729649
-3.7574470292564186
16.80929432809789
19.3023321165981
9.776353722826219
3.2630885487982972
2.90885439760919
15.149780504049616
-19.346223643544306
-12.475552987758025
15.892854421950027
6.069724548706592
-15.215490473130465
7.1935699862352465
17.5586348803767
7.71164146700011
-13.322253558879297
-15.541111587589644
7.820332158335518
-1.712278965093681
-9.206774797119209
-6.676227815774531
12.364885569713358
-19.69568908370131
3.2266549286705484
1.8769751417340252
-15.37670547313442
3.58650127363277
-6.025880507688793
2.0382633593663684
-6.4521593948741085
12.24080949513315
-9.666889297778978
14.970420859913602
-2.142141183798884
17.95716963544598
15.236827254795948
-14.366587416847011
-18.575208212781007
17.194381448223908
12.76578046080391
6.068723387620388
5.440503238317294
-11.537144900977797
9.483920643602527
-14.718923157168785
11.262099060081944
-16.869742506724606
5.667086200132122
-15.26273708176995
19.714214984533783
-5.643076049409155
14.780189364197739
8.379026456940004
6.489406072650226
-16.935315675364812
-11.747064195674355
-12.335005175045723
-10.928816048292038
-2.1782243841041264
18.731287349535712
-14.52291466511264
-16.720513613797344
-19.050390647429776
18.406488984445687
17.060653483430045
13.504876733968288
10.841444228252332
8.860349737776893
-7.013166269801584
-13.747688340291493
-7.687951071357517
5.6858233279261725
17.26475679482546
-18.10320185964617
12.8196594226822
-0.7650893813017632
3.740029279683558
-12.694743546273655
5.276928148947881
-0.5732544019371666
3.8652332787425223
12.81847522070538
6.774811079627156
-5.2399924087154925
3.8255842554481774
-10.221708712304714
-16.556663918909624
9.57625023142334
-19.542795249148554
14.75149199263226
-10.498087941058536
10.237665117260633
-14.66604688024892
-10.179140404413062
7.683357511158569
-17.011162548592566
-2.4419051993533323
-9.37738643048001
16.913605770356106
-1.5338493939634112
-9.628144314528049
-10.776619008850027
-12.621478356304564
6.88556239237478
-17.14845011991372
13.324037438883323
6.658181775669707
-5.097483141116651
18.528038472012952
18.047895276331772
-19.112851791092417
1.5588236268841698
-16.336035559355906
8.907692320836684
4.861895889500801
14.500220377996037
7.808528247407995
-0.7370459337686661
-19.15672809344349
-2.0177484106382195
-13.21140955505966
15.283413735724054
-19.985413084950192
18.714299010117223
-1.695201381982912
10.640952804430608
14.188578008367507
-13.16453498061746
-6.4553834482647545
-17.616398800284912
-17.611794512347032
-1.5395960255126724
15.165674614346791
0.3499812402733262
-1.6533240557010807
-1.2187565436495902
-5.722615920175169
-8.305279891135289
13.306415463909872
-6.7310762291414115
-9.527648330401139
-2.7596989106306964
-2.949264029020604
5.830863102243384
-10.261052335161981
16.949426201635525
-11.625720100025475
7.5826886416417025
-0.9532249496510268
-12.32219658997777
1.0770579530640916
5.900420725548308
9.955974263721092
19.399498654842546
-13.728206736726701
-7.2785060607820995
11.219710012047273
14.15272327281155
-8.865449837531898
-16.06431658684277
-7.882238533975139
-13.642286188502819
16.57958700208148
10.033587022134938
11.527103104060682
-6.624790594830472
-10.615185599250609
-19.343639026937886
16.00000398060081
-1.9732089743937742
18.117265777594575
-13.527081481965908
-13.347861999381632
18.487994651320214
-17.322938734612862
-3.578212416562355
19.266947416827293
0.17290886463161215
-4.426272301256674
-2.845601682469173
18.18554516417722
-9.425738847303613
-19.726155682124226
-8.900185158589915
14.51859648632739
-5.530979514359657
-12.644431286232232
-11.493121859852952
15.984889647533123
-1.8233314224344355
16.280448975642997
8.795209925530415
-2.0334000646083403
0.011040615401242349
-10.183162089992956
7.5500740003803415
-10.080514911032612
3.7059951767529213
-11.360384295898438
15.286692382199377
7.789660072811625
-7.528659630590928
16.774154224347882
8.869202162566168
-11.752439595813012
-4.049493608179313
9.95826468251725
7.313148249923451
-18.108904784200043
17.63916687488298
-4.668700675707939
16.49810368888805
18.183504089460598
-16.941108585151333
2.9667507619659474
-16.505945523792015
1.1504407625321775
18.920160161345912
-4.647184816665021
-0.15565755327241604
19.05122262163912
-0.8858416300944256
14.110763290915742
18.328749661784585
-16.064095285980535
1.8849465676568826
4.220399648919681
-11.915933231067175
-17.480163433848706
1.8234869858242142
-9.952023031045062
-10.898150938181104
11.881150451761432
-4.69284502415206
-13.834362868788123
-14.879683311600221
17.415885830292495
4.398641940194924
17.002451334370576
-16.312363041336013
-12.489622130558908
4.593138874944508
6.014095159284199
17.497998312663093
0.023584035061013253
6.139715327233098
3.2990132144646225
-3.323952609542772
-1.7037490743747838
2.5888167317827495
15.568734344198802
-17.86115810361244
14.551340933292977
16.67016567922574
13.825869560997802
-14.124859571696838
-0.7217732596665307
16.737541690019533
8.410514586924922
2.2708180708330516
8.944293271187888
-13.856550065051465
-13.862590895076096
17.5865