-9.626525843905892
11.079806984836598
1.0679048276394028
-3.1975084598421155
17.83243908368287
-17.070459627799963
-19.897838787240815
-10.684845339740065
-6.482662755474209
-2.17208238375229
-17.123235651906242
13.808932603223376
-18.796871580962716
-17.65335846339948
-13.2528506657758
-15.938443047939277
-3.1716893689293073
18.000227419315067
-8.868786638477228
17.94458993542893
5.609985744241893
17.31956995168823
13.164580752264648
2.153068496061369
0.5825191536445864
-15.155969748090609
-2.7469843556840523
-14.233957399806245
19.81611113287211
10.013903624591162
3.3780939890943813
-8.395626127114259
-8.334280598123605
-18.350834156705858
-17.859994120277808
-4.94858708164584
-7.12432854578573
-13.510413574554821
-19.17354785332055
-15.30803615928706
5.392816004225086
-4.9623172857866304
-5.798325950749232
-0.17693428490285967
13.73924373715888
-13.0027438416717
12.877596247432038
-14.991957779865373
-7.210493332458627
12.048367503495015
4.3864408402104615
-6.307289307076305
-5.100496506734945
-4.754267160362726
-11.877267975449817
-4.386063711794517
13.875926517528491
15.164516332796921
-4.301198695335531
19.497266189421623
-17.295449721139
9.284925831216427
2.6416506934123802
-2.048799856634041
18.41518895260868
-9.780661776482496
-1.4171383254492866
19.063541887311118
11.14133984278164
-10.57210390298505
10.541225315152548
-11.902873061730324
14.75799659023658
9.071607351961305
-7.812791252620093
10.734721079727827
11.8383631965118
11.063579667707799
-10.90470220870657
5.055790319699337
-6.66093798955778
4.835940382846676
19.25014519227124
-14.214912522268758
10.79467841976452
-17.52460410706929
-15.214492923073927
-6.960920317679765
-7.793479937892641
-9.173492828350343
0.018482341399316482
-4.974469963461864
-0.9739156748417024
-8.685986111643427
-6.267577588094703
17.791035784170717
17.44081733006381
12.779171446766952
2.0562992934001443
-17.263792581500702
-8.669152711867994
-7.953102931192095
-15.74284616779902
0.04046759772316477
-6.00817893623474
12.724284859105644
7.337760708052933
5.974308572735055
-12.529214478322617
14.607935770847845
8.311487399525006
-7.509315672804139
11.316070178820652
12.441547609461104
6.909152561769556
10.976868190183211
-2.469888067062577
12.520153659714104
-19.92310616744718
19.12305354859997
11.522353473059393
-16.081854299921076
1.5002853697747796
-13.476497798242693
-4.6901047125253825
-13.924664034032057
17.04132197145207
4.428505239309125
-13.793394656659403
-5.268333168134681
19.698773369402296
13.60489431121114
-12.196238566451335
6.329610806751621
8.795356180069284
10.279592807043553
-16.35251136719384
8.100878195804086
17.573824274490548
-13.530247918856348
9.602229091089171
9.160459598172185
5.6318429711253835
18.006973055054743
19.642947487304326
-4.934041016610378
-16.13869072401379
-15.589058048187518
16.847461125438848
-11.335890807446344
17.369652176181106
-6.404734772853168
-9.25145257956368
-3.295927849768006
10.612846530865742
11.235933712062078
18.48118360543551
-2.9350467449665665
-12.848874535320753
7.285413648326127
-5.790024533892716
7.9359553555547535
5.147251862300301
-17.23709899609659
16.30411852057555
-17.166573053837034
-4.199956148572159
1.4877391630748669
-1.645324037558563
-2.415464920072779
11.89637559487754
3.831713986186948
-15.530985785447168
-15.779546279681028
13.993179744302545
-3.243447220477208
-5.06793631382636
-15.2210843963752
13.261309385974137
1.4024991636426805
3.189931028911552
-1.111643774394338
3.3126216238715074
16.11406944306046
17.729336153063073
-11.348160587262544
-18.27822774482073
-10.998718518870687
1.6929063243151212
-4.537368932072505
-16.11881261565465
-16.286095020068704
-9.004806022030758
16.699178512605066
17.05914931618088
11.86568593910868
-6.6872556916882875
-11.426249141855465
18.16573550858157
4.994625036367818
-4.671384551922625
9.291184617172597
-8.730077910777352
7.330361185736784
11.692534746162352
-12.397615966034179
-5.099369885792608
4.561512917471976
-5.418595883347255
17.46917998994298
-15.021505757125752
-8.205894491378567
-13.71375317365873
6.616908688276389
-18.401392325773646
4.77637288539642
-4.722520495548466
-15.773755904390313
-12.662010015782545
-0.10302822442554671
-12.963449239833986
11.519760945751997
-14.935524063437423
6.629459031738598
-13.976220949532255
12.487190716184813
-0.4377104558701461
5.37855446751195
5.239132150265462
-12.665110802440381
-0.6263312567849475
-5.809888122694474
-11.694290819304424
-19.17035842963658
16.208467008741955
-18.738647273249434
-4.359572042774813
-11.077652862308721
4.881203840801515
11.722376071678674
-3.0741494434808523
-2.361432444491353
-6.4041879292420045
7.181423787435797
-5.597900099623123
-10.488211586176819
-19.266310170896624
-18.194689344499345
-14.628925763446667
16.24097806240173
15.594900112246862
-0.10257141166033179
4.519138273731844
5.888930336701222
-19.176797485978547
12.302047293531892
13.85725704015033
2.7615927911484484
19.49370710985869
-19.55947295222009
13.04531648108307
-16.731810448297647
-16.33528922342419
-19.19312831541079
-17.82271131366455
1.0504843862626991
-7.67061195651182
-10.784653715201973
-3.067658720684797
-10.11969855357135
-15.74730595873239
18.585631769664836
-14.703454405915126
4.097236071869396
7.401967751918811
-9.929590687839003
-16.08879269006071
-3.18443922008084
7.929951572147601
6.530864108659426
-6.838698484247651
-10.0441108072738
6.342411432087825
-18.140555215461088
-5.7845416106973815
-15.534480592239955
-8.421244379325884
-0.8462832540861953
-8.551529607479363
-8.24974703647246
-0.6169128175495366
-10.519430130775556
-1.6233557233950862
-18.273051513302153
-10.472262569589326
10.354295766880036
14.158517924866125
-9.0763201635668
-7.851818384563689
15.444753434027312
-2.3568115811122397
-17.631735813651147
19.711402548413282
14.240698228689986
-14.575158171454476
6.144628218036672
-13.964530957377072
16.830448769133774
7.638817070588516
11.29277085663718
19.180712338680223
-12.282171259974861
2.02445346726439
16.54168149095142
-15.4206664746436
5.683347479462185
-1.9837460039001726
-7.133949281802909
16.8211916736023
-8.281675120021927
-5.92160551668381
-6.661856142954292
19.959953601213172
16.52886385606466
18.40197839134968
9.609017465443308
8.96011293701616
-8.79862329919523
-3.8228257340350957
2.0958715526016327
2.996602479401087
-11.824974131208744
-14.852710330180209
9.082346360447026
1.3298946018088458
12.402017129662823
-13.302880787040529
17.609334152024665
-5.125634046281737
-13.7409596967706
19.381317755578493
9.875537750310308
10.261754976846408
-16.095593309067166
-13.88093115291535
6.003729609675027
-17.32625288590864
-16.752131851838293
4.411272568502991
-15.018307215890477
10.847159262415886
-3.188048695229714
10.178471003146889
1.3661459901694712
-14.993057228764165
-7.958722561297451
-15.600325767120363
13.89879238495628
-6.7527610751714295
-14.265130010452074
-5.628689892428076
-17.360254864610457
-6.689485625964711
-19.524909452083165
-1.5058005114596966
1.6362284591548146
-4.870476998335814
7.633965231035489
0.8117713881971298
-13.758656113059251
12.856470941038161
4.5642802303637495
2.7996441919365864
-1.302932817129797
-0.46325082974136933
15.952391330341833
15.69403833731198
18.934277971130136
-11.026550992539313
-10.442479947227659
11.221741276785103
11.254712011546957
-0.11795630304308702
-14.674295445485388
17.90930505483997
17.17008870839517
-0.9409564746637855
-12.443203951939466
-17.139365800325052
12.23329817841445
16.96474517314732
2.5970288112645505
-17.040221680906843
7.448861953436342
19.286981880786364
1.2144395338737404
9.182068461115517
-15.930460952745813
14.02278636180457
-7.115717761737379
-1.2769525525126255
6.65125736351424
14.848104830741029
-19.20089495630007
1.5132118653791693
9.358253953352747
6.843029817327402
14.809195133155114
-12.83068796896858
-8.691770949869856
13.870617873281127
2.5416947405012316
-18.515613901722354
-9.127378479927572
4.767194722576704
-12.825314154172581
-7.586187862641317
-0.022125609491880027
-7.732291186957552
16.675525057419108
0.6364716541661934
1.8933224169238407
15.31426484756794
3.0987903571695696
12.191657384415684
5.576583605763481
15.615440912653213
19.425290027125484
-9.483013506986996
4.189756089387423
-8.745695699823406
-18.435034297195134
5.934453613172749
16.37286354610626
6.247662081844108
-8.123932633193146
-18.802795160954414
-19.83144922007937
17.42815482337693
-1.4975053804653342
2.1719016529753112
-14.851220189561364
11.35430002604755
-12.275555912452605
7.380976232805537
-6.914664594709677
14.203763410760232
8.901024423257265
-0.08200727747665582
7.953499376167812
-16.958767991007736
15.974829158592726
15.28924383227006
10.09059128833561
-18.789598216779602
4.820850255240007
8.24772567861945
8.690876191634594
12.334105058465397
0.6687559778208794
7.846131785918381
-12.92696042310116
7.274310969347603
3.3144950545949357
0.5923600219271634
-11.040247921414284
-4.314418476415334
16.678930939207973
-13.412583028986553
-0.6389722222998628
-4.956384535118934
-17.927034705071012
16.248057897039686
3.1260272481835543
-6.771926953707702
-1.4712726646647027
1.159222575095285
-16.87332599614399
-11.20040351862286
17.619225810288988
-11.97603716457686
8.592465691134418
4.917586152481125
2.0874800005697765
-1.9902242936816066
-0.2906757631978465
-1.4011573385990914
-0.47381607458195774
-7.403253603983963
1.0845413261618333
5.504126329426143
-0.037124560814291385
-17.689763878749147
4.504791852385939
5.672206598111931
-3.3598818334795943
-16.457437273059664
-2.833264112705894
6.268202506060714
-19.21161406224828
-0.8128886473464476
5.76800099405385
-19.42099818184868
5.925819145797288
16.470786188999554
-18.88561737618682
-13.711758319343348
-0.6927935421062337
13.103846787477721
-15.999800265187574
-6.6897742858580465
10.968245049729312
2.6852947330373453
-0.128260339819807
14.18494770843013
-3.843146734973729
12.243890981144332
12.862779241720986
13.018446901217828
-3.2157530392683853
-6.457067839090854
3.3149878223190434
-11.81504125832773
12.669764562802996
-13.870717716219865
-17.453060993147957
1.0170970949534635
2.3270817075237424
-9.751492910397381
-2.804798156387143
-17.1980304753317
-7.595158549958079
11.300788726449191
-15.714748157824761
16.27504427004095
1.2696030775353826
-11.983893013543728
-0.622951373083044
-16.217022555504066
-17.852799921727296
8.568988754456065
10.076711801178554
3.237004552968102
-14.538194663901027
-2.89925457250531
5.197404359747388
15.501666139784056
-14.333355242904853
-0.923254181588355
15.51025568575104
-7.425508093208958
17.118376181244486
7.425167866897631
-7.5482885502034325
-6.285855039848078
-7.978823782570714
-15.128705299779682
-16.06336736367286
18.58908122690044
-16.84805984723465
-17.04462320502691
14.442008956121946
16.706727646251302
-13.418201912460738
-14.98575526490506
-17.072584373009548
-4.19525459277644
-6.7055601749246385
-3.4329347387582665
-11.134091260371184
17.228978172729413
11.81090385318457
-11.248140547173406
19.117024547963894
1.225337527270412
-12.87606205257175
-18.97745974313854
9.292775691222133
-9.394220394047274
0.9290105120562444
19.94921662053627
10.836642386201575
13.174691678889495
-13.781632239683042
-5.05605174373509
-0.7719994824040128
-3.5703925971583743
-11.323446821972354
6.285841267340221
11.004082108762038
14.024504423280582
13.19932106376288
-5.083976438646074
-12.52646206036825
17.133363830650516
-4.138006029218353
-13.504858572215639
8.350072703192104
16.331149425978325
-15.722712360895116
-17.330295036502772
4.052048563664922
-1.1453540298979838
14.760206961759145
-4.24666717812277
-4.620026803749951
-7.770488355270103
-1.762020331869678
5.117156592015899
7.244413127649231
15.457028781960005
-14.539319284800829
1.9791613871941394
18.517330843433996
8.139890473643892
17.164902245186887
18.206164058879075
5.805965171681748
5.027161197505478
4.725016767724899
5.530178821367912
-3.755086937222213
5.68426709629874
15.130942494626332
4.517718434325587
-3.0992341426315697
8.682919125232708
14.95602112043423
0.9526750612278008
-17.557330179786767
8.171500418629051
-17.5544214061824
18.22615783981754
-3.1164890916763675
-4.375903355443022
-17.789572769586343
-15.480950368346388
1.3591205460269151
-2.3380072761561337
-17.923930396740076
3.2440416340133638
-3.929221363392024
-6.329485527429446
-6.300707188469911
-18.03449314804596
9.67570475392958
-16.70537233677934
3.5844090243279823
-4.321441181964381
-12.979739929874047
7.061892884871924
9.411513709133771
-19.556360419533437
7.902625270279216
-15.95649053142727
6.564596546882761
-12.318957867248134
1.8881375271927645
6.536340247916051
11.730732880910608
13.842425996542687
-9.061885670042336
-17.32014255395108
14.459629378529527
-4.889753226847864
11.46612836661729
16.71358030950632
2.038759496391691
-18.43806878579373
16.490744428320603
-5.2812343907736015
17.980947187441487
-10.183830291840374
10.065131998154836
5.728489956867925
13.585247944964749
7.438919583721724
2.287305508422918
-5.72118592911556
15.551562202703593
16.970673944128727
15.344380674226088
18.3432037786975
18.437261395183327
-7.738373984436674
8.017010196249444
13.870289187085135
11.459209002500195
9.600615152479563
-4.397088567734148
-6.351611233792527
10.980977615618457
-6.494855988554292
11.41152933358908
9.481909056953558
-4.184260440024289
-16.517229186251953
-9.966295589714962
-8.711973691421866
8.986647865589138
-1.2988118249602856
4.69396037215466
6.560567281751325
6.97398998942225
-1.6682808158147147
-14.402113868885852
10.146768697636087
-18.37180418452066
-11.040011451510207
-9.631786109582897
14.967995077178294
2.2933205864781847
15.7459734262384
11.88301125279775
15.96374735374792
-2.959725927732336
-11.537776223148605
14.321802557430097
-17.48082080627563
-2.9706715363410794
-1.740751618908103
-9.11461546659539
-5.436994651447375
17.8197972197094
-7.0460638803604745
2.9136138248172685
-11.28496817295757
1.719336734793302
18.1636624040477
-9.604833623924222
-7.205929310214717
-8.347329959765656
1.666878508832795
0.8853064986853134
0.2140828122671259
-7.752332116997911
6.962442487247404
18.05486707732217
-15.783043361082285
-7.798518647433813
2.5725409850661975
-10.144960434726539
-17.745203848596347
-4.512066067898456
13.366219892307292
18.53147321456543
7.694813722173073
7.641580420035382
6.298546229376562
-0.7497941858210879
-3.699774852592892
17.40003027352435
4.599691784192238
10.681617351247269
-19.903594966645034
-2.3248840817885927
-11.688574342104712
-5.302407489994945
8.945276170835545
5.249156644339365
3.7684813274372395
-15.732910916308928
-12.291509667358675
-14.26679349579655
16.494770791121255
11.64379185148556
11.588226371284193
-4.259228703655236
-16.204690640610487
-6.604066457874493
-8.958271075387021
-11.621733535232144
5.213193984097973
-19.607946942088233
-3.57122198044722
8.521583961688076
-15.088199580539046
19.740255935386884
-6.485613467347754
4.612143903009155
17.46880469533012
-17.861930436035898
-14.21452746512891
9.841123794538163
-5.92153099144098
11.576767427979853
-5.516267794470329
17.481156246615754
17.92891870277809
-3.0894653203105413
10.954797125795224
10.757665075309461
16.75848380088327
-18.65407177433115
11.084151140798095
3.4983643177467094
-1.190813241247529
-1.4962895971124723
-7.157891584685267
-11.578164996906771
8.28161464584198
-1.895442191966474
-7.098690964878784
6.081578724864833
-19.213536784030204
-14.185995053223156
-15.242702278522518
10.40694733836235
-16.001779346900157
-2.7496738137857335
-1.0036354349741359
-7.919759090901323
12.512120229363184
5.965310956605009
-12.970798370573355
-4.442169209628757
-10.229744723977635
-7.253254533804675
-1.7813706535022966
-17.87104354533117
-12.563264657805306
-14.51625861710328
5.2967158025206444
19.918671378793007
12.428444408494151
11.301882749002601
-17.721099268388055
3.650983809014061
4.172325448974064
7.093845086795291
-9.810955281782068
-3.9930135352274547
-13.168596431215068
-12.855576100704443
-10.693852309518377
15.94261473653036
11.460627427584917
2.8573700895580636
19.165872593036667
8.193133886753238
-15.705022039992635
5.481476709771677
18.439526000107435
-10.261119559370787
-19.272683411604447
-5.956393815686667
-6.230274106137017
13.11821313611042
-0.8018469156503087
14.020436537754463
7.280480146054352
3.0200507744069327
15.183740493947134
6.0995523037969015
1.123226205783613
-13.629057904860735
-5.585803581839306
15.37411201981569
2.6566453703385235
0.7841102401633719
10.229233226639035
0.402423742703661
12.421962117598625
-16.01535031380738
-9.062572627391749
-15.439760639178317
-0.021297789340437134
-11.973993852930068
9.445649430992535
-4.651617193955051
-9.300369913135071
-0.6990733295413598
-2.256356896076287
5.527781198974424
-8.63334317138655
-10.784542432726006
-10.335437010098758
-17.682101511366824
-18.871110695624893
6.511559314050235
0.8771678867930142
-5.946683441960348
-6.4872972731158285
-5.868499463029302
3.255771099241631
-0.6604472576126454
-18.066579059859905
5.8460736000244715
-7.242151530424877
19.1193789087227
0.8433353029173034
-19.760231688294517
-1.1485651439361746
-12.13242085480986
5.346086885967129
18.57374515732117
-18.91034869063027
-7.220253529456183
-8.31709734060091
6.180011079215738
7.84059677786988
18.733356471850506
0.7276806395219779
-7.730473855252985
-11.943246479908044
7.22692506173572
5.348960523952147
8.433776502897334
-3.8631675519503403
-14.296031408690638
-3.8481093271497357
4.354758194610717
8.676204190347011
-3.0637223071439337
11.775726171872833
5.476248601145404
0.830484277940144
-15.958345831617278
5.513682106612702
2.4672539967383855
15.361444893506672
-4.419309626807406
-10.572694508967766
-14.577650112431408
16.98710758018283
-2.884409484891375
-10.04427580849757
5.226046614628842
11.86819640806592
19.932568308504536
-16.279147493575707
12.305987354192865
1.980799465325049
-1.6180816284385777
7.935870855822429
6.542084504302576
3.7551073085304445
-1.1325407037740547
-17.964060937448792
10.33373160530089
16.065142049292973
11.367637632028213
1.9703672002590586
14.540206659144054
10.689760875964424
13.89437107876757
4.39495075066073
0.06088928839267993
18.217759732836583
13.224255167072691
6.678614605273154
-5.088164791138933
5.372065511084898
0.2819015684485713
8.664339155302422
-3.614210690377618
-12.703843725075341
-2.0305854605410403
7.971819909838793
17.80261299149052
1.4588577201664705
-16.344942360211576
-15.49612114241853
6.082038975571322
-12.486024469677425
-0.19900169610691165
-7.169986940542255
-3.8013414987947733
8.714608229295997
15.217051582515083
-15.613149483265815
14.325629056507822
5.84225680164306
-9.85659104712925
-0.5705712823201559
-14.893057621962814
-9.750566091134317
9.201280614771356
-13.73400525719504
3.263081580089601
2.2865395277521188
-13.371379202052074
1.5658050382935187
8.713429174255136
-6.596238280918275
-8.028982030978181
5.170557734005833
-13.49673290109945
-6.076890429786506
13.014177107816792
-15.350328914309523
2.2575324290837315
-6.243236180830397
-19.617547541541494
-4.847921227105342
-8.182739477910816
8.814281741549937
14.065631215802568
5.702402390974129
11.886517081638438
-14.829515415313912
-11.320548538134187
-15.293498174080344
-7.7009102633748086
8.059259623163648
-18.802906070763
-14.303814745402192
7.176613382930988
6.432492423549256
-3.2220550692703718
-18.75804684308129
1.043629372718577
-5.895928993902174
-12.676180961265505
16.76253330834807
-3.5988484384315242
-13.998036186247118
-6.951028326213166
-2.06400412077263
1.1054488592836442
-14.252955365304917
-2.100135181287559
-15.762501668911755
7.567284128731714
2.087784401520775
17.041700518696274
-18.366149993775384
-10.646158810674486
10.55516162041318
-13.718172211273707
-3.8565616717330933
-17.676082542446835
9.699852596518323
-4.988036045912887
-1.5196170121555213
6.438857620223928
-2.792030768017092
-12.07079073075116
15.567460608264852
-14.561963415384508
-10.553464767342975
3.748542961848237
-11.619108384082688
5.842757068986483
-0.5255234195324512
19.046693928259614
-17.465319998648752
15.467684481043975
3.4365804812564846
-8.100856526877909
-1.1245051693022106
10.500788692413217
-15.492030769438902
6.116837946271318
-4.3660178739695965
-18.806160181805133
11.424710120665988
6.342762507792944
-1.1008706014593344
17.270340085712142
13.681997053168935
-0.8518656807042113
6.451383509301365
15.043443865851557
5.628702693757223
-10.08339485731685
0.2517003436786105
-19.823561732137087
8.179625904079412
3.880127711066077
12.305799045731042
-8.246782092306194
3.5278759900966286
10.677334695655404
8.084158142891575
-2.825034711524385
-4.218480113805011
-0.9094243870103895
-4.099687225342823
14.203280546363402
-9.575107061024205
-19.656067458656167
-19.432568965229997
-8.184470999221851
12.79559847511198
18.434487696680392
-6.561470097225527
-18.634949242093395
-5.640581024673379
-14.617172940355614
-0.08585350571539507
-0.47744787725266136
-13.535062046758956
-13.599052552427384
-4.8143171484039105
9.840450129105008
11.825066831487874
0.5056367519794378
16.55885066713418
9.18606591040654
-10.013103657560878
-17.456222363348278
6.224674926357107
-5.611914166490424
-13.814979748819919
19.12018984286982
-12.716259122972499
-19.91049823531362
-9.907189855703603
15.342709689602799
18.884097890018495
-17.313511322374016
-14.340489544586283
13.071432189522085
-7.053651758160818
-0.5409740818127027
-17.212779598229172
-5.49761773515279
-7.297282288861705
12.539477877107188
14.833091764210536
15.617086724530708
-3.231740798902905
-13.293341441360194
1.3066209241726412
-1.998319808643238
-8.809339938561207
-6.462461271065184
13.482918512242307
-3.9289900686039623
-4.45754035427564
-7.333539767836017
-16.256295482801022
12.42550037039996
-4.705760374048772
7.781277961439095
10.781975435882192
-17.968712101229475
14.632650906343365
19.716477915397185
4.571081288397082
2.683515698866209
-10.52399460328405
-16.464948909774165
0.9381403247206705
3.176799725053133
19.829223148930794
6.336187381488081
-17.699978366257078
17.756565801985246
-14.318626372642953
-12.383820678272821
2.3777318241861387
10.99275272009162
8.929395429679978
5.0519520387638615
-18.043714388170905
-2.260498425921771
-9.37084186825425
-14.290468395369507
10.780510869099626
-14.40215453632328
7.169733079555826
-7.333432126325047
10.786013322576679
-0.7322393181882738
-12.344220706516907
3.492157058434074
-19.40945837632018
11.107017282136724
-18.848620007100287
6.8271752747960015
4.148257128149059
-5.8149834610336715
-10.680414195490929
16.59561970556981
-1.1435760733787212
7.029927718207585
-13.79746194346508
15.066000283709997
5.994929496588796
-9.580782667783655
11.674013534173792
-12.969943736330073
8.151713341876725
14.837862625305192
-14.158067108696223
6.087496717953403
6.353358607196768
-9.26560874197024
-16.910991360064727
-6.216891614313123
3.3901368775734753
18.711358115858893
-0.5054805467448844
6.71111161681079
-3.316992595949664
10.275818673194465
14.473565939022677
19.250972723587168
-17.89377061976484
18.97366953617646
-16.602040523443108
-0.6919423563880613
14.767055283522545
1.5559529205090286
-13.911014598792995
18.50172453558634
16.035268297913994
0.019317131582926805
-6.200920973757199
-13.69263129209019
-4.183020726431046
12.259010866576638
-13.609444816388878
-6.1599475826186065
-0.6075242915025214
19.09309635151778
-8.200425839621586
13.832456999740415
18.72444554436332
-12.434958826949046
5.801529727779688
-2.0739060884068152
-6.80757325771622
16.57164989285637
12.929752782448631
16.061123187249635
-8.167432438511032
3.678288808418465
-19.715292621800756
12.134174554701154
2.7004492529737973
10.24725188029744
-10.62557977403403
14.94924153739813
-12.30836034464712
11.088245696283344
3.8580736762370513
-1.2320501786324876
-16.75944439331076
-16.526909850595544
-2.3316776101889047
11.14695827751408
13.147655713267767
14.98324009928556
-10.87130863905327
-0.29060499849027366
15.933724533095358
-15.15006442082798
2.1191414262999757
15.92310469236169
-18.691505427471
-5.247060935928371
-14.943217407047257
15.402056545564292
-17.899375896282944
13.602148060188412
-14.059757746673679
-11.5560299895904
-8.164927030696031
-7.9801805879417245
-9.441626976203587
14.023224110027684
17.485225510866655
5.31752893503764
9.027245541624968
12.163206822272599
0.41314264964094605
6.247180588787501
-3.0783234775786923
11.420428743415236
-18.05488116587395
-3.15220827069432
8.535842999837335
7.726953996890838
7.905287315903106
6.542843782625543
-0.4246006514343925
7.555537798865252
7.640916472192956
7.984667605393785
6.722441896133141
-4.214640998764425
-3.95855027701138
-15.067988561135884
9.333467692207446
16.31945076055311
-5.785498119371226
-18.15751017327792
7.8943450487997495
15.91722465906146
19.967557899969705
5.0197666400637
15.148212202177106
5.636406658104146
-2.0451971790284276
-7.6877013142065955
8.151008986204861
-3.8290166282591187
2.400020797441517
-10.654990792488771
-10.316654024363817
16.084275050009474
-16.811942780313053
-18.229566212147887
0.34782122266298643
-15.242138450143123
-7.915100107466939
-2.2468233359499834
-11.24173107112576
11.557462998328546
-1.8774825217679272
10.223058354862108
9.772880805568029
-0.6835872017867963
4.4184165631962244
4.445466306917897
8.918444916610877
13.960872721136084
2.2741974218923886
0.9052327548583889
-4.3977599284384805
-19.740329062667605
-7.409311163492362
8.120028828931272
18.156082512515255
-17.553762886844993
2.6788217332222715
7.568187411918622
-12.91538434113538
4.131498415316386
-14.505869488450376
3.7640112065053515
-0.7102397972244354
9.13270516224943
-8.646154199760026
-13.836086907927129
2.6487336937168493
-4.360921808115567
14.689172203780672
-9.480143565979006
0.9782153683139612
18.704257987263006
-19.546653547568035
17.91747987496494
-0.8712100418898352
11.594969284292063
-9.407229439048823
8.219225539612715
13.040534341076985
11.986322152806153
-14.796318630591689
16.453466764388132
-5.001002047917659
2.3834395405149635
-17.40131995668946
8.914546437046877
2.07363833529935
-17.253709805285272
10.646165007078974
14.359455281577375
-12.47276339255183
-2.2072487747664127
4.728430823184617
0.4872141697913257
2.4577291629961735
13.737303584294509
7.91792184520007
9.431845695380694
9.212631333437638
3.5861366362663176
19.13508484878036
7.86223324755699
10.328324667130097
6.400634506609212
-16.803149745771325
14.373954219970116
11.693851304728177
-0.7003003880350569
12.385084114536347
-13.048380355814405
7.387956558781681
-0.3783814244517636
18.853233953720867
-10.890383596678998
6.449886609563965
-2.2241981894329683
5.064153148059496
1.4372261271349238
15.592786119994138
-2.353048539844771
13.41117935494593
-15.668721016678422
10.999158461287514
3.8459078091300647
3.0121892802865027
-16.43232312568046
-15.4519527213516
14.412790173250244
11.160425201716883
-3.2470972026130873
-3.045932212250392
13.882163028762918
13.983180310041512
-12.40893543148497
13.48531549912736
1.498938351438742
5.195451584809231
-14.50596297804875
6.373342754824787
-15.296140255870675
-4.897216829075543
8.803615145951355
-4.939429908115066
-12.384705891597875
4.504331881977748
-0.10602711297111256
-3.386414391722546
-0.706423886855525
-18.461217980627524
-14.770727296530293
2.709359727985408
9.344511982041979
-6.66134058646862
-0.22945372125121466
18.952163882503946
18.45719638859905
9.177945998644251
5.540896600948319
6.597157383572217
-6.7443093223667425
19.36704837473033
10.087073075299106
4.104094523281422
2.472711897945132
-16.018439263456873
-6.881579644758396
3.57906670102458
6.294474094122403
-3.027746793999185
10.937174028414876
-5.489089360324861
-11.935253856631928
-14.158202365530581
-12.425512568822622
6.653275992778056
12.560204032354136
-5.316160127336037
18.632132193564956
3.9596072515958127
-5.499657854785877
7.068326443891468
5.237993825355531
15.50504577754463
-15.428921419274285
3.153457020937857
-10.423774687225693
-4.452649004568748
-14.46014813630908
-5.797065345886608
-10.823445610028632
3.193668049399932
0.8013883653366527
-7.949060064821678
-7.046289630309982
-16.127858711082624
3.215474362975197
-2.2877838222800193
18.171907997552893
-5.864089368669813
16.35598059220191
-4.779214588539894
9.159168069911754
8.871071668770302
-1.905975820856952
-11.311340208301122
-17.214917207096768
-0.8207123403270558
6.175597580842531
2.819273210685459
-11.815931408094475
-8.77412582500222
-1.1931861737255218
-16.345541356270715
-12.500267067726508
15.733072596493322
0.78270044311218
9.554254748409821
17.962076527049845
12.0281423924176
14.755818661488334
12.330627508378285
9.408359028787025
-4.73142614137387
13.707220422945866
-0.5370790157440375
6.46505239629991
12.241050190497887
2.8157956462370883
-7.9590805417975865
1.2381544945377527
-10.449789813708819
-8.536442660278954
1.3651693964408231
15.708435297513866
-17.739174432232744
15.76255000639042
-18.011390585987318
-1.9533544646596077
-17.454393892248987
-4.126620828645159
16.639498739148365
15.09365339351983
-9.632262372569706
19.382897529030252
2.554913795080232
17.941435579472298
15.48299994712658
-12.587054050591217
-18.36966078806814
17.230460650583424
-1.1820072409741087
-5.234824113587017
-0.08953425472904897
-15.707003692633874
4.145138349854946
-14.727975204554467
18.20302741883725
-14.846866450259654
3.963859895239498
-0.21251712206870366
-1.7756076708395412
1.7317492892402129
0.5031069570840287
-1.713455781016183
-19.485557704452315
15.325772278223084
15.247660713493374
-12.563924407523
-13.247264887785333
6.007046975039309
-0.04688655241462669
-11.570840431593496
-12.578759280572926
18.650230935295397
-15.757813128924148
10.167208081746729
4.258185403833053
14.983859379177545
-18.983125235800507
-9.458621054036996
-3.045345410816587
-13.401322026312181
-16.351087283579485
-11.358250918947007
10.253507721227933
16.50187859131055
-11.434530905425046
8.89892202785034
2.871962468356987
7.398230310388648
-16.3127467442435
-12.274367721365916
-15.700834644707395
4.950405337207936
6.296718011680532
4.797821982854732
-4.333747419291161
11.025201258485527
-6.030041015041
-18.956059367145404
7.049362519675775
10.454744880504233
-15.769214353877965
19.767612724495386
-2.080686386803592
-6.490851329003231
-8.108053859962375
-15.989592141618818
14.363947156474943
12.56704738523159
19.458112137257245
-12.904391871162204
0.029385547421775016
-4.997003730559793
-12.178130255305826
8.696196921571762
-15.346602702730102
-10.059125677893386
6.684479987169674
-1.6767968592909632
8.927096547836072
-13.051989376630138
1.4335388392584676
11.071816394254643
-17.77219219573009
-16.34630700932524
10.63395982767016
12.59011464971487
-15.546816885688074
3.1809442502335052
4.1410621799431695
3.344244182447234
-12.379126920833778
15.804348506433811
-17.048281294085168
-17.116581602504755
0.36801923566862627
-15.089914374992603
-4.896781100185095
-16.681098365316835
-4.813922730902366
-17.046858570917387
-2.628015789961342
-14.195750228541058
16.84290342989366
-3.152212580754945
-15.479315133620766
0.6806575946167079
0.2231025352857685
2.8846192284691305
15.156327890909665
14.410592354563207
15.763531318766994
-0.575557140496251
19.849218102362762
5.897053099415366
7.620725397736766
0.17237843625308003
4.274807010513072
-8.577792435971476
10.461993288697492
-19.90454292638475
8.382236673191507
-19.913035773191297
3.8533861780523218
10.190544642287819
10.063047577179567
2.642544528536245
15.385958263093073
-3.3112955508164568
10.2286541779171
2.869484327987397
-16.70153535016038
-19.231239924717304
5.337295720570726
8.81377911196256
18.879720131250025
6.030115237388131
7.11412846746353
16.721697505604418
2.954424858345668
8.79973639684017
14.010849507604263
7.185703840846443
2.370371465133264
-3.299043433079749
-6.668646324375548
14.141735093447934
-0.3464171479064788
12.15212643266274
-17.94649280066155
17.22476572123152
0.8788094359653762
-3.3147516318265993
6.2086412180841855
1.0065821428609851
-19.56229488983373
-15.273062153149661
11.604317705909438
14.672356493817901
9.35119806375559
-18.230912361363025
-1.5183415543373577
-3.7357721725186686
-9.090357014374044
-16.17940467072346
-4.726430245815244
2.5868191863623444
-13.451898196276684
-1.2885522356541017
9.289565334671014
19.78081540979359
14.230462834622813
5.32910066717967
-15.109018770619134
-8.495659455547905
19.359637077775112
-8.40423874728339
8.240538594813025
-14.905495797472312
-9.629036106956704
5.491112526440624
3.819226501870446
-19.6218515247949
-11.627625869429664
-9.201376589593227
-4.746109381283015
-9.015905270952427
12.683918497711183
-4.562179424083666
9.74243542362306
5.874785926221957
6.2029097020574895
-15.007182714773464
-7.838491817948645
18.89395071749663
19.994288943405024
5.217580134087395
-1.6836056749785442
-5.225366736254205
-5.147607577392703
-9.262280806540847
-12.251751323666715
1.0050818204641132
-5.658552565394611
-6.312319797699271
16.54801690908782
-15.192839847402713
-8.092379821923533
18.752950190868177
-18.35609242212797
3.2479881531740418
19.972511803668617
1.0836830387100136
13.983498918748467
18.755854830887777
-15.004899599660174
-4.062841625213892
2.61726848175158
-2.823129735266768
-11.687503820467896
-0.7397597716138016
17.349814374943648
15.946240881020508
14.34900866541279
12.371367896454394
-3.8136044842275716
5.335923026205556
3.175894373011971
-17.580841167046874
-8.287123444884447
-2.439984500724492
-5.766626540320448
9.548735464462123
-2.4206366421384438
8.856332468528663
17.53616685693772
8.852588321845197
-17.23882432419404
12.933749548386224
-8.339892484074216
-11.332295202041976
6.5059029707333025
-8.881026500542424
9.867531783847237
8.908971973288502
13.69454021479605
17.94127241977189
-4.806710023501628
9.824124553272746
19.71867314744965
-1.2985647442992168
-8.356304166332631
10.209893193618768
-7.976773596241964
-9.432101689286284
5.0864436793067895
-12.154704839889469
-13.543009207389186
17.532665432242347
16.926031714381637
10.6092453467808
-4.015779507546453
18.47108766232543
-12.03292648811268
-1.5837052429984837
9.504073091810827
1.817431718977982
14.433837614609843
-7.231107225215872
-9.269009404830557
-8.684289561953943
0.7345037277543085
9.96122119518311
-0.16905522989821975
-6.250566178274122
-15.964140856747694
0.5522744772642696
8.019368277498899
-8.845916432036699
5.429899305985629
-8.504337734397772
-10.247462699846777
18.92822958821027
-9.744084584680426
-9.452809118862518
12.54168519125895
10.303392563163385
-1.26191698999407
18.268871699062885
-0.04589821364561075
3.3023845905246745
6.424313839067626
-16.819206963926657
18.57000408224551
-5.731491815213303
-8.75269531171893
7.144822204446726
-14.119774532990924
-10.665166830714572
-12.625536112448522
11.14282942046858
-17.36300369621602
2.776845834951601
14.52487104855389
-4.837247217101268
-12.299080347398142
6.749021329326375
-2.2810339039044294
14.607567303445983
12.224043890919361
9.081052559962494
11.902635210497579
0.5905802757410541
-8.97455751323613
-8.201267232273617
18.12370041681025
-12.508786919458682
3.269319564912088
12.248231824489217
-0.09875513239319034
13.989686882172876
11.729611188187032
3.779597105632906
-15.064299298250457
-13.710406042264122
19.05013980217113
-6.416249860310334
2.20426467768786
-19.67163099652369
18.116830309844005
-1.2066903552103447
17.820444799553087
17.907844018224573
16.3592667239801
-16.86002963660391
-5.883487755484174
12.206943265040401
3.2432922574924845
-6.396403119940777
1.8495844343870331
-14.688167020465341
-19.96227335197462
-18.282797368452364
-11.810792818173002
-19.604477283934514
3.1882649385885884
-4.568174379804418
-8.773972231148107
-4.534309768291767
5.909650757040058
0.23856241566108594
11.445260300305971
6.271055594718035
17.403227487956833
5.814556889274982
-2.7984282915426846
-2.656106938694208
-10.381720427139683
-18.730944248914177
12.638934208815257
1.7280610929705986
12.153351649362683
-5.636300704844084
3.792845199378174
14.214203603720414
-6.294473886400107
19.692817513038577
-17.23720310925071
-13.371200277144206
7.2917518196929265
6.7410792210765145
7.562336191820606
15.430011975103078
8.831037360009937
-11.25736363913379
-15.859152323842194
-15.422779488232496
-18.497886523158755
-4.238864485342063
5.541306878165088
-6.865882912083698
-13.937272384372687
13.741880993889197
15.656592128261437
6.161719137700999
-9.167964422366119
-19.059804342343476
10.768923558612524
-0.3200003897461201
7.15569805577109
-13.140616198502194
19.345297356761336
-0.6249534761007851
9.211962213335696
-19.529066243321488
-0.02958735967532533
1.1141334941729184
8.899394516586987
-10.881667966704928
7.1176846193952095
2.4338189812757633
-2.9566748926747195
13.149036764462046
9.105996776946274
4.470831083660805
9.112579475673236
-5.281954776612228
-8.772713442373025
9.23499312290311
-11.719175722324655
12.84819045325139
-7.936796704465422
19.988660401783832
15.709747095244154
2.3303293986729976
-15.406659624453486
2.7141430582342743
5.710093664232993
13.539894346488268
5.615127399117725
2.831982506462296
6.869419801320376
-12.543916953758384
-4.249404704223419
-8.786413088252832
-7.633507075446207
-2.187533613525858
-17.396002777038152
19.89706334970316
-4.921636371539213
-15.093551298018607
-6.125453678648238
-9.15273999999869
-5.274938431894064
6.781468074132327
-3.2123086030238603
11.997206664730147
-1.9095532283858674
-14.375402438879178
-11.809382819371809
13.902769391140914
8.19412019026652
-19.446716539870565
-11.204369817390258
13.432309711980992
-3.682939532957107
-14.325076700348788
-11.897922437913845
-5.574456754116962
-17.855344395316916
8.366353191085857
2.7361852859200297
-18.455298106585893
-6.901477763556638
11.609550703145828
17.593794014154078
-6.936784585202677
18.908121469490254
9.689949923300528
17.439917280308578
0.2240358319685356
6.450622510919413
-10.833721486344059
14.218806425112184
-16.923529945158258
-5.520291988811724
-13.447209207218226
-11.779158363236197
15.073736927340157
8.594375769164174
-15.010191097573745
-4.462169219171566
18.295597289452616
11.654081033673826
12.610550574525263
-4.890518015807267
-10.013124476854514
-15.208713056259707
7.180315166508215
13.989723628505601
9.609485313531792
1.6338325082679717
19.79185834856662
3.429435583576165
10.163988215554966
-13.83895650074566
8.231383708476141
17.21747456230488
11.595559450947963
1.0767231648387394
5.396534414713912
15.789464473283978
16.170317232117256
-17.890565349564458
-1.4723859761601865
0.18477163920781692
-12.183642802890562
1.7559062222477273
3.1367675765631198
-0.8761740564234621
-2.042903678231113
-18.722856674194883
-6.394520684260442
-9.83884576927483
-12.85349029812048
8.6862490230274
-6.880590884592905
3.100856525279738
-9.578888019769195
7.382725931984069
4.2740037432084605
9.803965085281845
-0.8842858977764188
-18.540404327881262
13.428575671796409
5.267879882886881
-11.528302156893346
0.3237347903556511
-7.381833360215509
3.9484388198003764
4.50063090822756
9.311510213284173
16.535512426156032
4.301907713202301
-13.513688473664152
17.461974565503745
-13.865928356483309
8.540792449605782
9.040525428891225
9.889770341719874
5.578054023929514
-19.593870523147302
-19.104398180989183
10.553942177260083
4.305784978039053
6.038422388249842
-10.864565634786674
-2.763293290725226
-18.8727576106159
0.27876198402734076
-11.614605061290991
-4.765915558338868
-14.997437860560403
13.616874761599284
9.652502536747335
16.403601521451023
-8.697447840188964
12.57714421429921
-0.3716047171594212
17.144676207299945
4.618589380511189
2.759983045726134
-1.225749662169676
7.288605409228154
-19.555788293844763
1.5913405617800294
4.173961145280444
-3.5571250108106867
2.3285586881727554
-15.69282988733935
-1.2932968343161946
4.235134953530952
16.96533604923261
-14.458324197125885
11.578490797300166
-4.100002598054999
1.007317848723023
19.88350813278396
2.99173521546388
0.9855593864199719
19.01304134654194
-12.848546062667378
1.4468253291931248
9.275615169584665
2.4196360198076086
12.357098857639052
13.181791707617812
9.11065785233383
12.617704729885133
-18.97160121498424
-15.463757146515418
12.596899390736496
6.471555343508292
1.4008672096173456
5.927571321186726
-8.99649848865215
-14.016431134818287
7.525115325921341
-13.62181243546254
3.1256828738306837
-16.29638665377767
14.901824288579128
-11.943311638549975
15.870531749638708
15.663922039278773
9.799038882561891
10.577613051492065
-0.22704095765400467
8.739920757766857
9.201561287886012
6.4484171313696415
9.612091163094533
6.112568568696322
-14.533610975747555
-3.880566384014873
16.246180337648298
-5.438082149823483
-3.2399459680419724
17.323715826568517
8.141116557148113
-12.635140770658762
8.64527701077385
3.0748863338984975
13.346487694532065
-18.38198916715051
-14.646478586674654
-19.044861899973952
5.662932500480771
-15.785590934202522
-5.76500360451956
-13.737013742987955
10.62976618168674
-15.969572161190705
8.872049301140837
-13.192523925866615
9.543512922717731
-2.430702530027755
11.769670781154154
-9.036582553342715
6.231458672165978
-4.459626483212183
-4.351553282213949
-11.508589658342894
6.121633839445927
7.156223212391524
18.30954865480407
-6.530985624499559
-8.474102291681657
10.741827387515002
13.610654007394146
-15.841602308061503
1.4618784234229736
-11.292331394074765
11.047819060234673
8.946304721655611
11.09897299337392
-13.617475118260183
3.1236469503922883
18.31601135484709
10.482265290192242
-12.813206501872685
-7.982558127544404
-9.703418007682565
-19.464400060333173
15.622063687470487
-4.680023694012849
-13.4318292672844
-17.1265355889513
-19.443709523239264
3.438401897463585
18.113272482625455
1.4918962307036452
-14.532407178342472
-8.650171485542204
-0.5080035252644493
-18.133905292204794
-1.9566550011025328
-9.438998876159733
-16.87619254553455
-9.428367087563313
-8.679171964841288
-2.0203916862096634
0.2669544488241087
-15.652495156615199
17.516714523327977
0.674673963392884
10.809727509818245
-7.512533253709339
15.056634692743081
-19.648437437658387
-13.41558037926819
17.19012949705177
-11.665921145564365
-11.483221565469726
-9.79753585998633
1.7232851387110415
-19.49578712890198
-9.304433199298483
6.3046616540764155
-12.576587663100787
15.814013454517855
9.422544192886683
-15.215866514552072
7.930828355304609
-10.23183128027414
-10.518877541617059
13.720291437497387
-8.466465592091645
2.7104506538774658
17.911150860191555
-18.096792412498544
0.2546696816224383
-17.804205049898584
-12.996641220477777
-14.27667896857903
16.9948754961004
-17.731702254230903
-8.788292216152826
3.9559253604212152
13.481528643643472
-19.387728628383055
14.392708369065339
-14.325284740564733
-1.5738640416697827
15.782257357571837
-12.533248905861992
-0.30025667459909755
-13.470037328366868
2.945160235071551
-19.567302994322205
4.6331285365464545
-2.944619800733882
-8.560978359519854
-11.498645445182927
-6.231912753928688
7.784279025949775
17.659095182171818
-10.333072678093398
-6.939003776746286
-9.932339163416568
17.533854778651417
-3.2147215487898926
-9.409907423183066
11.041462050178097
1.8988352898639747
13.18962371415168
19.244333205121976
0.0807227895814222
-15.158156084479222
-5.265313610341625
-8.21021363986912
13.59501393542186
15.296488925525146
17.735544361127687
-8.129630611490128
7.369433215158555
0.8118962059179715
-11.834019705415987
-7.244493969525788
10.212591424487908
-13.746694044686496
14.68233274423686
15.387004746573794
-15.69818813526853
-10.159955510649002
-2.478229606433189
11.688699176872195
-3.249141036885593
14.13925996919302
2.735812073458284
-19.348502928545862
0.6346236188942491
-12.494490066272949
6.497384258686104
-1.1359460445004927
-13.900858411660973
-3.9640206308812154
-19.246029781662884
9.633010883516437
-4.196818268261712
-3.9733778424921766
-4.36176344616381
1.3597939029078852
-8.080302536371962
0.8256482315658502
-5.788381861889093
-4.776793312503994
-8.227415218080779
-19.42470941618586
-11.79779744280722
-17.93779946395768
-2.02473733566638
15.913474681210829
2.9060107911175272
-0.36782925158718527
14.196149325140226
-13.685250734641578
19.07191182914338
9.799219573152076
8.602272751488247
18.421143872997234
-13.184725313772287
18.16613579362815
-3.4826916577883473
-10.290014775744499
10.577226008878739
-19.44536883535337
9.237512417891377
13.821961432655769
-16.122203318967454
-1.2562276869269908
9.943901800912375
-13.42210765185838
-17.545002177461125
9.845513351190696
14.66914628482548
4.288805831191176
-1.731991005475841
-3.215318720183866
9.365782072453392
-5.3613665112072475
-13.28383263132324
-7.987915614924708
9.385427892700513
8.055848587532992
-13.829301983985891
-4.965663673484952
11.291031970524426
15.942989698732063
0.4427990726804367
-18.022358273004194
13.175384198351509
-5.852974252218184
-12.78154960554106
-9.755852138128756
2.808978679943852
17.59595012021758
10.01491457557735
-7.640742341151103
8.67151364104275
-6.698514004207205
-14.430183620047728
13.11020663243707
-6.951446773180944
-10.741558166101912
-16.682957900529235
-4.5496835358495336
-13.886793045882744
-6.644249182500888
-2.5866887549633617
3.5810504771486293
-8.082581009035197
10.137119125296437
14.648897035186863
10.832535839977684
1.3926353053798266
-19.928560080498023
18.2639468091636
19.994903793351526
19.665651137667304
10.729900855526697
2.1625137978799778
12.437678571544765
-15.381598766023439
13.76382966821268
8.31776665442808
-16.583331799521908
-0.054949069731783595
2.79398127899524
2.104095601195276
-13.786866895188687
3.748750525345553
18.8385130698127
10.937793372538568
-17.33445518387828
16.587993077382535
-17.42485119955543
-13.69153332475828
18.774808098155646
4.5765767403878925
-15.54181169877861
-3.372114017739527
-10.442518171272974
1.293820413243374
15.99276207782792
17.4310587726795
-8.006162411883322
5.822671981069188
-17.18526301169852
-7.317237402150084
-13.106792079919627
-8.947500552284048
-12.834262126623074
-1.0810250748103947
5.8025649342560754
4.705566184105834
-9.119152277798444
6.275132129069995
-16.921816158503628
3.410953456592047
10.312517758922027
10.052003487573863
1.4421524405717463
-19.912214797113762
18.724050542012392
-14.255179322538796
9.864104786174845
-1.634070679307925
-7.500623325987835
-1.0010799462375033
11.78391766085625
15.878727800282
-15.668871000818214
-3.67828150309791
-1.4620452259699412
5.507032368851355
19.75207576338085
-16.62303322226674
8.632260942376266
-8.772288612938603
13.885627205318293
12.868833787799325
-4.03117137343771
-5.569640930780686
17.768907826077132
12.929732615602973
-10.091386367638275
-17.774270081941474
15.928534596888397
-4.95572011765891
9.221357373197591
5.3175049926282085
-14.174466302822935
13.752176355489787
11.862345372339597
-12.842491461047608
6.405350860702978
15.106902997554407
0.7549717448017113
-14.272289016205036
-5.338108435589151
-15.153496663510424
8.154425152784526
-4.26404679912622
-17.32717194387569
11.928499299865706
-1.108449297410754
1.6830428679151908
-0.4651932572035058
10.077048833233452
2.868106688283156
-10.218497857888945
6.335309276334414
-14.117988202749721
-13.49602339742496
4.897061775704792
-11.612857152550443
2.4037222690022872
-18.323180541094032
-6.467333041951218
-12.63146351191069
-14.489618486756001
-6.0062833914282
9.500437798985658
-6.370329565960823
-16.560389197266325
8.27109497682326
15.739708006870742
-6.948571708797786
-15.305881074524184
-11.172432530255243
8.019924525054023
15.021018216573168
4.501444252461827
3.7823163413984098
-18.51556796170381
12.535302495072614
3.009216025855949
11.505669122108387
7.6519391713123
3.2596298947821154
-19.336476928980456
15.816180145049977
-2.950578374503774
-15.936512649756756
-10.174142465323136
-0.6635420591260868
-8.959685738870874
6.178128948769302
19.538884000292562
-0.8716035795912624
5.353242612119363
5.863980959962145
-2.7766417682032483
-18.798917867905164
10.596122973485592
13.207027710824043
-3.388873083309477
-14.857627675806008
-14.24677446564122
-7.929563044225819
-5.042804741842012
14.568959271597002
3.2319988381946985
10.67912192698996
-14.409649857048233
10.573912782321543
-0.3022280069162875
-12.879917501424071
-8.231799738122065
-14.023332805115167
13.540498857915004
4.949048274786186
13.193880073061003
-15.802248355129178
17.289410348411216
10.70061801829549
12.00262159742168
-19.01639863627548
-6.872938613207129
-17.19190851405824
-1.3656178565073134
12.033710781185796
-11.592432959589827
-3.1011864236763955
-7.247190728002511
-1.1290811255476818
-17.45879942065963
-3.3498364982908804
-14.379255547600888
0.9436118453951536
-7.4525542931698485
-19.202312171280266
6.281248832729002
19.899503405185477
-18.77120461931247
-1.530493737971625
-0.2014733585215609
-6.151592799547698
-12.26924833476916
11.165245261609499
-1.6281743015937558
5.428860585428431
19.180364737350118
9.63334476882406
8.06435810130866
-4.424119335578656
5.119345199111226
6.879544122866655
18.628145089513367
3.6448340036515745
3.120438028383635
18.579259830513408
-5.994317090313302
-11.49359454952561
5.571719822211424
17.829075040688537
-17.552865310601774
12.814080371227341
4.401366280655527
2.4916597656480235
-1.2439245554588112
9.280358779730054
-14.037772652646744
13.452703619239273
-7.9717877101800525
7.715260436155109
-19.637138888292807
-5.726414149295987
-12.941847132725659
6.55530441550594
0.12938766839746307
-17.031591128583887
2.7305086593344967
-15.79474493410665
7.682871985729523
18.806159891590994
4.799436676618601
-16.28287076672539
13.681652427080863
1.487310210857359
-9.465475972972278
10.13289391131023
2.0881651262549212
-7.711046484895906
-13.456512993166223
-11.819329799071792
3.26496304201385
6.3939212980547495
-1.8315316113883107
12.934361161464281
-3.745034660187404
-13.284348520742547
-10.929338756686441
15.00676128577372
10.693758588082844
-2.5152675352748233
7.365983017763774
4.676194544957806
19.740205947356507
-3.9707905058097026
17.809124766936648
7.391119834778156
2.3081853050993715
2.5179623199677756
-3.8198389824857237
0.05621418084711749
-16.292927466974852
9.828404759545695
3.5122113161473933
17.309931423864846
0.0875307500841025
-17.091426622813614
19.420892825852356
-9.17103793266119
11.371866717986784
3.331996005280729
-18.675494921771406
5.5907821104254865
-17.027623154698542
-6.671456426872142
10.044560080345477
-11.000696227196961
-10.410502562105295
10.448576295400485
-0.6260272931559854
10.674202934920189
18.808631319672614
16.77369256150996
-4.268662019904838
-5.145614556715126
-3.835180171530581
17.527966835317315
-6.902065230262089
-16.26035619171561
-18.72717852955941
-8.974631280032611
15.594248023740775
0.006388724632525822
5.818655398535842
15.073065726883378
7.902402778706026
-17.641791386809018
16.579442668739276
-18.15120238044485
-12.698564601788242
14.833122006911957
14.950919936328788
-18.82118919679394
-0.1921645282949882
-13.110421966746424
-0.7772816616469953
-12.767286675027085
-17.685141508076136
-2.426627047127905
-3.2496680533181497
-18.317325163236575
-0.7906876082873993
-15.738939180875565
-18.80526173923257
-0.7415535612926902
-5.4295333678867195
-10.548713714057353
-8.885212677973723
14.288028597088086
-9.260566335266951
12.667722692747581
15.55832466974499
11.983532228196676
-16.473458842205474
14.090702972315412
-10.799300131817887
15.559751464123238
-8.781278323831941
14.264339198632399
-1.8366547903764854
3.7503127393275726
3.7868729124676683
-19.454386078617464
9.456470655594444
-2.9530055290881805
4.995426032080491
4.027532144330085
-4.532080608550725
7.415950544683287
-0.5862500445059595
11.22521595688021
0.8572712883394402
-10.418438414609103
-7.2369251850026615
3.8089890446632495
-10.762029600675064
14.98725744841056
-19.547621172607048
-11.90245879388935
18.254360397684827
-2.7473708442415266
0.6695857332833235
13.811664635787992
-14.558796804417447
14.91947415877285
0.76071433926165
-9.073511053443708
-15.712281561697754
-8.89792988099424
-8.35517154445399
13.940334320147066
-17.501835353117823
-4.212833840868422
-5.718160084827044
-3.922296237271347
-3.87404798564949
-8.246331368380346
5.36332228889615
-14.719375331646209
-4.493401736150616
17.27908241498337
-1.7658889173558663
12.632949237161306
-17.0383485990383
5.627018533576358
-2.3844598779884123
-17.00451049529329
8.90758184730549
-15.800822994023767
2.7057760023417785
2.331928656289012
-3.358012275380503
2.5172204552171635
14.37074488398806
-3.2994493491050925
1.4042215840609202
1.4179598283470796
14.53021747434206
-7.631768701468907
-14.108455389735376
9.862214732890525
6.209781163318382
-2.700435422257886
-1.5167523084838699
-18.801301283983985
10.44878681498102
19.804641540550072
15.157508463541028
-13.340570466464307
9.205383964878813
-16.38507627758927
14.690794293583416
18.957434116809118
-8.692238348467933
6.532306739458026
6.80204904327741
6.969834230447553
-15.510033569191858
-4.5305569842036775
-1.6430758367038791
10.48506978239552
-7.133755424057394
-9.481231501763144
1.2862098704801497
17.052186410962946
3.3629973788506753
-19.705319276189314
3.1084657973363683
18.607155006598155
-13.103493159479736
-15.16503196235972
-18.320636533604414
-13.68552932915355
2.7654752875533184
-5.101645082441522
-6.0142568677995065
-11.214896624958563
12.150748218581299
-18.986198063757538
15.1100521381477
15.209746937665322
-15.392664504188648
-0.343447569243974
10.099044164444653
7.9869921856178365
-5.952271306728889
7.10177990633003
-17.606694561169164
-15.605957594385146
-3.0448381146614096
-5.652729664621749
-18.758817401312857
6.545144959803629
17.913742061473307
4.782685529703599
4.2833219271524
0.2659036328416029
10.339252963766846
-19.33697084503658
-7.4346882270751244
5.428721165678205
-2.854746978125494
-16.47631829925947
8.71308973462742
-17.44378600621227
-10.795407819600907
1.420824459601775
-4.936986228100695
19.6928742458173
7.917393597448758
-2.0066782223700983
-3.8098732585990724
7.344922826210087
-19.442915411518964
19.55002076417132
-9.723812212063173
10.24240921150534
-5.727769378654429
6.3879250818740765
-13.952380485960925
3.201331562432017
0.5675629071249162
15.654930751347578
-14.95087878276351
11.673928237207974
-1.05250295693779
-11.12091787848331
15.458539468154711
-3.6978354580153727
-16.7758953178717
-4.413189145372595
5.979548478062419
-6.731699297911341
0.914867134680172
-10.007028100291313
12.785715167996202
16.589204033917675
-11.237163094477127
-1.8693645740601994
-19.56752199343608
8.772915424067346
-18.05633504687269
-1.0182518888972467
-0.7236842094591331
-8.49426457237227
9.304138611619571
19.64481152087054
15.135468552737791
-14.964040516834135
-9.263945036988034
19.928394496339564
7.006035182466171
-10.025627179326504
18.580623089159957
-5.674344337915862
18.395732831483443
9.348389812611767
5.482809871370314
-0.2428552536521309
19.950301210743277
0.1051020304791841
-9.646625377538669
16.677626873168386
-19.595275674630514
1.499764641555256
-13.981751902102424
-3.6207587932721275
6.867405267453357
-16.39878838150299
-13.286171832306879
-2.9874008157455947
-0.3021966718399014
8.244377030889321
19.250546076883154
18.91040031270734
16.66037312776858
-8.550532090650922
-6.412195542444881
-17.86856849300445
-4.786120445810532
-0.2473106972403869
-13.406817897284853
10.918817083931145
-1.5362637102692744
13.44655590425311
5.093392050822697
6.921303288708138
-7.627231622890495
17.20870005870455
6.9598731808640935
14.46601508490896
10.555160428409366
-16.988932705485574
-8.606253721397138
19.39502371198924
13.224808485586344
2.8373050493165124
-15.690369862043422
4.055138296271792
5.86673966774757
3.382942164905458
-5.027743635065601
3.6927315088146813
13.371063441521656
-3.935822478498892
1.833328805510881
3.5492508374194998
0.8398092854107055
-0.6724274221477202
2.0803538069116527
2.5563929249293693
-15.505281374594514
7.04628995523008
2.954350320851841
-18.621541952723412
17.215507064046534
-18.472801140495704
5.805894182653436
-2.9369291817377317
-8.920609767380515
0.4676471005646512
16.56066668849015
-4.190732163138669
-2.0175792068412655
2.477178669029449
5.809619305199263
-4.775505334333005
-18.032710105450228
-11.297238813776334
3.3505787412987402
-16.643110442507222
19.522429399181796
-8.638566365629652
-6.4055134050895965
16.88605104208178
5.593624952600585
13.191731058985667
7.6742148470902585
6.284243290298868
-6.82819676653085
8.614897136134687
2.438533982663735
13.294199267191452
2.311944005383584
7.172329062936484
6.621133917040908
-11.003798630354327
15.734775784287478
15.160237339287207
17.402121941481404
-10.584367995964868
0.2392528327417196
-18.521600986160674
-18.043008658848727
6.425444590634839
10.236277747590567
3.6496437715623706
14.394646699863415
-2.1285838915981685
6.98114329864363
0.08416674966070659
6.4696045325118305
0.7208041910290888
8.857491723528007
-9.168029137491466
-5.977579310116493
0.5491546181680746
5.793249356523859
-8.049867026635082
-1.3678745371290937
-4.920018113181769
-15.818026680289773
-11.928119614110457
-16.63671855286414
-0.6155203606487412
19.525651536288237
-10.597328995005215
13.5713796654072
9.478701355781439
10.265788474818049
4.291139258667389
0.13248748481088057
9.116876350296511
-9.266575903137998
14.51322668404201
16.24173630609326
5.897972719405548
-14.658317835042599
-0.8417950800813188
13.12023035047956
-15.219039977664597
-5.972237463655215
-16.19163933266732
-1.5269638341503757
16.440867137711052
7.519090733821621
-1.5836993753459083
-12.680801277761784
15.972606974724748
-0.1828463167587131
-7.077593043064482
4.842859512071197
8.432931001190113
-6.278674035264601
6.029806868032296
3.5611335463194926
6.048424200519843
-8.714212826922028
17.070406677453455
-17.4607217172375
1.2294492759665978
15.141593221349375
7.19405108844342
9.628516306499218
19.383781877055803
-12.583010673475732
-7.059509115706604
4.464996244291555
5.3465443208634085
-10.35785556680096
-15.362616585822062
7.949787865252787
8.39967944914801
16.108644015611127
10.579593592366056
18.970925512702088
16.623854554127774
15.963236694482276
-17.001323941880834
-2.078705047593502
4.623599961385864
-10.057428845868412
-9.084674064095374
2.496324527039363
16.669356940571284
-7.647986262182766
-10.983996915412213
2.503346609873347
-5.359278391369511
-2.7627733497957188
17.616716937127286
-4.709209590169454
-18.479291192379034
-11.599183260548314
11.280216806134234
14.853154223112227
-17.57740169024604
11.242870598054377
-8.143886297272784
-15.45349945901779
-11.045056535669238
-15.510517376688512
-2.117566675546172
2.313857604880841
15.357239835167313
-13.192825855459862
11.13495399732922
-6.160007479905264
-2.487371639137578
8.780793286122023
-4.978670769903545
-5.66048156687196
-17.625822616369252
-2.22656508781143
15.460744553092326
2.8851489608761547
10.058146611029457
14.771704375055648
5.782990344605707
-1.5463868895587538
-0.220909157885675
-13.711526642086994
-5.727940012012116
19.3870361595946
-16.208931980818207
-11.860323735528784
5.808956231983235
5.60392228733388
10.766755345882576
-19.447203522658512
-1.969538707908871
-5.660847165356447
11.443783604817352
12.475451201767498
-18.332586374742213
18.050792243606395
12.216408444658313
7.753149242447549
-5.3083959436956505
7.4199339352259415
6.442945128257595
-3.4923972747670504
16.585885149286945
-2.7365757692424175
4.678303727758376
-11.908068535492294
14.224785499369617
3.3334672010036037
-19.54170115455446
7.680279316597854
-17.966451495310945
4.447200021536737
13.129384611774803
10.786404792601111
16.413667771609724
-9.521973798625357
11.899135832577208
5.784114297004351
17.74569805257609
3.9443156048214867
10.84799463773361
8.239013421220676
13.853457467131015
-2.305988209191298
13.031729708589658
17.006445383396823
8.736594546977535
9.057008268145637
-13.735092304584713
-11.289614018102473
17.64263536953286
-19.504156771542608
18.39825533758337
3.27464603042667
-6.424545863119562
6.027460006503151
-1.1735583850029094
-3.063072734825912
-11.863281281179056
0.16599469203901762
1.4577366653998034
-9.053134013587453
-18.9391894099534
-5.848079494561933
-7.98433914130452
-9.570528956597526
14.043546260773404
9.475530386720841
12.745919829843913
-10.309420669454727
7.600183537539095
6.71206633593005
1.3365750746897902
8.03079852365552
-18.68121379582171
11.431187878251386
-12.117526515820582
-12.546514358970992
7.388172391135086
18.592664324590253
-4.201415135269704
10.78778392928551
1.9183986388170737
3.2248470037049195
-1.7164920977262845
7.045149928970773
6.661316023348604
4.148535340671167
-16.851257287040816
11.500595381534609
3.8336550949906822
16.732445830240543
-19.568186027938456
13.91823876469789
-0.3402936045279894
-8.124108143688243
18.301488337203217
4.904750893995239
6.376778074134286
14.196189488876037
11.531616667007995
3.95659324214256
4.477298851731323
-9.993274070958048
-1.0152957512554828
-16.469453746674834
-0.612533412641362
4.380657846479647
11.529393622499747
-3.398732310352379
-7.686762174838435
-8.001980990308507
-1.8438835447956556
-10.498162521248782
-3.924116903824814
16.2377442669394
7.03540358820538
-8.40010109592329
-11.54559237446903
-8.066071937535547
-8.102785588510116
-14.209809135690392
-16.09134666777379
15.866958636269601
-14.032077825737957
-14.663045734502056
12.145239263342667
-15.71482144509532
-12.961247713934405
18.572909278205444
6.005813053003692
-5.339190191389736
0.2441543565036426
-17.97818558901924
6.609961197783608
7.702747698732818
15.128963910479001
18.530039628150632
-4.453206988223135
-12.952706162997263
-13.36338643178121
4.122961288507373
-18.915336551210196
-5.41586372578716
4.540449844353226
-3.2070374474290944
6.49370363084827
-19.34017947669675
-18.12230876444844
8.504300456161111
-8.304389048213196
6.234671474475281
14.358828191564335
15.400294013115449
-9.66429846583894
10.661821262526097
-11.948409440853936
11.689709171378084
-5.065859100005575
-6.320753975083422
-10.623905584524454
9.994817468518583
11.67458126221345
-19.68868142459136
15.609144921609747
13.243463700895738
-13.966853684905832
-2.994336590289727
-7.086254493600457
19.38715007928748
-0.48146339501045077
16.968295196282142
6.761305837503375
19.63352073513385
-0.27677671915988356
5.502256004049094
18.54279731331833
14.277947404339436
7.537357099541104
19.08119799833034
-3.948543241792727
16.504464724586228
9.743463453221636
10.738972049722477
0.15618993302940964
4.337427096919939
16.449587621209723
2.52900835358135
-18.89454126401656
-19.733176208905586
17.546154071630596
-16.83090450321668
-18.953628223720912
-12.219000950508278
6.59478807462925
-1.6642040368902613
-18.206534803641393
19.49676841675719
-3.1962917196032095
-0.5027141903735952
17.751440957156483
-15.981508745637893
-11.168422861146174
-5.128724274999911
-1.1480410225033069
12.041375042689381
16.618621272376345
10.43708381681705
9.582276007376713
16.229986422732857
-10.010098098763187
9.177986826382778
19.022023750322468
-5.68074097501567
-9.386820044436224
13.058946057741778
-10.275418153371142
2.537364569006982
-4.297379199855381
17.411317650942706
-12.777258619548455
-16.612555820936453
9.337913697282406
0.1909924252190045
3.6196413573327213
14.648440709943614
-13.811450811827433
-2.27376675236507
17.118520691823377
18.4801920447578
19.859785632269876
-18.37333440880593
17.612642918832904
14.3097572846306
-2.3071819710402828
-0.9985300308546705
-19.48326459972813
-8.164277438618042
11.3934364795061
-0.04737957071262855
-18.71579942409008
11.252522628501481
-19.629982425060657
-3.8039633890393816
8.97443293299974
-3.5365722601388327
-11.798122842981002
-4.033367748557083
-15.758660560406419
-1.7321865228882025
-5.425899747633881
-5.346531808806198
4.8535752017677645
-13.737811412594766
-10.790242124046205
2.699913363784127
-13.277183594556906
5.860399564302693
8.573507635111774
-14.409971650205833
-18.590858787566148
-15.062089142458102
17.011681844054216
-16.339184141705843
8.79715835996943
-17.76219516469055
-14.107700663786936
-15.012411493269182
14.634851319057674
-9.483340430621867
2.419946262379831
17.053422409577045
3.9853413448485178
-9.736166395811615
-8.650505069677417
-8.245875799895636
3.470278501067856
-14.55945376018188
3.4139322735017252
5.184653614243828
14.5323108609918
7.23541021369963
-10.219532741906615
-15.896533940575353
0.6173512319394021
9.014864764796108
10.227066766475836
8.779616753766817
-12.058511647151136
-4.429591343880311
-15.344899358447588
19.52157317262577
17.679732891789165
-16.88105312221743
-7.408819874268318
-0.009067874562784795
2.253262026819634
-14.759125593835885
14.354856615013148
10.735244163923092
13.554718503676327
10.18835774849665
5.080609104296588
19.663044487781093
-4.596210538962122
-4.29116444628637
1.5067586504127561
10.22008662656117
-0.2933617946134994
2.472565886550395
-4.116685418279374
12.588827080796605
-10.947539314912
-18.067865072037268
18.960614349424517
-4.993503794292703
-13.803247605480976
-13.028370611530015
0.526723425629573
-12.415584287239456
-7.058605201094936
-14.431755797580333
16.14086315817177
9.195002965224433
4.690046988772888
17.112023036443496
-11.359319768568543
-19.37831554616134
-11.796704033282644
-7.06059859398659
10.45968142204352
6.025856084753315
-17.559124597406473
18.757453189703824
-8.343942399360493
1.7885750026779803
13.390561738984772
-15.277340113682026
-2.7488027084974647
-11.493677510271096
-3.683398170765571
-8.220565323980672
16.366379897914896
19.130072342110466
-8.63669656057452
10.517544629458719
16.597431436277567
-19.625262253881704
-7.069880280076472
7.863303577326839
0.7700128530470174
-13.827732002123835
-19.525133059316016
-16.009700908419532
-15.180882597053742
0.47488893266378085
11.064930177865907
-13.39542449484929
11.558796119424262
-11.773595206440257
14.824780973505348
19.615207376728833
-18.064258252143667
-11.231870380650406
-5.6976763693222345
-16.79816845315914
14.234450090182264
11.91122207256167
-1.6293011340038461
8.512582411826525
2.0524573296577984
14.855926706372756
-7.234783615618671
-16.886244429399135
-19.021538317193148
-11.638850923127695
-14.415380380108086
4.229267579255502
-14.346158813768097
10.125780324208947
-4.6612993204881334
19.783134666120546
7.872466241093807
-9.924797868443154
12.675003484466643
-11.828535328727208
10.274628988736737
5.962930622514428
19.807420699810734
-9.249231127633482
8.784154364931812
1.6650749892706287
-12.288800718689576
3.015512734539886
-8.651296956594363
17.976878057087248
-16.425569806345504
-0.7391712164406208
-1.5614645206979993
8.00372243866854
1.9657902984450857
15.088591021280124
-8.740486602819377
-3.913980901179958
-16.901814370797375
-5.443920446633456
13.47713468637712
15.656499204342708
-5.668018865639027
14.256490064079117
-2.0428636818470807
-19.67647867847608
5.134063581797097
15.500826169287379
-10.036609734770456
4.606783193835
3.7551355384213956
-13.256297542967443
4.57472377107603
-11.855890476955109
10.234310301784806
4.583302455321359
2.9994385069990415
-0.37272492048951733
5.956767532844541
9.476487509342387
-17.260724528731124
0.5160204029580839
-0.523318128983945
18.344561252238734
6.123567482110232
3.7913953729014622
-3.239335639547729
11.092012054549972
13.253590344421248
-4.115919910100519
-11.785190923321434
19.776035448957728
4.1023718515299805
-1.1050936398689224
-14.687336032103877
-11.378428943023394
-7.470251644344046
1.258849195934264
5.9498382043080476
-18.594014385301104
-9.272014527345531
9.061426744043718
-11.879362037923439
1.3247661303052674
1.4721928788880447
14.864788230995359
-17.469404200335774
18.059009062854493
5.471643004341374
-16.31091271961957
-12.350187798456492
-17.34683586870971
-6.392264069130945
16.13209970095211
-9.719089506272805
1.3896467848062208
-15.945598090719608
12.238049147760826
-6.3289015392786006
-17.926366462605703
13.799253938662268
-5.859672445169979
-17.21352523125111
-17.398664353921998
-5.846704079184217
-10.555420756370054
-5.148436630252062
-7.889975996098828
-4.37748456773091
-9.433550219239454
17.62588250130063
-18.750380289530916
12.660983388559622
-0.3108395694039068
10.676195917960012
0.37789716458800626
3.2743037639495043
11.170587084139644
3.21262775425366
-19.68506576266361
-1.5201655571402206
16.512653575138543
16.675327678929705
-11.012056797745139
18.76062738661488
-10.28327586988416
11.497021980540598
7.330578824409546
-6.565698369293678
6.655437581282445
7.283309586102025
8.472685820340477
-12.83583388223612
1.6437571569674176
-2.9310684053289613
-6.673736724841429
11.672258749306753
-14.396580168872424
0.7837382000397355
-15.522455529658888
-10.01657388476068
14.849539818262912
7.434541655708809
-4.62041223934969
9.86549517623861
-9.527285813617103
-2.750884882495942
-7.590758013327763
-18.407748997977066
-6.728791708378621
-10.37308664438859
-17.81359190113139
3.5263382852781646
4.186279439914852
10.55552665224554
-7.464958024493207
-8.376567458308859
-17.61364185578103
-8.438399091241674
12.01416760705375
13.819039781835954
-15.122703780532433
-1.0596091632519986
9.875121865041741
-0.7799335431932946
-10.855835806430418
-13.787668812994367
-15.12809654615728
3.139293215724056
3.9939294763637854
-17.057822096858427
9.10641636333812
5.712624004150776
-17.466360469322787
-9.795231611722759
-15.062029601563086
10.28559811586834
11.779276458242979
13.893054126785962
17.678748591626317
-8.347453394355178
-19.802580513482475
-13.612219840820385
-17.41641861178565
12.671049855232056
0.4892585532653406
12.949746846493895
6.707924600978231
-2.776844129080615
-6.988866894810645
19.608517495500294
-13.457002376681686
19.407139483677305
8.002595163168031
-0.24144530866088232
-18.61226735058167
14.42549352050753
-4.43083936537327
1.9054912964952209
10.577952022775747
-17.775759552966512
15.404124321632452
-10.091759413196595
18.210451249217492
4.420284389738622
-16.173933437211247
6.813045830047287
-9.034247747222004
16.669913031159467
-3.4031250056105193
1.6759741334822849
-16.293314894574294
4.507056349865902
-8.51306188306097
-4.634540627141398
-9.22231866990057
4.875640070670428
19.7392535042437
6.260552621592609
11.932020551620063
-0.2146158624013914
-10.310567262635537
-6.1909170588027695
9.933039873178924
-1.19924927543806
-4.1279542701438
8.598900923528731
5.603779737031964
13.341251676883303
-9.334152798479124
4.827876676813688
4.1303141443310665
-2.9732539746180677
14.987419831550007
-1.6755362448909814
-10.308512221731686
1.1495752813821625
-14.043792320877193
-10.10251608854507
-0.9298346241434139
-3.921751094241756
-13.638532698423852
-5.7031733086552805
19.56249539470874
-2.2950308697994544
1.6172053618480184
-13.717850890448169
5.924774282340522
4.1697920868995055
-5.958115832587598
4.265974642427484
17.004530039698835
-10.736581339683404
-4.2169223919714796
11.870184410646448
14.60267752865704
13.351252145729056
-4.428428951682516
-3.6251587429816965
-3.7023596641163117
11.172586170800113
15.086856917920372
-19.610728653704417
1.6248636119169824
9.147418068257927
4.678981230575872
-5.382179903695361
19.723702092977142
-14.717074074301975
10.886130643991866
11.346261187506794
-2.9791315217887444
-8.038609591702208
-11.822225047269859
-16.98725814594637
-0.704529017856693
-9.376219593322443
-16.821682246725974
6.72069938369517
-19.590442990529013
-3.7666605552860446
-5.265638587905288
5.4487780306763085
-17.045723319460375
-14.661173495305615
-8.275874326027658
-11.936535482268557
11.495151617623396
11.595308236716964
-3.340640094372258
-4.306620266486064
14.74422871235329
3.4422149348120996
14.34860920803495
13.794484040419107
8.191363517691187
19.740118781654367
10.011668833312804
3.056580501226186
-13.6366912393785
-19.625208831151024
3.062589159820895
-6.266236617039006
-1.5208288388691393
-11.148148866467768
1.4170354539263599
5.752165863133026
-10.869218618418044
8.528866244438916
-10.320849334372628
1.857093864744538
-6.6769406826409075
3.4024363679351595
6.871094052531976
-15.63289856218342
16.011113465462408
-18.684277285020144
-11.510348157208842
-17.54365532109981
-4.0226928077368385
15.974351024422255
4.332479561760483
-8.470246531545973
-15.908360967347438
-13.603455169648978
-17.35975936521242
-19.46177153002227
-2.394407592023992
-8.987769008358445
1.197034118202911
12.929105775534794
-9.908728426002176
-14.76122790500597
16.256425107631557
-19.890030853588648
-1.765687277742213
12.30463341924483
6.08521910025253
12.244583958105096
10.99695101915664
10.50666083798074
-3.3241311029218714
-17.621918028187764
6.821051401009456
3.431008692069163
8.112577443233185
18.871878646260413
-5.614275502581606
-2.4641475139715716
-9.577543083625892
13.40907900700418
-2.2775862891527723
-16.654226421641035
-7.077468929361492
-3.4419003870698432
4.213011701263447
-8.093808364730801
-11.17777889145147
-17.385805618652768
5.968418562828617
16.998746094957745
2.2781482973139404
8.440751187806626
-19.680350374038365
-0.07291695429524125
11.948222532114347
14.28155081657436
-11.647566627168558
11.641638781022877
-18.54869910211514
11.82798742932026
19.02329589779371
-6.883125636936352
13.833131797945427
-10.510169076816602
-5.4277419537313385
9.345003826564316
10.946414686890812
0.335444050276795
-16.305046595007603
0.3556105694988929
5.610616373623678
-15.000057615989991
11.402566716037192
11.49400090797899
16.471789416062023
-6.035189364010684
-0.584951139697516
-0.021448929691338492
-12.454295240896354
9.15813773292314
-12.235341364386226
-5.137697587195937
0.17479452666044537
-13.052377233916808
7.7853899687834485
-13.694377391812559
-12.385682754863026
-11.96436894375596
13.514389147104396
-13.256973600673305
3.9939009861682884
19.140395851878054
-9.628220867286075
2.7190543210442826
-17.165687262101628
10.577685221929578
-0.710917859859709
-15.79593561314065
12.032443507990074
-10.62913412883387
-12.971199650016803
-5.073123594781475
17.49636529911355
16.429887476903204
1.3848991308305791
7.9671414973870185
-0.03610936900460615
10.747200279417068
14.278798660755669
5.072531985287728
-6.816386830611037
9.105259451162887
-3.98800707726755
-4.201785000749352
6.786365556680025
18.61531992120721
-14.299770302897228
-13.450987102857761
-16.05113101545719
13.325473924047962
-7.373763450953241
14.532483281375846
-11.124143889253805
-14.63974287305739
11.303178154624778
11.105795444003434
15.489584828515007
14.253701541394726
8.994804450692847
14.80794037929195
-5.60913441374025
-13.182671967622941
-1.2831897004147486
2.831181267585812
6.458713777989168
-2.2486372150856546
-12.99267809318986
2.6527091986539375
12.256472137914571
-17.72254444922759
6.937260041297478
-6.273669882802771
3.330461878460248
-11.628218055903572
-11.585604050093838
8.25407206573859
-3.7066132350952685
8.16754211367559
-12.076417500393184
15.43828752369997
-1.5369564607991215
-16.000240188539863
-17.113627035589648
18.380672973783483
-3.707370571395142
19.503749809614682
1.9867812213109382
0.868318222572281
-10.528089610381661
12.924901723362431
-18.048227020481068
14.578115550499355
5.20669966522609
-6.362901539386566
19.773901334793095
-9.200151060769048
-6.171482628847924
-4.65117205824798
5.19038717502594
-19.884736149652603
8.657462538045117
19.20080720264626
16.094022493992966
17.96681296550542
-7.226182881486768
6.951599157050392
14.508007900487613
14.880866575713988
6.0140272970219435
16.068732559961973
18.785402843679442
5.855942537743704
-0.3857865861247731
-1.7536640729973776
10.830023470397947
-19.912321691034435
14.737828448790786
4.791617876413877
7.503731573285833
-10.12392734487371
-16.78295018299904
-0.8760017639090947
7.143635323879209
-17.355541392056075
10.918613947609632
17.83092706749749
9.667657421213825
-9.206954180918586
15.374966402398123
0.37066248559172976
11.790217593978628
1.8187307782799031
16.65843275363828
4.679840511104732
-2.2982934889006366
-3.464699003571301
-1.1072183925161667
16.323830750988314
-8.639934872985595
1.3627463944473028
-6.014934436614823
-11.893644043004038
12.020779284351207
-19.583851769625245
-16.46918773284927
4.360028347272149
-14.849990539001418
10.661926204172822
4.576363577767605
17.376528876902647
-18.636733459568763
-8.720481312747914
-16.69451701771432
-5.968518791011942
-9.970386378086399
1.431548387181671
6.566380833518682
15.863013146094055
-18.68781459712002
19.18829671903307
-0.6293603854509122
15.764020683633838
16.189450945111446
-19.690266109454193
-10.81551964556255
-3.9894809129351856
2.977024122548425
2.2249538114448697
-0.12179537454191092
-1.5404785964428243
-3.657062673731069
-5.7513678913061295
-16.633077238644773
0.7756952418847973
-7.8224487052379175
19.01923072746004
13.807643778300267
2.5298230442477347
7.147611961128092
15.463303365351592
12.966346951628829
13.350627462835021
5.212186936847271
17.702445599300056
4.236382250821986
11.420624731503825
10.019831516387725
16.61639022712479
-7.203026220423382
-17.058182281418667
-16.413800439349938
-6.1991629158215
8.769054592800451
6.890431298383291
-0.046790776771224785
-14.099656668637826
-11.70184921279609
-5.4387906390628515
-12.654849471345484
-14.425458512180779
-9.876109189854896
-13.516449242181237
-15.437591307894003
16.47615255339509
2.5961087794608275
-4.604276375494113
-16.478357068855512
-4.0064540793894885
-11.599581864539811
5.339040847809894
-19.112884495706666
-17.990584277385217
19.38588486360174
-7.229375807966733
-4.051008472208801
10.228663216651842
-17.391492115571566
11.997647551821672
-9.442330674413238
-8.149983642082477
6.389785374102953
2.1239101050021105
4.7709819121212895
-18.448828809111912
9.004661516182257
-0.781580402258399
3.008116853517606
15.739966338785344
-5.895440221258411
-5.654867020618344
-19.59044176275527
-9.685063549820633
2.0979684795156857
6.877915436046976
-8.425748650733302
4.475309344572125
7.987903002880003
7.8373659167264265
9.73196496769581
9.537898929633165
7.55337349635175
-12.87045974091738
2.330023343281816
11.474078307570188
6.4590335026531385
13.909665755938228
-2.3363049302464525
5.499404666031687
-17.300034527842666
-5.4074475749460085
17.033481372474824
-13.402695765150643
17.62639596859956
2.5394481235490005
0.28354025807299976
0.06364064217508769
12.3755327643278
5.026970343686465
-9.931589649291404
-11.96085429051108
-10.789871269379958
7.891475037302641
-0.5452786252144293
-4.967275661717299
-2.5771865354692167
7.664257589528706
3.378521107197912
3.758430241056562
-5.715793598551272
-13.719596575108962
12.752389327283844
-3.707251662782003
-13.004320793410287
-3.0213340122655907
11.333794850202892
14.817493164390427
-6.087183423558265
-1.6033167322062667
-6.26950491443138
-17.51796595481995
10.724630178305343
-8.114076210690069
12.337043493166185
-8.44670192179783
18.69468660360615
-10.563465742684105
7.656559343834992
6.300910487355761
-19.854159336648422
19.69251088129414
9.24778512631373
13.68351097188603
14.633303586115602
19.800460367769574
14.744547270695662
-14.8749491082265
-7.687724105670926
12.977751880103582
10.19990809036483
14.686808702888719
-9.25265387709242
-9.526996722187251
3.2468488364256203
5.333950582837886
-19.629160869116692
6.784571756831088
13.474887890744036
1.3890599434828275
-16.691000929503616
10.9427617055179
5.84112650543382
3.1592879266833087
2.1517191486267606
-15.189761094245537
16.961178352610837
-19.219494415051702
-3.4485487228352376
8.990112295195736
0.40773630750408074
-4.453717507924701
2.223796372163946
15.511795067237564
-19.355033445467225
4.129204503296442
12.855218516545172
12.920117019158077
-15.654498471135131
3.989104466095384
-8.632979803827947
1.0465303898626601
-7.767293701064485
-19.83810657444989
1.8228927829564725
-18.45477632179657
16.635485186406086
2.3757025582163713
-2.8760931108388554
-19.07093889227737
17.27895978054726
-13.046913024824471
3.499407149491528
-9.264774554921589
-2.4842534961583667
-17.173369416778506
-5.202302795819463
-7.248273987615557
-7.684327983810416
18.19771928299044
-3.1890261023610087
-8.543539648340182
9.793993572009136
-3.191563616374168
-19.495409868321016
-18.933816602661256
1.80635682450227
12.581896627798763
4.974230945453325
16.635896221681023
1.0830616967546867
-2.8055533243752038
-16.88303646549866
-11.812072329925925
-16.218920268967636
10.05243067675956
7.19833818535459
10.183157792242948
2.0327985474356893
0.43865390824861095
11.98763977078833
-4.772768871558366
-19.927640647888758
17.47237405330368
-8.179535661758042
-6.184879603102615
14.925312362586297
4.958735475458575
-10.450149863825917
13.728837242991155
-9.866532861923751
8.411544445468124
-16.66971182322041
2.136398922818671
15.620901901960032
15.511052464726049
-11.392227811587198
8.491692776911538
-2.101686605847828
14.597766981481747
2.2705895917121737
-4.704741521806994
9.952692512866644
3.3410461705090455
-15.407336853089069
10.400946480900757
5.278522750189602
0.01293103588457356
3.889865316415321
12.670485158123434
-15.08195603452056
-13.474500000432595
8.06100002844062
-11.70406963121112
-5.616467609524452
-1.3404018329279985
-1.7304093262189753
6.073637086053925
-14.648469104667466
4.412412622801391
-3.039194673052961
-0.879896003873263
-19.16869355236123
-15.277535796182091
12.249753862896696
19.21716972690995
1.075622887248663
9.187968689359277
-11.438418391767868
8.496212908592572
6.86497363721022
1.1442911008504026
-11.298080176536033
-17.904213922612907
6.09281280176479
-15.855411844625005
-7.018252298508759
-6.389384934178741
11.919782001243778
-9.271772706048097
-17.973801111498922
0.31477725900039744
-7.1219692122786995
-9.196795054226277
-11.57526942884271
-12.327459803703071
-17.546279527515406
-15.246969200314894
-3.0527198429078624
-7.242675537888527
5.558168291943652
-1.1632350632866775
10.154371970964572
-9.097144422862126
-6.831980916620314
-10.961793527482474
-5.494500939300654
6.434244610525553
9.900893587616405
-17.65901495967746
1.3885913771381944
-1.6920749079357194
10.546643338157942
-4.218661607312377
-12.901298218388725
13.506958730822959
14.13796778767123
2.103565291580761
16.312031365048277
13.660439128977345
9.195039214443824
-7.208743347106935
1.537036672285371
8.38318762060867
8.70776682155196
0.17438232111484453
-7.343964572420427
7.100068507627327
-11.784203662485462
19.24353321217683
-8.81133732267331
-3.0617004368796046
-12.121655917795874
-10.211709295710474
-4.545294596873601
17.156020427028345
-2.384191212139825
15.974988649562775
17.863474787050635
0.7044736636663309
14.86739831098803
-16.263819430858945
19.15270347839565
8.13958057643692
10.512234726720962
-2.5505345438933986
18.947966269364585
-13.901041939769744
7.895281677075573
-12.274192774958115
0.635386172306891
17.25433763223574
-7.996432222635672
9.052888476385533
-6.613133677588333
-1.9029064286258013
-11.331480496448716
-14.326410360758143
-3.467062371444527
9.769251366911806
-6.107176736984762
-17.472657173306928
-5.884497352155975
5.008925291404456
15.078243057721878
8.760318281595328
-2.771600506129438
-0.949231770942994
2.2298651560217344
15.870927896447611
5.25921925918432
-9.292656930599863
8.541644820274065
-14.723405735406804
11.069406622285015
0.4648383551260977
12.047034452618178
5.835200829236449
7.686273527665236
4.892613300511158
-3.0757593145632356
-4.672096702115409
-19.679256774097272
19.135326743653025
5.714575557729837
-8.825706564742593
0.14678297728671197
-1.201441250467596
-1.2986134579662618
-7.258240449969243
-4.994962627343039
-19.972035996729893
-8.984667682719731
9.404381868170063
-8.638627295899507
8.379930878427878
-12.395581340141124
1.2651905506677927
8.669945591131093
7.6178555752372255
-16.21054900086623
-8.637412679245653
2.0295471013378616
-0.9584609020869372
4.11141148988154
10.711372261408833
18.583801686354683
-17.041174357148833
-16.635994537487356
0.32548233421547934
-2.7192225993867254
-18.210920074693504
-8.251591496950109
-7.090702731393407
-10.535405820441465
-2.4823350850066426
3.5485885520484004
-11.185046396462862
-3.2759846195235625
-19.709497391769446
11.045576135121813
-10.768498273141738
-7.301688602508909
-6.708477120760229
13.693625687046271
-16.90365224320438
-18.905446791958482
9.120114428787268
7.718167228517526
2.657195175739009
-11.248361938387186
18.706610669020797
0.977503275522082
-14.578236888433182
10.374424339075329
-8.155090973715202
-10.491058221975278
0.43004668561756887
-19.75744947910777
5.160055779244949
-5.4273520886059
19.604597411663335
6.661765481939366
-1.2681443936453576
-18.673090012424282
18.965128631087474
6.357024930806773
-12.243505137427139
12.63524994607124
-5.241145608791697
8.826180460858634
11.25065462758382
-11.742561235755344
-14.015142555678741
2.155994439305097
10.700971431984492
9.697566197183885
9.688541685563735
17.038721213876507
16.832878217196082
13.841606483548837
11.523417772712495
-12.925142681129156
-10.714745056621688
17.316238062776023
-2.1426991911357227
-13.528417639519361
-9.263185868957278
9.948612118215916
14.897387218733897
-17.05398242323634
-12.678564061499094
0.7134763524098915
-11.784937665134398
0.20332463273933854
6.630646951120106
8.629008639438833
-6.815091001261418
-11.043909622776763
-11.01000838340414
2.4552354182205924
-9.470004226707033
-1.2768169259547406
-16.52492235464019
-9.51468716939936
-4.145209217410315
-10.778131141513114
-19.9872236453003
-17.241307298672716
-8.155083098646081
-16.598769786091225
-14.177991395429167
3.716198544196338
-0.5021956514313075
0.812967970534384
-15.344913635000822
16.14608675850843
4.000719543601257
-15.691000963821612
-18.7455476506233
-16.952655261575696
-16.247553140186675
-8.669674324393535
12.022592738668209
-18.865589272192164
-4.844576366374916
-8.735527743143328
3.33053227127456
11.074104779869632
16.024655169651723
-15.97139066007422
-7.959549773900267
-8.158967567018625
-1.3911713998406938
-18.24372611104944
-8.128298631285734
9.28070324949276
0.06286617083221202
-19.36590167943992
17.67264660523515
18.832148285280745
-13.858002612348486
4.052488872395166
-6.1145843243207345
-13.418617352200055
19.53319746080404
-5.516370971237624
14.10023169920153
15.128207900919406
-14.90521902123592
-1.2136509241832485
-7.2103300726761645
-5.37115152842372
-14.64136148105788
18.829063254258003
-6.2979369323881595
16.79279792134937
-2.3383375850913843
12.519360256256036
-14.324269586031178
7.862061891706379
3.644409476990944
4.041907143745238
-3.3509514300901984
-8.138860108581856
2.4501980877710565
-10.71679792800158
-1.1223708459105772
6.762529571281295
-15.51803579651095
-8.879757274728322
-11.897937471646763
-0.9573128800857909
-1.57405849194188
-14.268727472625308
0.6671023721137814
0.20160960565226205
-4.522495701264408
-7.576115156126448
0.439795998437873
16.302818244270192
14.760573101616934
4.023285444186932
17.90322646201537
-4.587395150893311
-18.191595820528228
-9.401024953591723
-15.92870113964274
0.40101499490195636
12.228048281199221
12.52045809679209
2.1130759376558643
-7.5862824381035345
-9.903763781850095
-12.496997818851817
-8.764549281244935
7.268026971831603
-5.363405359357056
-6.209763347678807
-16.320584919172838
-2.2323016162259606
3.8880475940661086
-11.223550228714384
-13.716151432638274
-12.818619281390497
-14.496942962132046
-4.2910910189724625
-14.631667409887754
5.871630556291301
1.3859486596625423
13.425531896302871
9.510229247550392
10.418203604740164
19.459419215310675
19.644549313946527
13.88556203181404
-19.62372021754853
16.850638045603134
10.984075398989628
-0.19277850037808264
-9.10832297074105
19.241685367099237
13.820460739768627
-14.076602953133012
-2.772826877342716
16.55239461425309
10.576980552517515
-16.033808738555784
9.28859960297035
17.60656065972089
3.740910444742429
-5.02787366699318
17.336094872899835
10.028065969792436
3.5547644027871996
19.85400463404352
4.87282608573711
9.739563316546352
6.67326127668753
-0.3256751471141719
-10.407078968856993
18.66886375575156
10.904923929381507
-8.292344607945981
7.860868392872533
-11.813838749618002
3.987944896291676
-11.544260973544178
18.404579342416476
9.453059034433423
14.502668181393517
-17.62453497617628
9.48591576379291
7.504123464128732
18.64451622847332
-6.777713353492704
-18.907941586938357
14.803090352802343
-12.519086147834964
-10.99577416522854
-0.0159925104442884
19.24388899375429
-12.389713935888121
-16.176848234237504
-4.308405417868638
9.74955568615028
18.197518034325334
1.5601156060923884
-17.777860891213876
9.873076536431164
-0.7437367890192128
4.678542457634649
-19.967598202960485
19.44802222190458
-14.35847175904771
2.158121907718087
19.090537685222053
5.244176531080875
10.202006953727722
11.651054519808895
10.727470218595904
2.270437186278059
19.193054896120422
8.420659244381447
-18.122710705467625
12.130135149346842
15.507317664420974
14.848066347144538
-7.4189690860548385
-0.10311855799334069
-6.54155524853239
8.5112743911779
-18.916826493782487
-7.12026877090732
-12.2167278085879
4.180964970134159
17.70510323245926
17.662743922772947
-13.580629961771024
17.45857048881429
-7.106056311547967
6.404419347214144
-0.9724704077398272
13.86646168326292
19.412795709500664
0.8224228783867602
14.633853870785288
-10.36881520537747
-9.661090177314193
7.457423394122856
4.752864541198917
7.838965191658552
12.449220897258705
-18.68167056249346
9.10585766680336
17.556405024034277
16.397155574298658
2.736087758097689
-10.575622220830518
1.6934057237785503
3.682576118771536
-0.19932756247845163
0.9162759926647048
-8.78001158900477
-0.10026093240872314
-0.34146083582904296
-13.064125958777195
12.569531285217955
-8.197361085915267
-3.6437518891481133
-11.041105847306936
2.3472789079375325
3.151758365982321
8.836944705553748
4.163304554572804
-16.748227790849775
-13.545358257550122
0.920021579789779
11.000652033884894
5.479115757239995
-14.01886641827308
1.8667560797412577
15.9826125855176
5.783559353395464
-11.951262622353367
11.250933305824574
-15.453630485216774
3.8695637452332434
-9.013709623314696
6.363826511173638
19.055118745797024
-19.6809973709539
1.0421765305939168
-14.744289336483982
-4.793148648227197
-4.88064268032128
14.742952237852712
-9.12857433231769
18.269258435195255
12.80766404279148
16.653202350051217
2.2908469099633955
3.6724160098744107
0.8748836010985457
-1.8517058623705296
-5.415665788405617
-2.517166700205287
-18.61264049870501
-15.091245509363143
-11.982353222266733
18.907097583765726
3.2370193158935265
-4.703690137314016
17.51481844733783
-6.559170683458779
17.77102599838328
13.148216556739257
-7.389831287006551
-7.285407692729855
-12.522047162618843
2.935547209016576
14.583366639307037
-6.716157639857471
9.530209559332029
-5.1475004611284945
-2.76009755065051
-19.598525577816716
-7.811630735763764
9.321798181644198
7.716581713152088
-4.191455607676588
-14.90796780826782
-11.265246148077797
-14.99150730364537
2.910515623582409
2.2299460414427905
11.598966565314942
16.18961919867497
-13.340316334910396
-1.3419753920828157
-4.06737815358837
1.8847611079881013
-13.4767781678614
-1.203483589848954
-1.858074661533923
3.593475513454628
-2.458068941981516
2.759826829682993
-13.036199407021027
-14.72225626215037
-15.250655267826403
-9.248339864264556
7.510595200354118
-1.3807861567070567
1