-12.661561923129941
11.158803072941893
19.903003884538542
-2.886178674267601
-17.57394289880407
16.52176994749216
-6.079969921006425
-4.757627534104159
15.468012394928628
-3.080940024874266
-5.52068040583611
-2.7993247907250236
-1.5557861860534494
-4.0676578960643575
-13.877890344601184
-10.714860054319777
-10.1141063011048
15.908597236047925
6.410419687246538
1.756858236677182
-19.493277518006643
-4.277737543888245
-3.718535579869876
5.26552300316515
13.771445683923318
1.7196941632957348
17.368613962529565
0.5419648791184599
3.9112486886059905
7.640396780678987
-3.2904295682913514
7.3458548531696195
-4.721464489090511
13.428133111091775
17.355190420830347
19.554731235629504
7.363365776420714
8.009480842951305
-2.7262892406196215
11.037533872832963
10.193418414508475
-7.774794040388677
19.52850462476509
7.71665399932024
6.297480012233795
-12.181547858676964
14.48314000854807
17.995180644519763
-1.9952161763614704
-10.90859941179029
-0.8767303223941951
-13.926321499996149
17.094776953442498
16.34349028954454
6.451516935536546
14.42430315686508
-6.832024056853733
13.288659290443377
-17.23040006810792
12.7226393825189
-5.6530632773527145
-6.848799932003345
1.5565750220908683
15.921351937257043
-10.235722907634571
-9.402759975908177
13.466232559840485
17.420200248872575
-17.02694810278129
-7.111103602522743
-8.481902804259175
-19.32002171965093
-9.39907985859401
5.8718032177776465
10.786347413840712
-6.097774416315765
16.612368711557217
3.7508870547864213
14.99655035219996
-18.871943298443735
-7.805163019294646
16.165014840022174
0.4775905984316928
14.959939953191935
10.241450745101432
-8.740242075694207
6.589793508510027
-3.9140892753333105
16.885783448025627
-10.27881266943901
-6.683996729450104
18.11164539267058
9.829766722292113
6.957538431269917
11.828531820406027
-10.481864563870896
18.145004462614537
-10.379314862728544
11.523458153334744
-2.15383842030554
3.4355396395400852
8.188956169003102
-16.378926494634072
-4.942292932464408
-17.64283596370778
5.1562574838612285
-19.90551350916883
18.094690222859583
3.6667546480797597
10.723430092791869
12.22688481335365
-11.104332892434105
6.303047966218124
1.6481142836073133
-6.2852630444977375
14.80792538019901
2.1611207389140183
-0.5409278926626762
12.637164438589316
-10.896091576061027
4.008634163196451
-10.54693603576136
18.742024436914093
17.341008722759803
15.206264510128321
7.988086471078397
6.59024166194137
11.562430372506164
-18.637851790538768
-9.272303882936349
-18.582911194727604
19.04494452418077
-7.51632398630424
4.8483208870366035
19.49265716541457
7.290599400385382
18.633635002563416
-8.906296303210048
5.645946191384368
-19.04442244832225
4.959155665916555
-2.8004327828859523
-15.804594549533654
-10.575962268824721
-4.649906423418141
2.5164632329228063
19.67867947647195
-10.550875829855277
0.6561735839086182
-1.1632690665971808
14.26863566800148
-1.9239848424587294
-14.080121921920314
16.12496927878832
13.592264686766221
-13.262763267111183
-14.616480479908663
-16.359985191332726
-12.341840817735545
19.783723207339662
-4.424925323136444
18.959831175485505
17.891993480797204
7.391933958371769
-1.9415348638273144
-6.143944838669375
8.841087739224296
-17.41592701805989
-11.426871524240148
-18.517112339550067
0.7620703961797659
-19.940716668899956
-11.125123495714199
1.029443561250865
-14.507521547049027
13.714023272853908
1.4308997758090491
12.850868810867453
-16.091827601513383
10.961444988592
4.043902205074531
4.46843008215593
-15.690914751742202
4.4816241031102635
15.34754076803712
-13.36139474053445
-19.417795344345375
-9.211447040182502
-4.272103618416438
2.0839264713704893
16.103875839193087
2.388749075967503
-0.8577186557269982
-6.49474715790185
-9.107940477983432
-18.100260394706346
-9.907221178669126
0.45365246078585386
11.941863098105024
-17.311914905424143
-15.825913630283068
-6.338395046817968
-9.026063719186821
10.196540067629364
6.831399945722069
5.401494706159397
-12.211070549540874
10.304793372346165
-2.7703468684452126
0.6752595141075979
-17.262068121945163
6.355374874779205
7.595509237915678
-8.602812365105713
-10.041941346262618
-10.16462512585759
-7.9692498614868725
13.600054382110969
-14.263134129090243
6.639284213345142
-11.971822939560312
-0.39673273114750884
10.832074033166933
1.685445120354089
0.2981518632966207
6.91725386168816
-5.569095065250874
-6.652035056949082
9.245670405671724
1.3752237397093765
-14.99631202262815
12.790596127409671
19.975262866342014
16.836150606261896
-10.424966147085847
-5.958347379489645
-4.042840614657832
7.250811297534515
18.808521006916315
-1.7330949853943345
19.225603035918823
-9.541089736593001
8.445785989342326
-17.590239607129877
-3.5466547770845693
19.252345468326567
-16.25364864452381
-0.7722615172437912
-9.560020106598813
-10.459670127887968
-7.169381742924482
-10.562048035770992
-9.649138270418351
17.125291295118593
-5.596491008484268
-8.577673404487554
2.524802943602083
-8.478575352729724
-8.909242436172548
-19.579765657102474
-19.3594973918173
10.997657291721914
-3.8231359521359387
-17.94938723466949
6.430487668747059
-12.636446370644903
-12.692105754213724
-2.0852512465306035
1.2241569685733182
-1.816940980645775
-1.5938405874200896
-5.348216993102955
-0.9146841017561549
16.4469714725238
-6.254767302456571
-15.544644876743936
-4.242268458248608
-15.198946446571933
0.7447855968181258
-18.64018706490553
-0.11989530647299773
5.66299037190057
-14.115617656742119
-18.3041193004124
-18.36516058096034
16.01485241453628
10.743841212633392
-5.454380264515258
6.487423129299227
9.891172978941704
12.767560756949457
9.626855845030097
19.38753402796607
-14.603222950054597
0.27460096716095705
-15.95378684993877
-6.5887049906448425
-4.590217592027566
-3.2919299121014554
4.146387795607378
-10.999177935725811
-17.307685376339155
10.750530664358141
9.3615507658545
3.7927428797289195
-9.430226052637657
18.116571365573506
-5.6092415835658205
5.996551971640834
-16.179586633687478
-1.270721096205932
-2.305228904388919
-6.087619743283984
-15.976883095484462
5.465487042372313
14.71621856193741
-11.48017676392147
-4.056223814167247
19.475848877375306
-12.807218764397916
6.769402304808473
-0.3409588704991222
17.06908784300513
19.066651117398848
-18.55005915971852
-14.478181814896676
8.373185553552219
13.347887232249327
-9.654576583426682
13.205964959448139
17.520690542931703
15.7226485567747
0.6694492885882788
-10.280530065063246
12.79091613544361
-12.31051320154628
-9.26728921162959
-14.916426008053696
-8.933887911554486
-2.011629454761934
-19.50398132816668
9.858120629194154
11.058791109142724
10.898985532634242
-14.21080555610153
-8.67769615118005
-11.557835266007213
8.7393851442408
-2.5544086913168798
4.84647111713668
6.345981305985802
-16.105031788380252
4.1964750385452305
-19.305406516714708
-1.6131996600833247
-19.6386853326391
-19.51813733560538
-4.264125660641277
-6.372243713777852
-14.483732285029163
10.16898766471014
-18.85419977008379
-13.98740510559894
-18.47335766103148
9.489745673966627
-5.777574725101315
17.929144591403116
-11.384865702050494
18.196079639915986
-7.559494720323666
17.761251424679884
-18.344704141009707
-6.492587784255438
17.442461293503527
0.45835771132567515
4.314546915656404
-10.552920780666518
-9.090931922330757
14.435470521272954
5.6360790618094185
11.330988635432213
17.1315482948065
-19.02253528324453
-1.598581675508406
1.3541792147377087
-2.1898764827228447
14.088172955630533
1.0090893424908387
-5.581786672053116
-13.789213958719003
-7.968126041353663
5.26970916692164
10.857626360929565
-10.785220529016382
-12.846362218573226
-0.6339684588523653
-14.223141785940312
6.233222467701623
9.468742883013256
-12.028039791458287
-8.494093616003994
-14.697536911902658
0.8873932049620272
-14.856213917499401
-16.278014455073148
-6.9714453330657555
4.129000265398535
1.5766027303630636
0.5499417067740495
6.158717156271116
-16.430152713683466
5.071797672405701
-15.326122638720951
0.034412903182975185
-14.849743891900697
-15.245191120696916
1.571742738226657
-12.505235934302368
-15.625427823348787
9.711826472495673
13.208990010490822
-1.944194750918502
11.717369034739011
19.888358223189385
16.731415010053716
16.637690049196337
16.212781899000305
-19.71836099149424
14.345887202438021
-19.38649911143927
1.3147302661076985
-10.396230590990957
4.191858835840083
10.594393127487564
3.7262554061196695
-1.0127422291747123
17.699622605928404
-3.2039938907445844
19.97797131574947
17.596860051806352
3.0930087028632585
-11.565070507030644
-13.330892075982494
-11.291088889882165
-18.710910822925797
-11.496143390119155
-0.024349487166315242
-19.449145005471244
-16.82067394528145
-12.244241334991802
19.565571319007752
13.622612758471902
5.461421682027879
14.712595850131166
-4.7427834647640665
12.811380081629252
-7.791917269610295
-16.6491023599922
15.079260519372191
14.359603689678629
17.272895519633444
17.375037793191588
-1.5447330562246329
-2.001399985045232
-18.037520146931513
1.398414721121238
-9.109982765906022
4.219491083804854
15.53750359926363
-2.486952136633114
-16.80965225430912
-1.8832565646249932
-19.353492178942076
9.476678163897631
-1.5774144754698938
-8.64813633281582
16.539148889377657
12.103629983233908
0.904508192527377
-1.7457146245907076
-3.312663715306673
0.29142339495950864
-5.839720139877116
-10.917328801491685
2.6992689302262285
11.606576761321396
6.4987634999462855
1.7039386916310484
-11.828240598750753
-8.971973109037146
-8.370032499694894
-15.489260715105635
-0.7430591916620735
-13.232444847626791
5.700653956177703
-19.745739857385942
-8.22681282728302
-4.6648300711166435
-1.4734138360208533
-17.997420018345704
6.367851845073616
11.329685106692075
-14.2683538975994
2.7580716876816282
14.293692438703737
-0.7503949908546623
2.6499638380308994
-13.175217397743456
1.471896378313403
-17.482623215374723
2.1634681098824515
-12.03224903385757
1.5885379533276058
16.312249017892185
-14.925117246289643
-17.080903088188798
1.0230079684849898
9.51634890251324
-11.150325577067663
0.18668854114617162
13.505046860587335
-11.048003786435991
3.7352177353494724
-0.6989760192817265
3.688594911468492
-6.72116599479574
18.953241893395905
-8.284570415554974
6.310925808817714
3.0572114217630713
-5.565601460081746
0.8351529517015592
-17.350358956439244
-11.077755096276366
-19.56165093910362
-18.73029377950269
9.261334898241135
6.675459726602774
-6.426740088334352
2.1659727550007943
-5.028183878111324
2.449989297578604
-18.275283301436787
-17.12414324884978
-6.173897854437026
-11.25022635602528
-7.456795605772841
-9.73469245116766
-7.044291653366873
-14.007545652156903
0.0027895340874479757
16.333145001635046
-18.51656771049656
9.52870873148003
7.942088157300859
-1.5830896454922012
-4.858943458708694
5.6878969671337245
18.585472839637276
11.45316286104729
-16.145016005515537
11.01027167085725
-3.750671498503184
-14.953031272926513
11.800377607476026
7.187092650036675
12.079987013987726
-7.398717458102993
-10.51882506090343
-18.756301535191206
12.0152284040254
17.669382994654967
-5.110766575985064
-9.499628499411209
13.588771551696077
-3.377495122918347
18.421827996274416
-0.20541083499150403
2.277961826620384
7.609289423622222
-6.616252497938735
18.283293709102416
-13.255475258131707
-5.68871867888241
12.014510896662458
-17.927181010101915
14.846780188782155
-6.971559855556739
2.3816137096087964
-14.774398449920994
14.276604899838851
12.189537571082582
-15.60912885120812
-5.625320236878025
1.040403717289081
-17.820750140025865
11.117299594613371
8.772525743692672
-15.52514597572273
17.55457229727962
17.726844909301377
18.287951616460717
11.349982474444737
14.306161717244805
14.14263292055891
11.136847336296999
-16.60148823274575
14.786116189896873
16.80335971873403
3.336979133403645
7.959210070325238
-15.27422052272815
19.49962912435914
-5.402305952961498
11.35658346600561
9.371408225948585
-13.013264137468482
-16.4087919561276
17.343316300044748
-2.269528656770696
-1.1568768849564464
2.2145048616373977
6.2996606452165125
-18.66901298378746
3.5241482768303527
9.888457696316394
-6.219931372931956
11.654661501818644
-13.682054375650715
15.964053989127606
6.620821173123652
-15.515510250535964
-11.885036897431558
11.045332295126677
6.192839813576189
10.922192839416851
1.326170658635398
-8.652045295524932
14.93943513029707
9.259222077510397
7.590140827518262
8.585487079154198
8.213509404057643
-0.44323929417129193
1.9887826331140666
-14.707410881870477
2.6991190316652016
-6.548839440124997
-18.87340686286201
3.8501098711123625
10.194760864293158
-7.052934582824717
3.639434781609957
-1.5265772949295275
13.33369916170924
-9.9664472282265
13.502088443829926
11.224269435025764
15.21106874990214
7.88682562955313
8.194925243939512
-1.4449861139851414
3.039317881963406
15.793405673652181
-7.113831933772445
-8.420002158880514
10.153076303740441
5.0339175196521815
18.369543536749006
19.54269806511232
-16.892557571539747
19.87691400602202
-5.573946919489622
-6.43878870590672
11.251452875328468
-15.108924829132464
11.408613305283186
2.0726865841006017
9.386627298252126
14.417405152576194
-2.6572727928236297
-14.924620287372301
11.873110981610893
-19.832491458768075
6.050009586410653
-12.363968131506255
0.426786513755566
-8.131109738515425
19.522426555119978
-8.283304661783992
-9.917246720352487
8.900778706759734
-6.310031506067425
-7.822422918333567
-12.49142494560147
-14.168810350385513
5.671384342616285
8.522123148863308
-15.246069558129971
-3.1091698782493005
-4.30097549548956
9.165079339183436
-3.716775202297093
-12.741885439406907
-19.870156615744715
2.5079637461030515
6.425868713470315
7.368607912165615
-6.465974632079966
-3.9869766690394783
-0.6709969531708673
10.624345172096255
-4.8105827977956785
12.011623150926305
0.7937719076190604
3.978261791141012
9.173566099439284
-3.868369334942866
9.782061411079571
-7.046379646329161
12.112954987744828
-2.9204942298491474
-19.043435742544645
-1.3650529571231864
2.028606496796421
13.244830214574563
-13.451500072665565
-4.597424354999022
-4.215669817086081
-18.39881208458995
-15.247145975057288
8.28868211938531
4.265535444332333
8.225129494343811
-16.20972340134493
-10.342183760567156
6.228711861767444
10.159912030350604
3.1862384142947846
4.657475227525694
2.2744305527533015
-3.2131180847221756
-1.238156125312564
9.81944768084906
-6.139786970045096
-13.510322945732383
-6.767895418828452
-14.280735914287042
7.116689455657156
4.424238709551567
18.76526465604077
19.7257105852118
-0.17748200206980158
12.96490732501087
18.632417314121973
15.151436690485674
16.04221591293279
19.362045739296555
-5.151741581246863
-6.380712340901336
10.255944420467493
4.289365875982124
-9.419922489688513
-15.845644442469684
5.745480611181478
12.98544058380839
-9.0892234251147
16.35640405350997
-15.723977991902181
13.11668739651411
18.857982585133485
-14.94117821022266
-0.19093694248148907
4.286580405185838
14.62663394083905
-11.820478771401772
3.8901259660088847
-2.2178681563013534
13.637273330254153
-0.6833985019684796
10.349035808327457
19.671756094488295
19.48227875917688
7.413051139891952
8.947115146996353
8.238673892800882
-1.8677462522044586
11.859202654684108
14.589810608861065
5.75842132928376
7.798877708157718
-0.6637787224581224
3.84508664624612
10.665659704672134
13.412681134833015
12.990523950033719
16.65790830699934
9.537351907544537
-3.1117828365262525
-14.609053042300859
-14.795969607129319
-19.12379661895249
-14.81241872383993
13.140439109137333
-19.297226023003645
12.510984575630978
15.07644585374073
5.098403199182027
-9.408724340478294
-2.467303194296182
-12.686856749908495
14.535945217690049
-5.808761011010688
18.655690346954763
7.8319276768669255
-9.532234149532881
-4.828172738947973
-6.345863011323495
8.0818255383973
-1.0712001673516625
-5.827212888801645
-11.751768227745458
18.239036237003823
-11.611805129910216
8.231210908841007
-3.8544107393017235
-10.274666987849365
-11.172376935154595
-13.326661668418872
2.723130956870513
-7.515766389777379
-10.609117601949203
1.151836923441305
6.495102895368575
10.110061386420806
-2.0244107857134566
-18.40709321664225
15.513568525986265
-19.138253320254506
2.404087357846901
2.279644388013466
9.894856053447931
-12.396047403161244
-13.72990178834064
-9.897053889264251
-17.573492789483446
-0.4837524927983239
-12.741607134261432
1.1871761843496955
9.371104687008934
4.123447430047179
-2.789389505606266
-6.17249452377655
3.6847019850004585
-7.162089973022399
7.941422542547837
6.259716203958945
-19.69695677310776
3.766915852127081
-13.919055557547955
-14.071033587231723
8.827463822706928
16.979561853284075
16.046416157452043
-10.774105346915173
-4.9738857256102165
2.8305813137534415
12.057068526975286
7.198624318343036
-4.425981482627375
2.317339741219662
5.576715305086772
-11.386865486225982
19.76355531567603
-8.382787641265374
8.934397623783688
3.039910379308857
-13.874618222381017
5.502619569076863
-16.634598786618646
-16.892710450665717
-1.6353790525466216
2.9081565978821686
19.385679649821
9.136054331345306
7.010511576518482
10.260744215341152
6.010903645903376
-3.9649898059188224
16.59635422492913
15.825599090066184
8.631234673743286
-10.339084841337357
-8.986940916341183
5.392563674745251
19.15931553999458
-6.018166176086375
2.8100754403247983
7.533641153301566
-9.099354931856132
6.1481249212511635
-19.43012399593536
9.873377860179097
-14.2295551647047
11.695269327211104
16.41207201065769
2.783364468070406
5.5491685335083005
-0.22793699374442866
3.0060780165929017
1.0235290101148493
-13.354713590650459
-16.413053652443928
-7.8259784364813925
0.6654540226144121
-6.1415507803672575
12.967825719029847
-19.861616339443962
15.653570329840008
-19.855472032572425
-7.666217060811409
-6.7928964405111
11.013848564535863
17.463506393139255
-12.939523987607245
8.495512602927882
-19.871168612618668
11.36524892220432
-10.474520738468183
-8.415019931823608
14.716445335390247
-10.116003577451323
9.011276611024762
-19.373524974230506
-5.035807363339387
-19.014016974757784
17.18559105887654
0.3049060713255294
2.3304165573091318
-13.727692193123836
-9.566869138523186
-13.939493140916355
-7.757490197946089
2.831571780299633
-17.807477699377646
8.789888082070512
9.53254254729967
-10.73494938018197
11.202354949282906
11.841823941032807
-16.115392423734313
7.831007755702053
-13.591275060984351
7.003444576941419
15.843446814060307
-17.948380376263998
3.7098928901755883
17.755693404726486
3.600013594091198
6.288783989024893
-19.78171042849183
-6.427351574863703
15.007453243966125
5.945272833184671
3.621738578731545
11.60527252701101
-7.390062618459563
10.00915503468076
-14.658501765079986
2.1357945568734777
15.479120771183226
-16.45288667250992
-17.71985180265624
-5.827538211265271
8.085477329928533
-8.948867933008145
-5.30969367755835
4.135593314445565
16.70278374206211
-5.0200577152385115
14.32616380855039
-9.893378989242922
18.58631373588522
-16.381174636799457
17.96735926417267
-7.531015131085454
-11.985935659641346
-10.761228688962184
-19.53159545951603
-8.08543810300694
-8.690444553379786
12.480867580286372
19.794451197417196
-11.476512388658131
2.536859283216142
-8.681512648471546
-0.5843225542435739
-19.0087846858238
8.587262514762518
18.36543634935314
15.831149388547217
18.228434513344325
3.8072688418680336
-7.328867786596476
12.893646821313524
4.316446509394858
-19.570775694667233
-9.197783864171441
-6.712284993911668
19.563020654134434
-6.060718502179512
1.8358842620052016
-6.425331360653397
-6.695554001838868
-17.085089121113455
-5.524507747470707
7.048034584665665
-7.999036928178832
9.645770432970476
-19.539736646684368
11.722272025154442
-8.021608394859822
-16.564942462428007
1.8516857178359984
8.622460847617972
12.046786983434941
9.971587171478017
0.6632492666705545
-18.009601650921965
14.631220682018537
10.671117917466209
-3.09517705898212
-11.32784345515625
15.014196629662507
-0.21948215960819084
-1.562976338656675
-7.271697295869091
16.594678899146672
-18.921712014034092
5.145479070397375
-17.680021247339536
-14.27000823281691
7.137517096360217
-9.10146424363612
14.356376692006478
-1.2892960276462162
-5.173874773011313
-6.246422811894297
-12.646614411106789
-6.174320292233251
14.874127170600893
-14.36071973588021
-13.293821739188502
-7.998002850060528
-6.696755315326985
9.961668537140387
13.396259856921041
-9.312528491445056
5.4816785267898105
-3.069415287729001
0.01816189429125359
15.99764565317389
-14.169015477178789
0.34481951443902403
-1.6577686188863936
2.11645047374828
16.08774578572855
11.527246327880121
3.424444714520334
17.824468536465368
-16.56140172851767
12.004817890402407
12.970268134632725
-2.791300622499776
0.8505940447976315
19.50214270802703
0.7764798424867969
-8.763591550656788
-8.722960771379737
-12.86952113195536
-10.618696086953179
4.299312086174105
18.339128519615812
-15.495251246041724
7.806054942452349
0.7274573193237259
11.72415507538236
-7.760763044151497
1.2815608565544458
-14.244546537411615
1.032098684114704
11.50031287659474
8.663175107123916
-14.619553113944193
-1.6708184485450452
3.690768970299338
-8.358038944639699
-12.213653966585527
-7.415783164962173
-18.375417200066302
2.284661925378888
6.360347743695183
6.883183830541132
-3.7655476482998296
-7.493363139131537
16.340947601332566
8.736176155120319
1.470462657088767
-16.792934752996253
-4.992482726085253
13.423890679224712
-5.536815097558581
-1.3318117399986562
18.51967568145399
-17.68149588889857
4.142472447455418
-11.970046699208844
3.608913721134396
-18.289794720436614
3.36812366067128
4.636338282790646
-5.7699204434869245
5.706569041406901
-12.47501085840443
16.15530843363871
-8.982893850349164
15.750426976538904
6.312803927086044
-5.907654127204749
-1.0600643113407635
-16.565405782100218
17.828565372730914
-9.953130157485862
17.217345844390373
-5.300064359858595
-5.058130348149156
-7.130193792676307
-0.15934060495870028
11.260089790648998
3.31345293102941
1.5616304865180552
7.33309397914466
-5.776866986939391
8.836994700002716
-11.351472508494652
17.850197529507284
-13.337442081837088
-10.191306519368455
3.915064417692747
8.691970965385988
-14.673419204299819
5.667351501811773
-2.2396028980876146
-0.4267812110102014
18.66565107182379
10.742080322289812
-4.417245604268185
2.6531697981208993
-11.56047128242653
4.635381981690919
-4.256634865493503
-6.278844577362577
-16.609424154800895
-10.370413313069342
-11.848152390299575
-17.66198020060648
-7.474812534707024
16.18174150838697
7.947684780286263
-12.77519986932704
-0.18794764827731925
-13.618780768668017
11.598082808598615
6.14402165002133
15.390279731083247
-1.1566791102473957
8.829045663484631
10.239799383431375
13.485978870562306
-9.170773157655603
-7.822992388974175
-2.83878677105492
17.110028102338426
11.297430043628172
-12.485470173765147
-9.032867929859062
-9.266840619828738
13.030928549401374
14.346453610360086
-5.8427082365402185
9.930477770932345
19.601199904797525
-19.031601716284783
2.1016699955003304
3.477753106333278
-18.347916536491752
-6.03652892130507
-5.963677228734593
-9.203818343043292
-2.833737191691231
-11.598198673095737
6.917230130877506
8.81186689814696
-18.67497258478174
5.069973223455328
4.297984277477404
14.809735484192686
0.41385415678382387
-3.5082984771736925
-0.09915582831598613
-12.083767893696574
0.24792136221349992
-5.194506821784067
11.585437618761183
-9.59510709488642
-1.7239922016560918
-4.43449390410648
-0.2494240266001455
-13.321542021620786
-3.484359007948864
15.322494819961847
7.675444554198844
-13.379910670223222
-14.282430184147756
2.1486667186481654
1.7051070893967974
17.243426859218367
-11.759062650224653
14.11455745585436
5.697667499469784
-1.5663315320440248
7.243573132800655
-12.688459651096258
-15.935961147042935
-12.954699230689997
-19.826088314696328
-14.810613617290894
-5.9319647641301145
3.71271565982099
-2.1959570736584375
1.6000155492165682
2.4050708437557446
1.5092240797322098
-17.622806835397867
16.91090975445765
-14.574439799423885
-5.306323578683871
-1.8036375574566321
16.12854778141753
15.361471050610014
-0.4000513666179728
9.01658811380305
6.0428026695954316
-6.636694934600701
19.302260254235335
-8.494004977418852
-17.513174956337963
-10.266656015228905
16.35547509921276
-12.85753102243206
10.937859291283758
-8.451394933121254
4.116808338392808
-8.101317468124009
-19.450061835448654
-0.392796492130163
5.340765555289945
15.57111426226313
-15.349697880781683
1.0912498329698614
17.76366039741238
11.39230272747377
18.314706561985815
2.0129312015700798
-4.951995693401834
-4.4438972409090525
-12.044147525223572
-7.440595067453497
-15.565205022093519
-16.985675161185327
18.859743922653657
12.72799105448329
-18.221528993306162
-4.082585050624683
-19.88401998255572
16.831026899143723
-19.448249877964457
12.028589699373889
6.0553382349245375
12.303656036936644
-10.415649800025255
-17.700910146832875
-14.291816458270898
13.999155844952533
16.509785253585022
-14.216170296000104
13.40222867984646
-8.432434461842826
5.567488930894669
-0.8072216516167288
-16.4511583485759
-8.593491554228523
-19.53444979892137
-18.553946837546963
17.264751488990186
10.899209996528821
-17.771561572193765
-9.956594742130518
4.326689832883467
2.8495932119744865
8.561994151784202
-8.594586304010662
-3.0185297182892583
-0.7926636330574688
-8.31641590384114
-11.399844303788846
-19.61389875076581
3.0704042432748793
-16.965762201344692
17.86035008720414
-17.081222152238674
12.713814798804918
-11.748227278848109
2.9490724651841695
10.62369301644896
-10.183336226546773
2.770514424453765
-2.4169463741912764
-7.076368778935031
-18.214979509089897
-16.226240969188407
-14.213924237670081
-12.64749574205997
-14.629480316763775
4.718275138473487
-11.157145408529384
-9.591553298187527
17.71617401968053
3.8580444235233813
-9.580389375918967
19.332831759372432
-12.058599845305569
8.421477529388891
10.731784783810802
-19.97739174513947
0.35177339155418963
-18.41388123967048
-19.17395715773193
-0.21956219169394586
-14.057215810749902
17.657579830832425
7.731905938706522
19.049583295710804
-7.131273610370222
-6.950963298946352
-14.005399101733943
-7.3184656618265365
-9.102630797870699
19.88446979153204
13.958279809247017
-16.47483553867258
5.630018721789305
8.738814184931833
-15.015763153768887
18.795074958915897
-15.183741028308507
-0.37502623934202717
14.363780718633016
-16.691529925235784
-4.6290557152677625
-18.544579783633246
-11.757616790627026
5.338557807199447
-18.810496271447033
-7.334862938480917
-13.204982563512036
-0.5015389818069913
-1.72522784449216
8.731262822387414
-4.133256513067472
-15.652823741453513
-3.225426102980574
5.982743312899892
-3.4314962707483296
5.564460438973793
-7.35962490771891
16.781470008409784
-2.887027158459606
-2.2333273497418418
5.9751898388559965
6.876226448824415
-6.121871223999523
10.925512924825966
-8.827826025738922
4.010457750636128
-8.441105888085199
-4.5245832016472
9.992660333571955
1.3621298135237723
-7.179746096402052
-19.51041544185435
17.657604189463818
-8.654986964138933
-8.08059654944977
-8.236487684615605
16.329259730358686
-1.6959055924338955
14.268284534817823
-1.7475539334591872
4.478433833545505
0.07290065207232033
-4.837255446962331
-15.418825990128067
6.901716100268832
15.373627904998656
-16.095300185313256
-9.52449245698617
3.115491827914635
10.290674182443954
3.9241695442434796
-15.730770640901873
0.5596304598679254
11.036920847913002
-0.968582970930747
-10.82244513366582
-7.6052316037066205
16.915591852134618
-8.572977116791076
-19.120069864727938
18.567206968241003
-18.13505345396584
-1.5756488003339015
19.538827115289983
-4.029161113226722
10.929526840422547
19.610873801473936
-4.444629379468674
1.2437699423570656
16.324954436340022
-9.336641487516566
16.668702832641998
-8.881144764248008
1.6023195710360696
17.995656263575682
2.0189063767454876
-18.43788263770243
8.974796081957361
-16.761000370542224
6.0470245598592385
7.095841975003836
-18.844158233018568
18.03426982784331
11.981991348871123
-6.995713710315314
6.417609348049087
7.960268892310705
9.920834655609504
-7.709255008781323
19.98635705542145
6.695287874253793
-7.382831676317082
-19.97004089494
-4.464613712736011
-18.077590169118956
-19.600569371360205
-6.299296080963806
-7.748026930019689
17.564258767878258
14.12547639116481
4.214880395293914
-7.316914371397019
-10.904087170798938
-1.6545754550621652
19.4636645240695
-19.853372404557476
11.71448401964998
18.757639666461365
-4.952900612185168
-6.175840846986528
-18.43136026899346
-14.07775158613195
14.466509434916446
-19.83315290983127
-14.131258967392334
-7.047233354117006
10.975559141522268
3.053430836608886
4.73057453647354
-3.348364724068862
12.318423390460154
-15.065513283960325
-1.1121801560345972
6.063761715270218
3.7653827136071385
-13.849810581496097
-19.991718992797875
-2.5307176236537963
9.183541519271028
-7.2257241555329355
16.577436456820386
0.6796501206844567
-17.01455964439594
-3.54139292395638
-14.056874880507468
-1.0919404608750796
17.885132166873355
15.656806430958305
9.03159706828188
14.175847099387596
16.418157537626342
-19.52189825164077
9.265683768861223
-2.002707337908099
-9.019041677684081
15.497148245750182
5.369648369826727
0.07844215225641449
8.02031523213541
-0.23793809765718876
-16.823806667386094
-13.979945939402821
13.788603724287881
-15.307368585574906
-19.60371102458921
5.323032486384594
-17.656553246759362
-8.685767679846585
-3.228673434219985
16.251584868074083
1.5813461450077426
-12.678495190361438
17.470728260849157
19.951707506436094
-18.241586267919665
16.675854473853597
18.11430909273139
-0.20822427666660204
-6.52597008615983
-13.436888351043837
9.462786310481938
-16.887789138936903
17.032193309602633
11.118961037566443
4.1492359179178315
16.915932266177293
13.63137702396643
13.59672478196319
-14.48555561204255
-10.681211200844762
-10.368739798003816
-0.5281753777194282
-0.057978713087184275
-8.172966952925362
19.92531473648097
-15.19718264907192
10.05314257452764
13.612783016529114
16.632684598022315
4.284047385168634
8.877599963650859
-16.499232810399576
4.920787814993446
14.487572923121597
-17.344370950858075
-9.056996487157619
-2.57509533615287
9.625947157507571
-3.963647469772951
7.1253204322371
8.360900698204969
-14.511033491371714
16.96179751726065
11.316097391581831
1.4111737498309793
7.886278391423879
-5.1444358180871586
12.67136564544068
-3.408139017361286
8.771708710540857
1.4446625315666566
2.45229113469518
8.124723205327928
-3.105377409144083
5.226790887720153
10.99553553446092
18.22739054282269
-8.334933530729014
-4.848538809754036
19.45412076033383
2.721588785844471
6.959928634421935
10.985145755936049
-11.051208565330146
10.540541148150556
-9.055942976258864
-15.723197848011953
9.128599736680147
4.491132629704872
7.244553459591451
-3.0231897383652395
-5.735607302482535
11.886498288522006
-3.1748655628509646
12.618709468184349
-17.99199166385785
2.692450121102489
9.298972255574583
-8.201716494516432
-6.879329409232668
3.517324752950266
1.4060235913795793
5.107008386522924
6.776155109586078
6.2023863971760385
11.893447753990642
-3.764813787182444
11.400425152475648
16.115740723141634
6.141212015153524
-8.105880413605684
-15.357516889628569
-18.950287445828906
-11.879027143373033
4.856213536819549
-18.18819852339108
10.94298954993642
11.217025182664358
11.83512015211857
9.110101740063243
8.330605571028578
-15.689817351142867
6.40356199697613
-2.4221526541687126
5.641611379499061
12.175510705720377
-10.08995967560821
-7.023579796019529
-18.319180244753213
14.852420060866109
12.844949150237952
-19.506512778562186
7.475946508397179
-10.946692996818182
1.9930536485549588
4.997053759788042
17.316634991981857
7.016916267291794
5.027053426639743
-16.45400656903414
-4.19574408489698
8.945222182415357
-4.6280400686566825
-14.810784586401198
11.75681359572987
6.075864124117469
-9.524203095730286
-9.634529477200626
1.9529790717081852
1.295238126845927
-10.153277766334693
-0.9235844325938487
7.185493813368566
7.964241406568632
-7.817460221238539
-4.183536313786039
18.28094138938647
15.704191832492256
-6.280887022170841
19.417562941258055
-1.2364764666714159
-3.2132563052150473
5.819797322690032
7.393754248010531
-1.4661683570024309
4.1099669616428045
2.0672746515671
-19.696156474343592
-7.428502147343462
18.375943875546305
-8.627374429205368
15.628752756920633
-2.9079061522471292
-3.974985368186971
-1.961986615613501
-6.360124606901447
-5.352791547187721
-14.452528313039746
0.7897335529289364
-17.380114094131002
3.4569239680273327
4.15012110729019
-1.724727375949847
-7.418847224197872
-2.369603123293544
-12.033497003681761
18.154049140868977
-6.392407043466557
-2.552287237915266
2.1483392012537017
1.272496533430516
-4.344880382140799
-2.8279298606236054
-5.4344471052296015
-4.59801654779271
19.03335053031111
0.6766225243979953
-15.909962808403385
-18.666236721731245
12.66668565568743
-18.98790688319975
-10.332794350845514
3.947347328392734
10.126936318406273
-9.341337781307168
1.922937071029196
-12.484674316150976
5.247743367988772
0.9763296485659794
-19.622542711978465
-7.24549177410514
11.055647369332068
-16.74800497405267
-10.122584045986173
-18.024455667265464
5.238958814655724
-3.0470417912937577
17.73347735366211
-3.5456045802754517
-4.518695736143524
-15.887440757828388
-8.973395376341351
4.31324014081083
-17.95643976815824
4.577754684375542
-14.972128627220203
4.667569715748748
-19.003529102338945
-12.407968313105693
-17.90763839443326
-3.079607515334505
2.761393429610351
-7.755941762352329
-7.4455673235362205
-18.337077267636612
8.843614858061343
-19.881509483703404
-9.323552487365628
-6.384891340954656
17.998815199795246
-8.73973893157264
-16.53884301975188
-17.140721645299564
0.8239668800578634
-6.516652839150039
-7.112124367769548
19.582803462844453
0.5408131352197927
0.8349339689020674
-2.288348776494974
15.330190552489192
3.9026596229581685
19.836783512475137
7.08310943951895
16.463116970909468
-5.625355454890979
-0.6094503736406445
7.967754926955767
-13.566292731047017
2.8574446541228085
-6.8310324428386515
1.59665937156921
8.421151381571029
-13.876314799781788
4.872558266406479
15.809672830088857
8.818861926269186
-5.5387460719519375
17.413563534768954
-18.179973802808625
-17.607699781581772
2.9587712301302673
14.105567644514402
-0.717513502805943
-10.757607058424593
-17.42777884560857
12.847308489986531
-4.717346137363169
1.5536471015600526
-4.657430986722257
3.424899204053858
19.92248738313063
4.84666548290496
17.027635007703545
-15.941790419487397
13.028319131285045
-9.778759811255888
-11.56306470560311
-3.748352521344806
7.579149517676488
-16.176629246612976
8.547983262717835
13.875374359427944
0.5232899391657071
-13.51351290656648
2.0195029112486154
-16.79182258485866
-7.613636711603874
12.319982168245161
13.923574523580768
0.47215837641818226
15.76435763846262
-9.703442889834095
-9.216308709925753
-17.440153827752766
17.467279468104728
-16.17598891687379
12.34825365509974
18.003774220129372
-3.790238767789905
5.705977831326457
19.994335154815218
-12.451492482440617
6.313804989032164
-12.721261739139923
10.044426222174728
13.03494613184347
-3.729917140639081
-1.2288643524863474
8.86467939958219
-9.124855198637857
-5.38937645320587
-8.418567755468684
8.240016454448082
-16.818645952815373
8.55722710322274
3.4301755085565944
6.107888735137713
-1.5196247022188416
0.6368264296020882
-16.11806968975278
15.761034856012337
18.430374676538214
-11.370897963037221
-0.9032198607913173
3.0282547159877318
4.7565489237516765
3.6765165286968653
-2.8831147207985417
-17.91898227013173
-6.940611656320073
-13.463078906736436
3.6879707218249926
0.06104591144277194
-4.008618296953038
19.868717008415892
-0.8579403977079281
-19.45356940665841
-7.202675162342587
8.83537568375884
5.22431496833153
-0.9266278552882738
4.000271792818108
-4.837731912247669
0.8555972765149917
17.705217820723014
4.9899563256027015
16.161116529003237
-19.67315443455741
15.719649505590652
-5.518926723332553
13.933197993729017
6.099567575114463
-8.986825107356719
5.988833506618487
8.810336820247159
11.871273342615002
3.238632350411173
-7.226355148190557
10.7918527999154
14.928987229907854
13.596623877693112
-17.382816072070383
-3.594700733635335
19.411379645813483
-10.419439344999567
18.39138579781315
-1.0970575170559407
-3.0082950830138877
-15.11783226760592
7.093380926923775
14.705942578709063
-15.164455127827683
4.106962754683533
-4.238277959442133
-2.2167825833609776
-16.15012555218685
-8.207419094509829
-4.792063331469269
-13.73877683975127
-2.2348674162382665
-16.720812148211902
0.2494051249570184
-9.815479463956818
-18.985078845013522
18.942296555409015
-15.247292392227404
-3.287450518133923
3.9682955939572473
-12.064043511958866
-14.863699957678062
1.6973083614459128
-10.306439136166588
-2.1066935548522245
11.680222609022103
-19.537856137520112
-12.15270142615645
10.904741542187004
14.48344092101945
7.309663938801485
9.4754178145045
16.586556446262314
-14.712532934186108
10.670610758799334
-2.1287194723526497
-5.601241552822014
8.229526802824637
-4.359739215339623
10.218449006014016
-17.396460938122754
14.529741443315764
17.146358136160345
-17.044423943653054
-4.617882922532836
15.894591350692806
-16.06625524224773
-5.895160667713913
-17.105723659484813
5.112652676223291
13.433835049781663
-6.397146833178088
-7.3896421896645705
-3.5382983191019974
-2.7647384285773704
-3.708848667738831
-14.177582195783685
-17.56824823764302
15.075140380960434
19.701736040225683
9.2298711924882
-10.497864292754961
8.201064600964575
2.0819822152369873
12.159163611616151
-10.034790982401947
-14.088975390253161
19.067746344947302
2.2697228730677175
-3.3509673519604917
1.839085144599082
-16.65084317302981
12.901012624417831
3.1642135113933954
6.129665576623001
-15.715619241026015
-0.19383054177645676
-14.669879108975735
6.258028937081946
10.586788788663782
15.464508216124237
-17.827836247075766
14.584699421230539
-11.118628080064612
-12.108473950644862
-14.408622026993548
6.830774353299152
19.284729109852854
3.1147540773100104
-9.52883453462016
-1.0795328259127643
-4.98566799705265
17.89659148110924
-0.06176728538112286
-10.361786923898233
-9.344322627054087
-13.057995714748412
9.29210758391406
-3.6921994435312797
-2.4889603073539917
-14.979472019754345
0.45219239651336807
12.313477387737016
12.796437883634589
4.691688427131261
4.275823855914325
-5.668731923276162
-5.093461990435868
-1.4583479120636547
4.221172031537371
-9.067476529937437
5.702752797593952
16.18333863975578
14.884486000827813
5.461123097233319
-10.716516501516328
-17.664139383929957
-7.660410438203424
13.368346380301034
18.785802815966065
-4.758766060151384
2.056031454579866
-11.726010940084768
18.437549228559213
-1.459181997380874
-3.3028923053118895
17.869192943769285
7.554162847250492
-15.926951600730824
-14.660003339306824
2.4175246930231076
7.159179248789837
-17.24113274736836
-3.615987501404504
14.664670510913133
-13.769684016197736
-8.150173997109986
-9.371944626784025
-5.6363525960642225
-13.957877873436061
-6.738333207334692
-12.791192784015934
8.312520084520202
1.7382370985604325
3.378154057969226
-2.773025662498778
0.9341644033986825
19.622875531931086
-9.257522424103652
19.60786879218081
18.9632655467326
19.200489060068413
4.405948156624664
-11.672171454721742
-13.021033374329939
6.636491700907111
14.52388092871768
-17.173311638588096
-1.165300741999161
19.910354006731005
-7.848092950838478
12.771637657866009
-6.959924479141883
13.814360613338167
-8.39907001414899
18.032705778206925
13.820455717215971
4.99535269160814
-8.947168438754467
5.221431766522755
-15.064515721307963
-17.844898116964178
-19.582978444679867
-7.9602870956786695
-1.402181581758029
15.053246735677362
11.17303320951839
16.990105868420244
-16.092601533192337
12.948451369628472
-6.221456275421353
7.04214812037781
-12.164730276338984
-7.456034377144171
13.49673409117019
-2.787917352780809
18.432907453603292
-4.401939325873139
4.523973060993541
-13.070194112215226
-9.687535925560509
-11.570771988247138
-15.283058102315428
5.8120730702061785
-13.373766712348063
13.299707602590892
9.69257258160426
-10.65396608155484
14.871086746958625
19.2420633624836
13.38831344407032
-11.514263336918042
14.09408793790454
-17.772051908813747
-18.45885843348369
13.022617546532558
-18.721040372195322
2.2997034884112253
-8.788376800124574
-14.966702848749058
6.146109086705685
11.72884057666974
5.8178330581319315
-1.6007213849073985
14.850379704110175
0.14310371800399935
6.130243936299841
13.085041606122175
-14.556809123064909
-19.353508789986126
-14.437173601601408
-16.31770591341347
-3.7849750032111302
-9.086508555529328
3.6505266038986015
0.010345240725229132
-18.638141299778233
-15.939232864966968
3.294502765087607
18.021662273076686
-14.681465072796556
-2.8178001744626116
-3.723325029329171
12.902925780299086
6.454633525457261
-11.151584528017672
7.335828435555829
-10.391602226706734
17.899462445400907
-18.92659385534725
8.834182866440923
-14.2665372086935
4.434061077261994
-17.0800246567547
-3.8268929305679897
-11.141833836791438
-5.775591054514834
10.039316491884655
11.461229771944463
-19.606938952552838
17.27075162940723
16.86464780230188
-10.272456025683997
12.823506647396627
17.662316230162574
-17.34024618189582
-13.597477673717236
1.3112718674706194
15.697464575723046
-9.177093656035971
3.9279782670259387
3.3485625717769594
13.307068888579742
-6.227104687953862
-2.6293116615903216
-1.9921038050260336
6.363350286618893
-1.3354307353021326
10.222678266227696
5.348093365775952
-0.5980886576383
9.945923819972364
8.33074236506992
19.288611357775117
-11.110954374259624
2.0455147089156647
14.068660254788185
-10.069254005274285
15.7600205809726
-8.1566984004184
9.575907785006862
-11.538743109863434
0.3571255253007699
5.517236855992831
9.469449093603089
-14.233341378013655
4.253428912378983
17.083445158791683
-11.800476631825084
-19.406933541207056
16.029906265960093
-13.190740548971007
6.229879096616461
-8.110557664726766
-19.09948865781851
0.4745231307094997
0.8773084892992244
7.255855009461037
-9.707381497270568
-8.556189223369422
1.5281036191292685
-6.862841815227574
10.879861855928862
18.487804409139954
-11.9438296010307
-12.623677310986956
12.172210528484818
12.760824534974773
-4.903284731923353
-18.22062409540484
18.968454911687815
-11.915959208679169
-0.56288700665921
0.932944689479335
8.91088926271803
13.006703217257709
-7.120556029461609
13.553716251264056
-6.511539924621523
17.31444654205876
-5.098343765818498
5.536315041619105
-13.933788797585045
-6.787059490071115
3.9744628377783116
10.197280753244268
-4.751873056601195
-15.6262903399919
3.7682497056958937
9.594923135084898
-0.20077667772007501
17.17391681813858
-6.959072465540181
-10.747021326947168
4.7647715153507555
13.841644553347606
-13.70546635292956
12.459259910401393
-12.689134619247584
11.143475511832499
14.206866183770622
-2.6535792433337804
-15.949692065508941
-0.3191138532434188
2.6305282076435645
-5.600832803013663
7.473478355310085
5.52531057173929
9.572858297029441
-3.988915013217351
-0.17089792432388506
17.7984186612985
-13.647471187011387
-2.230806058252327
3.1873281368848616
8.023166173821817
17.077881099988538
-12.289232497644491
11.451556056586426
-6.613052579296612
-14.703400028561946
-13.697459264483927
-0.7049714587704159
16.43552437406565
-6.163370155542719
-5.4495563454929385
-11.709153274956403
3.0087481310227844
11.621735048495836
-1.6608154700770044
8.609571524314283
-2.914661051280639
-19.28103575567057
19.281332488046736
18.106707513816367
-10.960863627476108
2.1313745103573645
-17.789931324395617
5.0929530682657465
9.934781343937594
15.186065872471588
-14.092340274320044
18.54922434252422
-11.664429114423882
-0.24583218642968063
1.0951157835779384
16.903816284494965
-5.681784593242153
-18.058022494289713
3.587905379935794
-0.2833281026279977
-10.191415174977552
-18.152946420123538
6.027337986647364
17.88634949206584
-2.3193097906417073
16.40202319199971
1.8335105109046452
-4.501632832269578
-18.606022979174544
-10.248303272134347
-1.5213472589202546
11.680050735596616
-14.723183708823502
-6.274752706765483
-1.5320780021046154
-0.7570996236626186
-19.139701932005984
-11.773637155165236
6.255370983627621
3.283102167630979
19.869792602388692
7.180124470731627
-16.26252303023176
-4.050593636280336
-4.8552911373493135
-1.4731131275157736
3.25132791976959
-2.1198654815923312
-13.823557634759837
-13.600466731211966
-3.977185042210259
1.4176578705402747
-7.768195276750083
17.03358677375823
12.493411723677404
-19.269690907929803
-10.858921743450995
9.983098216367942
12.831282178612959
8.809594904304909
-7.5161822934051905
4.074745906607454
-7.800578201300791
-17.205128290814066
13.469131464350355
19.22686092848172
-11.848259214905873
-14.909536378835963
6.517788017293093
-18.486030775268407
-11.959629282243135
6.666775650345951
8.404374091326837
4.7747756209807015
-9.32480363019268
12.036206716024715
0.6432052460219495
17.16999731534039
-7.586132143769696
14.126862765902239
-13.062254681431199
-13.773406321970514
4.214611471853871
-1.3791813109912994
-19.98696877539374
-4.13973210879754
-14.445914551881636
15.893607864319655
-2.918979832371509
-1.0874789334355555
6.160142079421419
3.3419571937765227
-13.397183837857774
-19.73841456933267
15.19195353736967
-12.752311212941127
-19.611308097246955
-9.257456319612572
17.56549369485532
-2.719646127512437
-18.503261320338062
-4.7399751189472195
-13.104285317900356
6.020903531917593
-11.369681168125778
-10.350922362442514
-7.385097969191467
0.25839072451097067
3.564813216511382
-6.1236779250217666
16.87835098279747
-0.04342978854229784
-12.614381048858956
5.5985631466788846
-10.34123780280844
16.424487184533888
16.742036331429162
9.506784561073761
19.748827657631274
4.062806627387037
15.126630756259445
-4.623062079489166
10.958678428473302
-6.568500911516782
-5.214135124687914
1.1412177917124495
-15.716311344943552
-11.51345983992178
11.261602678546566
-19.196245641318992
4.31042519490477
-16.03015072679625
-16.21023241306021
-18.683719733233733
16.67081026010726
-6.321190676744317
16.506312650079792
-14.76427226158635
-12.665154802595868
-7.827330015200307
16.55473069220244
-2.5807868398646896
-2.3669074452088203
5.134787062693423
4.348865334869391
-9.094886787928868
12.315730304289772
14.50866649456566
-9.868162994445369
-1.3517971441114582
-1.8275058831422015
-18.225982894733747
18.702984153564614
10.560085513632686
7.047994607654381
1.1102913826337648
1.4938927578546988
10.399682859732515
-17.32527412456944
-19.872192012417372
-7.698103912464749
-1.1478915951088524
1.1736823273910701
1.7045407165888165
18.507384292588874
4.057675342082426
15.417582733263096
16.151157401231586
-17.743783940917265
7.190191750546276
-13.283512379065193
-3.809298221254082
-9.63246163084432
-8.974809674618571
18.06136046257835
-15.86035063448894
7.89062360097541
8.841462195695474
-7.447917331207442
-1.0195965082448524
2.755941140460685
6.17852770522542
19.670286146380455
13.938268910275667
-11.296247272824944
-9.480290545675452
15.001653300513937
5.850661799918242
2.427589360373009
-15.127982721397707
-16.70197361792234
-5.782415368090966
8.435435447975873
13.475989613183245
14.01253827050806
9.642078407244835
-9.106852943672884
14.080570080088208
-3.9672941037458997
-18.101465941147836
7.470801283778954
19.10238365760854
-6.103654421169633
-11.421202537907803
1.480480137659299
17.900279281206373
-14.97151760118208
19.29967762149569
17.13313298658671
1.6298664910976584
13.446902803854798
10.646593368306409
-8.435278916526748
8.556514560356607
13.127072887912448
13.802301318583979
3.6808469831502606
10.56816917270174
-13.26137024082859
13.687084215300011
15.667043039494907
10.881988725391952
-13.564919303378291
-9.828546793624708
19.13845509603071
14.466235763910767
15.678839153061183
-2.2062952139206757
1.5957532903530414
-0.19244126034310227
-2.1098915749891134
-11.85711713637479
-19.082385840046044
-13.001101608701028
-19.110106595655672
3.664542686884328
-8.501669547697542
-13.114468404447926
-0.7350539850673279
-12.052983735350455
-10.946275748000298
-14.480165707022739
-10.348069104571898
17.363724176161433
-12.472788329699153
16.245399243761383
19.871201593154822
16.860362321330477
12.109334348616898
-7.888403342566633
8.489379055234405
-4.180487360714707
-7.113647206171475
19.38267128094312
-10.11216829446974
14.071302319780543
-2.8022337036478397
4.688121914730896
17.612387851925348
8.956592520113297
2.2064965863311485
9.772772035647623
0.7856352267487949
13.309888053312534
-9.400151377596014
-16.16715286229125
-16.429738036768477
17.094087135434044
12.037241356627334
6.5386375233037874
-0.631562604301994
-11.387101578814164
-19.538790569029622
19.328776071079105
-3.761681318749787
15.993523409926041
4.043946732251477
11.395763621637162
-1.4937597872894273
-4.837676757091023
2.551021488220343
-14.413639840038357
7.107065874035108
-1.0165630595399122
-16.802810741102093
0.838529846498929
11.322560500072335
9.517802246928461
-16.740859928764745
-13.688841463425927
9.372515652951357
-16.490058452367194
-13.161272422637191
10.007542658395945
5.885211066540371
-10.23720225165141
9.628652673229055
-17.275717895700296
-18.65439396280935
4.906404110224543
2.1563105810900716
-2.098810597248878
15.309409803078282
9.74540722636183
18.33437879771649
-14.843596208400571
4.853396819809749
-18.185051035887216
-19.880311740585057
-0.8597127274208773
-9.04980896443961
10.803034532603629
-6.29832742403873
9.989729523278829
6.6411005270114565
-7.618091205490449
12.563857117753315
15.047889704180307
14.465827646984707
11.31003033912776
8.958358379143007
-19.93356952426442
-15.263064078547576
8.206226309721245
8.649152385927326
-5.021699294419118
-2.841343474755824
-5.690648926711933
-6.566220093927981
8.780258701234366
17.3808212455423
19.727491043349758
-5.642873374539498
-9.829311405446003
15.108078866300957
11.110820824515123
-8.254969860624279
9.848892073190719
-7.106445060547916
-12.251306118181429
6.150834352159432
-14.63732363382324
-8.933245966892084
5.480140274036497
9.535011887797818
-10.978767214772901
8.390732998031698
5.826490054838992
-11.33732199116987
-13.68780952723248
-16.104939401833654
-0.5245707614126651
18.32271724592981
-0.6545810240232974
11.681846381144474
-12.841709977750035
15.606035631114693
-7.74669892312787
18.32396863384568
-7.619930266660608
-0.44404081690489505
-0.5886138706214581
15.97138759182328
3.001459012618966
-7.071982031162122
8.191149011734751
14.904200868861338
-17.41175808676267
-19.71481300036735
-13.19154469156706
-4.6478846045574365
-12.264629756150573
-3.71274260018453
-18.087300638470893
17.404023543741978
-11.069955879632861
-6.402223096406065
-12.760399766041264
-14.869383323293777
-1.6934522420862343
18.162007214675896
-5.8168365238488775
-6.442514142820652
5.207806385416951
8.80652891040615
-18.03393019838134
3.8058204813374914
16.384467297195513
-1.5699883530335157
-4.9527389721453385
15.154374154196105
1.8301735127759535
1.1183753308783722
-7.922045075697049
-14.214343350373575
8.22080151397617
-4.851063568273201
-6.861034040241254
7.5887637197999
-7.185742298813285
-0.4066151211965021
-7.081283525337119
-13.36208475508355
-7.926144936595204
2.5762036868330966
-6.458004444587363
-18.169086236175133
-10.007678675808345
-19.769404848306664
13.641589908205233
-13.111643290341494
-15.173407813744095
-19.654798267604097
16.60225246928561
-9.209517848546135
-2.9620332385141595
-18.78941020751504
-2.6584341543531096
0.6520361622075015
-1.6373087395359711
12.879131460035794
-6.446603937681129
-13.967641685347733
-6.200039404031248
10.244086739874199
0.6490906408817807
1.3438544165500268
-12.103738467951839
17.693286601783143
-19.163429412464794
-6.100873768104705
14.872420602056366
-16.144034635046815
15.169367505200817
-3.7294425029951164
0.09956233962391892
-15.919963202295534
-2.8954980574843923
5.991177301157812
18.07495677064945
-8.92325235744526
9.233721118641146
-4.228449782830101
-5.917373500700185
5.351160515451436
7.577443432696114
-1.4800142124039581
-10.65753984754775
14.032559696198867
-10.224534559586349
-9.740669704177343
19.382782927966446
10.685073005824751
11.304187936546036
-16.764846193671147
3.0113269863184655
-3.859989827465128
3.7206636840108622
2.0614324919133438
-14.52661316163432
15.745398892544209
3.755358225876641
13.693876754256017
-7.219422028561278
-9.70106584563133
13.407841560244755
-1.4746212827802587
18.143903291701207
-11.677357581730732
4.041309791484263
19.583927391906066
3.416141113935897
8.82708257423415
19.555322667787586
1.9423443113021008
-11.553260016565531
-0.16104831628303984
-8.220538172503854
3.9718755472816625
-6.1999854109794725
18.999545508559585
-19.79891088598569
0.8023414949455869
-11.730152981367095
9.577330676585806
18.241205965356173
-11.965425716606042
-8.408341679541365
2.9419730177000574
18.26471077910807
-9.455447824077892
-8.677894976577587
15.929298946074383
-19.429566177638392
8.059557345972127
-5.17301831034953
16.43247356653093
5.959532969423343
16.454908818451045
13.665751259060748
14.802435350220705
-5.875297199701155
-5.957388435519162
11.528403994417506
-15.667811409018736
9.260849485550416
-16.63492125164187
0.854970479105539
-5.306162535683804
-5.861658863233149
12.595354075297728
3.1386424719147925
6.923651097050637
7.343575492475573
7.8904940663332646
6.7169029703026375
13.705501222013282
0.8786045355165157
18.90772308723659
-15.082001996114949
-1.7840283479672614
2.4243146827899764
11.242332090139051
7.299141266391427
-19.152366701925466
9.711574943105987
14.179643443116625
-19.00550161990693
19.915556051673747
-8.840249416055075
-18.9403167980676
13.19510085536168
-7.885117086801628
11.71001176578466
7.450456799691846
-15.460598814935649
-5.074720070786958
-5.962388575973261
13.427475955565868
3.4785328922656404
2.2197676883630066
-2.3352916517249476
-2.9816053164487073
12.498961273617063
-12.44179312243158
-8.331687336779554
14.890471465052137
11.904434057720302
-3.6399857839533745
10.275358707111323
-19.872895032310147
-17.156002367861518
17.760932883649673
0.9836529200833901
-13.377933088652316
18.807856495205883
19.29927509519687
-10.546794751802796
8.270580870162306
2.725565617171462
17.13515197053134
8.556583298284522
-7.536301095840535
18.289950667218193
-16.144602715299136
-19.703852346512637
1.2047406660980826
-19.038771829807807
7.721827837276727
18.623436227010203
-19.8454819893188
-19.159721169820806
-13.821315393687028
-19.5839468866003
-17.263660341767032
7.510625385884158
-3.0944735594858166
4.750649452016869
-12.448223526898442
6.742187661617951
18.655373851332648
-14.968594191996228
-4.818393095652684
18.5460078348449
-19.836477779093645
9.485381673314443
1.4109445563155418
4.464161327236674
-17.023215163249674
-15.479208901507477
19.446117618644344
6.928162488897065
6.3675426812684
-18.723085665921587
4.720718067127272
13.251203258115893
-4.940612165164374
15.612043199778668
0.24389890495881872
6.104748545609809
-14.64498282263493
-19.814796414558515
4.453017378201942
-18.737325721792104
-6.6793747738812
2.985504154070526
-12.384759448245033
6.859389864721006
-9.772782084292096
2.6009437523054224
1.7467378347463196
-7.03230404484804
8.254575221002405
-8.814997989669124
-19.025506608491614
-18.600732774398097
16.2186153704128
-11.344409724811872
19.418536510284078
19.516171479770826
-8.488306777414723
-14.153000947067191
-14.994021836229145
-18.033788505969525
8.258422437223281
-12.948445651869601
5.688808814104391
-15.993431566118538
-4.371844923847803
12.953237595366993
-18.87727628579173
-12.74806149781233
19.11024372862132
-16.968156024589263
0.06403724831282886
12.821192653192888
7.318220074361811
9.433987599741446
-12.635431716867668
-12.732405741106207
-17.066249978306686
18.286404662426314
16.804282182238566
-9.577108848802443
-17.52785502681973
-12.654212992433171
-0.8213485479783635
-3.043286774389088
-15.789495430204973
-0.10426520903843794
16.558181442435412
15.482804677730243
-4.3311885509780055
-19.173655078131652
10.097195729562998
-17.74607065168143
4.163707694454995
6.9601696024147515
-7.986355516683666
18.198520757605756
-14.337274850333666
-13.466813388746285
18.50241517609976
3.441798743047684
17.342031142553964
-7.014065365085752
13.791838228545544
14.510993005854978
6.179596332134736
8.712045756148473
3.324999738300175
12.948686835248246
11.586860796334484
-4.9888124881714155
7.648171314566067
1.8100337091951673
16.8043179150959
8.530280112979924
-19.748967607260152
12.998357416830757
18.63910708020989
15.982120134616451
-16.544018531962976
19.899500986515697
5.542310723711836
-9.195690145853277
-4.179283921431782
13.83777006319032
4.68886748880751
16.57925206183028
17.807216413682
11.402737678250475
6.084078147383156
-18.638058645304532
16.863991627297075
-13.173693855641236
-14.72775758174652
-3.2151915483299547
7.816213957323303
-0.7082208355329129
16.106070010959236
-6.34993616738139
-3.3454314823631712
-2.039009407037465
-11.692143879602742
-8.325468877678217
12.132476499289837
-2.101306111466652
-19.018646128487703
12.970080261511868
-17.856013954037874
10.013991347940884
-11.100651131288664
-8.730814884179448
17.178104189309956
8.16523105884849
12.965689297928066
19.710575034287316
-18.99845304183011
-14.53405694209076
-10.101081479400595
6.740831838545255
-0.4936938865549898
9.34612580798845
-2.8376015351310038
-10.709493236197133
3.6617661886002217
12.250624643501439
-6.441816149779296
-3.4206177995590146
12.73079968209774
8.914169639930666
-15.730202899076149
-5.6034093986540245
5.7523356858577515
11.187326510123356
1.8305236368247577
-8.356682766156279
-9.370865517532048
-1.8089466893228874
10.009147953038845
16.885342880056598
9.712194065754112
8.825527408465888
13.994080118591278
8.436401527485103
-8.428634464533712
-14.10265577929437
-8.058647564407785
8.215143980602623
0.9811004396036118
-13.540286670214247
14.607215344926246
12.595621561927828
12.914721837401402
-10.71152178623346
18.667512690650312
14.850071912292911
-8.220054956861539
-10.221497622976209
-5.350774356058082
11.749925553269335
19.337507275733905
-0.31601902291487605
16.318723913681154
0.7096382987977847
13.230389037587862
-13.457385334948334
-4.523480473741021
-5.955059846289394
-12.896252006643575
-7.818318398965896
-16.887028577894007
14.6206459678113
-9.100755926486377
13.483464618250089
-16.142165927389165
-2.294453928727414
-3.7635320775521848
-11.592029305006957
16.564730027113377
-12.645609215827935
-11.043602986628072
-0.23578270968197046
10.596253406022804
-8.896150621658453
8.11411134478838
2.324023424992241
8.320144489371003
3.7043809549353526
6.141644825918323
7.371779869872498
6.528190403127336
11.033151989102258
7.8991674156971
16.115484196976972
19.081766149371113
12.017773861125612
1.0494191509929962
12.368447160392847
7.891424739035898
6.494176497096017
-0.7004960255782109
-11.025375859541011
11.604473539310657
-11.610414544530009
4.990184142730875
13.609773952868139
-12.747264841375884
-8.654147617357161
7.826717894412706
13.197013183672553
-0.9023812923856838
1.8687660642534034
-1.9826593057402064
-11.361936687763382
9.188998204610282
-7.790974514793332
18.816669550114312
-2.5448096910550113
-5.661648759659297
-16.210419021253774
-11.375910613225436
-0.6411881594766875
14.47074439699341
-12.31063022961013
9.193030589992873
-15.82956097880043
-14.95301546396492
10.716976851296742
-15.949302425585831
-1.3049462145977877
-9.63861105887534
-19.147617722849812
-8.56946863105659
19.70357996099034
17.851295118913406
-19.000114306260002
-14.874698407839727
9.224644162508543
-19.332133532474117
14.322272226490249
-1.4802540506034099
10.83792817843139
-0.7124375225653488
15.827799583271734
3.6818816559917593
11.911527772630919
2.5145632068185044
4.800679734649378
14.235178759299373
-12.821889264265538
-8.851926683426532
16.706289401733322
3.8358589349264705
2.2365040832487253
-1.4044406471338213
-1.2481468626210273
14.593942932509968
-16.580133447947656
-15.379931641354997
3.9030302499848517
4.952444327683992
-3.179843694767346
9.30417101998891
4.905449646976635
-16.4726327109134
-2.975781264354403
4.861743655252852
6.311745330510789
-10.473793040385395
12.391528332788155
-2.9661480325896115
-1.9033634909318806
-16.02253522080926
4.072120112754348
18.61085201804692
3.49648412540526
18.92577453167315
18.54666804049613
7.303216963007753
-3.6964277357694684
-19.426999980995543
17.513436127825287
12.808831126343271
5.280305630844872
-7.550714953377504
-0.5676219628722379
15.857649816673202
-17.81818021065839
-12.778780917340091
-5.390929386212381
8.251843857920854
-4.22423776999231
5.106544291076251
-11.865299654474143
-9.77004877727027
-12.194480327525294
0.659613649148806
17.988526123942506
9.769646379876036
-0.4129377592390142
19.07415543712716
-11.236698504732905
4.246928671496953
-4.179480674891023
-6.292883531979712
5.925070091115355
-18.449546782145813
-14.72777224880609
-9.950876377145136
-9.39641836807056
-10.038414190668941
4.2449438190419215
-16.247533398201675
-5.038660386874163
-12.977100202107476
1.7963389153588167
-3.1403291083298797
8.068654924267186
-17.46174717843884
15.328063586334714
-7.586155198823906
-4.219615647489668
-13.156120253687469
-4.600944006386705
-1.6594623537600341
13.483592111974609
-19.038224510499955
19.163051671167118
18.879979542304646
-1.9819914809929813
-10.987596934004426
14.36073317504733
-16.596402259143357
-3.388996780369716
19.177686791352244
-0.9473756044726365
16.717592918932844
-2.4161116222416403
12.882489976210856
15.724370336079822
16.935151801602053
10.84023461397608
-13.705235125958763
-19.840156479458926
10.471625280329242
0.4151316500545903
-19.223059638967342
-12.360753845179318
14.45437719886258
7.282600723412223
2.742842959342255
4.15372034599169
6.143950442956662
5.025689641972782
-19.38920784892658
14.196727114303272
9.684057834261331
6.911365063619101
-10.61847535289347
13.617722774741914
16.791360053876417
-10.48099842829913
-12.184976669945664
-14.591905092374414
-15.290647697026692
4.979052136290598
8.080879902724682
-0.8210795934519339
13.508628726313951
-4.131576600855125
8.025576340136048
10.244291743753251
-14.361007912298408
-8.09835308938423
-8.966581898620255
14.709324595423155
14.29520164042107
8.508102098502846
7.0859772240501115
-7.624803243032181
9.56847342833781
-3.5506323071496517
-1.0232644865513727
7.814030741354845
9.721150575740456
-19.88736617358587
-6.831071391465823
-9.133803056897047
-11.466295278184035
12.8276691454682
4.880542491562572
-9.82484827945241
14.032474595312962
3.481489658655299
5.3604244135064505
-14.328977387443395
18.4267734380837
14.73290437537122
13.360506135010766
8.825588945067242
-10.823772527254164
-15.239733088094095
-6.649220841462963
-16.037771012701928
-3.587264837215276
14.531925487068484
-14.782386288152916
0.5091221771108501
18.526067865867148
4.359164005312508
-7.416043862415481
18.230111185721896
-18.112085600582873
7.730217957737171
-9.89110009356953
11.878686395237217
17.595711128886762
17.88725590041021
11.181741786953271
-15.985518864500236
1.7087568781228732
8.347333898344754
14.633479820460906
0.27814584979923396
18.365012728709786
16.061339365731058
6.778924249475516
-1.3809670095348352
-8.958957886860087
15.240197943538824
5.2473106653728685
6.442683715982408
12.56801954396672
-4.111120192230814
-5.61856160661244
12.317721261033384
9.571987131512557
-18.200892345868773
1.9391140418758077
5.96248284899945
7.896655468807538
9.05772965624488
-19.923428627274944
17.688045033606514
-11.591123405971473
1.6424957892923828
-10.209741157480865
0.9340201029109672
16.777618322831415
0.29882952683128394
5.939801878991119
7.948985533832275
-4.125606109751914
-2.514450164121751
-9.518311269848109
-1.9285549652958132
13.871475301105804
-19.901223658494306
-10.064754223735108
-18.768351240502092
-17.588783804532987
12.642783778381357
0.5688347417324522
12.156457549074197
8.20472016861774
-1.7298755536132795
16.52807880036324
-0.9411509261331155
-14.9612559730889
-2.1313152108561617
-10.91621576507086
11.692518962896482
-12.418842034701054
8.126751696526174
15.350910668389126
-12.92308441112155
11.400686332966078
8.9579723663837
2.5160339163279986
7.900396417427679
-17.372885218846655
-8.72124413631402
12.294766669183602
-16.454713035762524
-19.214271035678692
10.362123481879927
-10.641368605675234
-2.68886748341286
-16.279171948387933
9.35537956240584
15.87559603454941
14.256628728572316
-15.591784189398865
-17.055071467846382
10.950185908835902
-8.611683582778028
-17.05447323694188
5.920794832731502
19.316168026836927
-5.116581700392322
10.563956099832232
-6.780186541495565
15.246410445180395
-15.491149218565742
-10.337265494816723
-7.1540972388393875
11.505474110887665
19.390621861830205
-4.370081821649183
0.2573572518925644
-5.699913438363984
-17.94434942111136
19.908655654463963
9.588425703404297
-13.562873142226465
16.952767872950886
-5.411249933920633
-8.703650665946018
-15.84455861844889
-4.462660535032924
-10.591388620639863
-11.589754906048935
-15.28640217339106
-0.9540725144346354
-5.470722466925469
-13.077301478334311
-8.050969130650829
-10.702433479759712
12.783523974561454
17.064282637316943
-6.461300208281436
-2.6341959642794066
-2.5909766421839606
-13.360314937270603
-3.431870499551991
6.810576679568495
16.32475652323003
8.463268614977572
-6.531847127598699
-11.732365776023856
4.331383467955369
-5.557986510651212
-2.906060475482736
3.066977221804578
-17.389771187091366
9.265108725445351
-15.443755631431229
-7.573423413243599
4.970628916417553
-0.8806727083370482
16.91538509171169
-16.10483827924924
19.382928295843932
-3.3364885626342833
-15.515404731340574
18.888773070001513
8.080307989401057
5.846377304567774
-2.004791935223288
-10.291074471437408
11.500647518609174
-11.71463895155242
-11.718562855781158
-1.4454249437181375
-6.576311516402891
12.561544447712414
14.244751644292869
-14.111891231948723
-19.600927517037213
4.824011901553867
-19.335204912861236
-1.413823993144323
7.033781887860528
17.040356300339724
-2.1564771320682574
-11.641145959711752
-4.4371904317554645
-19.873480920566543
7.009578475532603
17.893289669431056
3.6333637863014125
8.805389194285755
-5.225481169714605
8.162688595171062
-9.426285905894654
16.055012502286374
5.470496238746321
11.162472417461082
7.6358858368215