0.7674951482067769
-19.95430957273114
-8.029601202109475
3.1096155909717
13.689957570947868
11.193101577901704
13.750480050551587
12.88231738909002
-11.422890515779649
1.8776195217132532
12.677944566157237
-5.597902358717608
-8.64677904611137
18.85744313355424
5.358391032439545
-12.833859062069326
-18.564284912164027
14.517364187517202
-9.420664869193192
-2.0146904939064605
9.342982617856887
-7.155474517367807
-9.466292777906684
-15.595585656103994
-9.464092073729894
-15.22688372712469
2.9266581922834547
12.940519539782095
-3.221136873229689
-2.716642406964631
18.818619071674277
15.295253119764276
-6.012043178148678
-8.836439301460297
-1.4748338756380797
19.644912588537927
-7.857484545639535
4.330784171193365
-16.031880598512195
12.437163850993748
-4.812277775670717
-17.69649373032771
14.613897418116373
4.102775512667478
16.492776353855568
14.29029037023524
-13.781873683022102
16.004871634840953
11.436643586243594
-19.460346318066986
-6.478594425967884
2.867216969998317
6.750586319117893
8.630415398748394
4.224691746138905
7.103973689021245
-14.607491354384518
-12.073878585926966
5.790599091857235
11.102906763631239
9.166510614584638
2.3288118783949443
11.219240315963738
7.917371829906781
-10.920990493477447
-17.033728329388325
-3.781685693384027
0.4296622947394084
-9.430635248672425
4.773490268265231
9.088923454248466
-4.765106717908619
-17.290110578208733
12.92605616970652
7.5143664404216395
-7.254701915982338
-17.58804194830873
1.37954917364101
-16.74320281684239
19.191561434516437
18.13576495714011
0.9948976484632013
1.646077716632771
-18.18958904849208
-17.677735324234366
-17.548523462290152
5.408435444552072
-5.291674889072112
-14.306430093468737
-19.228003018790606
11.925632625680795
-17.950425301738917
8.842657032648876
-11.71896558594784
7.91898016822033
-13.515980229923642
11.632318631838
-16.821323448833855
-0.8814523997129733
3.684745211309064
0.38576080261785606
17.90678171124221
7.059503131383021
5.72824729689167
2.395704285455974
19.91113530447454
14.798226778351037
-12.260170782258651
5.755200864426389
13.325435099060826
10.161237334548346
-2.8516925408858995
-9.399904409832542
-6.124804561716823
2.2892527633141135
-4.065676003681817
13.86730867170057
-16.64391598037409
3.649826457186556
10.066099803627388
16.128860092188148
-3.0744234713612464
6.483673754368901
-8.105864959049423
-2.4686326251485298
12.039859884708896
-4.644777270889291
-4.957035999049957
15.733407985789086
-10.878726952632531
5.962452657007059
-6.4329148903566935
10.882483391548007
-15.888821333562948
-11.175024792380643
-3.5180487252810266
-16.919876062908536
-1.8996881714450993
9.118155861985858
-9.75384208993428
4.213250904847968
3.195024693417224
-17.21467899129433
6.733391519889889
-18.02889061551985
19.21641602655263
18.783334712147095
-11.716236694592194
-8.519309321156845
11.424582859952089
9.49192683476732
-10.709931694896945
-11.981183967150297
8.424905590944864
7.042286037450069
12.067510965617785
14.489669055549271
-9.051786235834998
-19.443695559502736
12.432119430873733
-16.675343812522115
3.2173675899595366
14.56060869756741
-15.18727568170776
18.305812917251004
-14.298995885708216
1.447261318756187
11.502481946856001
-4.14758462962865
-6.613326838791092
-19.349656876119408
-3.0295361808024523
-1.261534160009525
5.413782746989714
-10.874293315564255
-16.94232782849221
16.24452637195092
-10.914787129393616
12.492253769628732
18.097882334149432
-5.211151625022282
-10.031719432344675
5.405023274510526
-9.998146890195589
15.662131105574403
0.6633351398135616
-17.864261208488802
4.091787856441641
10.94464659286309
6.834109453860087
-8.531931563125955
5.283696978134746
-6.723369129873102
1.197468306295427
12.687228650407206
15.308818089382818
-12.036675387350954
-4.602550569495065
0.07611060083128152
-6.835248433997329
13.279226695661123
13.95181174491617
19.32049060397854
18.70564622194921
19.411464070765298
-4.237891500586519
-16.75080318038536
-19.57474553027781
-16.009576752180227
-1.401835828977049
-6.397013803348104
4.57121796515851
11.84223771723671
-6.052628999205352
6.277561755414634
2.0447074323136007
-11.846310160057257
14.97803395689592
-2.953708953104517
8.184843974840557
-7.707423689813178
1.3286089726311374
7.787496542129283
-7.29862454352515
-13.96309253366136
2.8285365113389496
-4.135641203749936
16.07066038118301
-13.882907045005677
-2.541337795466724
4.848826554964202
-5.251414219326476
8.630581893161064
8.93168732632233
11.752083966572954
-13.723544376558774
9.802532862975536
-4.461057539195462
18.759204988902226
-2.3855416207955606
-14.208685574155604
6.94878663189202
-13.85477628908622
0.48695011892615625
-9.338829237739628
4.136113808951144
6.019371422266879
-15.180175509835173
-2.293391176756124
-17.753432001699107
-6.284110076595994
-12.972729706575844
2.2273286948314883
-8.405556212213758
-1.2242375272318107
-15.861041556716863
-18.268355376483957
-14.76463109137709
12.60227467431929
-9.729155735244008
3.801795259635515
-5.588640531109261
-13.743804375791747
-18.449375973604724
-2.1479988712044253
-5.149485303747067
13.952895360472446
-7.780717056069552
-10.253655504325447
2.0976038238252244
14.108934225594986
19.789153216654213
15.51130113409075
-6.7007489730972445
7.314226818610187
1.0243192014859517
11.592209895634102
-11.430281702266885
-16.832960657525454
8.247429346489163
8.699256107584109
1.5340658669089002
17.000617977940195
1.943168365153415
-9.862846397494206
-13.401503542696599
18.490968002118734
-5.4336864220039836
-15.697413040989122
-8.361622588186762
-18.365780769943342
16.55916514846878
-4.422685417991259
-14.315307771968095
-19.485441944862515
-1.8595678691912738
-4.767863953344694
-1.9959306803573043
-15.389819497940183
-13.315813322169522
17.06925363054178
-6.7321750705181636
-4.528817825247975
2.1315629759076558
0.35093053763884186
14.275806537328926
-3.6707335929988893
-19.85581271345788
-13.611301018133727
8.967562488052284
-10.980209948789401
-18.056500964220813
-13.414186730934365
0.3138562793472488
3.0596510057253283
-16.62149576737476
9.511868015166844
0.8136890887844999
-1.6957651134006149
-16.324146941268612
-14.10832042995656
-16.475873433239883
-3.8754896477119196
15.668754065000023
-4.096597642865266
-6.9360598552564845
-9.736451962629623
1.3630966656901506
10.037731619144857
1.3368483787142118
4.784775792574724
-5.239987493292691
-7.2261034381308775
10.55080818060867
14.282274035528594
4.781400082335921
-15.154457818316128
3.4883326912563817
16.718103606749587
-9.166013390299458
-12.843077173325078
7.601249737565418
16.65550001975508
4.414274004548279
19.11007044240094
17.169656483522274
4.416472483025938
19.68277627175123
0.8503278057840262
-5.932969494515765
7.479513125956274
-2.000064269518411
-15.224547293136705
13.595826323756327
8.465797369729291
18.188631732760584
-1.618482679706549
-18.241989072350616
-4.146358889047871
9.171496400074766
-10.878397462535169
-16.09077741460802
9.782606119559084
4.606771035852127
-18.535639394963628
19.485227761805476
-2.4934539574374384
3.0638659291836774
7.089218353847777
-0.9203513350890411
-8.89346940081213
-3.1969451612594852
-3.3063759406819706
8.875464153444852
-2.208143631602347
-2.0700020120182394
-6.336506284196846
-14.032740339628834
-19.96466637190334
-9.383228864005332
0.9708367852278776
-0.7894971674267417
6.602645990268414
-9.227983338812034
14.526599158025817
-8.60168453931279
-19.528182029632433
-14.514536674339325
2.9078083535419452
16.913602873393344
1.7218022011754677
1.6292122428992926
-2.6280302118155063
-16.216547743997207
-9.064297899375697
11.728831054649127
4.409051705224961
11.257651350191896
2.2799135557189345
13.143773944496061
-17.434419231877648
-17.485374751547585
-10.710173173745181
0.48974097334224
4.1298586628572025
2.441429520705878
-9.430551580605012
2.188165715597634
-9.054584703303835
15.540921389096674
8.152993377866238
9.74989137192679
-3.5641297863247665
-18.404255458894703
14.301316807111291
-3.8235372396214764
17.083433431316784
-3.405144277317241
6.0956743952243855
-0.3575526475726605
-10.811064744651855
13.98390609787414
15.787541148041193
0.4166064820682678
16.307292325706165
-1.6943465003000142
-9.510330923453928
7.4218438684766355
11.707606163521746
-11.733522801742286
-13.323555663311591
-18.04623907874506
-8.614653663289573
-2.7343962228997114
4.415441897414123
-9.128016655418758
-4.061788711570525
17.0484094556777
-14.507456809738928
-2.4819725049965946
19.407817526371993
7.598064627346872
15.70201860851283
2.7920837622087156
-11.857912070616226
-4.56522157708083
-19.486993469242577
14.558180422172626
-11.055988714736111
18.749245024846836
-6.87671524583596
4.152492058736108
3.7520583141156507
-9.492399072545993
-0.6115130565236981
11.95951293330491
-18.0333305255404
-1.2683145567533671
-5.699615138823781
3.9706433031279147
-15.169685610984157
14.716278113462664
-5.572722630893123
4.360683865145447
-8.110592261601056
-19.44702886758476
-6.843780061146717
12.053866961389794
-18.667997319246417
2.786024452159136
14.455543727036087
5.403960117319208
13.10215765424946
-11.913776906754272
10.113341317722984
-2.457374202056233
-6.928724452723003
4.042736314068325
17.99289676527104
-2.2062874073465366
-17.21485973756199
2.3907456922682258
-11.153932259089707
-10.034126958459865
-10.287695941088275
19.383578230754217
-19.306087162939622
-0.18565069548675694
-8.333370177073798
-4.169019649332517
-12.903289595693694
14.12650155360766
8.879671157237855
-17.06237359779927
0.4313998693775858
-3.408274992746108
1.2986287649039632
10.477803753977398
19.53098128499579
9.50771622288006
15.053541509032357
-18.838189755917902
-2.828362992917075
17.217432786852193
-3.0427804641671656
0.6687912734353816
14.50637812566638
4.346641499431712
-5.673905884415603
2.7912289551982497
-8.6424933461157
-13.72961805859207
11.156227656227081
-10.64139261736158
-3.47628002951501
-4.940485372487512
-10.466011576674967
18.058973498143246
5.004869396274955
5.440593447620358
-18.640652465926863
16.543545444076898
0.8262480962508363
-14.212110667480724
-14.67617546196115
3.4002008191050948
1.3650770144051236
1.0070445662003102
-1.9282378868886312
-0.46642860508645967
-1.9936624342164997
7.429943901644556
8.090105555963483
11.092650337634616
16.99385109613008
14.439325862801368
4.338119254920073
12.637884516046647
12.78691183535664
-17.331383577333128
-14.91285128842954
-8.160463440598162
16.205801126891537
-0.7263436798971625
-18.17652823491545
-14.220817687114558
-0.45117029921599183
15.915292286408103
11.44934406129492
-5.963493990231417
13.212330463302152
2.7576505450700672
-9.259757688424383
-7.2824138075519365
3.1439705017186697
17.995655873712046
16.190070748404857
11.02733016763262
-0.7746277983488135
15.795527456741823
9.576151118426957
16.25467629586717
11.004683964427816
14.96017680238986
-14.45609689008493
12.675106168909949
11.941782970985106
-16.403888130923182
-6.169002507451644
19.011424910031977
6.124324750687862
-18.824702667694957
-6.247714100358888
-11.175176110280628
-18.19845997405396
19.13061108878268
-3.0536040518014183
-17.333348334352394
19.410621808472236
5.964393314154375
0.6900524580005936
-2.888400737709933
9.699382055010318
-17.845607632020606
-0.3501255961863521
11.730579713028881
-1.9300407813016776
-17.249337072891006
18.852815988601414
16.916560251093635
5.941931426356479
6.554286054074346
-9.403188078129627
5.346334053683947
-3.0323444680622416
-4.881308957962492
6.5121230913557255
-0.5250440675450889
17.388900592639764
-1.4959130431640233
4.5237248498869675
17.4659394786864
-9.528719713246886
3.6780247911529464
13.168768337883165
-18.81825083031707
2.617209769133005
9.511641011149358
-7.613298161758513
-3.0278297118844932
-1.3377218491212446
-10.327812924875094
-13.028171545933777
-19.07046569852561
13.395901899191252
-12.446689552309333
-19.170679679165538
6.207676620604229
-10.476528749474383
2.6729208813570224
-14.730300253877289
-13.150767786494043
17.031011681684703
7.980908972062039
4.5986618770758625
1.8851843110875244
16.406696815552237
19.28300481823355
-0.808430149527787
-14.799927499917281
18.854475715588045
-18.50405694962371
-7.852088028272078
-2.017146969926465
0.27853526588101474
-4.9503341966914505
-17.265389847102576
-5.083678581892626
5.403180415456511
-13.5725326191874
-9.898149308249868
-7.857929069045483
7.735463694946656
-16.92449519254566
-8.928569559394258
5.42126967186114
10.683688041674884
19.521606822717466
-12.217633474569695
5.530510034453382
-17.517531097118443
17.880630897096694
-5.023192462000633
15.222906450766075
-4.276838140166879
-0.8738443345246907
11.750015554961966
0.46983005071890105
-19.67827725179252
6.242301153834724
-3.386713176176663
-15.80333217453167
-3.3658978149738488
19.51909299352318
13.585643068367702
-17.769478345270898
-1.853382171810928
-4.393473638020563
0.4082215215204954
-0.8899708922022711
13.33477737363041
8.880631619303667
-16.02383573060223
15.14093584575135
11.252645257938472
-1.001245815214041
-18.95909086549382
-15.230700232789335
-5.563379422537329
11.843066707398762
-9.736140650034661
-11.724962648786752
19.54160859809275
14.132648368362688
-7.282007702158296
13.255059378598084
2.1223253808223035
-11.23565075206061
-19.85122154051293
10.109606684647098
-3.4728027107970334
18.843289097298182
19.5897791273265
-7.740061366342882
2.7832336128478943
0.642468614907802
-11.016450760498376
16.972124377671925
6.770539867340062
-0.2609086685916253
2.276876526233874
-0.2929753559505528
-19.18242294433139
17.642363386236838
-10.251060460627421
11.275563710549573
-9.249989053961034
-16.686902308372183
-15.856331890823938
-5.274575514347589
6.084875201032631
8.822263411341346
11.584648265235245
-6.606116928125614
-3.022443212983589
-14.579611858635971
-10.826199222752928
-15.439445376916709
-9.195733726271937
-14.028270565313212
-17.54195455165788
-18.876205449704628
9.145945630698776
-19.63761895566538
-9.041798521285
-18.218330929389396
16.209719772344883
2.985809845299883
15.659694048189444
6.302262340440244
-2.00090418575801
15.994152285354936
4.326039495453571
11.797726609375275
-10.641102330279306
8.631400254946655
-15.107213041164623
-7.25533936787647
19.402224569037074
11.827488007436024
14.960817320511708
-0.898641549609664
-5.7502807115285215
4.492726103490586
14.86022219618691
-0.8243268903525163
13.652499576515524
-10.731825744728996
-14.151560552521879
-5.418923657505893
-15.476278043538944
-2.1484450061771625
13.817601978609744
14.718160234876976
10.74122279008682
11.175879614527531
6.990592491399653
4.901487228708792
-17.432704722806953
-6.4573900709229815
1.1922589373528893
1.544180862949304
9.6555292575805
8.32351140092079
-5.643821943926191
5.035830324527719
4.33274776031805
6.3481680545362735
5.279459773099028
-7.066459078975104
15.630960444215447
6.051012020522371
16.383581177738563
16.923641277694998
13.0850217910684
8.135468969719955
-10.609960929729194
-11.919257444414342
-17.923851422626825
-3.519865263618609
10.482034102188521
-1.4052204890176085
11.27849348537221
-15.358597483994032
15.495671174850031
13.091444698272376
-5.428617386965676
-3.0604386540702464
14.81784614447465
8.107304279434477
0.8362982616640338
-15.340428067732038
12.043228148297388
-13.896484863948073
13.815586243508399
14.362909100818293
2.7691873483615517
-4.821612833128208
-8.516385854384382
-14.267891705242079
18.15501317626002
-15.092621463929095
-2.639963319360046
18.343810326914287
-8.910940724802906
18.512106865959936
13.051827783660073
14.815416448326367
11.705703682130025
9.228042879170587
19.75105290591587
8.669630467982262
-7.504638180223843
1.2182750627042083
18.62709219007457
-9.452342807793016
-19.91344794394198
13.133733859190514
0.41232261271803594
6.370082343297355
16.43470583029025
17.73261357420607
16.25441523140404
-10.247829201685272
13.931751741769752
-0.012424065005806284
-6.735575208444256
17.84533464729907
18.001723739535493
14.2303104457756
10.046025928509383
-7.68377436183734
19.852659411313887
-18.428877418515203
19.83121415540638
-10.800622459663085
-10.88201391790319
19.886620217777555
-11.20352237645668
-8.03999492779882
6.950209786317654
-7.657217487975064
16.980633330694694
5.090613116231175
15.025469632105214
12.443433135068233
-18.42494892045363
-6.750725351735296
13.107119550228525
-3.9458923778835597
-2.626589091843293
-1.5780615517853747
-0.37251221241366395
-17.255208218608647
5.222447102152845
12.478088757966006
-19.094629503974332
13.08969856825216
-7.410646528536571
-0.6617455496269606
2.025719078515067
14.977481491458875
10.180246202064378
-3.375570756017897
19.006379461608276
7.241668026017969
-11.796293634135466
-16.177708641332128
-5.102873148968907
-8.474293394206128
-14.538959285577624
-11.423459810983028
4.481760689958612
-19.415661262094858
-19.884566040774168
-9.338334965798452
8.71195462955017
0.1841518089222376
-0.925011352143553
-17.22359010502361
9.374070262309608
11.179570736766635
18.384832514351736
-3.7714342997594343
8.71780844231871
-9.43717795398047
-15.204105060685915
17.21725091293478
11.036924861648131
8.460005259794038
-11.012548978181492
-14.348830699243148
-5.724156834274229
-12.906200919878184
-2.3823197380379284
6.777073646723238
1.7936981731654775
-15.221815039876718
19.343698194026615
3.329832544469177
15.080782939903138
14.633035338054903
-16.93420866300245
8.631444926320043
-5.036905850787846
6.609385649014161
-5.466759058309938
8.957692639285213
17.245206473651272
14.315864129608059
4.136911603106675
1.9545931766805893
16.633740447071744
17.538585913206916
15.190446429490116
0.8529087312320698
-17.920126077833224
18.22593553263905
2.8035018212883855
7.357441333760978
2.832288365856659
15.899650861026096
-6.572534723902169
14.813370686328462
-16.376825865048083
-19.14703837942237
-3.2844494594037634
-11.868827878020024
19.292337659601422
1.0777511962603192
13.452542310416923
-6.168108257968159
3.816477574026411
11.6919568660036
9.84054575910303
-5.639095845510731
7.037809636789589
4.344194555879284
18.96433535022561
15.498221669802703
-19.50597578653829
-12.322736031355369
0.8198462476876855
14.70560904087619
-13.830721308639212
17.812595252921938
-7.111081766379822
14.58952423760303
13.643944377750266
15.067282187937423
-7.35116579805668
-9.898047784177585
15.927581404511216
3.330249815639288
-5.6051178631700935
15.176148306624661
-6.620846257375014
6.806943475482868
-1.4627151630837218
2.520546387270155
18.988021884373723
-15.079197739580943
11.25890931437705
18.274994745127138
1.810524453405499
-19.66605666386153
-19.095294161850575
-13.801122313775846
4.723757735337969
14.331719394852882
13.020128124213286
-13.911695897859238
-19.20891402007197
-13.268618603453817
7.693801589701586
-18.420961717452897
-11.04747247708978
7.425309088030993
2.730966986396286
-4.352479672703433
4.749746200789879
-3.6919053267549415
3.7744119868305503
-10.461024266147753
12.56131434647228
14.448371152437382
17.06758417021164
-16.69043424061071
12.503493833544937
7.595021920916572
14.344399657623512
11.625408195080968
-8.886550454965679
-13.065827168234755
-10.822519140227005
1.2008682705106857
14.831278072108908
14.662637642691074
8.85071991776013
9.377642663305622
3.7692785137723845
15.978437760900924
17.329528656886836
11.831593019928373
-2.9131656645786066
5.475706642059322
-6.835746085617185
2.02153969616473
15.805060574855254
-2.5519013190771247
0.876570292776158
11.800409878988837
-14.581469814952111
-0.8885998875151593
18.78142647132985
19.346973856696167
-3.0594827625442136
-6.167780225773143
-8.75948499930383
-7.224939425066822
6.5010216156548
-7.196621188706093
-3.4966949991361034
-4.242319713438141
-0.30745123864022617
-12.148330745817248
7.58020343528743
1.6051387431752993
-0.675891269060628
11.40528091503932
-8.08179613569985
13.042715637489877
6.636716669641814
-8.967826400875921
13.243620415332998
1.26451515027383
9.663763739983132
-16.976505413643995
-11.335641756464398
-3.1286949848524515
-12.295998098147392
1.1135641137962153
11.757508618940811
0.3389616006189513
-6.829801637632071
-0.231050923095939
1.1965705628015115
-19.371938234737964
17.207824430385877
-9.464674470638768
18.3064634613404
-3.6422388761221605
-18.063715728771825
14.550804758817293
4.072988128729811
-8.694155587514887
-13.239452867648183
-12.421765550679979
9.525162243854052
-18.78490966967608
4.945225664417052
14.433816399525298
18.000815776407293
-18.79639305234875
-19.30426505028
6.26949618659712
5.136177261204114
-9.248406768944974
2.4252719369565447
16.27354080039308
-8.111653367413512
5.035636158586399
5.508574339238585
-14.884911027800673
17.35781283839279
7.5181413474871945
-11.63282376491145
10.887629519346316
17.244523395204055
4.725663623133023
-17.918235290525924
13.458375062421155
-19.930761668717278
-8.701787475245805
1.3878112790478099
16.045133755220434
-2.1020965894744457
-10.070194358050975
-15.989568307017423
-9.656652218015807
-9.56868691144981
4.884189406608378
-0.3066779790780707
18.987898027304944
-6.801359865556176
1.6077586412376093
18.3613295361383
-9.675752083474132
18.386423053232456
-15.384247227088208
11.134643088346596
2.981752423627988
-12.534385866049597
-1.0154164376362864
7.339410213550277
7.982198828182238
17.96766136431082
0.8287563706831271
15.08795070339643
10.089606495552552
14.520051150185445
-4.192825968041962
-14.44651973979473
-1.8453600153330463
-9.973193162045884
0.6538866691047076
9.973774646100907
-3.3160061897136828
1.880175401066893
16.05801323885988
-16.7197365301206
13.623255524499974
11.164724500563892
0.9675207791940501
-13.269084001319174
-10.397642282428858
10.258988116387439
8.868543009093244
-13.803870125767833
19.102204210294232
8.16704610161256
-6.268407532645783
9.647354166856147
-12.642816472835744
7.14680596884811
-16.205659923669693
12.227659047519516
4.087258076510913
-12.075126332733008
-12.903996051306574
5.516268139385623
12.270618898041825
4.3220129532057
4.494021648166061
5.920435485317128
13.554731266838864
-9.404956731984386
19.436524695357143
13.103975551928201
8.844879277617864
-0.9658173340061573
17.47735497285567
16.07917320629761
-7.291994621110135
12.460979408139579
11.367912006690286
-19.08857818334278
-8.460033572107326
7.286156293150508
9.553708646010158
-14.451399946237103
-2.9169370032660247
-2.409390408264734
-12.283207633602778
5.249266354627039
16.463285023220486
17.57291586133678
3.9412473707733966
-2.7417740021798274
2.870965708833335
-7.909594397314601
-19.534145141211653
-6.252142164739162
-2.869171774192111
-11.176739721252194
-8.782356499609648
17.0289578251247
18.88101255019877
-7.334238005512077
13.320881944839066
4.618604400433426
17.20285102687255
2.2662963369836753
19.371280311245428
8.920966035978882
-1.527116561937106
-19.08393722389203
1.3804664099141561
-0.1675468220587959
10.897822672640277
16.19276545168215
3.5191892529191584
-18.980567071939497
14.92563047078059
-10.539010265957467
4.5707158104869485
-2.530027401727679
-5.2539315979610315
-14.904944570963545
-1.3603214440207587
4.678849066894021
-3.942342099799756
-6.338855833455526
-19.058739441307637
-13.795702834633467
-8.004190712510898
-18.823466369421055
-1.6435732599909585
-14.328103233111161
-15.498786418261314
-9.660523515582593
-15.997116705295408
17.113320442089062
-8.819956856172091
-16.328823281714477
-9.28826995146336
-19.633360314031897
-6.386746675780843
12.246590857672935
2.4814989933539096
-4.903418242405625
-10.25393408040578
-15.420839327771043
-0.4766700821651426
-12.960764796680909
-19.32751387682487
-10.020755689602193
14.500139154301351
-15.118633538027844
-10.121129132892278
-8.39019937505169
7.430230734851854
4.781133947806126
-12.153624400715334
-0.18558106592294976
19.953450593629356
-15.146940116584627
-11.553700011316256
-2.548063667411263
-19.397071997826284
3.1598729121489626
-9.951882471649434
11.119086247826047
-5.930710146019278
15.537287342487659
4.054444541144129
-1.5437394916329907
14.50064694507634
8.726574845951784
-12.29135228079528
11.107633881179488
8.677738686291221
1.3235824233044013
-1.507890180337359
-10.420075041955776
-1.8335528569171586
-18.760657595159614
4.247242878889654
-2.2608331798109518
2.4373310364755554
9.366372447175351
-11.68276490130002
17.16122211316725
-11.553204708967968
4.460645514476447
-5.665759125074308
15.780967013999089
18.975854117558114
0.09475561372231311
15.17875158448738
-16.662810864033148
10.84821392914385
5.974270441732212
-17.36839426287983
7.8121344844878315
-18.417379165195285
-18.093200675051
-16.333885316952607
17.27827423260578
18.89121545780735
19.64455252917793
-4.506199621136751
-2.896443885770765
-15.005097768038759
-15.62682430989684
-1.9845998309954105
2.078210112523063
7.073502863860067
-12.370030051308692
-7.666491580407646
6.308330822534192
3.624458363786207
-18.252039412782246
-4.475590333125741
5.164867251884768
-18.790890878862005
12.226267315588608
7.73706300053702
2.357747835171029
-0.23061667585546175
-16.14631060421821
-18.822682167199474
-15.445054912078607
1.1850163441919115
-13.812981316369681
-18.153378295323918
12.444601729977698
-11.057961275751605
-16.308445057902794
6.965068701748692
8.208242412359446
17.063923991067263
19.730580220718267
-9.903973736379807
17.28855784235799
-18.795363972384038
-13.826995105537021
15.70194090756408
-16.393814000165552
-4.656138470003004
12.491236390088048
0.3645747793436982
-3.5243418718198
-10.001597612242946
-4.820226261706203
16.775154657744118
-3.7653935099175726
-5.855028245224565
11.398677533012428
18.638459900097665
-13.463012760456955
15.976166425845769
19.114304878340313
3.511767712537509
11.464665320859933
8.644193013336327
12.611928751566154
-9.686803091386956
-17.64546776537598
1.2866573357248043
-16.167024407143288
-19.52083743445451
12.398889379995438
-10.873910945090458
-6.537574458143332
17.64669909363763
11.418223832901504
6.556446232930334
-9.810658917889029
1.5672108547234522
-0.8365969263807926
0.7550611601515911
-14.506998978183088
-12.705524056436195
-1.431123319926936
17.124113354872442
0.6470504655666645
-3.5262460272519327
6.023069896699589
18.628847935643662
-14.02686737044152
-7.837095106037166
-10.481458698885584
1.1401059094519397
-16.136242710045945
-15.444658254900743
-14.124838983731625
-8.560478014343227
-3.541951169986085
-9.776072395618684
1.0630305557045503
2.4979665271522187
-13.076959622675176
1.0648568767662
-13.833463729321064
5.023832987611016
18.744765905846037
10.619523039603557
-17.665572599347197
11.42586004456685
14.391816313146386
-11.609708450503549
5.65752155711025
-11.083115779631903
-8.985708876396856
2.7231514719466503
-8.211397474344476
-9.712474391455853
-9.60809904287844
-1.9617812400047043
-18.100755341760795
6.499347664276563
6.1788691702017715
11.068629894497946
5.396669377057414
-6.098202326537541
-4.9811484004373785
-13.774740664192757
16.542075202290214
-0.32942833053140674
17.838382831933778
8.06184357233347
-9.485871614380503
-19.911658758438385
-8.270368736920734
-10.788199318287393
-4.537728513505165
15.540149045746915
15.73030157998194
0.2773340421446555
-9.675275015190024
-1.1339937844320822
19.54440495743046
16.213086475824966
-9.332370948341708
-13.268259133797326
-17.43815560918177
12.349692230526315
-11.540129258424914
2.8239967210556003
4.820410420508612
-5.40604509481545
-9.952568300949727
-5.696144497888994
-16.166751951409097
14.89920326027837
16.805333888893585
19.50445569284299
1.0684857248686939
-8.57931815495844
-3.9726792818937113
15.601158357938182
10.99655845561028
-0.6918763283557503
5.8194293845764555
-2.2968344429899545
-13.00475289310755
-18.185375093730478
11.27645157037971
0.5611850289189917
19.431868951553227
-2.436747031025167
18.991355641227564
-1.5648954030231153
-10.945460777893583
-7.204822641313919
-0.7899662760795749
14.73668546442601
17.987004613510386
-18.424983347663012
1.2912578371958041
-16.877337826235703
9.344224446470694
19.774855977189958
7.85543053743649
-9.394217795998326
6.70146070515419
-3.008689682887212
18.419943623997135
-18.044050838728584
-3.4642581186600623
-12.182704305391333
5.228674546144802
-19.11959671178799
9.216906031131398
9.935267137227633
-6.622374608916628
-12.74541509003079
-6.556372342869494
3.4418259509899727
-3.2665055876625857
14.85272292558303
-9.650680004602368
8.55475950573576
-12.71590347965259
-1.3825882771982698
1.9155226265262257
-10.44952418485471
17.934597292778804
-1.3433516375627939
5.411880679986023
-10.663942768512928
12.95668527386858
19.64558663273411
-16.9206293348627
-8.444196872089794
12.726369022490836
13.030077217207662
-0.5463408142562507
-3.3847299558859874
13.079377728737057
14.445559439067672
10.709552493746397
11.591079373296523
-15.162948032687193
-2.0428088920463914
-15.024167196702747
4.391437586977645
-9.134003074229287
-8.813812307661726
19.584483074182813
-19.696572341497248
17.13042037464961
15.515967005308447
12.846066675938147
-0.7036054615351475
2.5723395993973632
4.576037742012758
16.95087841902486
-17.131581103896817
-10.468177372013653
-4.736552231833642
16.3136870464361
-19.428801705759582
17.724238414266907
-9.601370440753279
13.345575553651955
9.547200577637884
6.940675467366599
16.788843628791767
12.594705137007665
14.561497591135634
3.617788850819892
-17.013238701340864
-13.185937402794995
-15.08753272813177
6.092208907045112
18.182077987963503
-8.851995523225188
-18.24749756456373
-9.917932956036019
11.845355526805378
-18.637693139918795
-19.266130978462495
-6.664734315968248
0.7670806332678772
7.023465917855827
-8.830076470023176
6.78629199396331
-10.090850432902009
-13.263191487709825
19.339503771568204
-17.60109780816569
17.729723791240552
-19.26117701878625
1.5645126305284833
14.800997797733572
12.56575672919844
-4.06590326582978
19.609362481686993
13.0306751745482
-11.961727795167612
6.807750530986027
2.5604510316194435
-9.987569658526256
9.570477675235502
15.450657586366631
-8.245407660849903
-7.176917698795409
11.871480369801247
12.44419158608369
-12.171310364779906
6.2117658926418144
4.392136099134262
-3.893967313423097
13.292648115846298
6.459177465574797
-17.286145172116644
14.281530887123452
-0.5785187284256033
0.07878766275737092
10.379095382682273
-1.607663568769155
9.795326588636314
17.647952649170293
-5.692279349558195
-13.787582148352353
-9.985910518466836
-2.071225112292268
-18.121713871551187
-17.2050239088307
13.276195129104288
7.561030237607838
-15.753777307767521
2.0490959876540025
-10.113751990597194
1.860772450959459
5.382574564797441
1.7987850242468966
-13.65568559941809
18.193463806815984
12.655592080646095
-8.313545050088983
5.844752379398027
-1.0773242066885445
9.40435729674509
8.173298146846935
17.32572327399022
12.501953384279837
-14.202214795443622
-5.731244694998505
-5.71614188776152
18.49017898687257
11.493172431971196
-11.873795287127384
10.159259739914663
7.961077999622461
-17.576741096191064
-16.40112562226524
11.940294399064673
-8.368349684095788
-14.550540029204594
10.060517498680333
8.358498101066246
18.99131165802278
-17.598405734646324
14.54776364201885
12.793781420303802
-16.509275120376095
-1.0417974282431253
-1.4204035776146
13.571077085807403
2.428763191741851
-15.334896871197682
2.6920711066692675
7.236245380951676
-13.682634906951602
-15.147470748622842
8.960447351421333
-17.801766255258748
-0.3951911510547923
16.77534567001289
-15.034490537681307
-10.146147317419434
-6.503579684779751
-12.311746112272974
15.218182127011971
0.24378705286682134
12.386146523910938
18.77619966931104
-2.737145592317777
10.466575276962757
-18.734383574714
-4.251289005597641
-8.328936555357727
-5.0080447219891155
-15.974770769423824
6.311967834735842
15.287308720477398
-10.675621819175243
-4.60206824972262
9.124098274683256
-10.454179610850701
19.52065046637312
-10.831298123823107
-4.760802327856739
-6.920170656961444
-0.9346991159720588
-6.155062827686519
-5.6805461772215935
-0.3596865513144287
-0.00470768560430912
3.3257826051167285
-8.852961400551255
-12.681900327360903
4.467786445176273
16.425516191587967
-12.740050692182878
11.052300361840203
1.1662066368961455
-8.943449366399104
-10.423900915551867
12.79105627883213
5.272912796794429
10.327158809087678
12.140809655214689
-14.917545177625353
-19.611211911739566
1.6634959410763237
-10.866591141689806
8.22243126485768
7.103215379625606
2.3637360877049005
16.600503212284387
16.61445517163544
-16.33075957665413
-6.494534797244169
-9.727115086011096
-14.470639075441195
-18.63209702950497
19.90495527414351
-8.570534641694124
-9.356726552611946
5.245354268780659
14.727568667065754
-13.715907271647945
-4.821982072763319
7.429506863868678
-16.766352362729748
4.07112848894101
17.95045592834382
-12.830841741422283
14.032922386528682
-4.393679841281237
-6.333699403560873
-19.688484327446574
8.63786433551606
8.053272731785523
19.018301086984337
-2.7718194230176927
-5.641437521999597
-2.3311202893104443
15.35185215878927
9.1560115056362
-7.220292100423773
-0.6459951548020157
-15.053466938677676
16.475175199224516
-3.955461504385916
1.8577638046983402
-3.5606850343932273
4.36946420487676
19.375252484027023
12.961944418335165
-3.0101414747624666
-7.600119602166995
-13.86525692689078
-13.283330305624489
-7.0394508879000295
8.53570035429275
-7.305689088155365
-15.712542879122111
-1.6023968891585803
5.958019498324884
-5.904557738278493
-2.2094234409977815
-18.920967254537548
-6.482799161980841
3.034962783967188
11.622900014683996
11.488630458658772
7.861367359563545
0.8514755544410946
19.753780464244038
5.4500929886701535
5.05437518607533
10.023518041664591
-6.370365197625221
-10.126757110445013
-4.092451569380557
2.785531080870946
14.550015973292638
-9.814461267524983
17.023310078567164
14.166458309224438
0.24941029840139706
-18.006995025701947
9.938493404827096
-13.58162181984965
3.0478295824965826
12.472723941314648
1.2970326050710597
8.262543703762162
-3.357377267833577
-15.151778208212363
9.67191477574271
-16.820677453804116
-19.83355557632747
2.7002028431709846
-0.28219382376522617
8.599323361142744
-9.845760452890012
16.971879089804133
12.378793915627824
7.3679708795876095
-8.367304100067763
19.290718343668793
13.492882883070585
3.1246843197057004
-3.8691582747580426
-14.1172208302644
8.274277747999225
-18.225524349172744
18.178506886101523
-15.9145318912827
4.275661472698701
6.498912979806626
14.654072381529836
-13.077610204498399
-12.853544357088506
4.376610873150565
13.2813474695405
9.794186544477274
0.09340054307422463
5.486620254085693
16.513529217939166
8.552695569878225
-11.124953291658048
-15.151888919010563
17.027043502794854
8.874018535495264
-19.16917682298726
-15.55865428140994
-18.04664643283523
-18.185574057858524
-7.763316595659546
12.435695352006178
2.3451290778721443
11.764189324257647
2.031987278466371
-9.085916713529208
0.5352475006926163
1.8239866029534966
7.178308618711242
8.459368015214338
0.5904788222416002
19.008303380072384
-12.178746790888194
2.556652973372465
17.563665102191024
-4.091649767679195
-8.78695309465324
-18.366862200740943
5.632939287076866
-11.959616563949563
-10.26715485465521
-6.0472749240654124
-8.950304351592262
16.263867062960287
0.8498109042433342
-7.652354702821128
11.066202142170162
-13.114915416237611
13.35543462689013
10.741298638307697
-0.8042152664717221
12.086677635330496
2.2907391559515986
6.765375415498962
4.562702414907509
19.699851189311964
5.96988351930932
-9.65448119485194
-17.421798329507503
18.822601177770146
4.470916223660524
-5.342542445772004
10.649759854196414
18.856996220140502
-7.1560434925304115
-12.861827501835679
-14.53632145140383
4.73680485400282
1.8020131337141656
-8.90622850299479
2.59596327658112
9.516182197626271
3.9076803592649867
-6.03502622824581
-10.140473090815263
15.203182281636998
-19.03500975239905
-17.134738691181784
-9.449439040038058
-16.136184339876113
-13.73691480939231
4.523282234550585
1.558967714851505
-14.382673161998373
-10.595696326126642
15.503659305929965
-14.16028578094851
1.4212947047381839
-2.141034622589224
15.086807860698713
2.8607317303292206
-3.8672255134808253
6.861710553167985
16.445277384239404
-9.388612869685616
11.508427965338392
18.542600445947073
6.318685526675168
-15.963178999086445
1.7140378628092776
1.148287968080652
-15.248281873767269
0.6311784837096077
-6.263396453513629
10.630046899724356
6.8700687402832195
18.948471424609174
17.397022683572665
16.763220220201987
6.303461359002355
19.36303485623126
16.668932938995475
10.831000778989406
3.3420623661552966
5.390228747305088
-0.8208711907691182
-12.0744564358459
2.958170844444737
-4.588014652410806
14.375990646870413
-0.05910891719182132
7.2352783867195605
16.05617596195414
-16.17999181988204
-16.222458751438452
-17.871553759820177
-12.901847311426069
16.752506434918402
-11.787246558555049
9.501611264126236
-13.365904626568955
-18.37978981483925
15.803083586307743
-13.013719417511261
-0.25136189011114496
-1.8531561901261213
17.805063071850462
4.5311902007663605
-14.620539720656067
-5.924835340773464
3.130438888671474
-0.7983973006105529
3.055478270628157
8.659173734147764
-9.357901085865512
15.430479523962397
-5.08848506388655
-1.5984237952953428
16.894627052398455
15.318114419822606
-9.245256324175081
-0.8639076802369701
-2.6947500029423495
2.5621648278669475
-16.860878295778427
-1.719725111195757
14.588825410924365
-4.310975827918785
-18.328823788812883
-11.45609936746884
11.245534376865585
-8.885184659742379
18.869182297621165
-2.7170266440002386
15.977349251855259
6.282260264487487
13.14137151031018
-2.453639721945727
3.539389740309961
8.482403241402473
-4.551460599718631
-15.2337346585644
-6.412022670667824
-19.352259028681647
-10.876760011450365
-19.616731339413775
-13.651784459854372
15.985971551007083
2.60562439551758
-14.008159374226103
3.279435466828204
-12.50412967959372
9.75295511285443
0.20825955624167136
-2.188876753597235
-11.252407909066777
2.051060739955478
-13.144682030320816
-11.047455786158388
11.371128109182923
18.31714380003293
8.59490600887866
-7.712140282632536
-6.911147611960558
-17.726903338550745
15.080959417170718
-15.628819519537522
-6.161252466922175
-9.935707155759097
14.640058903519858
-13.95878211971798
0.5413322122228656
-10.75291193808602
14.588501499436639
-11.108794276534692
-9.811765572316613
-3.3077656567594396
2.090398739155127
-19.727418911641745
-18.569139549179173
4.5026030985744505
12.277243336246023
-1.8998027912419992
-7.737958907972665
-1.8465730199241328
-2.7746159973724858
-12.430530226870786
13.600806907971624
0.5574048065210562
5.286467885895988
-15.770426647437134
8.917751924318257
-7.738223859226579
-11.804235697809698
-17.940990056062056
-18.26231942753472
-10.440141671457091
17.4306917344135
-17.069718988101258
4.473813653090019
17.390159256399464
3.298439123274491
-2.8713386609877176
-16.774689392756134
19.14419923015317
19.46669938547621
-1.3683430861742352
12.993767632852865
-5.1483003663370575
-18.910088909860253
13.064944168890044
0.7988950386817173
-2.383427477483565
16.6511527738231
-6.867323217571769
-1.8477460930049858
-18.048741180022382
0.549483644820036
15.99117835694669
-10.057532033937445
-14.569459080114697
15.309313842840133
-16.34479788503188
-10.669251586446364
7.367886745858655
-6.1263890892132
14.672181628630703
14.61377092603908
-7.456085450457298
18.91869935590141
1.9826422728868778
-1.6277749967808752
12.98790418907577
-6.594695991406567
-13.179683437636536
-13.629245329272432
11.944211387644785
-14.271141307035617
9.920809999560642
6.34028571947087
-15.676963506698144
17.902458314186916
-11.26916903915804
-2.6110348308455045
19.463429052929953
-0.28194716428157207
18.19398429193504
5.715239560779281
3.7420816975563724
16.6211959828849
-11.677882288220328
12.071988542643695
3.628885229983176
-2.290384043381593
6.087544673196884
-10.233583554837997
13.316882331194932
-12.692146815848862
6.234634379446867
-0.4057358569562375
19.82453116174505
17.911733823500406
4.674439572757919
16.41644078401542
-10.484286845504238
12.556555208749032
8.887730485987504
-9.891545480420065
-18.709171480468605
16.349065766932497
-11.666973681769473
17.740430022116087
13.899683453345695
-18.442538486414577
-14.27861149753809
-14.695580180217704
12.117505071900759
16.112036958746828
18.26045826662395
-3.4972317568423925
-14.538135590860986
5.339414877970924
-9.362570545200644
-10.61037367550365
-16.65731131095381
0.12931663638843816
8.626484517464924
-18.640786527188858
6.961737131941213
9.401313291728908
-11.878152973429055
-3.5334969426021168
15.318793376181482
10.048841811138512
-12.366101313725014
12.877206771146852
-18.998824236128474
15.644848272802989
-2.0568837538342954
11.065455398187744
0.6478280983508888
-7.689022689760275
-19.38373395748709
-10.13050606657865
-9.572192059971583
4.5651991746603
-15.658978850423818
-16.32200982883252
-8.61701095852001
-8.949073279767198
-18.45201306506018
11.885067201272179
8.328368373828312
-3.535255880424387
-9.99009872906874
-1.392167683812655
13.184976449959095
-3.136863925125958
-13.41473656841007
-5.130766520139112
4.2150908144943635
16.739829298291937
-5.97649406599578
4.7307524339455576
2.2950892097818674
-11.324186820118097
-11.629859705674468
-12.138732701287474
4.922515428944223
-10.529951685821338
-7.165694815423155
-6.651775654404567
-5.596480727810636
11.123561155073869
2.2580410010014482
-0.8921245471319068
17.819028388025295
17.09491472022048
-14.922354568043353
11.693282340363211
-18.532833247592322
6.910739652172339
-11.057076810021641
8.873907642774018
-5.871636300587912
8.584956314845012
15.636309328688462
4.487250892761608
-2.8974527307720095
-0.6598438236510908
19.865040508222407
-5.400169867611954
-18.019889230191932
10.399804791845813
-15.207269399154683
17.572279948733986
8.475837124882357
4.728094596191713
-12.720912314448377
-5.320051477575646
4.813597766264213
5.775987349710171
-3.3868490442336316
2.0081594263791445
-2.7030013680501526
-17.356279575697133
14.692981899884089
19.863461629920565
12.919018980003017
-12.062987762641818
-11.69072617971068
4.141766768021906
18.270936754049302
5.592018096930396
5.211965135627999
10.575912897030268
-5.115754254031515
4.744526197608863
12.512525512932626
17.35324779287606
7.989921850242222
12.921928103828705
18.88404149471811
4.010172169081745
-10.365811834149298
-5.602144122924466
-0.7082519619221657
17.9282745253023
-8.863049541161981
-13.518053830258388
4.838516325674345
3.5912633697150973
19.46683210858552
10.245866945865366
17.22024523220768
10.559152680074636
-7.515218088329867
6.473109423516519
-12.53875146787751
16.031715996588474
4.085561894082417
9.787285377821163
-7.109429879406655
16.10852094135018
-18.52495097170405
-14.330908884236134
2.6274083464675613
-6.908269029324607
-6.005430570787148
5.935185901215853
-9.467812495106909
1.218790251676797
-16.115069732100153
-17.701344029209416
-15.64770860627473
-2.012458054349292
5.896192022036523
4.129561818553412
16.885373404297603
14.29511868887937
-4.62400528123025
-7.1453311469878535
-5.082205691241551
-11.44149259811147
9.827745442685185
15.455848082113995
3.8514396752614957
-19.413490391828937
12.218139881419361
2.6881611556376654
-7.252590894784149
-5.9765961872061055
3.9630933157612915
-18.31977149282701
4.38470715763296
3.6859982949105365
-13.616958421315806
4.374364944199542
-7.88277260024798
4.982605291846902
-16.31900364268196
-3.385598029955954
11.322978535774414
0.6069908510563558
-0.6694289893815721
-4.199045600910981
-14.669519759079686
10.355071190268795
9.222735202900687
-18.08138997617668
-4.381059002999086
-6.371971939743016
15.16568111282092
-3.198179484144813
8.35767013839935
-1.9497204745707606
8.573859231488807
11.39065252177815
-15.693322945688193
11.826495963015127
-10.661033221840217
-13.857550069924516
12.346646132125784
11.586350510040255
-14.81336148564035
-7.288606484502566
-12.155947041688338
12.955434544327566
-2.760572100457189
11.084354974318444
-10.931971687434054
17.885962200708626
7.162847319520338
-0.21407509005530656
18.32907907912169
5.885665971277724
1.7613363976808998
6.272280874113612
11.897830225605105
-4.732514203154384
14.955915600372066
8.231463975774677
5.66216668452536
-18.86851546370211
12.885891059451772
-7.654035952780728
-6.111141439331739
-19.870538650327745
-9.406596539519034
-15.861070880991491
2.552133005094287
-8.448236375040988
-5.2929750802215345
-9.832333652480735
-6.416560955235715
7.984444316096141
-12.000310708571774
2.5558614557918347
13.514953177047488
3.886004239132138
-2.105137781682153
-9.88133613548257
3.107544132777594
2.0318871228964177
16.759425305158658
7.768710371270522
-11.862252750990274
10.381839485965681
3.422517478796479
7.04886656485931
3.0340880144729887
-1.436785278780107
-12.784652305212592
17.492318312094483
5.765773291862427
-12.649122372505843
-18.890380408841445
17.33395955129039
9.92081933722886
-15.000691355002331
-2.929876650939214
-11.981997036596015
-18.46116374399891
-5.840730578204539
6.015858633710959
8.27862872302802
-9.108353137762295
-11.097767060260022
-0.8626879670405394
-15.636782734068388
-17.00092200333726
19.465380445983165
-19.781587491594852
-8.9180997204244
-10.39979690535889
14.75986283263181
-19.342280770736235
-6.745497329680639
5.613968362267599
9.952290413737138
-17.669251425695336
9.30932977858901
5.90977307889052
-0.4220426338820573
-10.060863417470935
-9.323844758525368
19.156142872573938
-7.3270466941609325
-10.539527497893388
16.392200982925587
16.668292835121825
8.220320067232446
17.538781549362866
18.803165384934218
19.769285639444313
9.66576504510947
-14.482572699464846
4.009850841548534
-9.638638155282923
19.016600253783977
6.253754529738124
-15.256084835743078
5.433481379609923
-12.029047806304716
6.914040126742947
3.470863347742629
-17.771602315819337
0.21518688195727975
-14.72085132415601
11.979981256214941
-4.295036815695731
4.022771804246062
-1.8034726422829195
-15.676872390787961
5.386433581166749
-5.4644545383529675
4.283840687090304
8.291393282293974
12.649318864687572
-12.549506701656856
-3.9755936405651866
3.4034231590322364
0.0615956261850954
-0.024993757145459483
-2.7826352740762026
0.6425468803418433
-10.893309096941145
4.30151640203276
9.197270706879568
-0.30937245657413115
-16.724831047172284
12.256076844586715
10.513509135436607
-17.429757283893984
-15.173074167473324
-6.6882984877109575
10.10629262203874
14.948508033520945
0.059658710021174954
-5.090218926503631
-6.175576133576781
4.449847385257961
-13.82926440662322
-19.470932075409372
14.802534197781029
15.485134544010094
-7.454264035306775
3.9733872023396017
-11.066987850027212
-9.099437995263164
15.836969356663204
8.50209021308767
-9.9274137634138
-18.680764534533015
-0.059746799468527456
2.9254785422433685
-11.042682378077817
8.893540306855229
-19.458786967393763
-19.28691927538489
17.81816937093494
13.366200663620354
-12.84539146654797
16.430130766607675
-9.509357445357086
3.964152474895073
1.6684735848929577
19.285616065818736
12.498338918683757
4.540976457640639
-15.547802115615529
18.744664895958103
12.314683392658054
4.594614501001519
-0.3091927841984017
0.6898814188326519
-2.6503185608935063
9.670006011028992
19.296216421716295
0.5116025193407303
6.107078749796507
-6.0779994442798735
8.443406914825076
5.203362561181738
-17.64703600807387
17.175683438501828
2.4491448798712234
19.439744491862832
-16.22894678317415
-2.8210284314791565
1.5063027689880784
-18.32746565792435
6.145567397483241
-14.085692363908478
11.842671393166043
-4.519220666294373
8.758000456301286
-15.121423614727423
-4.815054833576795
-1.8700280915143566
10.552873510830917
-6.480340330741194
18.77226630272189
-7.875977938349186
-9.036078032826218
-3.853899467608173
-1.9550685122837521
12.378227602543973
5.071186555321518
13.920155737556101
-14.837159906530534
0.17403625071073847
6.003991616098915
-1.3838306656980528
11.241132591541316
18.064767446730627
9.531142248627265
-12.95851256975558
4.869519495211474
6.758467574360939
-11.024400887384989
-0.9365507609202766
7.104597510983503
10.94385621250148
-18.53324491703527
1.0241853089036894
14.251063930851956
-12.201583157064713
-15.558289147013934
9.705284403440029
15.412782910483791
-1.4391925484479202
1.9244095930031477
-0.21028755117072606
16.61169049814354
8.360401931650724
-7.003517672615018
-19.003216528822804
4.496377578988234
16.18502093864398
-8.785021713006298
10.527351341009169
-4.295759920604647
-1.784528494561716
15.471658988989347
-13.415185078687557
13.601191445955727
-0.9296808130390559
18.052876510522182
13.126954471826934
17.81467721548495
14.100143874841834
-4.305770989809567
-3.2486226050720113
-16.913445290359185
17.983713070922384
11.423546038633301
-9.452256639058362
0.9826499319761197
2.337412299956636
-3.0548442496258303
-18.17903899844399
2.039594909183272
7.696775086366049
5.601941241177556
-13.525187242918818
13.460175588729363
-11.072970668898368
15.458220760777053
-7.83818907602193
13.784801115890197
-6.064498115364767
-19.274045372210367
-3.3090054460248837
-13.80377305771972
16.858997622453764
4.212740305726399
-12.563240849914523
18.903963053936593
-5.880048647272208
-17.224480544463468
-19.305143629122785
-14.131954352942241
-7.6256485460677546
11.472306911107527
-5.525533542285759
-18.639739363331653
9.901707022286669
-6.1611732971353526
1.6924827099816007
18.545992811130724
9.099534599583645
18.907692675030134
14.598438340035258
11.257036875084392
-17.902132352507394
-3.566150074617962
10.265925586048134
18.926363786729183
18.531362174133967
-9.281586938898506
-9.474089822137085
-13.638354734206413
16.23768017890307
-3.2715419823530425
-8.481776064825262
-9.523522997664134
11.349020847950364
-10.323876312446876
13.82957740146982
-4.40726980346723
9.959982958166663
1.8673987360686404
3.027175503341706
12.68878316805504
12.710327160675995
5.450668234336781
-11.984346075882897
3.0137734898716673
16.863739229094236
5.497822397221178
-11.487727887716064
8.733163174431631
8.161719265456867
-11.592679833819638
1.6762319746167833
-9.958302109991234
5.912104083145792
17.0565948960529
-5.748906842011966
18.7790762103133
-4.125088836898389
-7.461322340627291
9.478059182512144
-8.191758926353728
7.010154447753344
-15.339054293497183
3.8985939283930726
13.381960298595857
-10.770338275876558
-19.48334104657603
-16.20743347844177
11.53338929430771
-12.011680904202464
7.094379797053026
15.299418737413532
-0.8787804882852477
-16.15593739985323
-12.113757103003046
17.707206331560855
9.505735630502041
-10.245180864581656
12.875529728727592
-12.537602451094019
-9.655163741712478
16.723756869551757
-10.502894428642037
10.247367418965673
-19.89582945349825
-6.745876946970672
-14.084877219424673
1.1856481429651495
-11.831925088411182
13.069387327191151
-16.718800439278276
-6.405462516349649
-7.526079170735462
13.922917187410626
-10.483667430789655
17.89327915910785
18.162044629919464
11.929505553953899
-14.37237020390899
0.49364536399911785
14.026237352034428
-19.77217341100236
-5.209888254484216
12.145532359146031
-1.675332476737971
13.980961832937808
18.648789760846604
2.348246463159672
-16.087971768013773
-5.118915070439529
-3.1780137499060537
-2.3756595486603587
-10.270285650823766
-9.044219072850247
14.673619218881498
-16.995219670268355
-5.210044506028023
-7.4151651682620034
-12.297793802198003
-9.695790719064625
0.598470864557715
1.0920774599123853
-2.8718409428580607
-8.241438474551298
6.630841031684547
-3.5140750319845395
-9.69955488607332
-9.230145364698856
1.8418227178453677
6.2014480259176
-3.0884085864017017
-16.96283225355542
-17.482046641469577
-0.15968424592742636
10.602629314611253
-19.962781586167985
-17.439992128420585
18.212786156591065
10.083433237467876
16.54537114568747
13.930821704591885
14.45932454355448
-17.73515744653586
8.217405707244868
17.194043837923402
-2.949740791674344
4.566839913398692
16.714115143765923
-10.983436807119853
14.634463270141381
9.584055081457187
-4.133080772750915
19.811151291279486
6.0930815629745325
-5.6149761857838065
10.823010779200569
-6.135170462641742
18.59778321402461
-10.207334935097343
9.0894932316146
-17.802801705998206
-5.63052543190274
-11.378380640388258
16.238542862155683
-11.879283863307517
13.144759669287595
11.651407640259883
4.050928512170945
-0.25533573033396095
11.151374614305375
-12.058354977837666
14.474490493304025
-16.433099971087405
8.192596288829105
-18.17826002810399
18.21691152585592
-19.000765363459617
17.37185565845644
-6.426892517330165
-5.404066910247604
-7.843816802149721
14.705654043649112
14.199081588044308
13.485478256654048
19.13738303726233
-1.4790680185686433
8.044428106472306
18.132186752912027
3.711051991640062
-15.34112456710174
18.415753776685868
11.592251514074363
-15.938578832753322
12.088491455226908
-8.184939276949406
-18.86738977884097
8.33994250974682
14.309751542609376
-11.245606754434117
-15.581341680900067
5.696506027937261
-15.745083357091714
10.238972463537962
3.316327720518597
-17.438095045456897
-11.120204533265849
-1.8886059906952255
8.940344569561166
10.17526450762687
1.54617504306772
-14.551893506273284
13.368146208960056
-7.290541823037335
6.655224232454554
-5.141702265662289
9.431840027620396
15.924030998033743
-16.465415440141737
-10.46225778831625
-7.69977293796523
-14.558303407015636
-3.8931082489984306
9.953417633672963
18.535049041609085
-16.484750238027388
-16.891848145862216
-0.25604126692071105
-18.730432097842566
0.6441483426804204
2.6227799655133524
5.6507448193476435
-3.23806606520359
15.237295168077772
-14.976363390036367
5.843136098587124
-2.9904835534323304
-19.188448004493203
17.06218754235222
8.15429687893733
-11.860381371625962
14.222517952089113
5.487697240696562
-18.566243965917764
5.137503153309236
1.2998089921541904
1.9461237180535171
-15.581679522101087
14.732651122104329
-19.017040444015578
-12.658814858631956
-8.53025321899369
-7.019665475252083
9.290161209216361
13.424130943989965
-0.780745172411585
-2.4565365418652654
-17.647569690159845
-17.959464040255504
15.937327940746549
-1.354229808959758
-7.491578332845483
-7.086302438161818
-4.247230146301053
-10.922095628068398
-14.009391694334749
4.450558105443562
-9.742967465397786
-12.893178218096754
11.481772780625604
-19.479360576854194
-1.0846020894232211
-13.255327193033501
18.942762143518863
13.158927353702701
-2.4935426589529754
-6.12725207517466
-6.240725204374602
8.186082929302504
-8.165486238438785
15.337100080241882
2.8513852191585016
15.596947482885483
-18.791245407422895
-19.59310850421232
-18.32270944187153
19.05119040935311
-8.714390145958708
-2.749322143360967
-3.089036142168485
-0.7676849443603757
8.616495468517638
-18.939218649093284
-6.833399678047192
4.761228244832893
-16.500036502240157
10.780310131195613
0.4058641640276619
17.377482130325774
3.1724320014103284
2.1814898946694754
3.8875776383758733
2.0412731846602874
10.963172055798175
8.492042040566005
-16.087923015200026
-10.862519610403956
-11.064787900746754
2.8887876525467817
0.5599819692710142
18.814163499432524
-8.50770246659739
-16.412659492345924
-17.64652536720931
17.738582014488586
17.68053299344951
-7.085029832720448
15.042489957989446
7.017265116384458
-0.3791354582187978
7.479298518110575
1.2965114341879769
-15.111318896920212
-4.459401530373736
16.689421120946207
7.628129419945605
-4.430498333624291
-18.825222980927265
9.978169860909382
19.06062405780728
10.87543969694639
-7.570774132139748
8.503465678800652
-1.9639316445513408
19.38551171667929
-13.517709047972165
7.898800398336434
-5.925499813599554
-9.858399825940971
19.486533728811317
7.742565332050248
10.556552799720155
-2.2991991893285793
11.524544241771629
-16.58594770854613
10.360473228647656
-2.8724918225437506
14.37784857933822
-14.75200035193048
19.740958350075914
-13.851936386854366
-18.26140707308602
11.730858624968462
-4.572856134453577
18.252214599804276
6.000501182147374
-0.5043748538803428
18.94030008627925
-11.906578674111605
-12.675363233155075
-1.1004197928268802
-9.031154826647878
7.824566277968394
2.294494804362678
-12.38274614978414
-13.247351361213177
-11.159148717470986
-5.039163832050569
0.9704014849350386
18.699373195804974
-4.414101410602441
-12.871296415529407
-18.60910642041923
11.956705899885236
-15.475095890245893
-1.1267516823360992
2.8990721459293276
2.8425426625037353
11.156205760170824
15.266666999151262
3.0069633983787227
-6.237220688406243
-6.027648328703661
-2.3902129961410203
-4.865198345482042
-15.790841421985146
4.550889445193171
18.385962116738625
7.244044457037411
5.706610219996424
18.679195862362462
-0.30248694283770305
-14.27137260120968
-5.833090517422992
7.437697665607828
12.12815358909451
15.349376631943358
-3.0003384047298667
14.32476374533367
1.7137144811749074
-5.111322780616824
14.948315357535158
-15.486044593364499
-12.930561323498662
-9.399626738025763
-10.859962274063125
15.471440784045043
6.43765223123555
-2.3971748649351845
-5.492342669891318
-5.959014567962374
-6.153578662271331
-1.9791967369873475
9.83650940305344
12.10649135088569
14.974135205958731
-14.350947841161554
6.9695093761548605
-7.282802842339734
-2.3765393948038067
6.185530995056894
5.9118242574101
-4.011937986683144
-19.185217088579613
-1.277549751741759
-16.21899298845414
-11.830761346530888
-3.104591188261413
-14.401052730998192
-9.480948121242076
5.450436651451767
-10.522616540323032
-17.65746139490537
-0.8797914219197764
-6.055876262956449
-6.187839086186834
-4.44213666219107
7.007363353898995
12.453064354011474
0.35313066371251267
16.25433822586733
-15.743345143795583
0.6463983144107424
-16.92857288246365
4.6150452169929395
12.740280167122677
15.409869722958646
8.168336372811424
17.96337518845789
-6.350253150005273
9.408306363149073
15.839285067956716
-9.111331860108862
-10.038058135412445
2.0108336347543627
-16.411695619864727
13.738447704744942
-8.132587161979146
-17.2869408415903
-13.096762013927421
-6.927876587139226
16.413755420705286
16.69864382252625
-8.18737010600823
2.496478839591056
16.154807317248803
17.06567918110018
12.872164257458707
-11.345238198297354
-7.764778601795225
11.17178825220401
-13.280107050238854
14.752034314682014
-10.625577405627059
5.242155281867568
-15.741214852253304
-12.098501835970051
-11.883552080758042
-14.97523650584419
4.84124542320286
12.76787515932584
-15.802944188655301
-8.140049783555163
-17.673470034696734
5.700063616172272
10.2026499262387
-18.33081316390573
-0.3400244743065528
10.641151020317583
18.224544789484604
-4.291704028936074
10.424980524359512
17.51170592401013
4.639015859269911
1.8313633895866843
-19.41441628927408
-3.3843628878260823
5.4587546164983465
13.115715909355295
-3.2001165297131777
-19.392409106682422
14.558317848525014
-8.034522747190316
19.959078033713567
-3.2783136133610995
2.4996348264604293
10.150639919224208
13.259632622150697
16.934987175683112
-18.45234106395548
6.4051067457459645
7.158983736990294
-1.7284678472361428
-17.816561611769856
9.818726859022874
-12.015450179324127
-2.31055498431607
-17.54291851119664
5.306390081193001
5.705659149898516
0.08832739496284603
1.2946751394257525
-2.039851402696545
17.59416774359226
-15.768556534015294
-16.30955214405798
-13.95408991031827
-2.3565208659135166
4.512690410021083
-1.7711192016335673
-14.234500703406034
3.348230914946896
15.35198781011119
-5.935954914965489
3.861197905486989
-19.94966842669704
-4.009170757973601
15.754368364124275
9.084482709388414
11.905719956969367
12.897200487102673
13.00205047663399
14.188339294432765
-2.485950898292767
4.604295801432077
6.662146175045432
16.38761114817821
15.281407648168944
0.6307506543710559
10.238306696846209
4.515499937506583
-5.802417560629811
6.570551039735445
15.769572625969161
13.964745123409948
-13.092521656988465
-17.910084771838186
-7.405213961956306
-3.6278731969705547
13.744137162948888
-11.088112982060485
17.331591089001712
-16.398099599747333
5.61313661834933
-16.43960019915813
16.996637640639413
18.864507989432894
-16.139179018897686
9.024656789890901
-16.869118032604508
-4.94840450784559
6.028086215034165
18.320546967728532
-2.21470131347861
-19.679135423407892
2.1343616991084673
18.453913357875855
18.014580640542512
-6.34579335495375
-9.166183004666465
16.95553681734608
4.324236344684223
-7.943708552803468
17.241143610607097
-14.061868607848819
-16.508168384062934
-4.206615173725785
-17.590316177869436
-11.404561551697814
-2.865928020707944
-6.71980757255136
1.1318581268214167
-18.641864230481072
-19.30872466527045
-16.474421706128382
1.3668807010412998
12.594650338393976
7.253480023437557
-1.4646227931261713
-14.513302109945872
-19.746648010189137
-2.7808299562085104
15.650662730634949
7.9625716031202955
10.235997529737183
7.244111476971867
19.03463067942092
-13.317366076255933
-12.418970613427298
-4.172518056760325
-3.6409721319511554
-15.820007064198265
10.831988717733179
8.323530445353242
4.026578200605385
-4.341380482615289
9.904836062219573
-0.5630075433698352
-10.124710550659696
-0.5502665623602923
-9.427195557818795
13.134908448986799
-0.5967003929635339
14.62302425627383
10.293929460635567
7.070392562841889
-4.196325914574427
-6.512059657897238
1.3055714720604925
2.9975850748404476
11.272450146136435
14.03045505978244
-8.082823010859439
-17.784681965940624
-0.21335892856737004
11.419351056214332
9.449247881875085
-10.009694336750847
19.621287422175094
-12.435803280169328
4.37873541214422
-4.7416285305520525
16.88357274154172
15.642579733640403
-9.240472178524417
19.048857631611476
9.840022794134487
10.280478193151449
-1.5233804219811091
-17.68166520370336
-15.208560487778726
7.102600629774749
-7.664267470834618
7.26951217594603
12.240884882332274
-10.762599128646325
1.8587675047451597
2.7928769267223643
17.868345438961143
-2.9808758531718205
-19.076729572221694
-2.2543560366944426
-16.164655854562227
-9.64040184751271
10.286515022984432
13.13868240228804
-17.962824650594417
-2.520270270378763
5.660849644281278
14.995733392394754
13.67912682077958
-3.7732817953742206
-13.363992781434737
-16.55053175342062
-4.931660160513172
-6.765779089233188
9.563455166386827
-19.575090473676383
18.802112938405216
-6.719579397823811
16.733737045068622
14.910412423030266
-12.58577859733256
2.8432262768759458
-7.999906649040094
-9.417387910699224
-2.4866063973508723
-1.6389583830892107
8.178926538888781
-12.202252011106873
17.078504050678163
-6.914603995159974
7.962976604528862
-0.3712293553363075
15.233467593774783
-18.421481576771622
12.706898514878432
3.4215062175729436
8.53374464506238
-16.57478624714272
4.401325660672416
13.27547990841412
-5.825521927132776
5.6865687914503695
-8.285568347119687
19.5229580233362
6.0232123772802595
17.02782542585218
-9.389087177934732
-3.5181252987974077
3.535826698392121
0.5601253014100891
1.6354803532904718
-7.4679084734589285
-16.743565589141333
1.7789506318750803
-14.4405357309196
3.7872282601757234
-16.31823538969318
4.503902665730838
-13.374359281568848
5.459149957166275
1.129293149837082
15.881765299170162
-13.620704170800678
-14.751217848520252
-9.657090491060337
10.623242369834518
8.363276679509415
-3.8563383829035587
-19.81485512265875
-0.3663872742929186
17.48745868729609
17.582080328988987
-8.070635217094928
-7.104451892460055
16.003316305112804
14.235591819531017
19.74247012637848
4.0067868290073925
5.821219073451864
18.446781140373012
4.903991431044716
-5.14832353390835
-14.107625582634466
-15.451630934355034
-11.236004945666016
-1.0040256347130452
-9.140598278174771
-16.637589975045316
1.9793543433934673
4.933261575451432
9.38946747807411
9.747708848512204
16.521694289365982
3.9228194310766114
-6.95524578797551
-14.436658151341293
16.222505680396687
-9.142682475198495
-17.944443383772004
11.977536558710703
-2.5378449513662176
-12.686359369031655
11.047509738191831
-18.21136148623118
17.32952970231888
11.00903815531387
19.9871463217996
5.5539166872845485
-16.38041645145787
17.626364877073733
-15.097585892755419
2.4273869938945225
2.2455895884611294
7.154715889794055
18.785783838189943
-12.767096717447224
10.808505226763707
-17.75860327995531
-14.239624437413152
6.693844559578295
0.1820850762281978
-0.3773697875668063
8.74456179952313
-13.317425729580986
18.941772027111455
19.60529120735923
18.15169433490857
18.24204327493115
7.694689921139812
13.934626709986972
-15.41171493125431
13.48056686546959
-6.7682529425207605
14.140467320397981
-2.695920878997736
8.879756536871255
9.673927602837797
-19.629032793319006
-11.257421237622687
-4.779783857365935
13.376125341071486
-15.788759960460546
-1.164247111625233
7.639559185835619
13.116635479322909
18.331683122364154
-18.82275068638635
-0.8956700240277904
-2.1913637642100525
10.696485707851473
3.5128952755520295
16.454745470709696
-8.277921355209328
-19.684803095826755
10.039491585790469
-1.1402403963436214
-17.279763563407016
14.519468624707834
-2.503360882122042
-1.7533059660689219
3.707169057074317
17.94028402357835
17.758552218558762
-4.507930048362439
0.1624965511013272
17.270605662349865
-15.720260975240006
6.759386617538276
15.569382862820312
12.373948328358495
-6.07869371035024
-5.911348191719288
-7.597161974049357
17.13159009475548
-6.16154382682787
1.1919030574909506
13.947888547454312
11.67126597438033
7.551148625737298
-10.277360188472024
-14.769641523224223
4.818785900773612
18.373134684631047
-16.886827001203088
11.037048055404295
-4.628847412854915
-17.670304030306042
10.212049602974211
4.765741519516908
-8.529278519330706
-16.7315283029582
-15.408150343547234
-5.068782182832322
18.09826188759817
-14.470868475345892
8.48370738851137
4.530691289584574
18.956153162502495
15.981666415737891
8.111767403570873
9.479311800604364
12.067342558161883
-12.572004160341542
8.625615293965204
19.74224578290454
8.853068665440457
-10.847153382071259
9.429450161733968
-9.547624968852354
12.426397090344508
7.2272486010516666
-13.763584307803294
17.922533585283908
-11.936843959681998
-2.1356846039558697
-2.1181844048984004
-11.773578931111835
3.1806616699513803
8.431491559201774
19.759996968432986
-0.015972407359804208
-8.581427112497977
-9.647295893548971
-11.23105602975992
14.551324227757888
14.732433826123959
9.071827860256189
6.472549282151373
-3.3120504111980082
-13.231939760545197
-2.7391390262448496
5.576491209404956
4.07595772418405
7.49353145629582
19.785950731044124
11.058754282230197
-3.9787563524489187
13.784720970999814
-17.988344066333198
-15.938645923973787
-2.320098050191749
-9.88645219