6.186759271405542
9.332117759647524
12.401173689110166
0.6264594106948707
-18.543200058131106
-10.678297154770778
13.351531411816204
16.505959227450035
12.941462948396179
17.091773547828183
-7.188209510292133
8.845674235238551
6.471617439019859
2.583940568003925
16.38443243991596
-2.1810269850424966
-12.473315406142573
-0.47925952870774324
-9.82790410015106
16.337193603497504
9.190953516273158
-12.399199039344193
16.579460474779673
18.998921088304428
7.312959841552736
8.399930889590447
6.1332167146587935
-4.274626061224588
-8.883441963913498
-15.689873630016287
12.764588781997574
-5.643735356363626
-18.28857290023876
0.6829819574124052
-2.9972886207440474
-0.7111198241353094
0.24216847639591066
7.563463162292294
-17.314634294341108
-17.530904093695906
5.581726479947697
-18.16866725812623
-16.716133969074566
-8.053581487124507
3.058388023532604
-1.3592115150116193
-7.156602486419295
-12.48690256391361
-3.0558205393716733
6.329824345885832
-1.8061070599733995
-6.6415595852202145
11.800709301876843
7.911712678992554
-3.3161502648104104
18.72945236276375
12.520559990231831
-7.770944066782031
10.227202353758905
6.863736079743511
-0.9691195089779505
-15.188382425799896
2.8839974355034315
-6.635229867633514
10.588073280718099
-3.314392014954418
-4.658322227179422
-8.46271844057808
19.25070713165929
0.4136186069884964
11.354860496136347
3.57052158247399
-17.222037376331095
6.539110622404397
17.510311540758977
3.2847567209214574
-15.826083809270632
7.122340364161364
18.540135609702425
-4.097117358461659
-14.545051896574318
-0.4348524996960137
12.411742059973918
-2.781182098321647
-0.28624017108252886
-8.967945068807461
-15.119790065752877
8.292494561153191
-1.3918919470446767
18.071370139567506
-6.001241009564806
0.9560874924221388
-0.5851570341732035
-9.90531057034791
-17.423216811846313
8.870817288645675
11.442535500996396
-5.039773184518271
-12.042617705740737
11.597006916835571
-7.889156663555298
16.79254409089549
10.789692872695504
15.87208584735945
9.669051865163361
7.450632054935067
19.89398688593087
16.803434727428993
5.538157573232596
-9.715975994513988
-2.4178586361379892
8.40306290115376
-8.622262655850491
9.895665913255769
15.561699076146617
7.047001691704587
-9.711152776698672
-7.2697966683176585
19.572582135935896
0.6754851933422579
-15.265444951001076
18.759409846577043
-11.166348505639476
12.16486368232703
-14.180797006753183
16.761866377948017
-5.515224406414308
17.821560347497723
-6.822122253527985
-8.652334466906982
-10.854143211828774
-0.9803954357946232
-19.437580368821838
17.69703117632845
-16.309888385499946
-16.306886761291423
-12.378106366746202
-11.568082816275247
13.773947838485611
16.880148834331067
-4.365566018007726
15.256528109948448
6.357668534271987
5.528852529589969
15.619788974534295
-15.68047026121544
-18.163631108081116
-16.093249704444435
3.742482318811284
-14.852832947952406
13.851625795639471
-14.214873037899864
14.177860495853622
-18.888870032682647
-12.304615009361681
14.262185304435938
6.288909124954529
-1.2088804202531342
9.525967286317282
2.6481610406713756
4.4877767985437345
-10.844905986371778
6.703438591671052
8.792979259521587
-13.204284620416766
-14.59623552084543
-7.006943290583454
15.753743781840157
-15.673862970998895
-8.188970820074593
-19.905719078153172
16.53494898763867
12.868758012045454
-11.466857756634301
-13.174534668672845
16.798022707636576
-14.625270507020055
-8.335979033456749
12.086485097240868
-14.213036524118694
-11.506035678845766
-18.233420564779617
11.820029420375523
-5.183067985515963
-17.96852793185545
18.49521695953389
-9.649591821145425
-11.217286523204724
-1.097282081159861
-18.67197853431864
5.624528352098601
-6.722725775082585
-4.944113015816299
-14.799918159614943
-3.4093050924478163
18.570989923896015
4.049669074087234
-5.232634133128702
15.9315514371606
9.802412982673804
5.014137170303297
-9.371354083448566
-7.146541328904149
12.534959824173988
-18.142644469123525
-15.027033402314789
19.087127874245233
2.075184966951067
-10.227662924637633
2.569408922051263
11.99611807701983
-12.022071621456236
11.229924251904801
-5.526974550329825
3.24016177711432
-11.645776706655289
17.502005713349867
10.428252515914643
1.7976784499151357
15.797758675350579
-5.908164058794849
7.433106183025409
14.997885789384732
5.616277757716475
-12.268262192590399
-19.442364536752564
12.06149328977493
-0.29967052563810626
-0.6591470261227883
1.216622520859186
-15.00902099488711
-18.99533885619574
11.011367466063994
9.285343702508975
4.765415543383153
18.173593128600537
16.489999689052418
16.46748462809539
-14.511419714918308
3.7628596907460192
8.021818519528917
11.087769344084208
-6.813283202844573
18.865083731940032
-2.1251143769538956
0.8117372751832086
7.474639546212394
-16.69582674279986
18.659793426941334
8.927337066657177
3.807248463260219
13.245126259190691
13.727295462946472
-3.2227573076547813
-9.050061283461016
-9.162046498424669
1.5482967256800535
8.90438279601571
11.409176084962759
3.8272978055426137
8.613879269363306
-8.269869969048639
-17.966155260671968
5.227399806010851
4.0083669131431705
1.692006916433911
2.2935495954860663
-14.91818842117084
-18.053770625950424
19.951369511674613
17.237199926306126
-12.106453829247354
4.866522549512226
5.050563436464323
3.216612785423685
9.805658605891104
11.575455236448406
-12.630889592823928
-10.2702672945306
-3.144019887328664
-17.16973341550055
18.0855312347891
-8.63227717316445
-16.441481853953906
1.278200533686558
-8.49535085324646
11.020769573134999
19.68557127778608
-16.51024952175302
-11.561769272249606
14.724287189403256
4.555430164093558
-13.991207593435483
-10.93265838935241
2.3100898730072643
-1.999004517157914
-4.511637327776299
-0.42581217363202484
13.360768478637354
1.6533102318394235
3.297767934478024
8.728585536050652
-4.45909765425046
-9.461533219251802
18.191994499203858
18.763193349910793
-4.879958785548846
-10.576292176959775
4.032201691891771
-7.359536004538892
-9.90744501563289
14.454352321513689
17.384227718962727
15.244581109961366
5.3205957154087
14.863365594817395
5.314788863309573
9.117274941561245
-0.7961540916386696
-14.375679464187261
-14.254064868638793
-6.831026947843878
17.13191789348233
-17.24420475255931
12.615064715870986
-14.974777594235839
11.021833949802762
8.168197244039781
-11.99503689563533
-8.221357970264599
-13.180407838329371
-17.209927600319837
0.3012515551429331
-7.393614327935012
11.285085247252734
2.785988412915632
-8.145069496544668
2.5302305970693304
-5.83715398658509
-11.430512142060918
-4.2280410088732445
-15.021888873014046
5.527956577283621
6.46189227447416
12.75216275675713
-12.944154942266861
-10.4663133716946
-10.134205248393528
-17.121462949273756
5.221423757482469
12.811535604306115
7.41623398454994
16.248906364482572
10.263721396209476
-2.4325982562498325
12.960596665189207
1.8192557025290057
1.4658678038562236
-0.9705397372622073
-9.106753781548495
-14.896580534253975
-4.454747018123797
15.94086433884874
9.304769737571018
-16.237686415115895
5.9174387558470265
-18.294086954071226
17.479136127420027
9.847230306202611
13.90423165808577
16.561544151379117
19.696168851739216
9.303527129518258
6.587708825127166
15.620445701037646
-2.315928651874046
-0.518971274415069
14.903666422597695
14.931550502340727
-2.6357138781914635
9.698620870013723
6.711150423011375
-3.4380979644176044
-8.601493837215056
12.931252316341165
6.274792393204969
-19.3772990191078
-2.70413964463604
12.636375193555807
-9.053230951548237
9.766961926363717
4.746448177914814
10.859418788476187
-8.878229366023675
-7.5476781123092085
-15.753767803941647
-5.063797394787279
-10.729232932370575
15.693315074430437
15.953250127652574
16.239348394955982
13.799346531536905
19.978623818812117
1.8672577639592092
0.07554916968254588
13.286456956687495
5.54980821905222
0.8263204544067193
0.2740345652435572
4.214285700468736
9.851082815140408
8.677750397086037
16.70264317588225
-14.477729207595335
-1.3160291012217193
-9.087897557250066
0.9877546757030515
15.693704672992226
-14.344617491319083
12.057488266373909
7.303027174432319
17.71552065937292
2.7139923801592545
-4.64130974747448
-14.517290877009948
6.971122608012841
-2.8406434927537028
-15.181243126607896
8.690758520053127
18.235681254187604
-2.257916896517269
-14.19625781105745
-18.16995021803034
14.88447320714451
-4.054113323511457
13.23163998245677
8.238758066287573
-14.200074936086814
0.45917169912328504
-8.13150742244761
-11.719305479795214
-8.929677211817339
-16.98560696810403
1.689729643266368
-18.593957266796792
-17.568346263944097
8.251334700761852
-17.367341107757134
-14.12035559776195
4.969498374394433
19.111211596577668
5.163070852721667
-4.692068499618474
18.05206226330092
-8.113150626844154
-11.703378794034101
-1.7142120533301082
6.426294563188215
-2.632414376488825
-7.1918334915493976
4.286782759252311
5.533337727230769
-16.40306309391848
-2.6329138819355933
-19.78683920197406
-19.0139606419677
1.9934488757813114
-6.187964016710419
11.705919190332345
-9.65371609155406
-0.8674648002118843
19.15881900979751
19.244944213765216
-17.337439215993026
9.019437882048521
-9.68852134092943
-3.8039641684192382
6.5941038316780585
-1.243742762568786
-13.386668016012777
15.457858801279365
-7.652715621563392
-9.224023662604557
-10.18006764828456
4.475566530919085
-5.50850709479807
-17.83533121330651
-9.270596723953094
-15.033453970560338
-4.587898855853162
-19.46845959814411
6.5478176539579955
-1.586054869296433
-17.01028172090206
14.280901119705113
-2.255699766114102
13.606550341122073
-15.97934710999462
-18.77991938591653
1.9072621952578217
-19.68191158248903
-15.52000540426767
-18.82512489011757
17.18058458483582
-10.497378000880158
13.538048795754499
-17.94187655888528
5.172015113743569
-13.66129591202959
-16.848366915181522
-9.48152169970706
-9.297483265091708
-11.330856359625269
-10.866132196912526
-0.09419824953108957
-13.833197420778456
4.965465332722346
-16.32753921749095
-12.317256888757244
-2.179022055595624
-5.341911057523774
-15.582824554071642
9.990810911104163
-13.021110400411127
13.19746788856449
4.209911213125373
-2.8206291473145058
14.408806273866347
16.393391551818837
2.028818763486843
-7.102300816822975
9.859078018154616
5.143818592220136
1.246674673327341
15.686630068650032
-14.34727182554588
5.349730519635063
-15.248970089933671
-3.1948653498500263
18.369409654251882
12.19737251626939
-14.98871760951069
-9.457088958188988
-7.792009410028204
2.814585552061466
-6.096947910314864
3.6331301756457144
1.3986470572301144
7.7694578066411
-9.041636045058429
8.703283135501852
11.632789439678078
11.066787295002708
2.4051933381282318
-12.738889220011966
-16.34989466178574
-10.332466941992763
-16.80438357673483
-5.763593225396114
14.587861558976478
0.052649426818646816
-0.7464171283936096
-19.392953262204568
7.535239704565466
-6.9230539233406585
3.2383555995152093
10.11787367270842
1.7581892093238771
-8.937860767096502
6.726262175783408
8.489703435382346
12.676090944369982
8.169774486649352
12.952629161322811
8.190575616505203
18.419763426128924
13.388918027198535
16.08988485179342
10.756336023073324
-8.919161004974981
15.426755956061406
6.299175489379213
16.65194659167649
15.611415980490449
19.734121156365923
1.2644608765614649
-2.642628986291431
-5.734328140929312
-12.063162200036572
-3.1790091873761597
17.702344222177338
10.469619261414568
-1.344548391311264
17.064892774208523
-12.083472486280495
-1.946367441221799
-3.6699280812839206
3.7101888728281907
4.950067223632306
-5.926856617618075
7.916508869489451
14.531039926622547
10.67637292799563
-4.5129587397802915
19.28234526006976
-8.321513494414855
18.145436237563878
6.946921322820451
9.20678846307112
1.7704155705581357
-9.755280281197694
6.8676449075151815
7.5971413216389365
9.39969394232703
-15.348099582942023
4.994144754318576
0.7469495105120458
-2.5366527421955922
-6.586200774220412
1.5658467096984516
-9.813587644729282
4.306636351449619
3.4133424973856634
6.181702188584119
-10.424996289612928
0.28082045695832747
18.08900092608843
1.2462445811752865
17.304646985889683
8.19727774052895
-17.73454170343653
-12.619958114599793
19.12907727816934
-8.63490893092373
14.530805938831712
-3.689439618684034
-0.5280818992097451
-0.12602498724881883
5.8161305721240595
3.279636017210411
-13.840644416789555
8.413743793768937
15.098617419788873
19.490025735009695
17.817291684578493
-18.616011411400486
0.7459901776608326
-5.075911398874391
3.7007403604053657
-12.189149836174447
-14.516629031102607
-2.1872633182959547
6.806525400810983
-4.272506755326528
7.222340606332914
8.39434325768238
-17.122966743141678
-15.120186766334953
17.585114228604787
2.160393716581595
10.989756565187221
-11.34285582214531
2.499301056251518
9.036173205423438
-8.555211879666548
6.2552245090855365
4.369246213256336
11.773682332866734
9.176323760856484
3.720720967186743
-3.748587702794456
10.570305402891108
10.64428675275343
10.243592038045133
8.290401359157443
-7.759460514418626
18.863977600569036
13.745012085446902
-4.052790330006868
15.512124120580324
-2.2071598865638578
11.675508865888993
-13.644435788596514
-7.929522169135058
11.202378536066657
-14.565519497720185
11.848279844230202
14.144364992825494
12.840867785834519
-9.790876162608285
14.629642655344668
12.506258219101205
-9.364832224116753
-11.458374339766024
-10.004614367702601
14.998188833042562
14.740868916371369
-19.77243167704424
-19.041609981965976
8.828353454248877
-11.305956789388624
-6.419928841227364
-10.012891772179024
-2.1606373994228107
-15.50985404391736
-18.899182759609467
-2.787891319674017
9.490369652705866
-12.370532615253405
-10.853813548373612
5.348535197387992
-5.484341342835645
10.666301883083115
5.427139341119336
6.086963290153037
-7.9000180112943355
5.61145812489551
10.132020560828167
18.971503262273806
-5.351378391702003
11.309337209407595
7.875198699837469
15.431135721520477
0.3413357412001936
-3.1432737281890937
-8.641064182162253
18.2382519919245
16.18370059456796
-6.270878464459958
-6.545289202129778
-19.398253800296597
7.3446033846826
-6.066763243245887
-15.021513801475095
13.116063283805445
17.396887844108534
-13.101172042200453
14.328151536700034
-10.484214565277332
0.2702515826439189
-5.4910520824024545
-19.498635492762098
-9.036189167473466
19.851917519591687
13.60417700941823
18.921952965922387
9.520209011871131
14.926639415769635
6.950635879271427
0.5855707457923742
-4.047357734723533
-2.8158915960949606
12.822755823983854
-5.263856402110498
2.273521048232837
11.658653638403138
15.466173762188376
-7.569010273967098
-10.645322057101358
16.416288407457927
2.082528918121472
-7.229377322724035
19.82983085411206
12.277455604562817
-17.485740910302678
12.895388565917408
-7.7192096538649135
-14.95976388888501
-9.441880243976893
2.0847873474375653
-3.1439846094817305
-13.88640972887159
5.9954869801250155
3.162227101045101
-18.88554274017594
4.940208777239793
17.74709994546385
12.85427674141193
6.5438638471958015
6.287545668264695
0.14990062350896594
6.443714036830425
13.838010849243688
-11.602214252310823
19.8667797417234
-10.676292522534103
6.340683960639126
13.071758631390132
-4.982434376193062
-17.385828946714437
18.005001249736274
7.076205247370304
-9.531418899666146
13.898507111916857
-3.0460889059883733
-0.4744871422563719
8.741586932019661
18.006861058872353
-10.071274384364038
-1.629068363581485
-8.85713464729073
17.468444910730348
3.2357465705532675
-4.628390718190971
14.784385126246235
15.969188377475795
13.395712129014711
13.33542598304976
13.752123997531548
9.267644540523818
-9.603503864077979
-16.415289624931653
-7.569034082106544
10.040846247645952
-2.46260011756344
19.098169006254736
-11.474934580875832
-1.4233439791971314
-19.756352404016035
5.3323819721846455
17.31959704436852
19.575100732087336
9.166989489500882
-7.841983695593093
1.6920139532828955
8.986784592222815
6.319118308506376
-4.947713867748398
-14.596871468781805
-17.729973055779325
19.446945645223778
-16.221701287521594
-19.37568561222492
-1.8083737430478948
15.395498039903124
6.696932807189494
-15.127926811933898
-6.761193331266178
17.583646232079204
18.541389343182324
-15.990430326571964
-4.898016283216776
-8.010759114258565
-7.240103503977608
-2.002856896427705
-8.842384375332323
-18.56003905401184
15.873662728031604
6.327672173748869
15.068049466723068
7.5861572180142325
-14.010911667093392
-12.083757514503457
-7.057601283385907
-0.3248113456231678
18.102288509810855
13.210968587635712
3.953227560164695
3.1038032140102203
4.542121844504145
0.13887196859693063
-9.776153143234723
18.450697605325516
-13.104296441111583
12.459336937555413
10.360147597493995
-1.6984317067120749
-3.5929703645354394
-7.002037248828827
-2.8590665050874833
-2.725643351833817
17.32331423693465
13.321466265544693
-6.194895845472184
12.786529413251131
16.585188263279022
-15.125204924441507
16.75846187644848
-8.383005963395185
16.060884647538167
15.490589332087225
16.427860554180675
2.447994579354674
12.2784392887201
-4.083865577192798
13.567496573305334
-0.6924958274925039
-9.316665509593154
-19.898034886285053
3.127342095675271
14.217220003650098
0.20141444039188272
-7.373022047826602
15.201764096603775
-16.481985903332884
-2.0210010583728497
15.715680304570633
-1.0243381699082263
18.628756567384734
-7.456015887490345
15.272069947215229
-4.307345017794745
-2.5806864963595935
-9.845499237619467
12.07745699117605
-4.349342995694055
11.117446334473101
4.012166739083376
-12.732454857996633
-13.907960532740606
10.468682754340087
7.117932751097499
15.5639413250477
19.605680886543354
9.114182995622272
19.758500103756866
7.69648934772502
15.819266589643469
-2.6530998139462945
12.711483143728046
-5.664558888662272
14.907290351756913
0.3923896694954081
13.582374500894552
-1.3389073950419714
-8.1852111393248
-19.709845629971557
9.378560874609118
0.35260532682616486
17.691770131759043
-0.8581104912898923
6.030901755855595
1.5082068575849377
-7.118999408368607
6.39773004577691
-15.018201713066045
-3.0917373113843496
13.1753173349895
13.672726011529967
7.392161127425009
14.266183483741479
-0.5782214067066889
-17.444462671731
-19.077299348863235
-1.0065256429677163
-3.026919619636729
9.93978134332723
-19.839818969092743
-15.4078037356371
-12.765467218391603
11.687430441725624
-7.130295462617951
8.524671778101805
-18.90304506469996
-4.2933778190569605
-2.4887286700309055
-17.627851885924425
17.240681565973738
3.7363759252060973
-18.04337063753172
8.983665002569325
9.098208558133049
-17.896327064790597
-13.313225240203806
14.199399431488246
-17.715520263027656
-1.964176857595934
-16.950310624312625
9.774578281817522
-14.240082626424746
-9.756511245938405
-11.296005374164451
-8.54606645027383
-19.995981333635548
-17.868456352632002
-17.015445278311688
-12.193749711992684
-3.0019992145844014
10.94193275046414
16.831150798216086
10.349543821394729
9.527601747756481
-4.519787571091346
-14.590146616303805
-11.602914809406904
18.176666178785666
-13.81793138436219
-0.4117527604118898
11.955227051939655
-17.916355742533263
-1.8496917868467122
11.834701483265626
-14.160307470814729
19.112772079147
8.521645323272136
10.3914318337203
10.393115488659088
17.38087631529836
-14.999289471469496
9.640146991576476
7.316673144195111
13.693725529703983
-6.001636296035656
-19.86647522455157
15.790267955696827
-9.731976404219775
10.180157341823367
-3.2962124007017835
4.713993758737956
-4.753055996386832
-0.5772261469977344
-14.481609955265174
2.989338602919503
-19.152506341785095
-18.470841712705553
-4.215485832495549
-7.774055868477356
6.365053352911918
-7.303417324885476
15.213571726560758
19.682231169496454
-12.548829781440535
-10.745529566904395
-17.866144021318387
15.972332875087282
-6.711665865327316
7.8341164947598685
-9.672382477188188
-5.58595506197323
7.5569442153819395
0.8733494905690549
-13.391295549040173
-9.413455268941885
-1.2465301807315718
-12.119126410712596
-19.078192503563905
4.235164445939748
5.280206651703672
19.769934481328036
-15.04845568437883
-9.521505086979104
-16.255801908718475
7.882421169306969
5.319004075745756
-17.239889947754858
1.1340694920402683
-11.86155166017075
-5.7238215271667094
-11.803929485592164
6.814533684029659
8.387041534686169
-16.499619902086376
-8.1321770471218
10.763892621185072
-18.052243257723756
-0.660442485867744
16.917644802947265
11.268043073827847
-6.289024989944885
-13.55470992233204
19.440872743084313
-17.7302229710658
14.518306872590294
-13.805731880987032
-14.494307353701297
12.054099055960094
-18.640202541884413
4.459377931689584
-0.8825847946632024
-17.633579895401922
-2.0319782195653993
9.094557574005727
15.425062785785919
-0.9447403478807885
15.806739478137295
-3.8011073854043396
-18.36047879763469
14.838981283300257
3.915918822038009
0.3004400858134062
-7.244910681274895
-13.75012771731992
15.017614246759948
9.020822115596406
10.43611556870183
3.162240355258973
-19.235002649655435
-7.629175848662726
-0.14629080524949956
15.404814164740024
15.017941357929466
-18.178850399914083
-16.88989883084546
-14.846399019207741
1.701381478976728
19.60359907988957
8.87123932513639
18.8322164744852
4.237144136918332
16.544379543733648
-0.9139950104236405
8.05407593399448
-11.777564028236164
-19.385930987761544
-2.0785933981720532
4.361195989006532
-16.57377564445209
10.01210030921807
13.740547889752456
8.128430245284079
-19.04624122496186
-0.9791114225501403
19.670408451090182
-8.508786067040557
16.419422605229236
-14.153592912237185
-4.725545305734933
-9.545734819692457
14.922438115841203
11.431160986821183
17.99969466309436
-15.787438353297333
12.916151749083994
17.98582291383447
5.200268828677377
19.04064180519122
-11.028367522641744
17.793700072242956
1.654937196001999
4.622437386147318
17.31643890586193
3.9716243290551745
10.434585430085107
-0.9620350011204302
-13.37043196831421
-8.041049195331617
5.099082551012867
-17.25396298658805
11.650880254083663
-3.897757786551743
-17.135548805616562
-2.9627667233483734
-19.03909177703202
2.745746500246341
-2.0535935332618003
16.720669771860514
-0.3096160514317603
16.35489155825401
4.683830097982838
5.619850690170878
-15.847890750958214
17.892808320210108
-10.639973869591039
-1.8361254547737182
-13.490371812974962
18.381630665800955
15.585504092884285
-16.330944717699868
8.861612539073672
14.536765599406664
-6.766922143482962
1.0920416923132983
-7.722354515647115
10.059720518481292
6.37195675376892
-6.05787294953355
19.439585531218185
-1.999396391880417
-18.703637771585278
2.456017892074726
15.416954089560775
-10.82972777253374
-19.20818578847758
8.758860672293771
-9.417671459127206
-13.396593866767287
9.577365930164916
11.466758273505995
-2.6011857272903214
18.38497106598615
4.015613314325698
-12.934664294150181
16.006838111958032
11.205667676429275
13.333167041249354
17.714396993366172
18.07406523500456
14.558577520210328
14.418273469547465
-5.478958808928013
0.42530726135670704
2.1125340473640293
-12.998510328726148
-14.780833560753415
5.701977861420087
-12.411895917625792
-4.760015803846041
11.716131730781228
4.231849583907202
-4.919979217626903
-11.255729393945671
-16.814780509186406
0.5937655306535277
12.291747227510434
19.651116513462682
7.687591343917866
-7.888418522846724
18.910759788364686
9.613621257217126
11.12834007699692
19.774500553426826
19.314678984522978
-12.117888653678687
11.207940958087072
-5.895344813160076
18.206090065409533
-6.540972790976326
-7.7412260933384935
14.853778633614183
-4.27225710299361
-3.6928439440437835
15.15311368995279
-9.121575508489554
13.714590936924658
0.5559481577851386
19.7783788421251
-19.46621465999702
-10.761435922903168
-9.576716459626496
-11.780173244594287
-17.415785769598738
-4.483431513543836
7.7879202415128645
4.198666028680851
2.8173694618423184
-3.71912138575286
19.771292550701695
18.334084351951333
-3.264916297934356
-16.55335099967738
-1.5686080517898446
-3.919019126353543
-11.793543895891716
-13.198126150457355
-13.62658471845819
16.49612559763868
7.186754739076058
7.292608781423517
-19.86573701086316
-17.15059719155112
-14.120355530672999
5.386098073248839
-13.21371304731282
-6.006541708163308
5.303951061240639
-7.715964225067813
1.3984555717630371
-14.184563542303522
-0.4454066548749047
18.52241760063906
12.19874229413476
-9.112019937953
5.946530866313616
-7.128116872781142
-9.671115099806006
-4.217079722985385
-2.0856214932326047
-3.3413516646063997
-0.5767364873706313
10.62457854898993
15.740504011087744
18.258302245288007
-12.13481422535731
10.20387214781314
-19.64248355543603
18.103004339902967
-11.02739892899342
-0.9840436498708591
9.687076672627516
-12.436693141374896
6.135418228821962
-13.71435314952449
3.3295487871845424
-10.337037994407305
-5.353684059182697
10.991305548933433
-16.54403804374409
0.24612699943683936
5.322330243337149
-2.3052810082146564
-17.43160463298007
-1.0129088010263168
-8.725460091285795
-7.191461836281231
-12.716002744133966
-13.86155038596636
17.97762260086695
-0.9833630126909867
-1.5178558359427505
10.77716436161861
-1.4465213216581354
7.7462020555818185
-4.417645088143365
6.622361529777919
-17.28681209588536
-4.977140734688309
-15.132161792696106
-14.08206614980167
-8.47827799897046
-1.2685449465088752
14.537668758546054
-16.69144375308584
-14.972473192827653
13.741913959944853
-18.02323298917318
-4.912268472352167
-4.373817298128513
-8.427075983762183
-3.5682984758162917
-3.847138938754483
-4.18980464338658
12.586680318960276
12.617368634536142
-9.718775605054377
2.866717883640277
-3.6490433522507395
6.222456128198829
13.167053231052677
13.185717015845754
8.292814987557652
-15.180510959221554
0.2432669926304598
10.079474149685169
3.2272201195739747
-0.4277626812170645
13.64718841843279
-0.7564484030783731
0.6163071252677526
12.766923930259495
2.6047883850792246
-18.86860012347343
-7.537304622969012
9.168709419212608
-7.413095169603455
-11.118961196292144
10.178820462466334
15.722943247869367
6.868266540217299
8.454799152037236
-17.784465341664934
-15.782018101837085
17.218466152366588
8.516405880704617
-10.025015860204913
-14.836222791486492
-17.06560374297997
-5.344339480291783
3.713893467169708
4.539597084130222
7.7933852819059055
-8.574021818494524
-10.163087275764173
-12.83897867753896
-0.4103778263044866
11.478918060577115
-15.478680993320232
12.934132337272935
-4.0329311694057335
-0.6604590414845966
5.4532399619722725
18.04621213248592
4.812625773901612
-15.355946921806645
15.08154356163302
-9.115455185316762
7.062269009978422
6.43957183878927
12.778728280756496
9.059862125066488
-0.672529554049504
-2.1955953941134645
-19.45712761189337
2.1155067990719836
-14.77075287764761
3.299029292010431
11.512063176925103
-4.780793280034409
-1.3093844815909392
-4.560923370412603
-3.1898984997419007
-10.680063863564122
-3.338187596209142
-9.309456660968717
16.955209170564792
-10.057459638927941
-10.012297198689165
9.755814598558167
0.1393765507694269
-1.9015324593096565
19.538349486008407
2.6036276145698203
14.814376874290467
-3.968276062432494
2.6446371873608108
-13.55340536187005
-6.8273534761998675
-3.6673089739221254
16.572508140854858
-10.546685271545364
14.77892528305172
-3.9583041340637237
-3.263861108605287
-0.39513741338394937
1.0318309701007742
17.454993686497396
-4.014870186769306
2.5407478042608105
2.1834517335011263
8.699780877509955
-4.077630957699805
-3.988147888069051
6.334611591879948
-6.670597140902498
-8.477064135051172
-11.281020765674867
17.445876754072714
9.95687654982111
13.459767008230536
16.87961786545388
19.8103811481701
16.228195012005585
-14.703213526554372
1.5769811963833966
8.005233305474974
-4.986963558192432
-11.793778183882079
-18.234004341089395
15.453052821728825
-19.80513185446215
8.08539958141845
9.690401933924019
4.8745030278477515
8.023852860723974
5.146392505206872
18.616364429451558
-9.158998545919843
-11.930149127716199
14.12705712994314
-5.86124294841213
12.857894471731697
13.35385069106237
13.03452314388145
-0.4482172259635817
14.869655462236139
1.1168189921791303
-15.618958728210174
16.236871803061455
-0.6927210133699049
7.05947842729843
-2.077171885448223
-4.755830036991927
15.726956188885474
15.494916403670935
-19.64479412425802
0.019668963377597493
4.427151462710963
16.432863402339287
15.686752224098058
9.324493413054306
-2.1430977442509374
14.814207793119792
-9.937205195915325
17.19864168395722
-16.082006222228067
-11.482030641908416
-18.528841828842676
1.0786463534726067
-17.90496441801187
11.685402687305455
0.27382740092507873
-16.2074725600136
-7.021712099257629
14.452447919439798
-18.292193734447064
-9.22898812748761
-12.582811437950504
6.968382519398787
12.900897341730555
10.74600465882051
-17.65080724713433
-11.792028270891741
3.459387778878721
17.782999759341294
4.356048515634534
-1.3564934756116607
7.648055319322648
-14.697376813655731
12.258963462863441
1.0427934621651893
5.004504763984716
-3.020147329338897
18.99068411164351
-4.8387831733423035
-12.235027865661499
-17.975277865101262
19.21350629471521
3.916207477695014
0.8519888654748833
18.566460781116646
16.9898509923335
-8.036386002757334
8.408636589185523
18.84095182932076
19.687728022052205
-14.669095740899746
3.1675407287806863
10.120107636508685
18.19440914001794
8.386650954855831
-0.8186994741420008
7.4224696708979145
-4.854319532846105
13.891034276629782
-16.27882046012865
10.117201862635664
-9.850530695718236
15.93760308186014
-3.934800406650311
-14.391452396311388
11.915238091902218
-16.175098662899398
4.7703138992936225
9.535185038611672
14.692825487204757
-12.57865144802043
-10.236285396269551
7.248642401357543
-11.520877458944137
2.3989931379745713
-19.19704803823468
-3.4915778374918034
6.275638015072143
-7.550078500936092
-19.493291214199818
15.456005228008017
-19.486401869486944
5.1863963412414975
-4.5907172243380945
2.9836583820774436
15.051322402426102
16.258409910252382
14.575952196138473
9.286841405760853
-6.080526875925489
-15.734767056022875
0.8027363993722822
2.9446334701803707
-15.97164913984746
-7.252816773363918
7.791985502856736
17.491865304457093
-13.291833531539456
19.453619430656573
3.539255413086707
3.553701517967088
-5.794016976812934
-5.9820507342938
4.128931019957562
5.812094263953512
14.677706094062117
10.986920417086079
5.732179798890638
15.243854751849113
-19.305318607649255
-19.53404161645313
9.792925596296932
-11.52390429405414
-19.211205425419188
-1.157035849082071
-10.049247203801945
12.544462337319345
10.660795387765148
-18.46208027129397
-14.892090842433952
15.739628588123786
3.9708735261097132
3.3858123081882
-8.332191468763494
14.13574887075523
6.1138195882635635
1.1995651187287848
16.994050214413377
-8.314016352651251
3.6779959625248537
-17.79694374192672
-14.788315106384706
11.596696855221424
14.42143577313685
14.678689157828416
-2.7042866654563014
10.588280589353243
10.213485199497239
-2.617067582679084
14.205907140992046
-5.995760125116899
19.943790394511353
19.121105933773407
-5.445602183139261
19.43262664267467
-4.618999401193085
5.533115467705812
0.9493727316375136
-17.926287738400912
-3.9856121305055723
9.20480145773151
6.429227647202534
2.808435815019891
-1.4459797260039764
-17.91319371780888
4.902377610527786
19.607784676858195
6.2059291198697935
0.29410367614317323
-1.6497903016680908
7.585016357238601
-11.063945981659767
1.6851391317109154
-16.22239240285505
-5.207915294041809
3.511795274200125
5.122083761860914
-4.6548363447798415
-11.75598145363944
-4.8401738381826895
-13.250624326226358
-16.062010509791264
-8.413717632340937
-10.229839856389823
-19.68915068931953
1.829573614248872
6.870882056501557
8.601235783292367
-5.020579550637439
3.1161032921880683
12.109903477594642
13.958971979420376
-14.398209667916042
19.017951599257962
15.778531557707751
-12.201288399322522
-1.4797511579021432
-16.93864544847232
-1.0041584716759786
-0.8897368582037402
-7.498619392117005
-19.079373727342315
7.747372573117211
4.949400280526529
-2.251764262498046
4.356100162434377
11.036781976845447
16.36438367837961
-15.863521437681264
11.984524392596988
-13.525736759605845
14.539914817223945
9.943335371170903
-1.0432848955755674
-4.142725276056321
-1.8793328925691988
7.9082518154130454
-17.04782810495873
17.58206684307232
-9.067621112464197
8.842344644802601
-7.010294939827375
-9.75803637203596
10.349942791190976
10.494985993392124
7.56747946207841
8.194710315818426
-19.692655542329483
-6.4582117394463125
-15.678778652480974
-6.616952415307145
-11.424556450227183
9.694078086277045
18.238739857602873
11.121608428147294
12.52815085724933
-10.753493210787909
15.004144619963633
19.60271968835125
-0.09512550979078327
-0.5789095406415541
-9.45167672940055
-8.55596046439814
7.232049823919834
12.834906753716098
-9.637040327429371
6.147094710090318
18.584251139396358
-7.87603561276967
18.384812889456853
10.940795890715641
-14.524834666145491
-11.585197486383807
-1.4267085774298423
12.847960803611855
-11.521642488445089
11.58915137161096
-4.368648677413521
3.4546707861367985
6.09881398091531
13.133745275266307
15.232092113847507
5.3489040339441765
-18.535462705600025
18.460503673951067
9.922104343540134
-3.3902014532725957
-7.205482377420918
11.639724084952917
-6.365148404400776
16.452114595881028
17.21368779005313
-7.996929889223265
-0.12391171558694936
-12.123356889447772
15.536230801898164
-10.539436425834632
5.2904557178845515
10.94317095437432
14.669468801749503
4.471318249980783
-8.19451994924378
19.252128783101703
10.235425624759912
5.880365271343514
0.394294142934676
0.7387832749983048
12.470567784652467
8.417468253935393
-8.380893583208028
10.715243235258072
8.438131660626649
9.288124935089893
-16.846977480622066
-15.10932411046416
-14.505249771864083
-17.604333857613945
6.002119016021563
-11.44616623482019
14.673375739768709
-9.9351224065982
6.103177628884296
-11.951040431091133
8.818770857195819
7.479770458758111
-9.111097107399004
-10.519063924218885
13.322664370980128
14.901469377113003
-2.100351485940294
-12.99215119576437
3.137538695135923
-3.826369643786034
15.83130751368877
-13.663230569602515
-12.042445312765766
-4.218032160703968
15.719651205070235
15.287862753228701
12.782671051569949
7.408158872211779
1.9782580686860385
3.198033040253069
19.899186332541355
-14.61805100458621
5.3638456545608335
17.513073801915
-0.6192720029135792
-0.8298079909142686
-2.4428799424738585
-0.7365160165084994
-0.13263626010203566
-14.731508002583972
-0.9495959628265247
6.530605042493079
12.234769230411501
-13.300916484330859
-4.099450602771482
-13.418177654701836
-16.56719089412631
19.63061484149833
-7.673716638791067
14.947815113939818
-15.408579549349994
-13.31187675005722
15.471744977157094
-18.49397867890041
14.53731605239956
-12.658089569179092
-2.6993220376934026
-14.133809482911893
-2.618510980695099
-9.719808304389407
9.142629696855252
-2.1926177204063464
3.0519931235210294
-4.9298373478641455
4.198272617687792
8.588153561555739
-16.71201438143911
12.150461186252869
-17.151159972715483
2.1441426720657084
-18.03304403892072
12.869636128050004
-2.3498067879022884
14.665804693262253
18.62595716227417
-14.299718832078433
-5.641069456702121
-18.671964726853695
-7.084569472198744
8.262169330573403
-15.718791611311431
3.7771716870086927
-3.034622245534454
11.364522955444368
-4.214762706849392
-18.389511744532953
13.408706385937933
-16.826254837418418
-17.6958269382895
-5.399070695012789
1.7361952160098468
17.14288554596496
-7.405312026303825
-19.991847558492715
6.682423893675789
-17.30833710448051
-6.658805049214148
11.681193217197116
17.348341541882974
-1.7329632717745014
13.185107260519928
-6.838489114286595
3.9899819264245906
0.3742087633614517
9.014073273203095
-9.496768262520735
-6.611785552739221
-15.42964512189878
-19.83339290903491
-17.17318406192142
0.28657157814311063
-3.4344679070569875
-5.862962355219782
17.877629996785238
14.94026843530142
3.3164170443579657
-4.972324568088622
19.030321319480215
-12.68634893745027
-10.550579472725815
-17.14488806155091
-7.119463368950152
12.66790206700329
18.524972366430546
-4.105580305725599
-16.64296447482386
-19.71423786091951
-1.021836705058199
2.029740665463219
19.691780045461037
4.4370460479758265
-6.323926718195478
-12.989757981724805
-17.93470850142503
15.782223268807584
-3.240705027047639
9.321714421314415
-10.73960499832916
7.793942953288177
11.632048038652059
9.953346274208002
-14.121892903184357
19.865825005264632
-4.9929558859244985
-18.661524719563904
3.1994416547319346
10.549043630178364
8.446182529365892
-1.7174310995893585
18.498689893540224
-7.840708874421733
2.1618268337020474
-10.075536743356484
2.2146101754605354
-19.196828788422813
-15.260935503916588
9.120775563256501
-11.695929825003919
-3.1245712280787217
-9.99456982838312
2.536041571337684
16.61221855336776
-19.294297421262698
-12.9445907072337
-18.637300238005924
-2.964886747779488
7.879169650060621
-7.826828576439251
9.940974702396247
-17.52689360052478
-17.248335229546583
-13.244671946020494
-6.684534646683202
7.201668789487563
18.111520956978715
-8.959772038789474
-3.9614516357072027
16.319603277820505
13.616606794315913
10.398353177514402
-8.237327534353668
-6.937655689074722
7.625227703423381
14.427312299464894
-7.7332899918321765
6.340719836978405
-14.261485134712784
-19.432223274788885
-8.77444714802225
13.996904951967096
-3.13209889490469
-6.9277134649995595
8.495538155586697
-8.851896934988934
2.6053450659777795
-8.22442575655909
-5.866678566651796
8.805279969782859
-0.2397933649029298
11.457228674726323
14.84277774348297
-12.648273463558288
-2.4919459898884355
14.32764959468647
-16.24667935117135
-9.442106958111548
-17.92831939687656
3.7541968263350434
10.703912899537158
16.492678484137564
-5.844146955560934
5.60265674151761
14.130015006639091
-11.98438239582793
11.572841294346258
2.957438563860009
18.382489969450077
11.402733188700548
-2.7131966828660126
3.4668886487410653
-2.1723373292749315
-8.156493608475186
-9.864329615063223
-0.9143800898836574
-6.950882697068593
6.396855551634445
-1.3187769773290405
13.527920961323304
-15.297975124337523
-6.692224246323564
-2.89271652620954
14.003418304420165
0.9135259053668499
2.6622426250181697
18.876601492097244
-10.276846196330025
-14.643976049425099
4.126729616828506
3.054628055329328
-19.467479168386348
4.828218128765851
0.5787690236754415
-17.5849192502959
18.891432759465623
13.964058082858777
-2.1780953500005467
-16.95199079821574
-16.00180571901261
11.300427071486109
19.09484205697194
-7.8850876497114175
-2.9676869024208585
-12.589191534741317
-5.889712931627432
-15.797972051884294
-0.4028055886735906
-2.8112915797431697
-0.2045181899392965
18.145402715126544
18.273596325732896
0.749277336037796
-8.916948409964105
15.775535876404817
-7.705966311543527
-17.154317224349537
-8.122172242103387
-16.733176739215647
19.152412343551845
4.266114546079095
-4.86511207112239
-19.949469326899077
-17.806635186221854
2.2378323592997234
-8.467051818185475
14.542279973711693
2.86356921762755
-13.428665571610715
-9.668322895702563
11.855528665294337
-7.688443395706614
-15.828543392551634
12.345420905459804
-10.931083111478475
9.873347426362102
1.8049855819253438
6.93906826092433
-11.265944847317225
-2.1813265892703058
-8.542401968722277
4.017727875556531
-3.580772811770938
19.170297728204126
1.8750708671942604
18.312086877326223
-18.40303576080941
-6.345039740412922
5.259778658746438
13.06868670497898
12.385700901985395
18.543915631614283
8.665660289417104
-13.4180438658769
8.119061987398322
11.786279889558546
-18.822556831742133
8.708704868353749
13.983297900591644
3.3972362638337614
15.325249543598552
15.152973388735333
-19.08204886653461
-2.3337144392244156
-9.329785195858653
18.701101985398466
-2.5710316648543206
14.713685930687312
-16.761241399357605
-12.341537927516587
-6.3753407543071905
-10.818573299237606
5.194384095897146
-19.84051624584346
12.614897471330885
-14.541735798190864
14.293244506375935
-3.125456021749585
-7.376891327801488
17.290132212348496
-2.8713527046697678
19.173039405384657
2.3251244135078224
-4.0980997609762415
-19.38483303930945
-6.838981137796111
-16.546971454827304
3.3034508656297064
-13.237285585808362
18.586169976251753
19.53076937414447
8.331145063360385
-14.865323138002683
10.99209517453118
1.3868776310147304
-4.806653380183299
-11.112618625853967
12.202827444680622
0.41555786005420003
6.513663988207703
17.107867280784724
-1.9640894319238171
5.462159196159433
-13.80087590020822
0.0250016949620111
8.852413416950476
-0.9765340571426187
-4.892029851376138
-19.08252800896056
16.85449264207343
-1.8610998862628279
-7.602462179674706
-1.4499511583660336
3.442903107301074
9.725600607236515
-5.4709922154571
-13.091552239543542
-8.569022706557616
-1.5546832606161267
18.69596502101352
-12.807552540381955
5.371637342544275
12.913579036361746
19.603251417076557
-14.518105740509446
10.244270307547026
11.135231169443692
0.22002244980001961
6.436311572420518
4.882242908718997
-18.17402475857356
-11.102505565987993
-3.7547713571694743
14.777555794770983
-17.244147485477782
-0.7986580392252023
-2.4760015305372676
6.96720336111639
2.544813651459222
16.985205055844965
-18.297061089207105
-14.641284764837309
15.496877085490482
8.548264756775104
1.7627522675188878
2.8012694223365884
-15.26992316958966
1.1380298039331471
3.360246189728894
-1.8385375718444372
-11.587951346114505
-10.864460157309805
-5.946117725769074
0.11540030825153735
12.448223703695206
19.27001531401082
-14.811760150331711
-17.560072551190604
-6.056037879338888
12.092555281408245
-2.8296691481204803
-15.683806547189487
-15.266779101820415
1.9613868685461178
-16.243441269771832
-2.3921217264557626
-11.05014580243612
-10.405891021535965
-12.596124407105279
9.272101316361269
-6.498292443403644
12.728437008571326
-15.04314295518125
10.081673618766548
-3.580637716388516
2.9746724345120583
-12.565414647340262
18.500663848304377
-1.1178791490027784
18.551079663032127
10.459371649123309
18.75068060750693
1.1102324806262445
-11.134894967843634
-17.189290238568248
14.379482747799685
-3.428619222807132
6.779681667920961
9.333483771596626
-3.3947468230901556
-16.470547943491937
-12.394078159314343
-9.515703259159789
-11.971090118022985
5.7225099438360125
2.3139136229042236
-1.932955157650504
0.2584120741944993
0.432674827559957
12.035602426582727
9.270097544142509
-4.0239235686566275
17.024845052713886
12.743631217059729
16.174607594681746
6.1333570564435576
0.3446283298724424
19.514983348102113
15.294428319457005
10.85745052747674
1.030450757473286
15.793407023309015
8.91618974752571
18.195248072430218
-0.0417726066621249
15.777483534877057
-19.894651233140724
-7.428842798907516
-11.493686836383365
19.18690071307001
-7.1997410442826535
16.040753860183436
11.766112969234118
-17.384823355237433
-19.258998438453613
-19.587507056303608
-9.294441467405159
13.76075964407142
-4.045931144700688
3.4510480770801166
-16.81305061077262
-3.005975585414035
-12.343615277145679
-3.171099608578114
1.415036278341944
2.4566097978324493
8.408537316688118
-9.15847905838653
0.9911397440618899
-1.4668016349710733
-19.591957745047157
12.666852487468233
16.356033682154496
-5.735639713435399
-2.8387394970111792
3.1107740996784585
2.437884629233558
15.442607591713688
-15.1598905645682
-11.150200798008179
1.0530229451539022
0.6692391281718066
0.07480314049207593
-1.902669410417822
-19.735938305413967
11.714079430101975
4.350008199405973
-11.122025451051334
-18.371441971178882
-7.544796082544458
0.4248433577816435
15.98728644390976
-6.450010948120578
-17.488258964473644
13.256852494794387
15.07828766717995
-11.525377123718208
18.88695627440743
19.148464407372863
0.07518088762115127
-2.708718882025366
12.427370772891393
7.341969143794145
5.54792330537785
18.51014953733707
-19.0435893278563
12.387367832819905
-15.960792710591814
-3.080492080870062
4.695302656423266
18.912696326699425
8.213076414509747
-9.590662086752513
-2.119613104203296
-12.903775891716794
-5.911146806582725
2.6978367642548235
11.651956632142344
-2.705063128495439
-12.291532166359392
8.625190496723114
18.44535246642989
-12.294023591025983
-15.547097699334604
12.99759774346753
-16.542076466347023
0.598189951035117
-15.9030100421956
-19.44032054133665
1.7644688670445845
16.89131383745145
-0.03235377926602112
-6.236292775236553
-8.517952251102688
-9.323147181317871
-10.93033586894137
8.080067615695938
-11.264392705737013
-4.9347274782389725
-13.269564126237952
16.531493271060363
18.874823239864504
-0.36732624663550695
-19.838620208136444
17.086917779314014
18.427369532829438
17.220770755072408
-10.869948160193324
-10.061446551158358
17.36835212982738
7.178187124499665
-8.222594972832372
14.755382536798564
1.1206558119596686
4.9277121580343035
9.466072607968062
7.865803819512827
-16.45602722589205
-14.980968304498798
-2.725838736567873
-6.781968315419697
-11.878564763094843
11.357553824870354
-6.175169776802409
-10.026084127253139
-0.36353693492580774
18.444207966571675
10.152345871183194
-18.115637851499145
16.7819468187125
14.452870125214147
2.6419610173292405
-17.608178137210864
-2.846132970793697
-5.830026815956959
-6.473267498396936
18.532534457397787
-14.998687230540227
-7.6037696763609155
9.537013098243236
16.376605176651488
-15.695794310504304
-4.867027125026503
4.366132999446741
-1.727609686264909
1.292217304094585
19.418178986820536
7.659880667831899
19.910467492827237
-17.76945329065098
-7.401144002964472
-6.868521426619306
8.127340659922627
18.08137725684498
-8.13148778189305
-14.75831000114293
7.288392229242994
-19.544250081374862
-6.861524725395146
5.390796832099674
6.2065087736301265
7.020683953099475
9.346819005398356
17.672730265035604
-18.138496383589555
4.039025411866891
5.1384868299063555
-15.238142509961868
-18.093634656167218
-19.47703314094918
-17.583581261463188
17.296233630719378
11.136509751475458
-1.3600907298704286
-1.468683295987745
7.309116187540891
17.337059891324806
-12.75215412746971
-11.483373660515133
2.0486248724334644
-18.411279722809738
-18.968201240608188
17.615243501698018
8.963232639137821
-13.578931080117652
17.781218531657203
-0.22757157666681493
-7.030513680031545
11.375205925442732
-14.038515449825084
-3.225010331614385
13.623152006018245
-13.452255057641104
-14.93587038662017
-4.721756123591527
-11.034166922866696
4.085963126436056
10.997536940731514
11.782741718841784
9.651534339778781
3.102653597628212
-0.5942674875090468
-8.69397739907483
-19.832742696046118
-15.323023168489268
16.774616938910604
-5.286556604051288
6.092299387588444
2.603186353774394
5.4703032100487015
13.380187165480237
14.12790600317318
-7.277534812210803
-19.095591941295122
5.44491970972323
6.199971316433892
2.2521538839745645
-15.382872555256553
7.717730954147775
18.953754820384397
-13.957361218195864
-4.079552388933752
-15.619932003336622
7.13916082501278
-8.570002220090988
-16.030184097115992
15.028091797042215
-18.93326640998484
13.44281449940884
-16.895064538755516
0.5583503980044178
5.218588821706014
-18.48628202524708
17.953405241980832
-1.011698648216779
-14.197492925386634
-14.458546774525907
-0.37656863684684794
5.983555536582237
4.248906211509063
6.193750472060469
-15.463665785355234
8.993929846926715
-2.8381818770952663
-5.740748027254256
-9.438715477561805
-17.624416095977363
10.988454776158797
3.245760639149342
8.621472216238828
-8.732545410322082
3.382201409219622
7.464582136805831
-12.312908980426073
-10.711365065505278
18.255333259949893
-12.70731882573926
15.74729132181686
5.431393512785284
-2.1125221529001728
-17.685708642252592
-8.293921402362034
9.418376702337245
5.309356304134305
12.51540906179423
-8.853714497027024
6.975768230331603
-10.746317812115361
-10.358274218026153
-5.582140700183977
17.18582853511161
13.432869264305076
10.278125488819889
-8.631913017142448
-1.9335655254755544
19.94151334480827
5.721901091578907
10.065679830761209
8.842625636077823
17.528564575520775
-7.907131669954763
10.301516048364611
-17.648910326142023
-18.915525053055852
16.19594168914125
-7.0347148444648155
15.114702904034743
-19.589744106211924
-19.840920252065473
14.329588288860492
19.651533219415626
-18.274421097042325
-1.8706170055763671
-15.470477058911328
13.196822097055353
-0.13076000028862467
10.440872567208391
-12.50848072572496
8.735828506883443
0.8930333158566555
8.955832619571474
13.322523203611297
12.73574188583715
13.028399007513144
17.724551597114356
12.740882408410073
-15.475123020444844
16.389997724383576
10.600686283921728
-18.88086052421558
9.68340710609283
8.800429887495401
-19.87470841005719
11.400356014181913
-17.430556662732148
-5.290239956632984
19.16412642592882
17.135526659821437
12.766487819398485
10.481173818583986
9.073140871323531
-15.788621668817605
-4.805939135599115
11.825455701649222
-19.365390946038815
2.7107842042346846
-6.406665244664307
-7.741405405419002
-17.246283610370803
-4.528450404752032
-6.823445323633678
16.797759349544855
-12.573867619546819
-1.0726107374568592
2.440408556253253
0.9687660117630905
16.613470941877175
-9.029317014817737
-0.17508872532844322
5.2836704881799506
-5.421834038321233
-3.7261665710115146
0.41051729555655214
-6.690503479962015
12.506806385404388
2.149768038967437
13.279727194929045
-3.613007776192511
19.65372600793699
7.096549441056062
7.00322918391597
-14.225480967463998
-4.575072095083863
11.919257358801694
7.999085586206306
7.404589654451247
16.69094201566412
16.23926237762057
16.88131832906501
12.606168368069163
-8.694291514019454
17.52365316993724
-6.112233608789218
8.761009534579614
-19.744426233599572
-18.911892674970897
8.434779023576333
3.780763298628166
-4.184781817397795
-1.4049605309086601
19.74717130311656
16.91880951455049
7.433378543249958
9.47129244960091
-10.891155986200234
-10.092813946120787
-1.7872598558207002
19.141930798763966
18.54773073591992
8.117870738918963
11.028763480278766
-4.163278752984784
-11.822721836642511
16.00509506033464
-8.904044656411143
-5.57158522753808
-13.65575030565251
3.1478775678551543
0.27873049088323754
3.8009340219640784
-4.109338736707704
11.781958310568523
14.428483462944826
17.783069129569483
11.646214769159915
10.163741017494424
4.499854901806589
15.850071151142593
0.8590002085887072
6.726563368850506
9.030170258713355
-12.826048839951287
9.07162739656469
-10.316865652367797
-5.303951562314598
3.8813866057775606
-12.359679177830332
-18.621418081736863
16.923972582732027
-5.468733728256812
-11.682402367846523
13.652728390185096
-5.465451547357407
-11.874645930782602
7.688252821716581
8.391481785600181
-7.9657164343916875
6.825068445674063
-19.998525520982604
18.56844904606816
-16.69729041868448
12.999627032061667
-5.836929741679771
-9.635068356612134
-11.527461975268803
-9.047249140180181
-3.24688850652279
9.645794593375157
16.388345194126856
1.814790573205805
-5.932625245218297
4.139776357442628
-18.16489946033679
2.599568405711846
-8.589231634624648
14.544787486019253
0.9452850368383707
-14.80222025599392
-1.3286603713376444
-13.326563465550926
0.6468320063614321
-2.6635486119980136
-1.6692924599479824
-12.166730059507955
11.9614057396122
19.156246793949656
5.691085066337692
-0.3294808710100483
11.537064970539479
12.634416638396175
13.877344119461142
-19.967596163419206
2.990697154446586
14.38985930505251
-5.142261299017935
-7.510881736199252
16.84334928143187
13.84124308625443
2.9624756679549513
-12.0644785738085
15.989403657302084
-18.188322110736273
-18.311308117476624
4.2888972903719065
10.408939700178216
5.523103401533621
5.258351536384829
-7.24291200646662
8.732134744413855
4.4238715155708555
9.026286381701372
3.6282949766131622
9.397619115119348
10.515293655803259
8.101683929203709
15.03401485258047
-13.298485113669045
10.372038634347991
-19.164078787852375
-5.684471083445182
8.65359366764234
-17.047852584050098
-18.072531663249812
-6.473424866264001
4.84192251100632
1.0637143352015386
-16.396898299336122
5.533790418694512
14.668932462454833
2.3976863506556967
-11.097899806257562
-18.722629734092216
-14.644170169785253
5.398751417324959
5.470584830211646
9.521804425236912
0.924459531179842
-15.686999230563448
-10.26615083429868
-4.012179389198929
-19.231555653628444
12.70261093671973
8.51063897613215
15.513995815350242
-19.868230112127335
-0.7253553824097914
-3.7139735238423626
11.15616421975
-13.839681971117933
9.873744616123275
-16.451159349129185
-3.106821320106576
-9.068026555272786
-9.648149775759247
-8.917241573921594
-1.9285608096030842
-10.098361788646258
9.834736041173102
-9.592811698740302
-10.674754725448725
18.18907433754176
-10.97764564206277
14.19496697351952
-8.533509584282104
-14.286974112374544
6.814289712890385
-15.093703578733333
10.488629667381378
2.9879728962673404
-15.754841684265237
-7.977644948337934
12.922942256325328
-13.149515525288912
-9.926121362862656
12.029869145385256
-14.39087137413432
6.567678468919031
18.449946160419913
-1.8347426290348245
10.122748129452063
12.628333426760001
-14.028282496818743
1.443964572473888
-4.765999674331841
19.546920209349963
11.266923057242874
6.991971234594288
8.554398915476924
14.568066972771334
-8.7280020828082
-16.549050112882767
-6.18837711609598
7.089132317896315
-5.34145024937326
-15.587920723716104
15.300582846832953
3.6377978336104846
5.395997582265014
-7.077433709492027
-3.366356209996681
1.0138329843113212
-11.389600027520492
-12.694834891477802
15.15251935231273
0.7544742284315404
10.45326703311444
11.473476886513957
-10.968248199322307
5.484796536920733
-4.609049229968383
-6.1004271465923665
-9.758432599439782
12.441029171167635
-15.401995023227215
0.3000336814309179
4.218363337882259
18.798876743113965
16.339326462276233
-1.3599079902885691
-10.63185662956534
9.01818186969512
-19.158213920901556
-12.006328496936884
17.40377217603011
-0.07806594317001725
-5.967182939918789
-2.161311499422446
-17.083406482334766
7.185812962454147
6.648645194451408
19.933076316926083
-12.618660933949268
-16.01836972834529
13.591904690191178
5.8352588517903285
-15.146616248303655
-3.2067121663965246
14.497974938220771
-14.342268714279541
11.434755195196288
16.596411772881645
12.93334288489605
7.000030394396177
-17.779218481456873
-1.8382626591792182
4.998393035866773
18.50466346638627
15.177738857817133
1.8851513701909184
-18.69290574372778
3.140649527850904
-5.523040594135601
0.6207512958751167
6.276424085936014
-7.395870749265146
7.550125118751694
-15.385647152317388
6.183576110925031
9.346571600723209
13.086427105276584
1.6012655939905187
5.509465704208839
-14.640928757735562
-12.208376557272786
5.156164860599041
6.848950892865545
17.23767564042675
-10.451960992408136
-15.431638054939203
-10.068869475114814
-13.398927699192068
18.858253398763786
4.646273698242904
-17.635672950468766
-17.88380750672925
-14.369702810562295
19.191719748940535
-3.0919691068256654
14.719523825583934
18.547858128023357
5.383023057976047
-10.329317452875824
7.169365872609408
-1.4036828368799128
7.739260088896632
12.005657168560383
-2.764681664763078
13.466948757997017
15.209683062087926
19.811954154832847
-18.69376279978969
1.1707062606238594
-17.924155785671285
-4.951904308804522
-16.111531602097358
9.31784392583031
-5.872638726521661
-3.9166415688085188
-7.2207521611265335
8.418111664571683
18.177821340551567
-6.201817104582549
8.747324254932941
-16.232820277090426
2.9348221227048654
6.90982106370539
6.4299621846437915
-17.37007811181887
3.4513229182086747
-14.154074019435598
-8.814333111715378
19.34350961411488
-1.8412564894104833
-0.750145475960899
-13.467155459119455
11.007318084448823
-3.3682914563522672
-2.1122149086452033
0.18067027976481143
4.9616921931169315
8.277096734114583
-10.80757783026816
-3.8172285405704542
15.401158025464014
-6.585876874574295
-7.830812650257041
-7.961615878215692
-9.331054994416217
-10.631090991232227
17.447494220488963
-9.242157325497402
18.611230908417063
-14.04986370900529
-0.5833556683099097
-2.802133492487453
-9.894574724336804
-1.032952398851151
16.870085196122147
6.964294082649573
-3.5273773854114587
3.7528654470558322
0.8304874803989009
-19.35294633284867
1.6084831360201548
1.7795874462631645
-0.3124216559791435
1.9519316683492214
-19.77822015289284
-18.098767117045213
-11.912119610505751
-0.07831302991368005
-6.161570429572713
5.9419319489286515
16.077719174022526
3.0512978520560132
-16.449350066220603
-19.158810014475648
19.16706021440463
-15.50418081677526
15.25101918495723
-18.90831219518683
-9.934019541914566
5.725970651317699
9.580835420372523
6.61899248918445
3.1631588981250047
3.6385487924593853
-6.514241276622572
19.93748762495074
-4.658844071659235
15.59456325173025
-7.505771414655857
19.76950684333771
19.519856032477712
-17.001638811917296
4.736085699442999
11.577650955738324
-16.305190379781823
17.62756893990484
-14.262019858963413
1.7353636790478113
9.318695900226835
-13.94356393947855
-9.149209197069869
-11.382132979253715
16.9254383123862
-15.99885851164415
5.72378499190328
-0.3798311538087198
10.406679906035514
-1.4055383751828785
-19.41003558019705
15.789156084240105
0.0337169035440823
9.782340875967861
-9.52203066088424
-11.345609974481121
-19.075395050051924
-16.06784943077633
17.20407391424257
2.2824911292053507
-0.8064102861020181
15.465839893012244
-17.698585309868417
19.523148052584048
-9.07297722463959
19.874585195201398
18.079980298423912
-18.971771937949452
-6.661553154853772
5.267765179457346
1.3887073888160018
-10.945698316258818
-6.257206667020117
11.206983403345387
19.28896582377549
-4.970566188069338
-5.3532985819023295
-11.937613423564436
3.2165526978493197
16.604435421243714
-17.482132828224273
-7.163497585404922
-6.684515014258988
9.100440761790662
9.568970198980118
-7.140515982782233
13.486225269646845
16.779742470255307
19.90617301299921
-0.3325743819262108
2.0619771571379566
-11.627424363711988
0.7054223241481559
-8.851688627045448
-4.511352356076763
-13.857856300508438
9.961307370179455
-12.67879763378836
-19.440482558248206
-13.79009199878849
-7.524131448094797
-2.246910636335272
-19.298329814364415
-7.56883377879074
-3.986399830591857
-12.21231715846939
-13.885538964319641
2.151148365856489
5.45076900760726
16.019725122307776
9.810119291196497
5.855388144762337
-9.676684677476572
-9.354734845712734
-5.685977020494439
-15.621922063831807
9.526206155671954
-13.359844428403957
-17.470447161636343
-19.172752627603874
-11.50376708868385
-16.04698446248349
16.911916669366512
1.191708926300187
11.06225548610859
8.708602453706472
0.7158621087352124
5.780527973380121
-8.884202168757124
-17.594999759418815
-0.1287687352829039
-13.005017468983503
13.833847713097398
-10.07942467844796
-10.906331049851715
-18.218666324741
-16.31304051437761
2.167080238885724
-3.174431756975032
6.95799800977651
-16.30146707947098
-14.826847866209217
15.990611934762264
10.163324547218199
19.206412210088438
-8.240151447332863
4.943840530097788
11.984227863242936
8.03009727263165
-0.511084026047449
15.719282489785876
18.412038983995295
-0.8161856527783584
2.6518036430737197
7.812898679206629
16.062331066618462
19.329038199013
-19.96844772735399
9.433888135560181
-6.9137903122575075
-18.76661436350836
-8.285844647187798
-15.604669251844294
6.06811728630516
-2.9861700615648523
5.409827494796666
-15.44560816720804
9.16697146422651
-13.493619946559846
7.693935887024992
11.814033525759001
-5.874267454790619
-18.23127030876524
19.83891235640801
-0.42248223655808914
-18.31897398316874
-15.483020442432348
-11.60251017116169
-6.6157896881069345
-4.743819778445989
9.057178361114214
6.646100473211689
-14.089164754427287
-2.724166556833019
-4.389387164711675
-11.508927166688046
-2.5632878877029306
-3.1207759615935586
1.104605767382015
-14.987303135883202
0.5028151522541968
-12.147559884856861
-2.0452689311174446
-10.371939406477946
0.15489122365793406
-14.1542009786331
-14.024945667365163
-18.218841865590388
5.330368937710645
18.800573668726294
-12.840723072478593
16.657866796282875
17.138177698600842
-1.922261490523276
-15.977634583217352
-4.685250192676458
-9.400723165994108
2.568267220500605
10.557994484019524
-3.581237353509813
-10.358261472951412
5.849450412343991
-15.072410911704388
9.221067091833781
-7.713556695279715
10.552258786087158
1.0059383634832244
-16.85614040770275
-3.8097216539834093
17.477740980078032
7.452901540688181
9.86670218627038
17.899234497499627
7.56659720168372
17.9011695161526
14.115851589098526
17.526700969611575
-14.492862984279702
-13.565629050812657
16.918628340172994
14.474569697633605
-17.131804853051626
-1.8392160571103275
-2.7286943656933076
12.06921854374879
-12.425158731412015
-18.44231047971888
-6.2073082158960435
12.931408280438944
-14.894315514192424
1.4711635484595007
7.348030934933966
-16.24840650120712
2.104529944719424
2.2657544111035897
6.697920287392808
-9.111894182307365
-18.288162303684704
-3.681222167832672
-2.624968123721345
14.34615624683029
-17.404757481036803
16.85595352238571
5.1326860165810295
1.779670559172878
-1.6750037364614059
-12.806368607645657
1.9477469538142316
-19.05352536174954
15.621530282735002
9.830119548294306
-12.956445550526627
19.314815942239598
14.15925239765324
-15.45148245453317
0.8025345552773722
-3.3700823837469507
-3.878360675429203
13.236248975195068
-18.32564345293621
-8.835327593244271
-6.276119982053935
9.345912738479896
-10.669884413191827
-5.382425900543444
1.474270644387147
10.826497367718773
2.79850578589096
4.239382689585419
18.908010206669687
10.103762352661725
5.75541452994813
7.534581962808144
7.820274029121094
-15.124574390970839
-16.040537143137804
-1.6375889538566497
-3.0324082895451063
-1.446281131922909
15.702240712676868
11.019523680151842
9.27876978552981
4.483511619246361
-2.3682195572286737
17.333226657042104
7.677308151890053
-9.975892930269277
-2.6311749631920343
10.842391241318886
15.013128770290386
-7.963380074950441
-18.582206837976916
-9.400569708749295
-0.09815599121419893
8.897688854602954
-13.176757104737895
-3.108074039323828
-13.238843176657946
8.877460639827323
-3.140063397553135
-8.13236393253355
-10.485750682328883
-1.9457248538194527
10.114010797296906
-7.450929856416181
6.492135123080352
-6.197044320995243
-12.392703847823565
16.206529868169874
19.22078793969294
-6.542936914820267
-8.389269051185861
14.801363369255455
-11.136194154293676
2.0440206373601413
-2.4777407720210256
-1.8399493304247656
-19.57422266148364
-9.806454639151765
18.726590129168315
-19.075267060808464
-5.10923103935934
13.569241305081725
-16.39183818401607
5.435757894832616
-14.97237906361789
-11.126106327768962
16.41233594510296
12.116022804148649
8.721988955504017
-9.277524186557207
-16.947518342006088
-14.818316044583732
7.818652673282077
5.962208914384597
17.610569983916783
-16.948431753844957
10.073668173565377
19.135110728827584
11.426265853597393
2.8550424822536087
13.420902941445647
-8.61993378723447
16.391291388437054
14.066788977720776
-19.557693371660353
6.099445506113803
9.306238899759855
4.0654857088000576
-14.673801290362114
8.716820542955727
19.054523822970893
10.39348862845901
-5.143038831727322
8.757925410831323
-10.41834263856475
-8.122025435509169
-13.67996001496607
-7.07684111814908
-3.6504294527373737
-13.298973101520648
1.0400496540609971
18.05761689313747
17.09671277685161
19.92961713396616
-10.665287973877454
-5.747589383607972
3.2288273352807053
5.231575492990025
8.118397132784871
17.633222548751945
5.98137419060377
-16.600421388633897
-19.230763882375896
17.662568431543434
-16.956776966288203
6.698403987255823
-12.64330631640441
8.141284203467123
-2.107889615163483
19.277919939048488
-2.5262880710053537
-6.214836736824436
-18.522311416402616
-19.91017328853861
8.117286391483965
-16.430110047195356
-17.66879103665285
0.7573481004883895
10.28906007408338
1.125158649359939
-0.38385730665649476
1.5910624136242077
9.64089820898728
-17.603893077749095
-15.322987714309635
13.019394160630917
-0.1533687855415522
5.836182181582966
8.499558081168868
0.43287301559818303
17.302020389308673
0.20349083846946314
-9.271529637629152
-11.071155476630148
-13.003252382728366
19.560164420325293
-19.706843690528466
-4.2675392973072555
-8.51990412830467
6.180810457576538
-1.8006269245284372
3.5646865537202643
-5.427260207920694
0.243419245164592
-18.13449739283668
10.579806574459695
5.6464769333344975
18.041489301712758
8.756776159946078
-13.029442980232155
-11.405880162031758
14.188154126677098
-1.8550405628945867
18.52380983927094
10.887063844724398
2.1274605303326055
10.534152418060955
-1.968845811205636
-10.53396534800485
-15.554289848514662
-15.571758186808463
-4.5952725497549185
-8.077965879549858
12.286712896818052
-9.000503482777958
-12.842186833470922
-16.244200004239055
14.856698494563823
1.219908481739978
-9.108236992731733
-10.986963405063825
-10.830271887156812
-0.876694558503786
-9.09344570184441
4.117806379758086
10.837469711332254
18.23764567220683
-10.262322468894842
8.919579919538037
-4.206384608426106
0.913389323422976
7.958874709037662
0.7621994373253607
-7.270486020495284
2.1924336545739394
-17.42447077943457
1.582952838661285
-18.504157025588327
18.6768283847842
3.320487087497167
4.758737463435629
-2.214943968450207
4.058184841358408
-15.19229908413486
14.616034382038883
-9.31246773777131
-8.90294727896988
-17.480812191257865
-13.914229131732059
-15.013650160971853
-2.9595650796091633
16.988342576897757
-1.1749845083072685
13.590410703839588
-8.952786211875111
2.3516846289859252
-10.728780412651098
11.689545987275874
19.458633865479925
7.341195546315717
-7.464491499990462
10.488893913758265
-12.664382023480702
-17.115978628531764
-0.4240644691174502
1.3022681566838443
-18.926923322193115
0.11383246942718728
4.163377193794563
15.465474552878725
7.344884421552969
-7.214708239193346
-14.9338361541473
-15.477044720363322
-11.576259914560008
18.596312464273794
-14.016810047133168
-19.562534896801623
12.343800641833063
16.273556247828786
12.467599169579351
16.382917130098072
-12.441345017498824
3.5004810270567503
-10.823836727261176
12.596589408031107
-5.347577005540973
2.6786850661509476
13.56803540299596
15.781855033261195
-4.542518532733837
-4.892983326095193
-6.275536905099276
6.957549843141962
2.7302679919534896
14.13900222369044
-11.159319432950694
-18.61414975574572
8.272470646762375
15.666663032817532
-18.171527190327318
-18.447968285954744
6.49122126194483
-12.288142559257004
-16.514816248848902
17.76001389184139
-6.021144236283163
8.654197943911353
10.40665432593823
0.32352103462607573
-1.1460310965002165
-12.336721391180614
-5.155643024164881
-5.488300