12.214308260674862
11.61806756526408
-17.858894287826807
5.01781723891844
-13.23020409881764
17.165438652691805
7.812536333951456
7.389415488192178
-19.458592671358346
16.517978885535058
-7.851801696744607
-8.270667003554042
-3.4008593455273655
-6.432286642884657
-3.101182310735176
5.083560701274795
-15.601446619425348
6.346712238115721
1.8354565824260014
7.375022562316531
-14.63878725100923
8.3622635086681
6.292641165892778
-13.047332274792748
-16.31204623430575
7.201652899966142
16.573158185035034
3.631746998137718
-13.394248372706304
19.58109959318506
-18.855444143942975
-2.8511818840547605
-9.396614961493377
-6.594182521141544
-4.7146473980156856
1.0049888227871087
-3.9189528574805763
5.9700127809572905
3.488624967929063
-3.3906466026016844
-9.32567208896469
-18.38104643139892
-4.699510763523914
18.711662881083527
13.194736690465305
-19.942187103336998
-14.718211470675682
-17.36520707680876
-0.14681838761355692
-13.987929059678361
-15.593809827178102
3.712281494135766
-18.95305581621542
9.395011727941089
18.243558325001132
-8.741274311278211
-5.899502886382578
11.760818764838778
-3.3010544643227213
0.33450280525340403
4.5842134037534095
-13.15470628247092
-8.09510792598362
-1.2095253864362832
9.694721329671015
-16.823398043284218
6.942590877044864
14.584451533839172
-10.600742131427111
19.386587698425288
-18.114431860453962
2.3147895196291515
9.657040941348352
6.818444438758469
9.966718558287742
19.62363946882632
10.207608229861329
-12.138325640532548
6.157763192678974
-17.93872105340455
-15.116967700780425
-10.459179134813894
5.010564570425014
-19.883216900323752
-7.165767299991419
4.086113710857724
-12.917997287790225
-17.365834377829117
15.208968068533004
6.575589220385126
6.865248686117127
-0.9283883137305509
12.182456417793745
19.818773086651532
-7.442604942493567
-15.94301926555005
-8.269092943667818
2.6555212510369763
4.086248738493747
13.177378761825018
-17.250927832637757
-6.799533428540748
6.481409386443385
-10.334247957964324
-9.736948416023399
15.620746542668691
-3.3615723029419655
8.520078218066548
-18.514776131392225
15.072235321757454
0.8641563577313249
4.6267546132388695
8.948948647722293
-5.931832553014074
14.489031007112565
6.427411283199422
-18.83605310277094
10.613716080019202
15.232491487188497
3.7308086492834462
15.570679073688886
17.384445678480517
-0.296529454570976
-8.97547587314996
8.281190483416552
-0.24616081504415988
14.56523188517145
-16.900352286335334
1.216928166032524
12.079051627031241
9.032550017072204
-13.6823546870813
11.335468272869335
11.930577113275671
15.107929291318797
-12.028838775187838
15.713773670067155
-8.384011083926705
16.75487279679173
-15.202015614132423
8.105174226027788
11.05752866058776
-1.1258349716139833
5.799639223000575
-16.672408895886758
2.804325378212681
11.458550893550466
15.532037935923647
11.434799562180142
10.316494938962787
-16.507886190788327
-17.588223419247633
0.973269962573017
6.319673696183266
-13.618322395140062
6.539988423414474
-17.956993968248028
14.510673532975048
-2.1509862991762
-1.3360046361413715
-19.54290336223716
-12.173080602269453
-10.409367704848123
10.318523589857556
-19.89511817223527
5.348030576330373
-3.9992281350702683
1.9165504113956864
3.553631594364486
19.5983713378616
-6.201225238909922
2.289015213079395
-13.652952582193416
17.83579586568552
4.038171355181625
4.547473829162424
-11.175357935376585
-10.593999582414341
-6.333070273326701
12.06905880846137
14.35478022543893
-3.6963596806770056
6.7221979356575225
-12.755714131741236
-13.578564185420108
-17.51060607532823
-18.587256404357134
-0.4005931178314448
4.8091306956849
2.423239011972271
-9.47588665120569
15.957183860961862
10.054195088777
6.241204189395511
6.787246626596705
7.639092621000934
11.227640211361365
7.2655109354855725
6.617493363039944
3.5437342626097035
8.083089982650623
16.637740485413318
9.519716071782756
0.19828197216937937
12.155745861505302
1.8589336345810779
-14.603449881961676
6.04365266316708
-14.341222811705801
-19.112734249108847
-5.734839731195386
-15.567918855709774
-18.49322871664416
2.1636325661267577
1.9741272033316157
-17.89085996100482
14.667198521601165
-1.7703677855601576
-5.580638613253711
10.062314080338176
-2.446470942636406
19.949239453467882
15.4605769936501
-10.727217712918398
-9.191760693771286
14.898625231228941
-0.8070404984207293
-4.418787246976631
6.834629447665176
-0.14989249656473191
-11.502596337334028
0.5502598776670062
14.427941454648185
-3.8502803088237556
-11.472326403497659
-9.969409637904093
3.4437311159206274
5.200256986296232
14.968718722149504
6.63244377076802
0.23274343075204484
-10.634845614084032
-2.1491941657634612
8.31261938738875
-6.866483960487667
14.168243194805846
-16.100310551964633
5.378394380417667
9.616017697117115
-11.376424026640596
-3.6215479853202304
6.5566812878318075
3.159680165282815
-13.64763569667896
-11.803517755435262
-5.061068007683854
-9.619481388770733
2.306281877325084
2.8416130906039108
15.01659702917226
-2.8902626850565625
-1.2746384950958713
1.24269721776896
-0.03564897182493354
6.942013815768668
-7.39752588761295
-1.4282886964819852
-11.736291817368812
17.615007022851977
4.6678476762172565
-15.394456555822602
10.949230581188601
-5.6845618189436475
-14.08239851281127
-14.58433722819474
-4.038238244070978
10.036941149593769
-17.71717920100828
14.121557819849045
-9.464191383142818
-15.871105760297954
-8.856079862683352
-1.978160487618613
-16.876936853387434
5.542431388110295
19.864215060279513
11.909409787447835
-0.459130974402683
15.639466141299053
1.0480583610312912
2.6683718454862095
2.175728440565745
19.691262859186267
-16.98660163715468
0.16186641604921448
-2.315369287342236
-17.91199748271874
11.212142455234094
-4.574428872150378
-11.186528900456544
11.507811080234656
-13.449403624011605
-15.480369303400288
11.301060458260572
1.7574453858906764
9.969494484711579
5.218631107879993
-3.2514634893497814
8.829346927912791
7.267924462324924
-0.4065995919871028
-9.78945070455043
19.014124758583378
-1.255559315040891
13.62525550513164
-2.6536958775997945
-0.41639664238829255
-15.974960253264898
-11.79790254279046
-11.719137433597929
15.618003366286558
12.429010079970496
4.957046621684711
16.134266981537266
-18.363726979556994
4.987000358596077
-3.3644537917941335
-15.348546349186094
-17.04064443794345
7.188546437619475
19.51715386018519
-2.7231988130550455
-7.160948206018109
-9.897503540430638
19.00575623012719
-15.674347823426826
-16.161016525072924
14.52418215849341
-17.44888969148259
-13.792140937138369
-19.35718100298792
8.374619409250524
5.569725237204754
-12.448726815015462
1.9870221138635067
12.395097736537707
1.4026527750304325
13.801781497659704
18.45806197615743
3.4458946131028796
5.992996669146731
-9.303013087038345
19.6370303801123
0.4124100743830006
1.7406023084633269
-13.58290300047205
10.77116830371643
6.419746981427103
-19.284064499987657
-16.065205823343703
-17.168253000641354
16.519227040936833
19.910206861127108
5.589765147201945
-15.779961223262875
6.612178161382545
-0.6166628496325188
-11.450055117373434
-5.356456686482813
-11.002359965482537
-3.49371131400531
18.827453316156316
10.226532138446753
6.3382779694314415
8.947371078813013
-10.6326451575445
-9.433651179156083
-10.530107519021513
3.5167043454843885
-5.970596967160237
12.270681803731321
-14.665201389780403
10.705439925886942
-4.630903844159047
-16.37506159545996
-12.137152146274879
-14.662004141579867
-10.87020577585716
-8.429058091426658
-2.283332792507732
19.81650049042198
-12.958694870753904
-9.95650171388277
3.045141670001101
-9.691938773394831
5.4105529394413026
0.29160981180819334
9.09276002466428
12.066760700623831
-17.874852614009257
-0.03481163404248733
7.48761133330941
7.1987090525051585
7.334230952177361
11.869055871012662
-18.550846671980633
12.677486353138335
8.972378688465735
-18.443386218292485
-15.901705770325849
6.974742933173932
13.063129862175288
3.0766192794400595
-19.889231114930553
3.5482999225123066
-5.165442362184152
3.8887162336742698
-14.61299689290227
10.18553505802138
8.720823267036586
-18.75661769746065
0.6878701277760015
13.08192092035754
-16.488131205856106
2.431287783427848
9.35945475086396
-10.181575657310331
-1.8408008283871027
15.904663780605375
-19.578607617815152
-7.776903538246934
-6.847221758678934
-18.772038163796473
17.478416849648163
13.493570216596005
8.003285872509256
2.3652344760606105
13.354190803961515
7.018690485541981
-18.22009595218678
-10.757769796664952
8.621715867733965
13.992381521426054
1.760654732675846
-3.4314461097435576
-14.15742793857552
-19.591768066670056
9.915908333154228
-5.526463008788296
14.551514665999683
19.669938687139258
-13.194489950637163
5.355096610039247
16.3029701441465
7.797182511389433
-2.599597526686889
-13.471887262352391
16.792335113374293
13.526868364023478
-9.185733455800085
0.8760440765425841
-1.8165947472078692
0.2255090274808147
-2.0658064626001007
2.7000064071184866
7.987976583891239
-3.245651820335258
12.124087640186232
14.153721834927346
1.6895097931305614
-2.181113380044934
15.789344158226264
6.916135972651741
16.268439478995525
-1.7475263939365888
-10.528417911362089
1.046021173701675
-17.982545813746054
-15.56992038039076
19.31859267096837
11.6396021294773
-11.144252405273352
19.1472311530368
9.222562859837012
19.60035807532192
-13.748791464838925
13.666886124159177
-7.599423454558281
8.407128806030606
8.49534145085656
-6.884320827384505
12.942948055337375
-13.228366603617761
12.24495294554481
16.929300993056074
10.419318189226509
-19.5160399682506
10.69584846404192
14.658353697029497
-0.46054763890302297
-15.136377598606456
-2.3483432926813492
1.4145304247716162
0.7607781598920198
16.533446446332135
-15.267199099102902
13.204355727726885
10.866223008911525
17.56644779207889
-9.74244466675081
13.755290955164917
4.317160568014337
18.133639007891944
7.297888111242742
-11.973520969051613
-8.978460542184408
12.75502527045218
-5.399553406413254
-9.681685477400679
-2.4874066203907432
16.923664417681614
-17.78129348059278
17.98233263342722
-16.734151920023933
-18.794157907556958
-10.552646858017987
3.0445495289757503
14.110341480453712
-3.6174404330904224
13.949484874134292
-4.747507791942267
-6.088568263623483
18.26959701203969
7.962323860778461
-3.4643300396335874
6.379844609300015
17.350796751000694
4.200668834782757
4.715009395762078
-13.806030834778632
14.25581702912087
15.47130266457392
-3.7603987547720727
-8.863737320386246
-13.573265130794914
-5.782101202396067
3.6547026581304074
-17.882080675142582
-9.141245304453323
-5.02629998000363
14.322300544745978
10.501431274796392
2.745215056150517
17.971840734637944
-19.92907694427921
-0.22328215436112941
5.716439209184667
18.38076264711551
19.303795328863096
-12.875450433926762
11.97483247039974
19.76667216227304
-8.81983884867866
-6.0710420614724825
-11.157976033709875
-10.035244013999169
-17.891492727752784
-8.437853974663764
-11.237170527846757
-18.998495974875024
-8.893548862751706
-12.727636410897599
-3.29161476779824
-6.163301408029893
13.506330864170579
-17.09882448176956
14.634304536193497
2.9314428888498796
-14.444832436840652
-0.669032159065793
-2.93131070456802
-17.352392841769124
3.9728607919377588
14.00884912354315
-8.829435606246703
-11.125799773097903
-19.24641025019088
-9.073740585868958
7.8946852320130105
4.965154060270205
14.25246150723786
13.50770208617994
9.800861375053259
7.316169400442366
1.9229621562699215
12.918948573924041
13.401761152295848
13.730907214007772
12.18151371555006
19.444823672623805
-4.195407976013854
4.432344210222475
-15.276768998425627
-7.950121492859218
7.333506600874415
-13.49849780899136
14.722199469613855
-19.20440143219519
17.033646299116462
-2.4844788640566406
8.70329895014082
-9.55841783849082
-6.589530906833323
-14.420160942527556
8.25017845150693
-8.0297957152285
-4.963314518225745
-12.78088894435558
4.71431913675768
-6.662866092349539
-11.561849231469829
-4.61168250237832
-15.049437215147057
15.543801021206264
-19.194837384145114
13.64053671048304
17.86783709212446
1.1672957739896432
9.46075513120234
-19.4666046868675
-19.18810499088973
-8.45421097587042
2.3455676729155854
3.2011236281551305
-14.387482876981025
-16.456764189853477
2.0891230990038423
-6.475563108466652
17.220338791110464
-16.041082745489103
-13.186709161621138
9.483207478943399
-13.674686771470355
-8.368313802666542
12.01295363472505
2.946075387159354
-1.3076759299621017
-16.866973861916165
-6.157195636289337
-2.1373978320508016
15.89091157737856
1.5545430370609878
-7.409856975019768
-9.92252074660703
4.659866742813467
9.43543413537061
18.229617425698258
19.413670389893873
-4.725047492569111
-6.560023759005524
-4.913489493141778
1.2911306726685794
-10.900065456656861
7.912771845103638
6.468228569332943
19.820418863059345
7.651737322751909
-17.624233403656895
-4.68491389287021
-1.73143123822922
16.67805729999597
0.4696770375688999
2.3900723437631477
-12.469453565977414
-8.288125936826042
15.106494376269602
15.81670673869089
15.340551341901133
-4.7945438145366595
-16.313805003027202
12.239615007548672
-11.227203360121285
-2.0849030989412327
-4.300146220660498
-16.70869795964146
-17.462689459045354
-0.252574243628473
0.8650642422910266
4.0170365122192635
-8.386879901938013
-18.152075059565767
-15.572235755864373
3.5722848589589375
1.7567197396603937
-6.884374988255164
-7.893778943925449
-1.6043287905358419
15.984201255863333
6.573185953488153
-4.0766467684311625
-3.2108766290206034
14.14525908652675
6.717626583323341
3.3382126883525807
-16.395583316426116
-18.143524222390756
-3.8078867095863522
10.315615917669184
7.313291228264113
2.543279869485989
14.876385945051261
14.208102698293416
7.498385507563597
8.76034594092349
2.5245088924978063
9.177577334747554
-17.56897079293223
-6.367352126284294
-18.589690737634857
13.828214769228182
-3.3322270771855322
-17.002053676540932
-1.8827191953704911
6.0354058123471646
6.160449227602044
2.662262101882014
-17.05034260307995
17.197825053416835
11.613333098336721
11.285608674453705
10.94129969312046
-4.503129998892064
11.058378261571885
-9.794692331189324
14.805774909474167
-5.352438048318774
-14.94096065211215
-4.252017961219284
-14.12258761509348
11.987326829256997
12.564214659811633
-18.210616957704868
13.038112026560206
17.199034002820255
9.803173392691306
4.480130936636819
13.576486294056174
-9.212236004443994
-9.910845181669782
-6.13873764989615
18.062973087217046
-13.0706612959343
-16.29429522418089
14.246877636164456
9.769121548031862
-7.557858389775895
11.070285234589296
12.330270329018866
-9.461926410587678
15.4190949214642
18.317296350408725
-2.630501147838199
7.645395883512759
15.09281610917295
-10.053204918936377
18.198366791387173
-6.725477047969761
15.114323677494795
9.454458327302167
13.014996308821537
-6.908856919615021
10.843772772127032
-18.332545595494597
-16.85358277996217
7.35424700137516
17.516949949968684
-14.221418547731561
15.356765232856013
5.5750152976687914
-9.729331500414817
-9.845440338658094
12.288352180658258
13.406584848718886
-0.05965321839337889
-13.007644388730718
10.842161781784391
13.452021735893297
18.33520584084016
-2.0500754053423407
-19.935215146887174
8.331526798679313
8.585352920600045
11.15388689139246
9.959527376672277
-5.404562274701746
-8.028730438842725
12.205563090466278
-13.132257877119189
-6.803391114924558
19.703917482178767
18.079743294380165
13.157220964581846
0.3685322788020784
-2.102374191426911
1.2526265017433111
-19.919170593021633
7.152616986418462
16.438608197955602
4.951237013293614
10.343483325073173
-10.52132725883788
8.770187488219658
8.630990940049045
-1.9010286675569503
-18.711786134862415
-11.409988679382908
2.4262482498944173
12.536721621606247
-6.586847378419991
-6.906638139090177
18.090571043117983
-13.269630546329534
12.095185618740075
5.409335769416902
-18.200304400957087
-4.19170216447149
-3.967867055177461
-8.471572987566574
5.759004633071818
-11.097137567482722
14.093636442067172
-19.598032914446616
13.201042536629053
18.461025149522328
-16.163880414415374
-10.123789139558962
1.1897974018421564
-9.730704777706709
16.275515116948426
-4.189465364080176
-14.05348476243109
10.175195843600928
16.05115317833024
-1.9711226244850195
-7.998393557743299
-13.994367043982257
-4.077189649334096
9.882115225715854
17.910555965851735
-19.195144589920858
-6.176261206643602
18.614767903495434
2.1299768571162936
-5.612272174214148
-14.01182829422321
2.180216952886788
19.77652717265363
18.145345692321364
-2.311344106065995
7.522095242120471
4.58749181906353
-18.62384783573198
2.723390261447946
18.363263247402863
10.084484467660605
14.18307224588159
-6.790761695213732
-0.02871039827753208
16.005287330533655
6.03292184388571
-15.56985955889694
-17.41340620569587
-6.73352819266206
-19.868811386396207
-4.6163577549000365
12.193528571167995
-11.20990185882372
14.580313466257387
8.363216702064719
-13.43800287954033
-9.2782338879291
12.134321551728448
-0.6765488595549769
-10.710791327037912
-13.220498826423244
17.37777219138802
2.1226268133180106
-12.705724642248208
14.973684804847586
-2.731029837355834
4.101953274986943
11.365244086776016
0.12719826996255534
19.2641296419161
0.45541025440154215
-4.217648798634809
6.68407742418038
5.752555052150893
8.108078356367578
7.0704447022830585
14.57862121824845
7.408643404401548
19.818277679308586
9.717272688769903
-7.788729587462795
-0.6463904417441526
-2.414290910681135
3.762402860437291
-1.7735501411608823
16.869265469946455
-4.180307629829013
5.0893459638984275
-10.2962706092144
13.633723417457865
-16.271726559467588
-17.497272721827812
3.784008949700368
2.413832741234909
-3.752423661186981
-9.30215789908464
10.992743469600814
8.085698799739077
2.343055089059682
11.091252478177914
-5.905334086025395
-10.750816015173426
-7.283057379612522
-7.724545450514807
13.291531665296702
13.155379678528433
5.031186393520763
-6.641307266560879
-19.507836015764305
5.5096151450153705
1.3548550634161813
14.975477681443323
15.89045182743272
17.900503638570747
13.88892520642991
0.7874156572003024
18.157556292014846
-1.442029749755843
1.8260750937053984
-1.8423814101368947
-7.233138539389081
-6.73001677889696
-3.5065596684076574
12.58103514541994
-16.81895737913848
16.69598765331188
1.8733248504710076
-5.345780338030863
-18.627424531795587
-6.056182987355312
3.2728968252201405
13.720356427958741
4.561396341207725
-17.44656509287825
17.9600116867799
8.634404076569524
-19.553047158725974
-17.289490191641125
-7.352226074261621
19.817864717291165
-8.359964131003125
7.881087684961013
-3.3096396972614706
-9.126595429720421
-16.006448224067952
-5.809034742817145
-4.161681551626074
7.027424173610651
8.159396915706786
-5.096613609141606
-7.317469180813486
-13.713308777293518
-19.84272971306096
3.05041056676151
-18.822134236113797
-8.783924107934666
16.315338758698218
-11.297577431919512
-0.8973633556720628
7.604406646509428
-11.142060000790671
-1.8574900455536891
-11.527952681998537
17.318699393302936
1.4111375091640674
16.573675242653643
19.772324890881848
13.912851680487947
15.868792512613737
-18.81513393563306
-3.5546304239121476
9.770033672650683
-12.716489023214868
-12.916417685485587
-13.096075162704448
-1.2018603271265995
-1.8754094379665212
17.153721404742555
19.825709461502754
-7.150837010064555
4.114583748473425
12.290484608902595
4.229183916422961
-13.183095510964531
-12.65650829416428
15.963694008974791
7.093263532666903
-3.6139524491170008
14.009215471436242
-17.393203413111117
-15.43227236695727
4.81477900881832
0.4541733229425162
-9.89913447758755
-9.318759645776748
3.432165103089627
18.966032474148584
-10.583179572417748
-10.335904035445855
-5.766352246555728
-14.0214442149645
8.40641689735202
2.977230874596515
15.861241123495503
-17.735458046326805
3.0062730441428975
17.801202396098063
-14.801063241704524
5.630804439931168
-4.300569471956663
5.854763447739529
8.043530836441786
14.528587669513655
12.542517334359928
9.750783775310538
11.127970439671717
6.421028798746139
-7.339104130359022
-11.035673567375968
18.683614344738913
13.585511976788318
7.449053317437993
10.749613732251227
-14.177075585732876
15.339788209769551
-10.516406966708667
17.842376727714914
-10.526495942932005
10.320571925051073
-7.747236078059716
3.324063619110845
6.710765600305496
-5.017621123753507
9.589452618530036
14.227954101886809
-7.059926828297236
15.776131132479556
11.164229451516945
15.540622600884426
16.3836405842111
0.6719173242466105
-12.632770971514976
14.911105271117577
-2.338648260499969
6.900932730967121
5.955148379769657
-18.41194786630524
8.233995357309102
-4.733498234340733
-1.41011581727917
-16.464762823512494
1.0432676712085822
-8.519405541994004
-4.334824129855864
-13.529332513299046
4.515773500450557
13.368262752540787
6.82565314982017
18.20259999115389
-14.94674661569464
-3.924970955910773
5.018839451122446
0.6455986388039747
6.989161046097088
-13.330212190126453
-15.718854884737766
-5.938050410809698
15.9602820410892
3.886740231834345
17.772450228691383
-8.150190174103344
-11.606296956596234
-4.702782923785215
18.47247760430558
-19.385531256679755
4.63405257327382
13.548338793266637
5.341850716787512
6.083158980174407
-7.2238574551167645
1.3173203634254094
0.8908809079266291
0.6685444094268789
6.833908377547544
-2.2186620403576427
-14.655169942600196
14.219866398871225
-3.9039277231301703
12.71736281359604
-6.769546938155626
18.11837855243241
-19.08865771219441
-8.423913518460875
16.05710582705545
3.6355965961989227
7.20386995830205
1.0190106682419362
-2.738719250346019
-13.985997546479197
-3.95143337771988
-15.854217145400442
-1.4069013113606061
-5.527051871541024
8.990390862292482
-5.036540435392425
-9.030410460615649
-0.46305986940515
-16.18290961311779
18.95967728752933
3.692002232940588
-7.825736916988365
-2.6466062113387068
-4.012431552748058
16.630245955198852
-10.27938485814133
-4.276531404867384
9.749686576663162
-12.610638222538192
-4.277865517248202
9.842708245383172
-1.4892998486380762
13.537343969735971
-18.664999603250777
-7.625864024237142
-6.619406750870386
2.0941799122321783
0.5926424207805425
-19.402069494372345
3.4818263606886575
18.759128976525645
3.6079100341843784
17.38026195947873
1.5941092232510954
10.380320448159871
11.217869853938012
-11.42765813010688
-17.968329657018515
-16.12515259439373
15.307644065321163
2.0208841430509707
-9.529052231564243
-11.690480250329646
-8.969511694248418
-7.069363448122736
-9.355791675162504
-1.5544335228840644
16.910192449832095
13.707683041637708
4.001649772168527
0.8791518424500389
-15.735312637676802
-3.4719477707473345
7.709967423616991
7.769012618002087
-17.678568185411553
-12.35048204494413
2.1909404030077404
-16.398720735468043
8.390708279564969
16.094151806416207
16.796576702021405
6.858688239686927
0.7867060107840231
11.188017007956113
4.960025441859514
-10.348530768754332
3.928383234268857
15.211540641641108
-14.826647616952403
-15.202482065663228
5.873894454750584
-5.85012325214759
6.613807472011153
11.185266266272357
17.753811986391632
-9.07703093923217
6.4138108931879785
-17.279602632540772
15.945484939851461
8.867955992197658
11.104590691360634
-14.317276772321854
-0.3898954339325833
-13.648058223390848
14.960497213815117
4.4909738454581
16.382050301253763
12.522074883499165
-16.878140643860483
11.403637738956157
19.808428357843127
-17.452510776395723
-18.108158160858597
6.468142730019039
-11.023324948859944
-7.447218479267788
12.024414233738426
3.706118880994474
-19.530923421336148
-16.87555943699779
19.288016724961693
-13.57108815165661
2.445247072686204
10.00176032605279
3.6530453259540607
-8.492255929851908
-2.230374056691595
10.654635557826268
-16.796808981252237
-12.970185123878807
8.728183072229399
-18.03480571417822
15.64558487745171
7.090502032613827
-8.94453486382412
6.4227952352093
11.224996706920159
-18.296055153918473
-2.0652774219637315
-7.582996243218592
7.535374436827457
-9.160570410565265
0.026995504872008524
-13.154472781475647
9.444980157203897
9.853481793609102
5.700938508397346
3.043001289651478
19.688419152566674
12.970726474174278
11.497021123176996
0.8186675956154623
-11.284282214892576
4.540177228479571
-3.8574142789124934
15.945369778683535
-8.704499629103184
-9.776421380866758
-12.38622779824273
-11.984497878809126
9.142700523981311
-6.323604427993121
1.533563506606015
14.265064283283799
-7.610642834416087
8.213313153866476
-10.273013618172232
-6.563201073751234
-14.981483786682901
-9.709041708511762
-17.981777917556414
1.395703415176012
-0.35805816435591
-8.265980330933939
-9.755201226426635
10.862673620746257
-16.845178342805156
13.573731777600301
-0.27754007135643377
-19.259331500086535
-15.938594208288093
4.671903350543758
9.512611005637407
15.293604182425284
3.455526029996662
-19.95944836656916
-9.705387976357787
0.8853535944489224
-14.208265835295638
-5.722604642090868
3.810190132515956
5.567232864149453
6.880793995575054
-7.079792608411681
16.27254790014063
14.447082624003599
-3.3253646383378666
19.13821264883132
-18.751655965742934
0.6359274031881093
-10.094313673812994
-15.545352182961478
-17.29927432834564
15.12844353146101
5.0699973562178435
7.999106985768467
18.064350286129347
14.740778023369437
-9.399972226937292
0.6418062984929982
17.77903595867378
-11.975481634029443
-6.542712979484673
7.114106190903353
8.800443781878759
18.019979155289533
5.765240422920932
9.853077620220784
-18.655033929084567
-7.8814408404702405
6.6754451911705495
-17.761007038427458
-13.726477786535195
12.530088362185424
-19.038126307357285
3.954137796981584
-16.13624634606749
4.852224695901501
13.68217454792326
9.12492020853577
5.740696463823184
-1.095056143743811
-7.848253862543647
-13.306112844222238
12.15766892706035
3.875160704435867
-10.760448641003508
4.2420124875513
3.978527780325514
5.522149234210488
18.509344897650017
-1.9646988869279056
-8.061848917898008
12.645521535687003
9.606512271886096
-15.690066323497675
14.732882192557362
7.232973603491338
-12.96706383765244
-10.387026856731794
16.164389492953084
-8.28028995459318
4.505679127694279
4.9693378073478485
19.37413109437741
3.7354769685688893
-2.1735238592177133
-10.734825458640579
1.4025497783267902
-15.43664365203227
-1.4906767641382572
17.41395942542777
-17.61515506531694
10.708168647350647
-2.2421187710955017
11.689424581034054
6.159056384248789
2.5081209960373982
17.61337799024514
18.162015484979335
-5.5930018973974605
-12.975045950072621
-12.12041608096416
-1.1976245477468979
-9.625915027140257
10.576477811474266
-0.972571797882793
7.6299953204943165
-18.54413868600667
7.547028326524895
-12.253830487161284
15.15476375033304
-11.122158571542137
-16.74222523159699
8.7503715901742
-17.098873309681387
14.128067032545395
-19.264635110141906
-18.07643294202375
1.918834700530347
-0.2743105081576793
8.8850685013611
16.906617657241696
7.642285606386135
14.733657694392107
8.505639127658917
-7.721114326882779
9.401346260601493
-4.5295624766658005
15.868043970222196
1.3228832430738606
13.35826665267166
1.38593160183245
-2.2155882084481426
-10.692795216349689
-17.352564884740044
19.49257052564687
13.115974140294114
-4.240957057162769
19.723555771672793
3.0540017297865134
12.075980233226574
-9.23026409457744
-16.43919609555614
15.604560653308205
-10.339065991790921
9.887751871914237
3.2035467217145275
-15.417681141275361
16.051823562421987
16.304932904008282
2.6854747322023833
13.292666904101232
-13.390898017054162
9.481564205796612
5.494386822820051
18.239350884888665
-2.365307341984085
-9.387331823798458
-3.3997313776996236
13.856135475188644
3.6919217084554248
5.569488748820962
0.7222715883729869
-7.68941019623985
-3.7071625215757535
-0.7199819539169994
-5.9766466641833205
-18.842528672390195
-15.414591979893192
15.575909699804527
-12.80133767068287
-5.314443172715194
3.1837790273274855
2.883826112198097
10.525587368657678
3.110192722574485
8.476756337027599
13.066422634063144
11.377318096260097
-14.158439536824329
2.6385111138516564
11.521079844086284
-13.614260767235727
4.903102262405326
-11.258001946480105
19.08416071500954
-15.28104832393339
11.263718145732092
7.457544256798393
9.395690480465358
-8.826076180292958
-0.5270223101592144
10.302756392290277
1.4296163710528056
-18.908509922991087
15.842487417652926
4.508003999366839
-19.372420728682272
-17.813169023664965
9.433792442876783
-17.718759139288437
5.058649874942116
9.021982945064124
14.302342983067277
12.78156348786019
-14.922429889411376
2.3786408142341706
4.55224381446223
17.253770634056558
14.778799874722395
8.591361914409017
8.401966165330258
1.5008524777771513
9.862247177478064
-0.5502349050032187
16.15190926560181
4.474734664520426
17.709969316303983
-17.509038438939506
-17.786794756739745
-14.320327303609432
1.6397303035741828
2.852273458181081
19.548206418424186
-5.234660040281675
-9.702547535438232
0.329871312718101
1.131506235031683
-2.053602190428741
-18.350013178749425
19.43963660661864
17.67630010786838
-9.37995994960239
11.508096488728444
-12.169390202922784
13.158326342346257
4.604412000438689
10.31945375892748
15.404890365559034
-12.417654623620077
16.985233652118737
-7.725798164855231
11.548068796439189
-6.078945789446756
-8.317036788772105
-6.799603648381201
-7.404153778786618
14.36342154778255
-16.86655642129139
-14.1811185213793
-9.283735903395144
15.91541571753966
-0.04022656676000125
18.57240610830148
-19.135785708587804
18.773408810248945
3.371128018203887
-3.3615375770056204
-15.412229517200489
16.525733598240365
-5.196828228994255
10.961065924642352
-0.4839668206906964
11.843564834602368
-17.148970488773053
-8.841660448096867
6.115760654245328
1.4834166481418762
-16.82274743449275
-3.75958286875845
-18.8194336866911
15.1125579492969
7.282624502656066
-19.97922875766042
5.241015089420831
-6.514176444343773
-12.872245466754158
-17.26339505555709
-16.24395050694752
11.065324197755682
-15.149862083294101
-19.07574249926375
8.293691869236497
10.20864240052969
-19.67872452034539
14.540943629589023
-14.12902509800321
-13.35973212559007
-4.357875327864015
-16.928065960819062
-9.621746837914017
-11.419865749791036
5.427834152860402
-18.16402471756566
6.274736042666298
5.83181440898306
-16.996671019136063
5.023223131988864
-3.291110026021652
6.692400955444246
-17.752731767379757
12.612968862820757
-7.716018071392497
-11.58220437000237
1.8772092647742298
-15.925043197395429
-3.540664467542083
-0.1651001591062773
-18.89190451945428
-7.307048564556302
2.107126951369395
-16.958807129638846
12.978304827175748
12.569598659125354
10.617120749502519
-17.801252902109432
18.600713783205634
-18.472901749534532
-5.629077990502829
9.147237759004408
-1.0203540784170393
-11.60224785358485
12.622884622362072
-9.205401995762736
17.907859754824216
17.68195754091827
4.64517056313138
15.952205409290144
-19.800631664394608
-6.7354063995809845
14.710341654291156
-4.181178411428576
7.550862951450846
-10.614282907456314
-0.9621488810239711
0.7930998561884905
13.153014423631795
15.805513439183038
17.96377319184274
6.441143884450341
4.914195845789671
-2.2389579910193156
8.64868339462739
-16.497983396372526
19.52974812550797
4.967819027697821
-12.406771666937386
4.331893074453859
-7.374930539113453
19.725847171313767
1.0062155404161288
12.44845217827838
-1.271573734186589
-15.176870755758731
2.696111997168277
-15.742470358497783
-1.5631413568630492
-16.879200364852124
-13.76555260182926
15.0763670306455
4.040893055409683
-5.363930080949441
17.686837846307284
6.922869953203357
-16.400130282635455
4.599170585766252
-19.512213136290818
-2.6043665831021627
-9.363377954787406
-5.383233633145274
-6.694317783907335
-17.799890954088774
-5.015320986263244
-15.06900452526489
-4.753285951074183
-7.064449040938365
-15.956882550869217
-3.418892789754654
11.514056343584983
-18.722678166231752
-0.07334224093661845
-15.108814815131307
-16.549681372884983
15.456602209618154
-17.370558516052363
7.715391363560947
-5.581523037786482
3.996782539816408
-0.11475436652574444
9.98735307102686
18.356764361254577
-15.136005270832925
-7.733857371287037
-18.177764766837143
13.18978687534242
-9.231761128162672
4.005038510216998
-7.3171097514308325
3.398746731633171
0.39045499338299905
-19.150112653440896
-12.290815745019206
4.61889437275698
-12.700479168387533
-6.582089652573746
0.966496419855293
11.036988012597277
19.624422825552948
-8.729704657112718
-6.669129519824445
-2.8763884534945277
-11.387044546725082
0.788909918773367
13.851921177715731
-6.57419032822383
-10.568769167695692
-7.060351633444846
15.10312171434078
3.3431246728769963
-8.734013952275399
2.68598373572884
16.484287652501884
4.394556194547384
7.725211576809713
19.709942710099156
-6.999783292336307
10.146204632214424
-19.14704895765717
15.053434978748925
5.608225674068635
9.979435055283211
-10.896765111708454
11.366594585179868
-16.783311823556197
-15.565851573047716
-16.822356306414417
-8.453157701757208
13.228049373897242
-7.756180666100745
-11.50600999240574
-18.401442179784333
-5.3020347362911835
18.920266172222355
-13.852041107371193
1.7145614709911001
17.825878108612507
11.5993246369734
-15.773830950428707
-0.1345560850873042
-12.400325870143178
5.191796312018255
-19.424894772238133
11.028660472919732
4.130248614246952
2.1247446092712643
-13.615388295410291
15.179733237422155
11.63544862117957
-5.42317009508665
-2.2555086354606857
2.65800558746092
-6.960790109999824
-12.355841182640464
2.9037657715748395
4.1109089599389605
-13.430109172911123
16.955021679262302
16.523044106812236
-18.528571868309047
-13.970753076922344
17.730617268413084
-6.637799412684174
-7.224368709394771
14.99468899737559
17.33190831537204
-7.791772617754047
15.98496974413645
13.198179165107021
-1.865539365225743
1.7278204353180442
3.852422157018431
-7.580626469754739
6.989509139972668
-13.525310626505673
-6.664326096248786
9.776626134644715
-19.818299867380567
2.1443843208116498
11.4903297431051
11.299389390356303
-12.787014049112177
4.109092464687208
-10.352916196977775
-2.390242338505047
1.6520049705374404
-17.753161400278685
-18.731727057146642
-18.212936538589194
-6.639059836082048
18.452059322020254
-11.098810251664428
-2.178984341595701
3.180394389527194
-0.423378034685328
14.269605867963705
-7.933228409877033
12.93953339239237
4.865581032547372
-5.000206238485347
-19.2149431949861
-4.143346310427788
-10.674526839301492
-8.893570485556385
3.8392573934189933
-5.7176778509484105
10.546821981218237
-8.300602622470535
-3.866593229127492
-9.284245367015203
9.258937923144973
-6.108690532619473
-18.33353595881863
-8.182121367527015
-0.635044938753456
17.23741526058881
-9.706970347922601
-10.469775348586525
-5.343884153791416
1.766856081659082
-7.2188903764703305
-18.78186787941017
-2.285101620111753
18.796362064586475
-8.50508678042241
11.990191038451549
13.758910216897007
12.48347505319743
-5.291051502846994
18.420394584316753
11.526475661775585
15.03378439468512
-9.543325725026808
11.685589314519813
-15.51420208341272
19.685561061011164
5.02935556257237
0.4069480751607699
-17.7078566197947
7.954709944236626
-7.90410198727205
-15.67728551237407
6.729585554455365
-15.419733030608036
-2.306266863217168
-14.81605629527384
4.644703023997629
12.513314383666085
2.033726312005065
10.033667014619105
14.34568579740342
-2.298039307135113
16.483678435776405
-4.020280249520166
0.3562323600752748
14.12685411272713
-7.645541693702992
-14.326485895081671
-12.8555157892949
-17.748491833782417
0.5838891429895519
-15.681733070055234
16.429175653734568
16.56465990093281
-9.723618186316493
-17.740492224437286
14.274134383165006
-2.5976034870386826
5.7407227524791296
9.127154181723611
-5.92988395674154
-8.861028189834133
-4.963678232976939
-2.345795714204776
-4.527418676728399
-0.8808489789231864
16.130673689440783
-19.758205303271698
-18.525276010813734
-18.9061702663601
17.90916389857312
9.896856396958139
-3.627281900274596
-19.334314789313922
-15.978587347401296
12.329421163842525
2.225199339961229
-18.60724092819207
-3.8306572973646134
11.539277319309853
2.4188683479466917
3.874778562623419
7.62529962201981
1.8668798564877847
12.914364578407572
1.994128098817228
7.8264081778574095
-12.754801179348858
-16.67849381907562
2.9760889449302113
-3.7729647815864737
-6.050146925293301
16.47374619102633
5.463040060055761
13.978721981406075
-0.5834333538019507
5.069323361933048
-16.39156352553538
7.8854017956824975
4.683254594632253
10.52997909142001
-14.590828843907783
17.34761442743706
10.297562931892536
14.6007260064627
-12.17695242055373
6.202185951433876
2.887017306183143
4.629256385619975
19.02129567890446
-19.42119681005967
3.367612233272517
-18.70824245313984
-13.994412920319013
2.6426083058690395
-15.613183567077268
1.4001959637771044
1.6502246988573432
-18.5395075413779
9.5703224662373
4.816661147457989
-4.811883964936396
-10.8856049139956
-7.139053611474861
-13.010850647042599
-9.947922719653928
1.9522630313914355
16.86295867941555
-18.82578426471447
11.627585698711215
-10.789628981693284
5.63071593966616
12.032581468392202
-9.115500607060767
-4.5959459582293825
12.09944611486172
13.137003762757892
17.687944870428552
-19.319392969273494
7.162641535483903
16.287233378196248
-12.098096558460023
-12.749259781681484
5.772407968542247
-4.7054634012650265
3.7589868843538987
14.195879006941666
1.6849269381454732
-14.494625229424983
-11.176178274154868
-12.234279277787369
11.76884283912258
-12.877367895796365
-13.454015734034659
7.065164145591197
3.787921586312727
0.5431841022562587
17.83527117415477
-1.6721567746921124
-15.990908660674963
-4.328133429092254
-2.4671742985862686
-15.237725371041693
-15.186599014614526
-4.384697044922223
12.705558123025945
-15.17274062025264
4.923554269412858
16.458317270729182
1.165772997647629
11.389312457549842
-14.438612546892106
-13.527556890703929
-11.627341207560061
-15.339800075016514
-4.88620117942903
-2.541997814308729
7.3940496096490875
5.694749743345511
12.794314365616565
-15.087148881828698
-6.020902677790868
-11.10754076105553
10.726135263374438
1.4531738553317908
-16.5427754006108
1.690758475551064
8.756445430327169
10.723752233608025
-10.7248603933198
-2.424158235381352
17.925136108729703
-6.326533860864281
-16.213240589202286
15.937503344668002
-14.599668963611819
-12.460816355939741
-16.58157338605563
7.05661550897382
10.191686871237135
-19.67595139838118
-14.083632394941796
-9.357898547349679
11.127556244083184
-0.4913922475120813
-12.400874068993236
-7.261498245130248
-2.125174577856207
-9.734381068426806
-17.718937025952414
19.964474504479966
17.056628467339124
-10.340320935254802
11.447227429028857
14.299392137072026
4.019593976761989
-14.40905810259208
-16.076046525733183
-17.203614442248558
-15.487081398672329
-12.885146549487887
-2.253432989537096
-8.32048052713574
8.815061732519908
12.809912708121772
19.884063769262156
10.697980325602067
-9.421159840975214
5.286026794157479
16.449472886157196
16.19942516574082
-6.699644127547021
18.417751496923053
11.762844337926577
6.02329871627682
-4.999858812648679
11.660513223243836
-18.120183544520362
-18.181351655498226
-4.4986398173229105
-1.4170017021413663
11.925644352468183
19.835469153784054
-14.2447014285883
17.508388356046474
-2.5488812542839128
15.062057897818171
-7.921667081184625
-3.3150729720252734
1.8600689367023016
-5.663589755585328
16.27286583653901
-2.471940609683031
6.756528105580063
11.43393916962777
-14.235529482106744
12.71095117127004
9.471704706770083
-14.463161976159471
-13.339628625026933
9.113746817770433
-5.9093332343008775
-4.81244729492615
-19.773470217381398
-18.67495115423322
-15.229624688598268
-4.6805249139798555
9.61865231379376
4.645537783598645
4.827391140892789
-10.782044999034701
2.9354010178407393
14.06749032681433
0.35933852465328187
-6.492697316103708
-10.284835551282017
9.331849714331497
19.247938085952825
-18.438163991324515
-17.241637944957713
7.236587700076484
17.25311222649372
15.590397559827814
-7.547344427746733
16.339626603127286
4.748379986281279
-1.7446333800983815
-6.074277226129601
5.094931548550868
-8.86170255832016
16.66137767935458
16.119012967384045
-4.649657739136126
0.1592358952225723
5.515010009984099
-16.334483634074942
13.763761774123338
-12.240394454495958
-19.110985162856228
1.1841934340268203
-11.487791629583954
-5.409439725226681
7.266551722667131
15.703885215701966
15.340791646228695
5.515227321048183
18.124936442108826
10.24559229136215
-4.325963388003489
2.248670155042717
16.04441280535618
-15.793568274841956
-3.029015941419182
5.71994684678447
-12.720246238006517
0.7257443302404312
5.215121892260811
-15.434824179404213
1.8713294969989214
-10.705898427740216
-6.6727578979510795
7.591496756117753
4.328506930410239
9.210036252951923
14.117866013741462
-0.6027346200622006
19.87586212233925
5.831477005158241
-19.72403544021615
11.667864914170035
16.598578515219764
9.164331574892259
12.415215171335667
5.276409316952741
3.5430104074485804
13.9310203557691
-18.891098513362557
-4.3298313000636135
9.930309502474142
-7.77487252442941
4.471837628818726
17.420276740506345
9.787735962897113
14.090555317211539
-4.47338670569772
0.701332767841464
-10.493703692691291
-17.831996563112327
9.513260858966998
4.294395734266466
19.417506831706092
-15.23801430083398
-17.814957371717885
9.501898183162947
13.150155402786005
-14.905413843758332
-0.48904548269726433
-3.491032420420499
-2.4900786271261524
-10.819490394686992
-4.505416935925686
-0.3543501414981485
-8.488115002528511
-3.5516202578254905
-14.695493832874797
-5.13913472408063
10.885709734974466
2.3363488384775586
-19.593543366679004
-2.189924268995842
-7.220474507554986
-13.866580385554933
1.2024233905940243
9.751755557823113
4.1210306122935165
-15.13773783186361
17.302373733369556
-12.503871748470875
-14.14262179187531
-13.037697847514064
-5.531396015073717
12.156171982330477
-1.4698628366589048
-2.44620328413642
-2.6428694313818397
3.594210542530387
8.446886710322229
17.417124364942566
15.767155859184584
8.727795840387913
17.157439868516498
3.4191989894044674
14.858848791310557
-7.087292956761475
-14.646370759309484
8.038838999706634
1.5696728980135397
-10.622148237679383
-11.644512847006322
7.244934314800815
6.575496731251619
11.235128591006497
-19.562053738031132
19.670853378675673
-16.001205326766062
-8.27834634857911
-3.8410349100310945
14.915423739349293
6.570121728366711
1.2828337036638118
-16.478750239592074
9.383830064479731
-12.010804864250941
-10.469204223588612
5.996794954239938
9.265251339987095
13.521093870998527
-10.00682215107959
1.015465532549463
14.56338745136135
-6.924896090656137
-3.392748794267817
-13.789534198640077
-11.407657028569854
-9.652307271631777
15.701326025063622
-13.899818835632844
-3.1096852245195308
16.597365242332934
-16.80054131007294
15.456714043863968
4.57563827674338
16.680756632178557
17.993645359671696
17.01240050121953
16.79866964873633
5.4899463259089
-18.79924574578011
-12.37791053787738
7.223833334117316
3.855823913292511
3.808032185792513
-8.94685275230703
8.461141980363685
-4.817882328165069
3.9284080851860352
17.569045829098833
1.555158882782834
-6.645173740269756
-3.743693002836693
15.43287012475399
-15.827715962715132
5.68347389673275
16.382115770181272
8.360340058939784
-13.83930772965929
-13.378054780361683
-4.549125697234047
15.48158710748092
8.55500921846394
18.614497135690648
-15.4051949363138
-18.031892375345212
9.417010476842403
-14.304830017942
-13.326572224808197
-15.32723314166008
-14.821089069611158
-9.325572754944131
-0.11376932560072817
-4.693645518027152
17.97576179882047
-2.5240954944949507
-18.39215839100873
18.0503723985628
18.024632730698976
-6.7765859389091165
-2.8592595906366505
-19.830543660880693
12.815149142646689
4.356614659683103
5.427591900319481
13.458322548340654
-11.611849837516456
-4.9448282827545675
-13.387793900372689
3.961584158123472
-2.931498070387949
6.693175191841981
11.378156206278849
4.161487053735907
11.866091461924452
18.949555929565307
-17.17107607974855
11.46360242673207
-15.584097256846867
-0.5046918055989948
-4.46788853569419
11.769360014733081
-15.4947367543146
0.09465147441635935
-12.574564480616415
-12.417378840373159
11.497506909920606
-13.193067762539084
18.422252936254573
-17.34938871420866
4.012251151385065
4.489992149471597
14.349809819426206
-4.8457665934415495
-13.379018580409298
15.62899719663833
14.74402543818254
-5.082975679070065
3.0231777628265277
-19.726142123494313
-6.978674772087707
-6.980323518621541
5.282004330951686
3.7050120173804544
-5.865951074146633
11.813781822686348
17.60461793566583
11.05774791961943
6.874525683263055
-7.413768843674692
-14.55495525069168
2.3935765423199165
-5.22726095695063
0.052275679533131836
0.016840654169605784
-4.146340112546669
7.440159331112856
-18.37118656209084
-18.763245371325603
16.058945520823315
-6.397784919627213
9.871046708856845
-7.13161149471372
15.611550109689333
18.169023028489136
7.087445858051375
-1.7498271232179796
14.69775100646715
-17.083719307067792
-19.910298757078017
17.004286408806436
3.9508501495967963
10.105259815918835
-15.34248791429846
12.348011003684704
-8.29943162036149
-7.167378647039326
-0.570984618357965
-13.670048496401833
16.46959202525005
16.34670759900402
1.698374182797405
2.88789151584794
-19.43658842131579
1.1283994809700602
-12.518946957018823
6.165917745435859
-10.956942904082755
12.627792562529798
-4.917779072223993
-0.1969430659261242
-18.32725537244906
-9.166528601778845
16.33108988728099
-17.1463397975042
-13.178209380370678
6.372535688181902
13.382316439830014
9.656442935335676
14.7148355629068
-15.832877230220586
5.7710812754198315
7.159507244238782
-15.129288195181413
8.88309349771772
12.622347394666164
-11.182268251296762
16.67420291273217
-9.887356428131016
-18.861754222889587
6.388015622844414
0.5895860746751822
10.152674979525244
-7.226852451617077
6.125724299786619
-19.539463285933873
-16.676228364273115
1.9652142355004116
7.855827689439909
18.073420748079286
-12.083888660527453
-3.656365193390169
6.50899175216281
4.478311324205503
7.661156391957903
-16.44487949450849
-8.778421653700367
4.943478652312198
-16.959615750751567
12.121772113903603
-16.8978555725854
18.733274094662676
-11.626193377008454
13.813421341493886
7.033541997638295
-5.956527011575034
-8.620135823590015
-3.9148715019117972
19.66336007998312
-5.906421854870555
11.232079194558953
-6.863381855192925
-10.790042320273452
-3.3890498561748537
7.90848951520568
-10.192598021660938
6.882261849999665
-13.227673232840713
-0.9831732079831532
1.9666312580768697
1.6427764380229348
13.85630574637257
-15.18222523349241
-7.5767543957564865
-7.655370672356462
15.373944446518209
2.4412926114128624
3.552693568574284
-13.617762444118831
-2.6759672052701404
18.685233874797625
14.533888220026967
-19.145738617484177
-14.192631903768223
-15.404138705711393
2.8279216801314533
19.12629019213935
7.529902345019703
7.930421702433733
14.690202975634264
6.763007573959307
-4.054923721488928
-1.640852635351667
17.785411737126296
3.1431113851215216
2.2403145086457883
-5.9315245537569705
1.466215881674291
6.048311381762925
-2.9128781871963874
4.496813778647034
-2.355992718524
17.862307385628192
17.22087318970477
-2.1577031378701363
-10.83212114381861
3.457404126123926
-7.22094654532706
6.6770183670153
-0.9908626884640128
-9.117954067008785
-15.486253211761793
-9.417039846510535
-5.361697673975986
8.203165878132872
-3.1975690700929995
2.7063934406181254
4.308380611939132
16.725344698209057
14.618754212043392
5.193282886391483
-7.578659861509935
12.067731765494642
12.40691522906181
-15.633400138352954
-11.746143540944347
-16.718190709362663
-4.546278945840143
-14.288705646129639
-0.19081122833913255
4.1469507714936995
-7.953156119073634
-12.444017083944324
-13.53266404267714
-12.618966915498483
19.29117242240646
-6.960561870842037
10.808143138352154
7.576305444104719
5.27740882965211
-13.973979820769603
-15.588549589942051
-17.45460507347801
-17.994169219767294
15.430716414467724
-16.981695651523285
14.855734559408262
12.5170343097262
-18.31514794162001
12.385271943680301
8.841689428336103
-10.90100997717149
2.9399778532602703
-1.1421304922666344
-11.223784594801277
-4.344762836517049
-3.1370986901556996
13.643410920231112
16.72578299512373
-7.455502664715388
0.8093020433465199
-16.334867329409043
-1.0820827476311798
2.115084188608897
4.897357661320342
8.994902402306217
-9.768420302143234
-19.308628692391828
-17.557852784446624
-12.181284772074044
-15.936810032524193
15.42623027125265
-11.318210942858054
-3.6718034573060336
-8.18576153640211
12.962960801628626
-11.282303230541197
7.416749467936839
0.07825280474581575
-13.76717616618619
-0.8675491294017412
0.2914493716110016
-14.694234237343519
-2.865653350993412
-9.054848932597253
9.133824341796085
18.32410037920973
-5.863191313605668
-4.760840135618558
-10.750377085280377
15.73691865874963
16.061872286755346
-12.778566774779968
-3.4993924143901793
0.4915540100679934
17.13190571018471
-17.82869882742962
6.426326445350906
-4.528417917785248
-3.8424714767731736
11.276415448829162
-11.593253361068761
0.566140802525112
-10.71840094468255
-17.791074932118317
-3.7562464053493194
1.6092032556960092
-18.275759386884445
9.698255396519091
-3.226982836785467
19.971661060180246
-3.5519553258928163
-2.1696893392845986
-11.752910334931986
-15.923457089083385
-8.84341225444536
-11.191800798662314
10.56925164851836
-11.907678102691417
12.846651341576468
-18.421913417206255
-11.96478821830604
1.9906187435807894
4.538145978467114
-15.823385879592355
5.2760590024536285
2.348778754601941
-1.3384275000612291
-9.556421680190827
-6.4381342523106575
1.6199831676112986
1.5097296699410663
9.866748340616134
2.8116609593161286
0.5952873061178643
16.95404508819123
9.7034014399986
5.30238050984131
-4.323980368365454
11.854184375752489
-13.074870188028163
-14.604341452424876
-3.346607179518113
8.40824428567371
-18.135443996409222
-6.615488781007226
-4.8772889960294386
18.90594487386057
-19.569008766801396
9.833901062049272
6.436372158975885
19.5038100613054
12.308374719003744
-0.20014645156737032
-3.4770762759823484
-10.131986035164706
9.683319757578918
-13.980350448334345
-2.698925282076573
13.221868335224833
9.16082178088611
-10.119638203553848
-15.331251766998086
19.10275411307606
-18.15142611434937
-5.398426741562595
-9.189221944294577
-16.74705760589712
-13.882435603321746
4.900009299750835
-18.464156095510617
-12.134897719384345
8.934387108378129
11.464050020106992
-17.70805001984199
-7.709589681521303
9.384251930761636
-16.56925369944333
17.555476920941146
16.59680307328719
12.78135904965356
5.182443726512442
-10.766266497894424
0.08002058820519053
17.31152699196791
-16.956804595362197
-11.781761051353481
4.1666133769879465
-12.873860698283215
-12.688087182857464
14.8966275988614
3.942989657598069
-1.7472523721038442
11.088461645774931
-4.347459019164521
3.4120750070005315
7.974102597570095
2.406972359992853
19.342331885317407
13.03547559848161
7.250453605900123
9.789075263747012
0.8609035258955622
-7.299776754207702
9.213307501764586
5.1712822160207494
-19.82903125165314
15.378386250936636
12.119307892890866
-11.156912217693682
1.7798876745725032
-3.980524150014123
-5.66675447664065
8.910603833976289
16.22543910066566
-18.787937535687412
7.453451617005683
-9.203797048077123
11.085472160783532
-14.734348136947531
5.443790249449016
3.150049475174189
-17.36308614422093
8.258537691104205
19.33754055469899
-13.331827171748856
-16.692177277326362
-14.501002385011068
3.411740044387539
-17.47470199179236
4.043756380162726
1.373146378753482
1.5069129150654348
11.036395081467564
1.8494290884106412
6.200128763292135
-10.046168073157897
-8.57332335769534
-12.30815534385819
1.09364843213217
5.498008109115503
15.81693783453889
-3.1705827411729928
19.557380352356724
-1.5109397959260633
17.108393933039586
13.190072776057818
14.85922476782845
-16.095929561851573
-12.770210442990567
2.788655993517768
-10.036157783461267
-10.174352727643466
0.03625869991023478
-15.379013784631383
-13.121182097599888
-7.421112687069504
-15.053620156869151
-11.969586546802944
10.997228234601735
0.6083216198835792
-17.96624345147768
-4.051800412152771
14.437198290167522
12.723173676880648
-11.175780818072486
-9.548735701507965
18.857879503270027
9.038110498331257
-8.819721481279977
1.9229015889995793
3.675643727014748
-5.501602317028521
19.84631712982644
-15.63003180619139
1.8666536110741134
9.786793909253795
-14.514924735827432
-19.042269514727504
-8.060958192413125
-6.121213594292936
12.127795260077335
11.623425729533889
-16.992025193954824
0.20743918528867056
-6.924278273114194
19.658765933100483
-14.239468379162027
-2.341800512003015
-12.00728530309025
-18.168345076984508
-8.461715493915527
16.250788537263276
8.764559381836683
3.7181486484439965
-2.3636801296294117
13.950977226106971
-11.197440210518534
16.306696466728965
3.7765954859336794
-14.324470695712407
19.80133571275823
-17.782666861036116
9.740110224955902
-6.489891305126081
3.3156470902879995
7.194297674372201
-9.06503655818861
-2.1123505248019185
14.679896534484847
-1.496730277392441
-12.224587667043005
-9.097085515593516
2.92437706836499
-16.889522634282656
16.819425443067374
4.7705918377229075
9.015009573439357
-0.001354795596707703
13.261001604466735
9.991104994123706
-14.133918986322245
13.553577349825659
-6.3297455040408845
-2.956628741310542
18.92938998147138
-10.327926610615386
-15.955010429560224
-9.910980097916084
-2.229338015793143
-12.978231181798602
17.570667145052667
-11.838444632306997
4.885303109588925
-2.1282666498375775
3.4781736074041127
-4.797908091393053
-4.380159607446341
6.703424696857727
-0.01851545273304822
7.23941730527088
-0.7523598178431534
-12.61718856293555
0.07822971813233792
-0.6896119190172598
6.563687007653197
13.000585228484447
17.707467423088225
-3.7829058430344453
-6.811596678451286
-4.661143328218875
-12.800389051212164
-15.60751865595452
-3.999881189420389
-13.156987902708778
12.860002080226735
-13.363628541336304
8.580904718041019
-18.450696343023672
-2.565564494861242
-12.47442770037316
17.692322625371517
15.65974584396686
-5.059015955772335
10.102906662427486
-16.98934462154611
16.282181851429065
-14.483949018556048
-3.3553419309834993
-4.327167045119742
-6.47149303144821
14.426181583473777
-12.237619852771711
2.7716673241691154
11.484799581192384
-19.49006832716966
0.23844830414459395
6.361262651318565
-15.332043861367781
9.175083033600092
-13.36186953707144
19.256864491192175
8.141417311080325
-18.815111768593557
-6.174485778283284
-6.520805127551901
19.825989174502098
15.025196691474527
6.950970678063758
-15.348662274691183
10.825802747587126
-13.955835637589416
12.555576661872543
-6.539921613658102
-12.782797742874482
-10.786174572171472
8.941600936996426
-9.802589250777359
8.87904037323986
-11.459156718554686
6.556341116899386
-19.863171013661578
1.080161653071304
-14.893414391375606
14.29881074976511
12.711237697768986
-10.952285194938645
10.783919736688844
19.94070809720946
2.361302051976647
11.287758622340998
-13.802961308153868
1.0948962673856322
-11.626113862513986
5.805134358307878
17.339031449313623
-7.162267311163269
-11.249677914203797
15.980319991105326
3.6193602329196786
15.763870368974324
10.927257249567983
3.5423148737131385
15.808246014390647
-14.349348853610525
-10.526043414008903
7.058946408549399
-0.9871667459843039
9.116039466780737
10.722908385375852
6.811196419044684
18.455672433660894
-2.0980000749848813
3.434653675400618
-15.674444244620268
8.234686872571729
9.458214607466818
-12.44162650470859
-2.8121414038116086
7.002476871058075
11.569172686172454
11.793817077492484
-14.168822027511547
-0.9918037139913203
1.6202968211134703
-17.152546947695974
5.692286462239782
3.0881500116961362
-3.7463298441215755
-2.4874459525147508
19.726285306396818
-7.670399519038998
-0.4905568651141259
16.373552482060845
-18.98770724774026
-15.33642800487852
-16.110715640814313
14.9438802939978
-6.531478990432188
4.272455848081815
-19.03623369706406
-1.426823488126029
16.114192764585432
19.949407616091307
1.1623114205063736
1.4877421108128104
14.308720512399866
-15.303080998946292
-5.751712413159362
4.5864125872825525
-2.6488828711537025
13.203110066114007
0.9068939511775298
-8.9897026389141
-14.79249598647517
-13.523304322749832
6.9550371806084925
-3.1550988507115783
3.602864210450541
-11.7620794326296
11.305209689409963
-2.974804872682533
-15.187087685418774
16.13727033931211
17.669678225613545
-2.6324177258170955
-12.93939846045534
0.4293175266420306
19.642205169367145
-18.972735519792096
-3.631273730092456
-5.59737072397164
14.534152133077768
-16.133356368624877
-0.2161435107721701
19.42490437845221
5.53641118073908
-10.799840824397467
-14.096177609868011
-11.336338759171731
-7.9098817091701825
4.11824647546128
-6.912346262676232
19.373282368062902
-5.346720344527682
-12.919085378274193
14.27319078777451
-14.182365404827868
16.36545969228399
0.16136495230205838
14.035621668624067
-19.21421387844375
-2.191168353627212
-15.351255274595644
0.05888729914212121
18.604300624359922
-17.377696337117982
1.1841560931500617
0.8147671082215737
-13.09235255544178
-2.0509628959203816
10.236415998640965
-5.873312203511016
-7.95287405231241
-5.043193937457264
-15.757840762014963
1.482389681234956
12.993968273940865
6.393928712665161
-5.427399859396736
15.983602430132478
-8.419497791561277
-14.438065389871433
-7.238629607288027
-7.6689504809504925
4.440722457912784
13.170001864012129
-4.049194427261895
-9.277760849693205
-7.904413076424962
-16.172826139242797
2.917490836045218
16.267821605063915
15.444724993513802
-12.199571512467898
1.6590463474380748
12.477081914465899
-13.550283752213836
8.467793574956257
-9.217873648337118
2.9347035116154494
7.800742220522672
-9.719711855441089
-10.12185305452935
3.2191889042795694
-12.794408756109137
-16.35881323642504
-1.8362813298936906
-7.81829169769944
-2.105116964164509
-3.7178365242245164
19.664643443254704
-16.938501959068653
-6.775640057877354
-7.079349385697714
1.2671793290455753
7.354445280557943
-14.748684527573763
6.982010510216746
-18.175853831849587
19.114012697497543
4.710250699491709
-1.1854513568851424
-8.8260089450667
-2.9915924152079327
-15.339692084142541
3.8036254133338545
-0.11612700980614932
-15.265547809940259
6.259376525448413
-18.589535862013253
10.523231718753113
18.449090671142343
-1.7721593728936433
8.409159866117886
0.7633526472415966
-13.024968830218327
9.529813945679578
-17.43531129028519
-17.024285438224013
0.5915892858032024
9.806269282721999
17.84259314583315
-18.118929259782846
15.122584429333727
16.79023037463947
18.12701243899734
-5.2175514529289835
-11.785370871289519
-8.358302496282569
-0.5871902009684185
-18.509423618949093
-5.652526601202288
0.1315987911302301
6.56081305770709
-7.746724512000096
-14.14531648707323
-15.69144340393009
-12.903319914926644
-0.22829813219651385
14.978419981658753
-14.14768671430096
15.528017351073949
-4.605314631358999
-3.483858679812876
13.2042662109654
3.76250770169716
18.14891828644837
-18.557784271372135
-15.369884194642346
-9.553084111042661
0.049683039019615904
19.628464146175297
-19.641668551262633
-2.140278630524147
11.119242705291697
-0.9241543737688716
-3.608042312308495
1.507833578581625
-18.736756280013843
1.528301047051393
-5.974896957555513
6.77286927517812
12.205337988275971
2.1207980092266787
-9.802630594089488
-12.205475734664727
-7.451031862937793
-16.097256998634812
-19.307135007094697
-11.348837513353104
-16.42384098829782
15.141372563675354
-9.55367301273975
-13.154435505576512
-12.169328526079553
12.94269707225228
-15.18564063138176
8.404908844945652
-7.954275252369673
14.273423825563192
-15.54233160615289
8.525151290190593
19.83410025063221
-10.25937603419553
19.278644386958213
2.9281047128933864
1.7859460801905414
8.053182010179082
-12.566838414280985
6.739213108073496
6.53427919903784
16.76975493876826
-3.5696272072816804
2.8542128899630406
10.450036033864585
9.489348369238208
14.746223224455626
-16.91446076534145
-0.7434622587289397
-18.576309407518522
6.4048771134391025
19.734877414559975
-0.20426103161008768
-1.0105045024014245
-0.09581301321952651
11.877740263424748
14.695510995047272
14.169732340432887
12.244231241620625
13.460307614863062
7.671834496366223
9.035939493666326
-7.374337490583596
-2.3242437217069707
14.783095626489654
4.824515523007076
-19.616658949920932
-6.808139248710932
-5.301118169596194
-12.135834155977445
4.349431610417561
15.260109946836266
-12.144991688017885
12.231181680989287
2.5367892385303072
11.550803701711494
-0.4473471574075276
-13.048121930420598
14.006560282661404
-1.1154024155451694
7.4046557117841445
-17.220087867896563
6.3993348463703335
11.813852893631687
17.007417623435963
8.219117522954758
5.741856262257642
-3.584471947792359
-15.468521736945338
-10.637474341031353
-17.409323383509868
2.5936859434023383
11.942902901632593
17.076039242039755
-14.662739482921285
19.860658388918438
3.9281898085926628
18.002244337869875
2.840798829436469
11.507965416581285
9.58489494820877
19.276543284128188
-8.650117421202363
9.048462319904154
-2.7385588936625282
-14.07814114967104
5.3977842576963155
11.238825359514678
-18.8890994789882
-0.97417340228915
-1.2640600065387417
0.7703967302440127
-1.6848256006569216
18.072703101885963
8.244622295661014
-6.374991853104257
-7.627630672938812
-18.336796818279364
18.888112398089035
-15.71497448443315
15.917444850583216
-10.293438463370666
-7.8267976523012806
-17.59757951925701
14.781206828851452
13.858627444691983
12.979793354294657
-17.82351161697836
-0.8218700403924082
16.160429712621436
17.357341139821337
-19.13011616316121
-11.37879346230787
-14.892492277425626
0.7882769364013775
-19.319849057486028
-5.575044868708904
9.587665428701037
15.975070939787372
8.697948763108535
-6.199852424971075
-5.739737738441612
4.765158460155973
7.653688673177676
12.99678197690531
14.795658294609012
10.260942130642377
1.2629223047231761
-13.644137050016209
5.8337654668472965
-11.735977153822322
14.308847219810062
-2.769426833433716
0.45886471202539525
10.757090442656931
4.614467940644815
1.4961704073790756
-4.894276029397343
6.5521248495015385
14.836046547040333
-3.9072859998770113
11.405920856749056
-3.495459377752308
-1.7776767569898375
15.163833114543564
6.308282561516872
-1.9640464593560871
9.184967162721435
-4.128164994382564
-7.8360322525114015
-1.4734916293913933
-6.7407437924027
5.923266775601057
9.164865144484931
11.669850430607202
-17.581795016808115
-19.698431324347606
11.936890559180505
5.223391131036095
16.96331232466052
15.621614175276363
-11.171847119476773
0.24008703948426557
17.440958672082097
19.063495091769454
-12.896951353705921
19.64724759112667
-11.091927773926372
-2.0814737666053738
-16.62809442087997
-6.859687769532439
-16.9714984856287
-14.502431378135636
4.821896672648936
19.09193727289444
4.292755773649471
-8.375199758095109
-0.2364319005278972
10.18804374232252
1.9896995768873715
6.718714147338698
-1.2977574394318658
-15.159609418651563
4.666532758788978
-11.51959810271855
-18.62138828931196
12.014986790336486
-3.107766808785737
0.7564863246954765
10.219413191617015
1.6728345798857802
4.035823570275333
17.79604598471768
-8.309868213144638
-4.85309705581804
18.298794687056052
-16.217555633628272
1.9848626828483908
6.014655726161827
-7.433573480807585
9.639683583811323
2.8531223163876334
-1.0969334235884496
13.409150774275957
-7.936988397124498
7.392029892231598
3.470113510685408
5.350405589834928
9.466541759810852
-4.917695404141078
5.496969125013855
-9.85525396612491
4.285916853023423
-17.613248861494522
-0.592860520227454
-12.942008309030566
15.338671427195017
4.36760010272328
-12.566684986989047
-13.442727799888505
-10.154826421767083
-19.4704814364653
14.523353822712316
18.73614343526507
-13.212042715800116
1.3154409151670912
-7.935211318032689
-0.5289128619423913
-6.806210575605668
11.797343999842518
4.83773470516433
-16.91351584147226
-6.860433618043125
-5.121264267587691
-14.33079846491895
8.659725034935533
9.217903557771841
17.44152533700803
17.814636968503862
7.276458687564045
-9.12419396138266
-18.93444084954783
3.5288441803921486
11.722219787612516
2.206620026506684
-8.494064740624069
11.421771931788491
6.227871531018746
-0.7463295606853002
-9.033593143501953
6.807163690493855
-18.408422898598936
-11.669837386692175
-5.994387189808773
5.441701679757664
-5.801949958530113
-12.604168643854251
5.021065090398196
10.9730273477637
14.156159605629092
18.30635324669428
-14.254343686189346
-1.087721965895156
-17.01873028511987
-6.48525676385319
9.216651629366446
19.76046239058683
-5.880904586822947
-12.282582814048396
-5.225391293257914
-1.4767913469132523
-15.90597605123525
18.487832853654254
-15.600353672995722
-13.329948393574993
18.704634578970875
9.647891343545815
12.37074027733727
17.560356569447634
8.385139471260832
-15.62871841184656
-17.595816881358243
-14.157026281895613
2.9935373401406125
18.19519684827648
15.897402309262645
-8.963982621853411
6.7593824104652676
3.6176609012446974
-12.628505979019993
1.9854793950503513
-19.6744124407472
-9.553752888425997
-10.23234784786868
18.20011500352623
7.393938372238509
-10.299890627503746
-8.57201684514914
2.468595891580307
10.46323478524815
-17.512801203372955
12.772108941140885
-10.119536319338005
-11.053376741633336
-16.943539243507505
9.754334914123177
-15.546517042550398
14.689677077896427
-16.261212780212677
8.067595931536996
-8.801852553198408
4.76268704909053
7.158007419914597
-1.9074104237164278
-2.7893333390913355
6.677800841757545
-13.945686355859802
-14.448805391720466
-19.628543129744344
2.038666381570504
18.961733542489355
2.321692303443456
-5.266301530319186
-2.392635390953835
-2.842480544910714
5.8637925844683245
-3.5017703353308995
3.380016483062729
-16.638864626973824
7.075113618873562
16.958859039467043
-7.212615612076391
8.88800356163555
1.0559610759871774
14.91787632185467
14.719135700471284
-0.7704562585615946
-5.728328572877022
7.43395100806886
-2.1386179185417475
18.991387012035133
16.397825265753056
11.766153942893961
-17.661855666456958
14.775207796072273
18.221897921649855
-18.688013034548337
0.2128596494818069
-3.0094111845130236
0.02715885825633535
9.765324577474193
1.735598980584431
-8.338859043276724
-2.397800136778976
6.253057752023551
-11.373078904796564
-7.778048567562488
-1.2425170606076037
10.806535091206634
-5.707772103445482
-0.18862285394651224
-11.854971190416714
7.474018303795752
-18.449207452563307
-14.16405164200686
-14.775944301293267
-13.197432647046048
4.763707729224471
-18.720474616032202
6.506115007672378
-16.2818209831224
18.782456963220483
19.978152173844855
16.94774938385745
3.485145597388353
-3.403205958441511
17.8420058663375
-7.423483908969356
6.039910466567392
18.498412721420664
-8.228761385093488
-6.862133855949505
6.009798680012061
-9.900800968279523
0.3756811246533971
3.0496291349539852
0.09254131092751194
-7.780489212830108
-9.805918669596947
13.632953363325136
-12.604083761933985
5.668330680449198
9.118571227358213
4.745340288585041
11.879370067063203
8.597878632627705
-15.567917787890494
0.5956897121842744
8.439647582031867
-12.557084167060072
-16.73355658181343
14.114040444985307
9.638283786667824
-8.67902113966245
-7.117899800305647
8.946023741128364
-16.162476583492648
0.3355756966363259
13.12848920418702
-2.420394834488768
11.511721456464908
-7.300329101783177
17.15717373685201
7.253265051911644
15.72780030935548
-9.502763812790839
-14.0180274888528
4.986383744921881
13.964946948506544
-16.602436260444083
-3.4014863932783577
13.034918441623049
-8.649869835183237
-18.171202134087903
15.823361609397047
-10.32884416454348
-14.300380750243832
3.0862877440029557
13.432491265592404
-6.7421762680528285
17.786231792344807
-2.2237604571401306
13.822478391674082
-11.092026955837003
-11.561357180661748
-0.5277155714947313
-1.1941439212902765
-0.4757747301710502
-13.248557380593823
-2.421250450256103
-4.019448801152521
13.959732782466986
-3.4541340657088604
2.3221312649643586
6.521988793907067
3.2490275415274716
18.16607495295966
10.780624933905237
-10.644827512019361
-18.06146711386871
2.8740728177901147
-16.739327046028126
12.817866191788731
9.18257476714038
-7.358926356469212
14.715258514193465
-15.919848101044822
8.265342496348588
-9.934453338093853
-17.068008473624356
14.329223816531616
0.902680154069408
6.620925607122267
8.290155286683415
-16.728680420836262
-14.169432037825027
3.4098642184951764
8.060915911751696
4.779937141494848
-18.781019435702913
-13.999332892729882
-0.4274564737222555
2.615914418193629
19.767392285897138
-3.368025934184896
-2.640306603003438
6.996268698838577
1.1645964844082286
5.213027230433301
18.688571510599473
16.331550970844376
2.2763211922855184
9.990907020447786
12.970192320580772
14.404883222958034
0.523022066199438
-7.6254324217511105
-6.717129951512643
-3.0612993305053458
-13.849521981318244
-12.300365771168288
-12.61537635016051
-17.677786967871327
-11.543445784504422
-2.327718226665546
4.746105262827783
10.973349301216718
7.491570240759291
3.75723190362379
-15.609377248556623
-7.9576935720945094
19.75560327682919
-9.580904798827587
4.552489841570715
4.096139351498962
17.081104531874658
18.719718423702226
8.157913543778431
-10.781300680712139
3.455718717939817
-5.230336362778987
-2.951074106852353
18.19431435882899
15.371759426783385
15.458896867118519
1.8163898218377668
-13.586789750098166
-9.141610178817299
-9.323900111097627
-8.616182190110049
-3.5413016173632457
18.181279167631573
-3.7547680188742945
8.69151391155317
19.98849133007206
2.6303679840202676
-9.651509804052498
-1.9468682762787957
-3.042698155199762
0.6665255703556419
11.202215133498964
6.665802901366305
-9.438421869526827
-0.9711787352355685
-12.706221548499146
-12.482268812950753
-15.499667735292704
10.986114518397475
8.950383346591707
8.177727291478178
-14.196806885203275
-15.953852558926588
1.3642879150290739
-17.506386714321636
3.4783120046243425
-12.460279664955568
-7.6648211800278645
13.024483372487829
15.812032647621834
18.63886848950314
-14.048643827096239
5.557705124589411
-7.966969668602566
-7.025188489991482
14.520728839591527
14.361331955805014
-6.9125686554732155
14.247890776409122
17.445560239328024
15.055202814488325
-11.172088049866016
12.294318610250365
3.920992917745817
-4.800945628793865
-15.667981118764205
-9.647543841585783
19.487582497493996
17.3558492195642
3.2700883294703154
11.876267014724501
-9.413978056480655
-0.1141538482850244
-5.429761181203517
-4.187938122426068
-4.989895744057469
-12.145112527312495
12.87669724671865
19.79907440489262
6.555451586510955
-8.385273164059122
0.06195321526039166
14.208324396096245
11.384093910936237
12.865375042059739
-19.150126190309717
8.664820242627776
-14.519325210652738
9.08856059276605
4.988024532936084
-5.949320023542146
-15.089118433147206
-3.3299645170998744
-7.489343509326488
-4.959760762689477
-14.83637237445446
16.578623818716622
-14.544640187536553
-11.920838450564908
-15.282428286176874
14.494236432030348
1.524900792075826
-13.823473277183403
2.8908705075003454
-14.296385221402549
-8.534683279588432
-3.848030730064508
19.870074452239407
4.277349776746387
-4.579701331775304
-18.13815263888568
4.153594215858327
7.035953716723704
-4.483848352838606
10.597598361712333
-16.596624846056343
15.08847904070764
-7.491036138999219
-6.754718645325418
-19.74724428017592
16.366369368944277
1.9654712704344561
0.36219039831131283
-14.804274323504124
-15.682966488602816
-16.19895228880223
0.7624678175645236
15.634516076296869
-9.087732583608613
17.11795248479404
-1.842869892478415
1.962613054762322
-2.8309021008428523
0.2708789767109323
-14.856382810244355
-18.152162965633227
2.1471041859938893
8.471459304471558
15.881158765503066
-19.984343817153945
-0.3545818616824157
-11.147716798551404
11.549650711407786
-19.023821458461917
18.758477406909854
5.96348735016344
-0.091857519846549
-9.133483333121575
-13.055799171761016
15.252156309165422
10.60500897464118
12.08597140333746
-12.352402391588395
18.80924156204351
4.863420590567632
18.047878792541276
9.78196343804045
11.161556876204312
14.048797839723036
-19.941553263485044
-15.885496803384616
14.21071338482303
-2.769993871131607
14.438302444388597
-6.949004879521276
-9.068749096982213
-16.262789718339974
-6.5471677927469685
14.997040960440813
-14.9799436586069
-18.880816795226313
3.286531775338169
4.788319825336114
-14.440110024112563
-1.093457681097604
0.27897029291013453
-1.8595594927446903
1.9190136662523685
-2.9149378664290317
-13.53175522980786
12.138945555412924
-9.236286481127394
14.178420681903013
6.038139278770053
7.697464519345175
6.5119406065028045
17.07844736196779
14.610723302175124
-15.096256214146347
1.31624390447287
7.755638914237952
-2.0541283335977276
10.503394461536132
10.836867972053867
-16.35683719007875
-16.356837849771757
-10.325832033835054
-2.893447200921937
7.485747808864467
14.613545995023308
16.36634409581748
-6.483483473327452
-4.386443171854971
-1.423545780203554
7.633624958777894
3.8963927793358195
-10.261972884828205
9.693922783337786
-4.81522160293828
-7.7539185514522035
-0.01563697662539454
4.376005929696124
-4.296343776796597
17.625683859359242
2.7673314535513285
4.553051410647903
18.01309778439419
-19.062521386587417
-1.2338442352639731
19.083981696740963
-3.236710739644412
6.211693646295057
-17.780593198970422
-19.41567391658708
-2.607466556519661
-3.8309554149612595
5.76519702995558
-2.3048483820371644
6.4790036366507024
10.265894927229553
-5.895371998137655
-14.715841508573288
-5.192282623558086
15.942249369800848
5.005109530093161
5.065477323058953
2.8328231120785965
-18.491494773707274
10.592256749809824
-15.621197392418367
-14.487120745873954
-17.88901718576808
-9.082704461128618
-12.160597237822488
4.3301001722039345
18.25681543120301
-17.24889690218346
-0.3914568282498223
8.626744634820753
-0.3083012365675941
11.440117722417867
-6.73595151203148
-2.5195494781582717
12.883184843774082
17.917145891218496
-5.793044494579146
17.40386257797926
13.768507937765136
13.818122231680348
5.170795060586446
15.74225961282216
1.8194566327526047
14.297077755851511
-12.992846770711658
-17.66464258521978
-10.556149847552172
-2.028000722558886
-16.323851101851492
-17.131404531483795
0.009990120632128452
15.920818831018309
-14.424172223064652
-10.248777934659238
-15.810951369049535
-11.151428441785626
10.386744517842175
15.870630967023885
12.624248036527135
-17.246491394890008
-0.7184709973281258
-3.8761770511242304
-0.9547166445379105
10.279953401227928
-10.887798219915465
-14.30526250348386
-11.844116919501918
-14.396443316079054
13.941054379235275
-3.0411112300044643
8.78456942631992
-17.66571009501479
-2.6649373790259254
-15.243696429759051
-11.30023379864907
1.1881152602164349
5.01