-18.21490579667893
-7.454305414931355
-8.479558092720815
2.1036509317721652
-7.900230846501675
4.230823002416141
-3.751838657421235
-7.891872645948389
-12.733470104515398
-3.5740604372339355
1.9411053334317359
19.034181342628862
-6.174238804310077
-17.13476635345364
-1.7592903503198123
-0.34306393114474076
-18.733987424188197
10.972173333232934
-11.469110859658151
19.763131672361524
-9.496174374077446
15.6367494385549
4.643585813021218
6.602745679326013
-9.273067203352916
1.2442104284504651
-5.462095163702369
-6.792148569796051
14.704704311159851
-17.614944205215632
-5.609282100809372
7.947761876443469
-6.60939622848046
19.536359261392548
-13.510135775156972
5.021729218932094
10.327522304915156
-1.8648584364550267
17.04158665012804
8.97181029234411
19.10471317206588
17.238614453508482
7.537397170065006
18.698402716708642
-4.806911822227725
-12.458175236132774
-16.068450397058967
-15.876417365572767
7.001385330536483
0.671268785901372
-11.782860000286384
-9.928840630356497
-12.67102882414111
-10.22962871412779
15.950422615028607
13.886994840469427
13.41869643857222
-19.205375382692385
12.67491361131541
-4.487981915764262
-15.28963207253405
-15.605120223335781
-5.984870266459623
11.835087749797253
2.7054196927057284
-5.200000640752789
16.9130914774706
12.410843488379939
-16.124942418320177
-9.502700042646586
13.154276738502766
-1.8897248839016356
17.046518810069436
-11.53116860741739
3.5779116565859823
-16.990539796545974
14.132994037911843
10.194139377583223
-18.412000737299188
-4.667571969257235
-18.841458354850452
10.734138463004697
-3.6907545535698496
1.885880057994406
-15.960328611560563
18.01406028850529
-0.6416878715150531
-10.10701185606293
11.182911437958655
6.031777502614428
8.49337904241937
-17.84502515667828
10.529484484083351
-16.45906352278477
7.994899547580108
7.492378442491329
6.562600335950165
15.939570153412191
2.3418875036352986
-2.2087892701401017
8.793141599306637
19.55156859978095
9.822591555580292
17.953966756699764
-9.063407075003038
-6.567900043651168
-5.878690903066115
-5.66065984453445
15.039715632984766
-18.08371949445755
1.402676752539044
5.239212609003445
-4.17587897585825
13.376847549308472
-14.24366337860234
-7.628863032243608
2.2335704112694614
18.556946486226018
-18.009229996691545
-4.027452970554313
9.802840458227703
-5.698641516458803
1.3010274199276175
-6.292641799743773
3.171712967012745
-5.572408825078448
9.411089885228435
17.291914304427422
10.98890633910883
11.763780116166238
9.824629839605056
10.804946134068878
4.166054215108073
-0.3221194120057831
13.807609195210148
5.657834954511927
17.984210439545727
15.556807364870764
-5.396959130206769
8.597933583416637
6.634337284181697
-2.403680819604517
-14.234162941513295
9.381259275485036
-10.284636067697686
8.108878222043149
19.717546849971484
-12.60789317222784
-19.190138684477947
3.042085652053391
-1.9552654480906817
-6.156450279664313
-16.328263888242315
3.7071822987150043
10.257860585036703
-8.953478563406811
16.819049235087313
12.714804845331585
1.9672206733321538
-9.530878073067015
-5.899525050911091
-8.508921052655985
-10.025444135174952
-12.032849521027327
2.4287287600517296
6.511535017075815
11.383115935722312
-8.864267853531441
-5.454719491322431
-2.135448017364464
-5.246206612944459
-18.622012581005368
-19.16328710439869
-14.147297117685756
2.4071896062511833
-19.99219447340158
16.36472201204802
9.387821360484146
17.50137521021913
5.1150277670184465
4.765999622705145
6.3070906401563995
14.542657200953364
-12.29003591308421
15.934210182157827
-11.94386215364835
14.047687078601719
-0.6678018837890605
-0.0831963459484939
-7.359822404023388
5.5950513079655515
-4.749010873749118
-12.7807414010271
-16.040325595951654
-6.043385941108985
-5.820395333117755
2.4333207440137308
8.294281341622444
-3.1158113113326102
-15.846707803162845
12.551645759578015
9.700997519761216
12.82375951393324
-13.610220498285607
-13.195403614162476
-1.924692875023485
2.9378804997767034
-2.1417980927351294
9.86256410108211
-7.563790161630584
12.441043421641645
-5.024775231359367
14.936125741061247
2.918379697561843
6.5972207522896795
-8.224018197087016
4.365912610932195
7.1864600047533
-19.208356841300112
16.558982531919312
-11.442091174149404
-13.696242323543624
-16.45064350182153
10.493203260140756
-11.29177052513266
1.3312068674105149
-14.40955250572486
-13.213520196275335
-14.385051762666258
18.281324294941513
-18.934831614660133
-19.18092929108965
-15.171631405482366
-13.057521636375364
-11.08560315747222
-15.29893212074326
3.3043313662434457
1.9644920694836152
6.422794908004079
-0.33174332456428957
-13.98668517159841
16.21998960955186
-13.18278519178483
-12.717935889436802
-19.676442270944094
5.317819185407036
-1.1000599721690136
9.4142008007187
-0.6887743967117572
16.954806460950635
-18.95715497765599
-13.426867792087345
-1.658838020058262
-5.5021785496707665
6.086540142748625
-12.10854256030549
6.754021546923873
9.962556445430145
3.7302191588202582
19.588848121875856
18.173369163337284
16.864402392724386
-13.543904146310677
14.751644624827776
-9.987754343248675
-7.063331208867115
-13.148154496878686
-3.5291761324463202
8.064721606036407
-1.4211641980223106
-18.779051479971468
-8.30807877255026
-15.682091202990826
10.051192456964966
7.646293871875155
-4.3924246660290365
13.251773091597656
-16.358513866487034
16.36455455575026
10.53584150274801
11.355957892811599
19.17639466074973
-19.421285757731543
3.564636846801939
8.214723348280021
-1.6836440263866201
3.8851658975302925
-19.812799970664283
-9.655527276814716
0.37078597035444005
6.137437521113107
7.348322307699483
-7.305992427591757
1.9417447380191497
4.958709758808201
-8.6849030616502
-17.18261204448851
15.692121121652711
14.973325276025811
-19.096546169562654
-18.530818487967085
-2.990224495424947
-1.091710667078452
17.230150850502056
1.832975107222154
17.885828499439874
9.958499257204835
8.957079245457074
-5.794320304213283
16.517101977572075
-13.836111720061428
14.34728676871162
17.03217566029555
-11.876235585875822
-1.4942211498711586
-15.757611016970605
-13.66332238886946
-16.973913960421516
-17.015506703796976
-12.076348908891745
-10.484204561963013
14.341646900662795
6.286136085019905
-12.664215866447016
1.263697609043028
-19.6994362442991
-0.5815379473960434
-4.927965059280318
-18.445876732059496
9.70260743756398
12.679596090009433
-3.622552187163997
18.42924414091972
-6.009152395625549
19.22761383141689
-4.77657629871139
-2.552639810299844
-2.513871004281924
1.0882306684181167
-11.342536149638555
-3.7490868261724515
-10.100703863536506
19.248147838968528
7.70477830428074
-16.051836503462873
16.429526000061585
3.2740517155074365
9.55092256692554
-16.19294654864654
-0.3395689339119734
-10.042571461661334
13.869049794142406
-5.992493263762103
-16.782663761427088
-8.634792825131008
-18.14277227748836
6.408230423838241
2.4479952734236505
-7.995424206013393
-19.48925705980804
-3.5234300326709587
-5.134970148801319
16.376700833299203
-3.600045833094427
12.118300825408006
-16.75137869645632
10.306860140637106
15.849729526236544
18.106524298029306
7.305530061587628
-13.535493436193935
14.560276017459074
-18.798120670071107
9.702278696127248
10.278505042052075
-10.901661425871595
15.677993780180472
-13.646543883183938
-7.131944550648459
12.526111202280063
10.56821351546106
11.939946808935893
9.602027495094369
5.632501479422789
-9.249243684451116
-0.4803179866219125
2.013528981496272
-13.519232128505623
17.271540602776334
18.387479758118907
10.035193187618773
-8.58521482839147
-14.225290417404256
-8.929700323616302
8.14877506173184
-0.14770903299766758
0.21043861926667873
-15.705900372679086
14.545699912828546
-3.3082239501795705
-0.07548280311548439
8.799691746419136
2.0564047984634257
-3.3808765945978436
18.96953627748516
-1.217497372487486
-0.20828248113510384
18.31445700640687
-1.7358304831113571
-18.603557332024035
19.545249937448908
-2.694713789150253
-13.89022158361823
-0.26079036323913485
5.500290754272143
17.998356381020045
16.155829824916403
0.4839169680258948
7.4904831161262635
7.069083922557095
16.253171611342538
-9.551898806277933
14.960640674013433
-11.524067263049101
-2.6202985270215535
3.525756223646596
-16.591934667251547
-16.924840741985197
-14.587308300807805
6.490401908923964
-8.876892143084376
-6.031412840771289
5.3774180479656195
14.924161929085052
-8.23074493985584
1.896134096220866
12.899375072113664
12.46118424851825
1.8781137520326752
-9.530373398840567
-14.459188267594847
-7.8087239431151545
-19.522791452232656
-12.54361375649375
-12.315169030967619
7.324395575030408
0.9130502085095493
-19.748225328014502
-3.729642943801199
10.958266773717224
-8.040089071012932
7.66660880810128
5.869617163885167
4.5066465735237955
-0.5224306128468861
-16.34123544271773
9.698810967652044
4.177228849992815
5.848731949136017
-3.5377147583976267
-9.62050977822804
19.245836170629914
0.1434553839670798
-4.232011859102517
-19.627791221866076
7.98609700667857
-9.197959867322144
-19.73467505037457
13.235072439417124
1.0569087017076768
19.30762708266201
-10.881723805134733
4.707194243719378
-3.6865483603520985
19.71049144663207
-0.589833963068294
2.8599698654997425
19.930287005247166
5.07911503964014
-3.727483653629058
-17.599483647104694
-9.559323209982292
4.4369497276706085
-18.56362165015726
-5.33982412288815
12.841832826098042
9.971796861959028
-13.193523692284991
-7.381430721055612
5.507484750739451
16.193409830928516
-17.97959814554178
-13.88336413578704
10.26109279866144
10.255754535022415
7.346777569106976
-19.88255733375901
-5.196359889737394
-15.723140490951572
11.429330603055607
18.290230184931545
-18.687800625212816
-9.257016065194392
-8.371097489935702
2.4178229194833705
2.7908093597130588
2.8368670273700936
-5.12929012010976
-2.517477204047644
-4.838204799092747
-11.14544038180072
4.798862800103009
4.501438517026514
-14.942763752582842
4.891581273383533
-3.2657460792407136
-3.2182484900740675
-6.302645580215117
-8.241442029420138
12.270791130529688
9.541186204787309
11.447341550367376
-16.523175153752106
5.547771139158691
3.621591531118721
11.647411193811035
14.265176623412714
-3.216014993451882
-3.99633916657438
11.242636582270023
-12.959128985665455
-13.353997660614523
13.068958720468693
8.776836915473957
-7.046766585767266
-12.948553995370343
2.1988947772396763
9.431054161841153
-12.842817260747022
12.259294576550964
-2.4918026046000605
-8.841784636223169
12.075516183684329
-8.910522059389168
-1.7603937734989685
12.438567173967982
-10.36757279222067
16.280438569463946
-18.597600903417842
-2.97616489588815
17.030493433754955
-18.01870165646018
-16.151767080322116
-18.820495594108863
-2.156842796171791
16.755620721826062
-11.990812568272684
16.539733947066956
6.422712024352929
6.7114456339544795
-4.274302316133385
10.504573491664338
-8.37671999999166
2.6334128313878864
-7.428611909651108
5.058801511460352
11.281998186929233
8.603359980036728
0.1303102444503743
-1.980616728522211
4.021633374936858
-2.270358927202004
-0.09601778897785707
6.732556757953031
-5.719101263794432
-9.490742866125608
2.6533980928081924
19.26616810845527
-17.86684247221093
-17.02937320972483
9.45925753496319
-2.4400834901038557
-16.490287690186967
-7.218113628727799
1.3910078862012938
0.9984377464987944
-7.933734193493333
-18.974522231477287
-1.0847709048564589
17.12073389895486
-10.877446845276566
11.453509793024892
15.594226565006949
11.080533270618492
-18.904575691085945
-17.68107178101344
-2.035836012109673
-7.516486889832596
7.825002355904211
7.067189209334263
-19.547032565332536
6.879745829585673
14.844209732361847
0.07030564036080023
16.784030359583596
-13.614096157702104
-5.484138446486035
14.110287152876566
-11.141261322691417
15.298137358004034
19.284054725760257
-14.986281934316604
-17.44542450916343
-2.2313165711274294
-6.355967197560286
-18.34630666789636
-7.883104146783264
-1.349868132850819
-1.0062132982768404
-19.61483800545203
-17.563860173810877
9.930845686986572
-6.976143364945809
-16.315463049572436
0.8625149165178243
-19.32092613146374
7.784533422792535
-10.908813795846228
-16.803136295798282
-6.592925973535619
-9.457196071722937
14.378189856444813
2.2566715372285486
8.163521733324316
12.079857450948218
18.87139723860735
-2.28324316856666
1.1686508250980268
9.942064130626015
-16.65663170554037
-9.942844645355219
-8.219345830647482
12.670961095981646
12.627525455110998
11.398819225240509
-13.224590879826863
-19.60263908477649
1.7166425142984565
-15.063825121322676
4.55232693248826
-0.05706217958490001
-10.350087511669743
-11.654318490456003
-12.180565810937765
-11.415263548100993
9.554513082210402
-10.242928164693694
-11.163195363109967
-8.977067874601442
7.124397805882275
11.79504153665036
-3.1275996548268523
-19.335133218081143
-6.20167581131129
18.90218926607931
16.44996908480912
19.59642326910255
12.071283217529775
3.609112619556054
13.837308103206453
-19.14321462478536
-12.132643996644351
-14.162598287160776
-8.682061343755837
0.3519090907612181
3.3508497726640876
10.485988905766817
0.6877061054294273
0.10955136981214508
-3.664965469189813
-12.682562939580846
2.057979532271691
17.92884985285002
7.522012075083641
5.331525737629299
19.8490472295163
-15.264083601981575
17.75364983001404
7.271730687901837
-11.884117734300009
1.460762424161647
18.051956611480847
-16.419084954927875
2.431973146708941
-17.871873825925306
-14.386057002120465
11.030712797192134
1.2362636831260012
-12.705646778919304
8.815234949911861
-1.3245453938219889
11.679033637325507
-0.276835677686357
15.408626262942136
16.388824285185038
-12.752414883546606
6.870703702311793
-18.710367392743656
-11.686722438738917
19.53810728254308
18.640302509667407
1.2425317993081855
-16.3240131711242
11.252239127342637
-16.454600456002648
12.716171626173477
-3.631951758140456
-11.914983226239277
4.580819606507607
-19.45896977421527
-1.748814253447911
5.945170326499177
-17.371669384892616
19.251706340396744
19.53296716822304
-13.214549937729338
4.153409956770908
-3.182289920136693
10.105011495013304
-14.947762120824365
-10.572057054838577
-16.429972453817705
14.424849989976877
2.6735649708635805
19.33713304058874
1.010264571061672
-16.566422986754553
8.672622579098018
-15.38967444904021
-3.735428444987818
14.100429000987376
-3.87697827721486
-13.25245812899771
-17.40652982694952
11.504092987334616
3.9605758416246886
8.538960505932387
0.6556180179812934
0.46185352801686363
7.0786186561911
-13.024917726451575
-3.6936762633229137
8.221655092375364
10.935899899255933
0.09407281321445993
-19.556258240410585
11.971191928151448
1.5214440541719725
7.098563285570904
6.394832939275901
0.6083225192024457
3.9685831272958296
18.128955613996084
-11.745620609152256
6.561147827476127
12.62984054325159
-15.927870033226345
6.1175708364708825
-8.446097085648155
9.776078161263282
2.2658914144196203
-13.933190995717917
19.036797859751978
-14.106733327750005
-13.106553285545521
4.228047176287184
-5.823851309437584
2.906417960375748
-18.22194333713469
-14.417167995930352
-3.846771237799601
0.8207856233795923
-1.49336899754935
7.31138914213474
7.042324874858487
10.894084739289156
-12.644408157853286
-19.294385962911885
16.41840191463246
12.221776014281751
8.26739285319664
0.632935777173028
0.06296200494752213
-2.6329768947972454
2.2830949701444005
-3.9234595656833235
-8.340018937578932
10.386306981588934
-14.699350924517166
-5.705609621625731
3.267679005089775
19.15636962579994
-1.0523453559312017
-1.8495851576397193
-7.51235316276826
14.77814172140127
15.573275568482842
-16.363549663226983
-12.898925644812387
16.039777793794883
-13.658767935317929
-19.22636008654738
1.7225634123172782
4.943885771127761
19.116913498196332
-7.664574630271561
3.1363594500056706
5.857854565173135
-16.581822823631533
19.15789510909758
6.544375787706468
3.4478473258814724
9.793834107265202
-1.7419675148738243
-9.798955393529422
6.226290228615142
12.203591889519565
-6.482388070779708
16.538112667396348
4.338578736631312
16.83095678206714
-14.571224450831082
-18.24878841701061
1.4043314581747381
3.670680064618601
0.32503403574585477
-12.23676979093164
-13.18349203516711
-0.9824298396157296
8.57058413022838
-17.395637875560865
13.487518908037032
-16.430603941936468
14.540068784771016
2.978084614612083
-3.6183333086266245
8.133990146595206
-10.997577969589795
-3.5339791121888986
6.330538749688024
10.411694857325969
-13.96311673023996
11.738114755877952
-7.056807208366775
2.9441333048458453
-15.908045223711005
7.254725198022307
9.019187134861241
1.1041036534965123
-8.850989557208813
14.58826662206291
-19.132286584603058
11.669715075975894
-6.055325106320911
-18.553283994558058
-13.234210860297328
3.189233566335954
10.503636294053507
5.079456722134921
-2.930730496311675
-7.357375630123872
14.080553731624924
4.550827168180174
-15.705994628351952
5.629301045021812
4.80546287897257
-8.969069607897865
-5.983463597598906
-8.696054086943787
2.6941702271072074
-0.9859811760213333
-0.34017689843122056
-13.228125824183135
-16.462298308372247
-6.599421416247168
-5.451464758303878
2.1145497679706615
-16.699001822048402
-1.8031761051415316
-14.793163374383788
-2.489827625249873
-6.3157429890019365
16.161326581196754
-1.7791728421682897
1.6250253608120744
-15.213910462049256
-7.43432423621222
16.24453590868604
16.638600985968615
6.390355293821919
-14.039553177094536
0.7988089417004147
0.9645219487511092
-16.589633134821774
-11.027140328821346
18.23930602265885
15.580456998010092
-7.236637774003874
-9.637459537836017
14.811306050840543
15.113834464157371
14.603559670413325
-2.1130178247327365
-7.541183502485168
-14.72481979981309
8.249196247234853
16.7086322170896
18.154277132140976
-16.603372682485052
-13.36949589416899
-11.693668964754359
-11.191985363938732
2.912671729675086
-18.893468390351472
-18.456680563145838
-4.863585409848991
3.899146567434837
9.02849417281822
11.293013157436
12.12656661035237
-4.217755571928933
19.126146767042115
-7.423277884484406
4.6806875180926575
16.11175501460839
-9.390882072585619
-11.552319705071259
9.352294523934503
-4.291530403014692
-19.087437053904864
9.502228234088403
6.692232665361448
-12.976240546012212
16.480582602863606
-0.9409511776854096
-7.680176271113082
-2.0092536048011596
-15.376584277951043
-12.862609877546674
-3.502610207068308
-15.869272718906098
-11.648836844864977
-12.723786780271658
7.525469137924922
-9.717706903143139
15.927911881225853
7.97387494282215
3.6349799853715155
-3.7047596756430963
-6.52093036049321
-7.480203806886848
-10.90972639490853
10.403381726641928
3.065429172032026
13.178976329746419
-15.724715716553753
-10.38314314555504
-11.747857920535246
-12.265712284922824
-10.650033935973418
-15.534111751603742
-17.792142077835358
-14.11612437220571
-10.902808904292103
-6.573457633958576
-13.145487851912048
-16.982245883154242
-9.349987497610357
13.719809622413159
0.9421877628260553
-16.630813839258014
-3.1967733048213134
6.747186713910011
-11.0192031449475
-15.31265498886485
18.53922128178492
1.8149183952686023
15.273388060184672
2.2120724757626284
7.304928274399597
-16.44785700088108
-13.697897957243121
13.283042792767176
-15.95649982461146
-5.21433495205236
5.060686626599981
7.906501714468128
-7.059011135430762
0.965358061793296
16.97233739868645
-4.391209430340094
3.1137424811644046
10.656957216245154
19.26211923801612
17.23054581031363
-4.075568489207765
-5.952972868489024
-14.07078893751908
6.551507309039408
-13.006152010501939
14.561047286989599
-9.285642438570086
11.559091354060847
-17.138764233133394
8.701006321176298
17.259025762988472
-7.784480822203314
-3.780430793834544
-2.8304278627785138
-18.714969979717853
-1.9616645574126679
-13.006454423698228
8.915371180007089
18.34193366839265
17.764538412117588
3.721793362893891
10.490898192261323
10.729117239371561
14.569981609927119
8.342234582842039
6.773782001649515
2.3481791924147366
-1.5967603063783642
2.589930111199852
16.45932042999953
-9.673362642018851
-1.4996680535942701
-4.814282411988247
2.487405609944414
-6.303279727044151
4.243295003030507
4.357916170135155
1.273067013087271
8.398261029143605
-4.585602055498965
12.191709576441752
-19.473092883836202
-8.687943184334168
-4.203858738162328
-12.512668341100234
16.259683253501677
19.836816485659014
1.1527753921564994
-9.158884805050839
-4.657722486840136
1.9624228664007433
7.107987625643236
11.319830793564925
-3.4761203856430036
-19.355005893812653
4.1505086430273685
-12.9598799030679
17.14449334897912
-0.02653629976338223
1.2644390735215438
-3.2676039226764964
-7.1751503955254705
15.751156762431947
-10.738355942174223
-18.098032025110907
-6.05248844256376
13.384010068479697
11.49771559567725
19.152725798157256
-12.836440274045898
13.72982304444303
-0.14244208357208166
-5.23213841677261
3.620399507553472
5.784202946302294
-4.645390245377827
14.667560774511792
-11.41093250358157
-7.234570495115889
-17.902034541362095
19.591094314066616
-7.697664205932577
15.061276674738416
-1.6271504193963082
-16.515617141433744
2.703413126914519
8.93554613393016
-8.000147466110574
6.090673969283301
11.67671943080282
15.877390447127539
-9.338202259510805
5.006846731943504
-17.842291797102313
8.208243830150039
-5.044795832905326
4.097584269305731
-4.192791202241782
4.555556315421931
-3.742777862517819
-0.008019908052268931
-18.923808621662793
-11.323907645169369
11.161212789284257
-12.704338762281356
-17.911563714129958
-16.977818990162056
-13.24654453861044
18.048449683741545
-17.04865817990992
-19.857544800139728
-0.2770907863192029
4.684674471384756
-9.019445578221772
-13.660632585305553
2.82044742097591
7.617486998525315
-11.416680489323628
15.9832071085373
-5.787816107314523
-18.030441401136045
19.426711432004915
5.4395196247364765
17.505165625220613
15.20276067656993
19.233529592689862
-3.3464741546808696
9.54127979007502
-7.551857430197021
-1.2939855015443804
-2.0695824464556942
10.877486868734572
-19.635288568979764
6.028728121710568
-19.562042284841745
-18.02902183623732
16.752416890335958
12.070226166562833
7.638115799722655
6.408549815224358
-10.481704053535719
8.80576860270395
15.591302409805515
-5.250219563381947
8.864176427242487
-9.189202133554598
-6.589133679718682
-14.009350610104793
0.21851113940628863
-0.0693254508899912
6.26815832814977
3.223565021214391
-16.49996513905284
-19.842839037102777
-2.0331805683397377
-0.5888924334207246
5.674339710227784
3.889474089206985
-9.95752651253763
-1.3321345749201683
-8.101034177314137
-16.30238860288341
14.201568917884359
-13.076198722307616
3.7651831256201937
-4.853110597709458
-7.5283589969511375
4.510191435163925
-5.945962706587906
17.322450384966345
-9.979294486648191
-7.9604667884963565
9.867540304978778
-0.435437000791584
0.28089261840480617
13.200279417170677
0.4486718732600963
-5.3642473636795085
17.167878854362336
-18.778648898645784
16.338541191470306
10.64264896211581
0.3779645418593347
18.069914186559146
7.0915027985027805
-8.201722151426992
12.512210164085346
6.965092188391374
-5.007131466762109
-8.762066723191179
-8.618882401090966
3.8657848765069183
18.684727161531868
-19.590181382095903
10.385827008047674
-14.60559577629132
7.987646642106171
-19.4024444478648
-3.948390528242701
6.542850731922055
-10.209871025361895
-14.45161532272419
-2.816543540163309
7.835846184824522
-19.5456567097547
2.9913185447008885
4.049918899892724
12.255850458863705
3.691651404171683
5.12866665015752
12.221179783384933
2.421766559768024
14.201429129053231
-3.4870606411170293
-0.9067581990733622
6.16697085613535
5.048849975793139
-6.853953010981865
-0.9268263104292558
17.56439239594949
16.022264673354947
-18.73468329420936
16.59671881469506
18.900036133380894
14.705794072535767
17.602404851010633
10.928674947330414
9.632866095343683
7.389925006365683
-11.399498323122742
-5.9100862298316805
-8.520980921593608
8.182595798110988
-18.735375544557314
-6.2370038240345504
-4.090838668187576
-19.91894749331164
10.926599846523981
14.52625578341376
-13.70056097111799
-9.198310487009124
8.583987270403625
-4.2801717339730985
7.84000789300098
9.34092621917863
19.695994324913222
-15.821030233909763
-1.1867386182836448
14.049870273891408
18.45303089682381
-19.00905998784787
19.738171197531088
0.22392276947459777
6.6135115177823565
-12.267155300091318
-13.99496730683287
-4.889493977019143
-18.327865614087923
11.36096934099982
-4.086107159182561
4.758697687842055
0.41895269295049786
-4.266479425406807
14.404029967892754
-11.576760658753305
-17.64672168747946
12.53087240780198
-12.932253440819924
-10.441833364716707
-16.523187064652404
12.752071345050538
5.75591011140499
-1.5036241840958944
1.9789969298005907
8.225321265913479
-9.725336252315548
-2.621259420710551
-5.560220389400419
-1.627278507802341
5.166460313230644
-16.057292481167114
19.46861201944897
1.6079067555380213
-9.50385163304501
-9.07777833939912
-1.390306147610275
-7.865648613225158
-6.33442822560828
-11.679557258016562
-9.60423768050064
18.087018090178525
-16.331453907696954
-9.299791946497367
19.856995266530163
-16.176055943070825
15.556954705377628
9.708934677782569
14.634639266076746
-10.46076475498138
19.40734094369791
-2.1021238212602924
-14.365760984453392
1.037602068859833
1.6107121687540413
5.858032851571004
15.81999159890961
-2.524550106460403
11.372605725235854
-11.877895700634053
15.94599234155963
15.998078110628285
-6.144432653503058
0.18732221247469738
-4.143207662019206
13.810587322938389
10.329356620435348
-3.4998259890421934
7.885103697548917
6.661078537195042
13.484911895541238
-15.801864336751223
6.222449111752219
-14.195500166407795
3.0280155991505033
9.657459461945503
-10.24297772657282
9.759170183407267
-17.115529595388388
-1.5219647825474354
-4.179832639238214
8.328283866188183
18.9880633015171
-6.991827280692981
17.655130445193507
13.068062141969499
-8.118727078652697
8.937700299607279
-5.979831063702395
-16.409616476741846
2.302612866317311
-12.94541814708583
-9.537113366582673
-16.036885891561532
8.542302097646612
13.188963145184815
-5.452504389641941
18.865827542688393
-19.290103727929925
-13.324679324134049
-11.827833254748516
17.587320762509002
13.256081404348635
8.244783789092157
-4.255360366034626
-9.858333882111086
-19.259979826724933
10.90914327146863
7.169910607828541
7.176848531863385
12.693039340035135
-11.201179747505252
14.87069852597405
-2.157375703123204
-8.727426071730067
1.444635847163486
10.216489464129932
16.980163714041637
10.117901446588284
1.0059298630880988
-12.094427175244693
-5.62058670411238
-19.79531495674012
6.863593115030934
-4.04744100536047
13.57558396847746
-16.966722094423826
0.8930659286186042
5.939789880082721
-17.29369341718384
7.423060886185894
19.912113728555454
11.130177217734332
-2.396527935413026
-19.932172448690352
12.218052012940653
19.512831103406555
4.242385711469726
12.974896057205754
-8.790723628922198
-13.796480879113586
10.028654508742392
3.3274118945936983
6.1450058232255635
10.223119256942482
-14.566182154161602
-11.038274495532136
-16.303466996069954
13.192720868632001
-13.438370979303475
17.90282112747866
-13.522492361753988
8.250829983164301
2.5208417322504317
8.268032852506423
-9.440166578915594
-1.9450598287106935
0.4634067529446959
9.336294758512935
6.944525595673149
9.788885523489771
-10.745049178877508
11.381099960651259
-5.905472286085974
-4.439217015909813
2.439784010345999
-17.734295004406366
-10.021081342940228
-1.6471582937220717
13.56936099610926
2.862553634260408
11.566929895016035
-8.444855162538826
-2.9634531771670716
-5.526793331989328
10.961823997534754
-10.330678606955832
17.26026085656067
-16.04621862550198
-14.966525348240566
14.925673844177531
-7.37784677996447
-0.8047923910009693
-2.24818897091723
0.21322236008085227
6.093409383473791
3.73739751878745
-10.683229042197123
-19.731967944753887
13.867120513273342
6.700120744234784
-15.799845580756259
17.393048925886042
19.670522180948723
-5.596422122127315
-13.498424997061495
-1.3355765032906994
4.395469236514845
13.222611674513672
14.647848840529733
-2.1894596101097434
11.62539100458503
1.9773363112009292
12.354414107693756
14.90466204278843
-1.4395388190867742
7.126762557135791
5.140353581210199
0.4901911142501518
-11.310871898668037
2.7668472943237035
9.435800523436985
-15.962432435503992
4.631223071529895
-16.29103246375238
7.217987733109904
15.91229523894674
17.8453720784452
-14.91989404451797
-12.463746799358475
-5.849938380452716
-2.7744111096088346
-1.4817540369557811
8.181953986981739
-15.00369532295772
-8.405602013233233
-18.609161254469416
-13.622769460399784
2.3091682955566455
1.4052856362955914
-17.037149589108424
19.988842722335683
3.458186110839815
-7.989188387286447
-8.37411110459561
-10.517194294645273
-12.097217098223929
-18.11297755336861
-4.403851053373282
1.910027282808425
13.850945734245258
-15.746256447196263
-12.91185511066455
9.813359603061095
18.607045295761722
19.023466571912017
16.603748419172163
-19.34852516319665
-18.45908652756149
-14.65454082205309
-2.9682719828704904
18.365462237272396
9.331536591368149
4.902924575484157
14.254552263974738
-16.480490675541194
-2.1305995455579705
-5.778519664437095
-12.806866840759529
-10.801560926282141
-2.496297862249797
11.717893159465333
-6.864782115467447
13.498056781214153
-6.611936770939959
-17.755607320174967
-14.6979051038159
-17.011782071412995
15.425275138018563
-6.344292084606803
-6.917450254902363
8.217894340624248
-2.1903818394516037
15.864918262401858
-6.111230524896069
3.7723546320811536
-6.997108178411828
1.626853648610691
-5.64857094205963
0.062416436251325536
4.451383847824072
-0.06317480608361592
18.14932288227112
-11.589869672812402
18.932928292571383
-17.88653733514611
-11.753955657731115
-4.940990669076669
3.1680160230393817
-9.026863763193337
-7.65177663265851
-5.488920846728087
-7.200560475405355
5.46132045252233
-8.988325394453964
14.66313155080195
7.872755372178709
19.08082422574124
2.728341100918673
-3.787125690094012
-5.581414865863303
12.928775440054807
-3.197031872574108
-12.43789889384525
11.791242243808586
19.631505876033486
0.25525715133272797
15.457505664591032
-4.820541748167644
8.081013034180451
8.629059925725539
9.41441051230646
2.3621809239937335
10.891714158741447
19.059721047160117
12.935123280128593
1.966405379906032
9.29009290713747
11.221521330061051
-9.657887115669173
-3.32431579097603
-9.713644202741833
-17.881543683121038
0.8237296739180024
13.020375917027103
9.26745469456609
17.720332132187743
-19.155339473581602
-16.461391254034965
-1.5134416962350947
19.353834287034488
19.407083680263824
-18.384819401925316
10.746771813247907
-19.063715022971234
14.885189107280816
16.458630162857574
3.01544729578233
17.028941480849518
0.513215164062192
4.7093658494029995
-6.7358735193771135
-10.894984239592688
-2.005517925968906
-12.563970455814179
18.075502822581527
-7.773494644358463
-19.119968271918452
0.8113282838017994
13.823580877831823
-0.6876960831622938
-13.996909895007018
8.825861265854954
-14.481955167925683
17.96826955672187
16.43559016073332
-9.69760120384409
16.097882461050517
1.756272506371456
-6.608994265095385
-10.098663556482844
-9.726824760297227
-4.116062999930325
9.936759682926152
7.60245535611314
17.90920513467914
17.208537619124854
9.241125897458126
7.326349350062337
-14.080824927063414
-1.063990620633902
-1.4495167688157053
-4.585499226325208
10.900999250444375
12.916653410689506
-4.896175314869122
8.51657234918839
10.045503388756664
-3.7437239982587833
12.027095313199624
16.145796206356955
3.8681840344864007
-16.312607986006178
-11.096582115207214
-11.868214782303186
2.1353499325803824
3.9133266156748334
19.39035633784058
-8.63172930750042
-8.402628624877018
-6.718462315532268
4.648131818611297
17.487134988794402
9.936367779638577
-18.10333616703534
0.8186828501443166
-18.656597217790186
-6.441865550954686
-1.430999967573733
-6.374042680833636
11.832540243249113
5.492986242276295
7.60578208420587
14.417269334461366
1.2186797849858948
6.278672304752856
10.794108319689329
-10.464957361250624
-6.047753572104192
-1.9884808413292667
17.67046687778589
-8.798320843646659
-14.970944982014402
-12.855912468524902
16.44527454038805
4.360781814240603
7.761850997225924
-10.244658844092612
-17.992070334461793
16.05118340481055
-9.235523251230378
-10.626487328587464
-19.521752118777727
-18.71972495593043
-13.890827941131185
-17.695829707510867
-16.25599381569383
9.648305255612403
16.194475177929874
-4.055242004741064
9.057468619785531
-2.426335445889549
-15.770778384269487
2.9846641468331754
19.80139822954125
18.605938999468833
-3.2637524810578427
1.1037011177517044
-4.787817092706739
-5.895855366125961
-11.841399881188352
-13.225976216408277
8.873173180282802
2.697231096433171
11.055818349420015
-14.190162590468528
-14.443454213810568
4.20356665471526
1.658282425686636
-18.38726313460457
6.247882211400508
-17.93646329565854
9.03529086643626
-10.567892719720433
12.148419247919541
-18.640490667356676
-7.404679664278625
3.8495050668547
-8.79726349948232
-3.448164949279125
-18.07040676745884
0.794084480875128
2.7842017348207513
8.844390044778713
13.853173045368436
-16.12555381318217
-2.2624372690533043
13.930018465542297
17.08610524690053
-3.9920040441782234
-2.8080345420684125
8.06748398599452
15.762900824949327
-2.724348719697364
1.8392903596432149
16.004644356386812
-12.765243293336862
-4.857804409552395
15.201364614623998
1.8158206910853103
-6.920167450565522
-13.066703709880233
-19.646574446741546
-13.566141394184186
-17.955687173111894
-9.648138079046946
-18.76782549764318
18.648351201955514
1.5009937775459967
-5.071337924501398
-0.07339759513912725
3.958641143982618
3.8379098229336535
-18.85799314224976
9.048291594368255
-12.702332471377291
-19.368815967703014
-2.197506246770587
-10.57758885871034
-14.003938036115082
-0.9543581463591586
-4.0557173390333645
-9.648938796770889
3.1996478853204025
5.157111993238146
12.597428991667613
-0.7233505738634918
-4.378164983158603
-18.167393780999873
-16.069785783252915
-6.33935762544656
14.503583046254931
-9.298997156438084
11.32537053258283
2.8710237914745633
-12.073609190636777
19.6370783197912
3.6962505234208862
-19.498454017048445
17.069803371389973
-0.7628688302764033
-0.1485268263691033
-2.830139199659854
-19.796959697463784
-5.922415181960702
16.88770640633895
-10.880306784722764
11.717310800757936
-15.921384311344745
11.568286557985221
-4.5664889545192935
-6.99557659850662
14.92803876110154
1.7065640078274313
2.3630901535434425
-6.719403140019121
15.501768702235125
0.9933385994285082
5.835621225606239
-6.222117066606895
-0.23286225138062377
9.011179048563498
8.112332192581299
-15.56714619708238
19.967118909355634
7.408502521879427
-14.005848412964173
-11.916503683321306
5.0195884709127085
-9.551117531280893
-4.213155270146061
-3.5617003171639148
9.202279009315486
-14.950899930141667
2.892588871061257
8.206850854854913
14.225772896234922
-15.132639819529308
-7.2238238273574
-19.0408759268579
8.334083648915222
5.456596845310191
-16.03761202701429
17.676044780218028
-10.090016175364077
11.284824887050654
-16.39950343365409
-12.768555704316427
-5.544577924615641
-1.5023980786152613
-2.44157715163027
-5.1176354581726855
-0.9131151579978578
-16.803465451265076
5.665760210245402
10.819424616405776
0.7026840665879241
8.320839501524624
-15.555026896012416
-13.305724563308079
2.850556409038294
18.079796457419917
2.1412773666567055
-18.463996219236364
1.6208032905964131
-15.37920090640851
-8.100703523186738
-0.7923176844830664
-1.941296603299854
0.05217497212984057
15.412265150866688
5.455790450054128
-13.166636889400408
-4.776856740050942
18.266265995515035
-6.8585118006439885
-10.744620323317736
7.452475698684857
-16.653943928161116
18.692064245289195
5.698869282276551
-17.791013670938426
-8.256075186897721
17.454199891740267
8.121117130172454
3.8896787055129067
12.58318163112039
13.20459402600018
-3.9541709490352233
-1.4204680186434047
-13.843624085579904
-14.129586815685332
12.728326535367643
7.953422302928907
-0.194254544033182
9.900983944574765
7.309148308209977
14.166558083812191
-3.872942054963726
18.604499548009287
18.215204475114454
-17.121163743435623
-3.2985827706804898
-9.241524506632777
-8.314889456764076
9.1679140201161
17.253016411774404
13.781035655808097
-7.651841738249953
11.94805932924897
-16.14200325755356
18.13551000957382
-18.50203651162486
1.4311681134210588
8.54079645388505
-6.015110358565501
-9.345213191997171
-14.105373822934384
-14.158333645223902
-11.988536932987826
2.8280433454309843
-5.136241373973105
6.6434635078654765
-10.612868684035718
12.280375056174677
3.3445160549754327
-12.403633093475165
-7.202476545473582
-10.299050346992122
16.264447411560745
-16.17517497593646
12.773737989387115
17.824837568422993
-13.176467680293822
-19.766694013590218
19.385151493759153
1.3588868972445596
-15.299955015464107
14.353034311986676
-7.482722806038291
14.000652882270373
-11.5320022704962
4.789597667726312
0.2680357718804558
-0.4647947859584498
4.601796573259751
-19.31640121350793
-10.943193542628622
-17.92420751097819
7.806497661581222
-11.862334017870513
-12.523979093742309
-5.726823570458572
8.469040827695572
13.018793614996163
6.955896982086109
-7.674313872374142
-12.910747482069521
3.8956230785510897
18.553181684204404
-8.005307071322356
19.343112389039035
-13.518863279578355
-7.2432506351896855
-14.411156206649366
3.850369922876638
0.9644509651073037
13.363810458684512
6.143999924530483
11.852698251490644
-11.288958362032538
-16.563595646770114
-3.1361133252417446
11.736490536747077
-10.609862647967901
19.78955343538808
-12.812989210930557
-12.177892408680213
-6.164452802459071
-13.639594915178176
7.809325784136753
-15.341556550658293
4.582388556148889
-15.33543629951486
-17.291485169993628
9.129240694724889
14.666432210756774
8.633252441310638
-10.469294332453014
-19.173903385459
19.770014940250356
-5.972021642252653
12.514380893074453
10.293885195087245
2.6010422016406523
14.701838331503502
-1.5255198474331948
-3.9393335343058133
-19.29994840369144
7.0987292587042745
-3.708713440444239
-2.3708679238987926
-1.799432640930764
7.606090401890061
11.983573515286455
-5.943417129320361
1.1528695142700087
1.5838328929696779
7.512557355139595
-3.504894823227037
15.106867911074616
4.091588828148819
-13.201936288113977
9.148743465795487
17.2034296745438
-10.605109019784118
-14.67068232448694
-12.990549888045653
2.152034798788108
11.518433121015939
6.204013907905555
14.897299092206211
-3.3268776193309044
17.6164255563032
3.172075040497411
15.771286675512101
-7.17154409021337
7.858936916178667
-0.6074782785263899
-9.207533399407971
-3.1956653937840045
-7.942387638485563
12.062639096112932
2.0978701834521445
6.624802055872969
-5.491809004935604
13.700438901759206
-18.986714194872793
-17.48324297426301
18.69564308528365
12.682471063985368
-17.702744557056313
-4.396408348944544
-15.30910157097074
-18.126490019370024
13.606035082931342
-3.3113435694778737
-9.015446642396263
8.643666798550779
3.777787835329871
-0.6088824023948831
-19.135835838441857
8.16332232295132
-16.698078539347634
2.124017185375486
-2.5738976042820205
-9.47972895410675
-11.484395470247918
-11.32113793314113
3.1622507787858964
-6.47764453768727
3.1628487609253177
-5.726202038633206
-0.09186609577655958
-18.990390489327787
19.599915797147524
-2.5728458816178765
-9.487354234491047
17.323489655368817
-19.68193336965083
12.129083555958935
4.431166267795959
-7.791960820289043
16.926842263049245
14.604025450738611
-9.444481720913021
-19.840949499408687
12.43214081519352
-19.485733371331722
-11.824571296457078
2.7128834088790086
13.355693625064227
0.9884932939039892
-5.708924550686483
15.003537017806813
2.7128625199674232
-18.39938289778788
-16.72575085313651
8.844143403778727
17.353915373988194
-3.885525020666009
14.457211634051099
-4.825671384611553
-4.779389610947415
18.640796938190057
11.628863535211522
-7.083126173944105
14.786118097546257
-14.973494027183069
-17.8564168880807
16.10198605511077
-8.84338038124894
-11.358763357813736
-18.746862022231863
-14.771543151522245
3.196624512084391
-9.653689791885673
-7.85605371877705
12.63112841342975
-7.368845777031465
16.004648059894542
17.19010204189162
14.114618288414619
6.268526935327166
-3.1996258033839027
-11.984679777066063
19.102152995970812
3.5977479721553536
12.434528734632934
-0.48231724942908727
11.912611694974014
14.799465719643422
2.679408248012315
11.466968108401424
-14.493181082510382
6.872965569088603
18.800512208040423
-18.97663138086338
2.601242235327746
14.844585034320303
-10.13278832391235
-12.540400530019888
-14.520741762306887
19.043984987184103
14.200429007439908
-6.681475301614306
2.6313791304884724
-17.831526629558233
-19.121935651803103
-0.7398090968223094
-18.642344817023293
9.125090463952024
10.213453881155779
8.831642631491704
-11.300832231972567
9.299620175960758
9.973517683571881
-2.4582371535865057
-9.841259537672503
-8.262865453382787
10.383283094935397
-9.099160011498872
-4.336738504981987
-0.009757162750389625
-7.87757423571399
14.476556711336734
1.9686171475839522
4.376636784914897
7.7388460030908846
18.44487587860926
14.284862880390811
4.164514491210468
19.521834160087842
-16.398797212393227
16.792379104626775
-12.389482654051257
18.371262140014778
-19.195887661904756
-0.5695570405363135
-5.771656097026261
12.017526365427202
9.515091971595488
13.053101654421859
-15.940405863527364
0.7570578434530937
6.451261396304897
12.398730351770112
8.3551394016521
-9.285846145040445
-4.422580018327702
-15.013504099195064
10.909105076775326
-0.17506170478377925
17.845966068086128
19.029570376023088
1.2254592421062682
0.7725299137273041
-5.354667727571783
5.088622933757648
-7.606800251546154
-11.333650528202766
19.210664795520422
7.659518132630666
1.5653990714893453
7.65720272810459
-2.16551731559516
9.641478285376344
-14.018666300807752
13.458136581449338
-9.090278136671746
3.8944885172429977
-9.696963581387354
1.972114485134778
3.6386618009794844
-0.8812704100244488
9.747850367371932
12.625407754821339
-5.051571564782865
9.659895793923916
-1.5553470675583867
-5.641209977784243
5.971359045481449
-17.336620730915495
-1.2013263987861542
-6.991237212476737
-1.5579061255182012
-16.581897528217453
-3.5539202716201928
-3.944869514100997
16.59666263633062
-2.186576806548942
18.342481232144344
15.263107141466094
-2.8277836338778926
16.229226744716556
10.216308253166403
5.353275858699128
19.718880355895642
-3.965010317151304
-1.2626496438819643
-16.381670942556923
-9.547426438009401
12.158419188114962
9.759181422855573
12.31734879706935
-13.68473556138721
-1.4167806448042413
-17.325687101598728
18.870615128729185
-18.95850953669672
0.610998123730063
15.511667667434438
5.311466422038258
-16.978403692905776
-8.574447527717005
-5.700850106659434
17.35201501060638
7.391051504680366
-15.12625276457975
-2.013278111920126
-18.419484018349127
19.589615090372654
-7.668005368621644
19.00181718122964
19.317644441797867
5.446660612070925
18.476726354135153
13.144606390825416
10.76248774454449
15.317030524562057
-18.42400830303657
-4.495817659433911
12.414126223584788
-9.265195836102112
13.130794110886434
-9.118321830557669
0.73531388109107
15.353997305024059
1.7739487770171927
10.361627807661836
0.1340115179137733
-6.504354355099515
11.319444162034241
5.224534201957599
3.8437046306402003
-19.700681735081645
-7.122570087142579
5.2026394793983215
11.849474033496566
-6.917044379818552
1.2369843079584868
19.45028267141678
13.729891374590558
-5.367157583132013
-18.602094623227465
7.286589461968042
-4.571162463253531
-19.041234667092315
-18.073866654656282
5.21124150402224
-14.667504296024996
-8.19514337713844
-7.438571037360182
17.07252092868331
5.885663078821079
-12.384372829925002
-15.157946770977787
0.3787587483384094
-10.544127979711583
-7.8253688829216586
3.8163275487360693
-6.037307578398412
-13.759000703476435
18.50341946215385
-3.722570893185484
-10.382580658513012
4.254592401054765
0.1317220598267923
1.6035110614529167
-18.39765770573714
9.958627099264117
0.19551893669808607
-11.552361142605472
11.68621337914809
16.10756863387023
9.525496549824823
-5.1651093159262285
-14.233010788841622
0.14782633850786198
-9.709982117466671
6.714197292827837
-1.2478282593882817
19.496821968784232
-3.417432896404552
-8.182334341025559
8.1782815944592
-19.12807049423996
18.303453643247778
5.88091891511208
-16.20751007117748
-8.395060424683
-17.719074264001897
-14.627539467550172
19.12251402263319
13.647648746790956
-18.403022370433373
-13.29474398044618
7.593938895904671
19.966861868072407
2.13364917166367
-15.542151796262722
-17.720090029405565
-19.467152320714348
13.820614193343786
-9.507200539513928
-5.2913326150435935
17.072169595276605
-19.072382021705906
-7.7205203270980824
1.57663791505815
-3.0454202854745276
7.369060656145841
17.78134648439498
4.8780123812800795
-13.294254134715139
10.96618819619058
2.0130701908174373
13.289679814873395
-11.15880740357503
-17.46715235590919
-3.599927458414207
13.166095630407554
-15.139157559029709
-13.92141443779202
5.0304175498524195
6.672320787325464
10.385696353311005
1.970700459417575
-13.02427364716101
2.0186071381527526
15.33606678605664
-0.021692968329709572
10.1099760100163
-6.385622938997638
15.26012302731585
-9.227239768806186
8.534954131993025
6.6891939657049235
-5.992258529635022
-4.786084955731397
13.533450809195728
9.683519672055162
-10.503159414030012
-9.033864013187953
17.013410400886222
-10.815323386458964
-1.555443339421302
4.570892778078004
16.28019025540378
18.106495071272114
11.667151986493018
11.555509870590612
-7.209228986627263
12.251153884862454
18.499576699905575
2.472808186853925
-6.3582829254060655
12.152976653403499
9.116957010443919
-0.19350151204742616
-14.453828449591146
5.029562560212618
14.911879901543955
5.127349975915138
1.8989920902731328
2.373939637478081
-4.551965823243961
-9.300959052499135
-13.31169685673721
-15.045457759141389
-13.990366871157969
15.264437387337885
-9.78032914522113
-10.847834542626877
2.225256810827002
8.250519006862206
-10.790030812215186
7.107482488856846
-17.266448822935004
-13.141738250083833
-6.7705680865963735
-1.1381147255556314
-10.956716654660838
0.9867689928431744
-10.609148243244167
-12.82449708982531
13.543464102550438
-18.431158504998404
8.758434577316912
2.1601897905826526
0.9486780326245245
-9.83021072260835
-14.954351393736243
17.46866014797819
-16.14963661541132
-15.30576402249913
-6.419822486135143
12.71387105578313
-2.076898763761843
-17.743458976684103
9.209334506640097
-5.508166286457943
10.507498437149842
-14.969090006704935
-5.331077316185908
11.016837667457725
-2.138038205944465
8.393568379999031
17.21207680331679
4.966323993028908
3.1444439815468854
5.273740288743166
7.359723935983919
-0.5828549646227152
6.010854019385981
-19.16544609072003
-8.583700825704895
-17.340024262732435
-10.1458002880823
-19.26309477914835
2.141003170699342
4.1401434235785
10.216929287340463
16.38223697429401
-15.450957979885281
-6.979223759906862
-16.251401682823218
-4.972855589748107
-0.4627197627873585
-10.144472908161685
18.82908928927256
-16.244144605384964
18.30448631025468
-0.8370516207867205
-10.033612120186884
-16.975981782328166
12.321918610553254
14.271979524641061
10.92937428393736
-3.0225537392550095
7.844087567009144
-5.694933036554044
-19.953593746500076
-8.039724161376514
5.42281175498427
-4.5362443561584165
19.84027999763991
15.633269357503458
7.691467727859397
-19.279188725784984
12.69739309518571
-8.090132372743133
-19.262189639969577
19.341348010710874
-19.55202479853512
1.2292623111764627
-8.347728740068522
2.178616624713033
8.508797844036057
-7.975642218330833
17.448313808421318
6.625711159353685
-19.803740513071766
-2.068685968010527
12.177025583051197
7.127482695145453
18.37936841649418
-15.434203240401875
1.9178138299243663
16.666922762063805
9.210538618267677
-8.370193492198975
0.6022242366682526
-10.673447763194893
-4.618340601507395
15.479727020351092
-18.71756757709662
14.239343389911937
1.1028910101833347
-1.8674019187875786
2.064048805622498
11.1041876547098
-0.6618784586402917
-14.03347653216347
10.00184222281117
15.625544997775911
13.639170625487417
-6.786078006146541
2.8770481531531864
9.761930482839869
19.890130092780694
9.140357755002032
7.883817553166509
-10.355303291119537
-6.893397471265192
-1.4193954210429425
6.638380178363498
2.569464026216334
-13.869923264598722
-10.87377617203368
17.657643125601957
-15.695647587652015
13.57264789540261
-9.333480363994298
-15.63133855039566
-7.362923166834632
-17.300524911709836
-5.594946075741571
15.169343052709856
15.601161782905237
6.813152818656391
-9.646661381499868
8.70860137223115
15.440819471990665
-8.51143705543806
18.38366283765116
5.310927292123722
-9.679555089444243
-15.713857955383709
-13.791961246649773
11.127550815176228
-19.497067662750677
-12.506145342306523
-13.257826874053183
-1.1785873303974803
-7.819245917433474
11.317333521070584
-2.388281454001664
4.137066287113768
16.47671436724429
-19.070398038912856
4.925410218462154
-8.429421237641632
-18.839067277743382
-0.14904160172079628
-4.732640083534751
-11.927107370330523
-15.755897391256145
19.966072681701377
-6.695127878330673
3.6362240252947196
5.964594005194996
9.270848330099362
-7.643163443087605
9.246504012326689
-16.353941008772956
13.151582730618678
-0.9334145293954208
12.939837593751648
-12.944853076948082
-18.27484713492663
14.57831791229065
-16.722121604748473
7.31738656280012
-17.82388735840323
0.49604850693523517
18.62692137367346
8.8967576485277
7.11734201616089
5.681823718459725
-16.495983027644407
-1.1154324545339804
3.1489381612457343
-6.240085200657667
-5.648454173199475
-14.848477391985387
1.2073459311110035
13.118189558104575
-8.098358730072537
5.946719439829916
-8.692878671024062
-7.914634815427242
-8.656951664306586
-17.796624311669156
17.414993841684883
-14.938790486382981
-2.582844712250335
-13.998169101763134
-1.5559996265332714
-7.19973715567599
2.466433679472967
9.169276310514483
-15.859055899129796
19.16616374708211
-0.14730067848249817
10.175201279248437
11.220873300972734
-0.11289577777413484
-11.21842842603646
19.383745465196654
-10.95715468379321
-8.185000751643742
4.459567642393985
-19.21253027147568
5.6623241604146415
-8.227028033014205
-4.671133484875188
-4.17459145370708
6.090337295943602
2.445800128299936
14.727552842749738
-4.489633218399973
-7.615806896273099
-1.2322433487039959
5.148367048677265
-18.769089820981726
-19.94933661250501
14.731951841270842
4.427952055838787
-2.260277384196087
-2.8919406718322733
18.374645507839972
10.31326660715365
-6.498952071688873
15.46749832475178
13.097905686656006
-9.225236003780811
12.665406285648814
-18.46035407800221
6.0465996274126645
-5.767705243515863
1.1894823430391774
3.0771539025180985
-1.7871149729446216
-16.41872711102657
14.127443983957193
4.393617807575364
17.21977017296384
-4.551666536402902
4.351588667482837
18.6647212117838
17.914954771772457
-13.063299634095742
12.328762047347325
-1.3789722138169793
3.186697321443578
1.3136527569287573
17.242564341749045
10.846332525523202
17.39984711592598
-16.211905035630657
2.1444078303981513
-10.667222495664097
-12.759602558999248
-13.060007046439965
-14.655243747300787
-18.321178310344244
0.5314826768515069
-6.593510709073062
-6.563135845325245
-5.522145374179761
8.43060766754208
14.5206949713251
-13.07981881563511
-0.9572089231156866
-1.8735589316678194
12.75921906030407
-1.746282212417416
6.168622223977309
-2.9964157425579785
13.028351579810263
-2.3153626124738658
-7.962169556827789
-4.532954793749923
-12.36092375623009
-3.695722742740564
-7.215582437938156
-1.155736515147158
-13.796267391571595
-2.282625785216837
-16.179588698095625
-14.745911760379933
-8.895133663450125
12.735890796641762
0.03702025808171072
6.823319076344351
18.026841701182583
11.450241662697955
-2.8720432857551828
10.375995256464513
11.666606771081792
-11.065165984930111
3.630222070700711
12.545318012526067
-8.870460638939264
-18.59096648477456
13.959031146569266
17.698119515235568
8.257357966620297
7.209280276502721
11.946450236066667
12.606780804263892
1.151748634564072
18.375379532957723
-5.525025830749097
5.856738160611666
-1.2846099278681535
-19.109657075103733
4.004513287168166
-7.255601271456742
-3.6118096714429235
-0.9803879059404998
-6.4323455503747375
-9.02120030702954
5.057977978659803
4.95385414081845
19.47710234857118
-1.5854475955266594
-14.586398833240528
-0.42523172008603183
-13.463862959710738
6.872929685615631
1.3474020871132133
-12.139975234560927
-3.7560253348722625
-3.362745290366732
-10.365322749862687
-10.365932293612538
16.209172297149223
18.09058219450555
-4.109754810658867
10.45931003170945
17.281807957981876
-9.603116888674066
8.145623815229861
-13.597520642108197
18.319724854119514
7.967725553412691
17.10470478960366
11.973193614216843
9.649739040827662
-17.631494930663273
9.276701428319605
19.803681924279218
15.643908946155776
-1.8271713253087754
-0.15505283700090544
-12.767987211698081
-7.311498115317061
-17.704837106343412
-2.5115051114526743
7.077702571152344
-16.551759114022843
0.17466865563439882
0.8840739526878849
-6.8654952556586135
-6.2572643073295495
9.371357063981375
-18.855706137686973
-16.756707287161362
-11.405642807689125
-6.61373186561466
5.055635890527839
-11.60617422678249
-18.837198146865035
-8.60485012418646
12.191339672639117
9.297619627855752
-5.925093644319567
6.909713386113921
13.34999416546453
2.842473682661357
6.7131200585430975
11.562172536508328
15.663399040635
-16.827302708177466
-6.576948264856037
7.730293062599365
-12.025009841219223
-17.977185286397646
-18.81705384921439
5.511498090829427
18.76038465020629
5.0240428062289055
-8.946495939902825
-7.930364928175662
18.353842259983324
-7.338563214242452
-5.987292975848483
2.6558069405783336
5.267170979624673
-18.820557427370744
-11.391307497539813
10.654807474337051
-16.35890081795602
8.39030007002755
17.54463780501257
17.049657510200753
-19.280063737704737
5.731243635723043
-7.762536129760015
6.308393542662216
-9.800152786806118
-8.640459826570304
16.106776241535904
-18.840920259845497
-9.501281632751532
-13.830743257665006
10.83282495174413
-6.875965844768807
15.463004924772989
-15.401126837940332
17.09850517197667
3.7184642133278025
10.923832240625227
-18.867415157644714
19.520353856854207
-7.0705869985895085
18.919660058094834
2.4951029612854114
-1.5999815202553869
10.224740364050522
-8.796436225559837
-18.455026759504673
15.333619761121227
-7.088829453936203
-8.442996894961418
-16.281014005849833
-10.259837514291114
7.759342427568985
-0.8314736315510203
-8.545992561463617
-4.56010236233665
-7.7626254122362415
-17.721991077744864
-12.100297409066707
8.735860789366004
10.244881395715694
-3.87279964085117
-19.641382407129893
16.570643632305917
-9.533102006502986
-5.298093380446156
1.797074830071054
-3.8822175526955185
-16.85283155726834
0.581303077368748
-3.4331141347945824
1.0109662242789987
5.1278691443713775
-14.533907969621499
-1.3667278092816915
-0.8391563075714572
-9.581189152917137
7.951013255611841
-12.401994892440737
17.959669065822197
18.29756042427858
-10.967226073462895
16.450755848233854
-5.1848829178233125
9.944277981593356
-6.932423740775665
0.6797326471995362
-3.1082705016401064
-5.617286765429789
14.955803399061907
15.456762849330815
-7.244414277538729
4.965874933706743
-8.364890439113243
-1.7894566056605932
10.943794356218163
-16.34888951293577
11.063851787618134
-11.113847482716693
2.7425468483963975
-2.428827153375991
-1.3446082003588486
5.262935108421679
15.902502614496917
9.973647657226543
13.05057688618274
-7.317761929090466
-6.799021981401619
-12.740862398321568
4.89843621101469
-12.747906962589513
-13.04679795806123
19.429913737058413
-8.72295016360737
2.26905988127357
-4.104486228762143
17.98485009526506
-5.134519740667827
-4.23286996572212
17.232080413297453
-9.921295637867926
-2.090777158629912
-7.583679463010441
-5.451480011449409
7.5563663191998565
1.317710081744
-15.14967291162009
-8.458893778623256
-17.35640783098381
-14.951791638553216
14.082584194054945
2.28797984067025
-15.002825402274205
16.79310752613093
-11.04463869133915
-19.121914402067198
-1.2413921450631413
9.841464218028744
-10.93049733389222
18.984711691876058
3.987050176249003
17.78638590125771
16.204006977481214
-14.5541850844347
-1.0447399728954068
-19.017236736312846
-5.175771003703025
9.284903090009735
13.22287090147232
15.144348822029208
13.791851855976766
-18.80677857066885
6.80446891461451
-9.112724362881428
-14.88884807044049
16.966763142643998
-7.4818456599703165
13.454685859782273
5.901763561654889
-3.669813379724495
-4.779590061809916
-1.8310103954337684
-6.119860598657789
14.761874913844082
18.679613562425942
-15.473008571746885
-17.085016962004417
18.881391740881078
17.065183541538794
-15.801333783226204
16.71034223963572
-5.8575335725031366
-15.89411679920682
-8.105911926125202
9.183696346835333
18.96381864461886
17.15115489953856
-6.303816809701912
5.679008573859164
-14.45870713684743
17.28286499946637
-4.987242749052005
-7.421766179712041
18.66893745633869
-7.279590017647145
-17.862484192984308
9.88052322494871
-6.2819839354690075
-0.5993019910242197
10.053536681640175
3.1100035267320045
-14.967696794751042
-0.9736109936104
8.186744108275747
-9.13308886960964
12.420536298096685
-17.70693777297252
-5.885810561434539
19.145063204879392
11.903834854887737
-19.00299483234877
-9.610450624721224
3.657415831249466
7.122100038904019
12.943487715855134
16.431370583427707
16.25998924255037
0.265712022878958
9.832183525223716
-17.98166713317517
-3.1887623486130643
17.6826881670003
-0.7321126860624716
-6.589215017898461
12.630932841360199
-9.321538482663678
-14.541010902911559
5.8753598573221275
15.261306197203425
-17.904949081505
-12.918923847790126
6.802941576757014
-12.167404852376755
-8.30426518907176
10.355009653239613
0.9315015825429995
-14.194135746285653
4.19883078396612
-2.681599447079183
13.783492651849485
-17.341459330752006
-19.88863454947365
-12.193510484411485
-4.282786854829439
-3.8009396165109166
-9.009589307383239
-11.577833784898917
-18.86831454280533
-2.3369534329262045
15.38563756580524
14.838918590470335
9.71063750451794
14.487138877249542
9.921231993226733
-4.094720780469764
5.206945413731088
3.06120556848996
8.306533479632176
-5.951567340452414
5.440762666791628
7.450288160924675
-11.54607549043929
-2.0288337052902286
-2.581686092108818
2.884868703170934
10.029776190080991
-5.461762182576937
-17.680116476279274
17.3258138342282
10.389257559514476
-0.30400104289521224
7.44078985699943
-3.466972185415912
-0.37266221910437736
9.020663394526117
-10.670776039805148
-15.206227797825228
-5.802224471841653
6.806152386868138
6.180765834880688
6.140309754815544
-0.4144009057509912
3.1221763339664292
18.467427206893746
-9.038796829106088
-2.4054512174996034
-6.279371811614492
3.6333717943414925
11.126559815559855
11.78880735330619
-13.335099883127114
15.137880348760682
-9.8176702555699
-3.138573978937096
11.5029015803167
-15.546374583438244
2.865239546965359
-0.30384546210014207
-15.312606417201708
3.1760380762281173
-1.3411498928193275
-17.766179407289698
14.046615943050291
-13.212448325756538
-15.01771204022532
-3.110374763918035
-3.9235228517960152
-2.542020041246076
15.428859949674546
11.462543024136217
18.431234775306613
1.193740875309956
-4.787528919018733
-4.754195787229417
1.0641273645160254
-7.450775714037601
-12.00280383703646
-5.534620634647954
6.201439383776645
9.016798398900939
17.475987345891156
6.016623783454431
17.095049051332822
5.847907443108468
-5.34206469254698
-1.0283901466124732
1.9683944703210798
-12.318947513401369
1.9443211468613697
1.9246942877450053
-10.049105291387441
-17.973000985211574
-0.40098927063772294
12.098488417054611
3.5198051668638612
0.5878923220634213
-10.069956041086972
3.2383609770929738
8.430203837262994
17.230757292321258
10.708908214946575
-7.072989662216784
-1.9699833625299732
-8.732081831648749
0.5679706173032386
0.06724774063572525
-19.59635139522341
-18.54122231699386
-8.40370104387189
15.564147822466104
-15.490073589011004
11.786553287121492
-2.2337521563694693
-13.774070750641965
17.4201175279512
11.2244168840625
6.132303291484305
6.904893107579465
-5.70965409178342
3.205012313699939
-4.959015815179102
-1.3582130496039149
-10.278683624774235
-10.330249209115516
-1.7535284733775
9.849524488717961
17.647425448297994
10.827970275489097
-0.4352871422822311
17.773314036139425
-0.12416626182540114
14.031023830189
-10.00057812128496
2.658884817848378
-14.102665736737832
-5.1090880212524326
10.109221412874334
9.406079840615995
-7.694936223354176
18.713623879646818
-10.273875344349985
11.256347431911912
1.538532416519793
-1.1031129261557346
19.74265696677864
8.718847747909997
-14.99396121752671
-4.140642800620968
18.427473276456155
-11.154826365574767
-1.0645537791799313
-13.68884495889243
-13.9219096315543
15.397157430990553
-19.740865046385135
-2.99860776826792
-17.727745310201534
-10.054751995600562
0.20647360249333957
-12.638021088857375
4.011444264384831
-4.574236797426622
1.5248285936890653
14.422319305268203
3.7737683637322874
-1.5303037716691392
12.907392801007127
11.740847116216742
3.480261117865126
2.187331817533888
-5.903732949866459
16.91256799058415
15.193782364854691
-7.932773984804591
-9.269680333653927
-3.327073762449114
18.56819443900683
-7.532078036677978
-3.1341057124591174
-0.4339170109194548
-17.301969750007743
5.6108556013238875
15.143168025339008
-19.47847495772816
17.528059025873702
-5.795868338642123
1.920199096545005
-5.671647744383822
-14.827347057355563
-18.701328001219927
-14.399785515604254
14.385308427746367
3.997867356043141
16.69558051465365
15.681822775112252
4.593827494003211
-17.49837294053158
-12.134511849433437
-7.714300958827284
10.740326344410846
9.168154940776429
-10.70233509386088
-18.599450537821784
7.987379192256093
6.5412011293676215
-13.84108310366949
14.863471409318315
-1.48693717932278
14.769070144127376
-9.227691720487922
-14.027527595852863
-3.2348171596894737
-8.462144739246874
-15.649430677800797
0.8110020660168331
5.588162800645918
8.609173708813763
10.137062340708887
18.50692542104116
-14.480344836135854
5.422236004616273
-13.867071653802938
11.150929504456421
-0.31910792696071866
14.417224727407934
9.635352743692728
-4.528351878331192
16.48878504990894
19.26324467053201
14.659783223786285
16.931431789879476
9.861740517202797
-8.167598647662064
16.525018902743184
18.285114541946456
7.352086611439841
-3.515606829202799
18.89448948454995
-12.04629831415454
10.862474878195314
10.217594257518222
-12.872058135719575
16.054839988690254
-17.524089542442916
-13.164653089152987
15.78664032379183
-3.9599789435430566
-10.890220305103107
13.553463428719986
-6.361884559942368
16.31492953099025
11.142075403527471
-4.747490575715281
5.8948636304030835
1.9579665213990616
9.432464377714929
-13.932156906862737
5.7601189502025605
19.921046560330026
8.32371997745874
3.8888984147314503
-9.61294990529427
-8.613912764071593
1.16883423733033
-14.003021510740862
-11.394910164551337
-5.693273722736247
-11.862191700256496
-17.793306742026573
-2.628150693493044
13.809921228868866
9.012181671801596
-8.26795353159486
-11.644163629130656
8.728058727516679
-11.511366509855465
-17.357788011460357
-7.476363182195778
7.219008192990888
14.766229539556981
-1.753095718442907
8.701262182416336
-8.671381210943835
6.263951979549528
-8.693596348190153
16.46967412470245
-17.019776682560178
4.894286743606024
16.036205845553553
-9.873784815874806
4.208877336323539
-18.94265727863122
2.151013237044687
13.873529809261512
16.727963405690367
7.413453872998225
-10.52557337242963
3.701056102313501
11.727856023619033
18.861263715799893
-5.036007998086415
15.470680089876637
14.799029723624166
-16.21989218332714
19.253662899463293
-8.20467218219559
2.021963890273774
3.321275589433416
1.075681447865314
7.29270873322708
-9.692333775961766
14.149292514099201
-3.1631500526461167
-10.748610201224569
4.141834676028104
4.426052215381787
-8.277291565524658
1.3821564393482966
12.397430393468852
5.061734194439627
-12.062748850900448
15.727781753970575
-2.179975210870669
8.437822742049637
-3.466878573592819
17.76715176705183
18.193568781845897
3.193930011856043
16.387113106285184
-18.45878791593328
-18.265584239999537
8.316565017794716
-16.14994962071727
9.083516289475323
-6.2699200615459105
14.594277499968086
-2.5933101130258116
1.402397624552293
15.677744378068112
2.273790211802602
14.387103034612771
15.12318756455344
15.113663303050515
5.228213209526377
7.620217727829765
6.939484659106103
4.662248752984233
-8.792154026881601
-10.047838283960902
0.8824055514443039
9.873402032763678
15.103303605326701
-14.264850619190357
-9.104284346838591
-11.095290654930379
13.480540346128834
2.764254404086973
15.237422642899375
9.782891728775613
-1.2349387553650857
-18.97369518772055
12.245455265725468
17.197470059811906
-7.791913907729882
6.563681241307101
18.799437131534333
-5.189235401891704
-18.469997199003192
2.6597236807311155
-19.483957270176425
0.5280250536828923
8.368361313465293
18.253013148640292
-8.634741797401482
-8.03451066136935
-13.55747738817772
-15.997639639032034
-4.352292781765147
-13.805336645154425
9.246480333282626
-2.343136668464581
-10.014985105772265
15.737265476471066
-8.785574093768869
-3.8553871501943746
-19.452225139320156
-15.232895979111142
8.819511299269585
-4.475018805252073
-17.01001988092695
-8.3635869418075
0.894589844692689
-19.60135875473997
-6.273931560189233
-2.5506935967015885
4.362937244119458
16.490077750534525
9.471732759641558
-18.114547013646792
1.5818255906384309
1.1851113983944757
16.4763004911066
-19.32722490709278
14.312028593387943
2.3120210973066655
15.700123255924169
-5.475515122904259
-17.40760393218059
18.475841305891045
-2.1754213529093533
3.43601754577303
9.364686823253756
-14.795342323246965
13.058872359402997
10.043554851146524
9.469847693499457
13.75255689417665
-1.0463413750008108
-17.950736904612114
16.286771367532523
-16.868329199146586
12.725418110013436
14.487524596527457
-5.234882824908777
-15.469683810932588
0.1803396840844087
7.0702515334360605
-12.557889400882383
-18.907559136501945
-16.48826903463119
-7.076898273286819
18.360363722216192
12.57427004625454
-9.698529134728568
-11.237185186329391
19.984053793224582
17.2727493866453
14.63344970596988
12.231620083359893
8.251312147071431
10.031153695701196
-3.7805825228293273
6.632750228827