-13.911139096766707
-18.686925256204702
-12.28625149084403
9.488103785251152
9.663695663084688
3.0336290323157513
4.086194563798728
11.070828902410383
-13.006509948554017
-3.479980447088291
0.4218180175828614
12.747310909277779
13.525491907044923
13.026873785360614
6.506357176370049
-8.768180616385756
-17.130969774944163
0.7526174191286472
-15.586751815603659
17.589831804308062
-15.594112101438359
-5.2690641182210705
-1.6119962013248035
13.423889129575727
11.405898608080545
11.289093217506018
7.8671303270655635
7.093318756831746
-17.33504210813372
-18.7510399005664
10.964809637665056
-18.26991995441135
-2.124169051593121
-10.85464401426012
15.991419572773637
-1.2576379740462293
-6.009871614986562
17.113836613026614
-7.310164785756674
19.5697300161822
5.730643460175777
10.094499270001592
-12.700081552321754
-2.2138705758835044
14.983229139543802
8.291718811753185
19.942543983014104
-17.824257338169044
-14.302472783925055
4.830533200323117
-16.665201729189793
15.177102204680935
8.823810433002684
19.7355034757634
-19.233515113124074
-10.46351972157462
14.962019691888003
12.780591124541338
-9.744262321342383
-4.188638080429307
10.511943692302065
12.857212229218
5.539492205312978
-19.124839324839698
15.187232258536227
-12.004699091107614
16.884197817402892
-16.73174689756813
14.320703682229862
3.10735240901208
-15.627998602869763
14.519980601403965
-8.756293896356869
-11.222262870257197
-10.135848285246647
11.446749805877111
-16.891965182223036
6.266264952231239
5.304135405315073
-18.18975801295567
-15.649867342814364
-10.017385416942147
16.5634980693181
0.5724832987736796
5.366254409258957
-18.077943749429227
-4.288869764409423
-3.703847835589279
2.825330101120251
13.36593921124701
3.458103248237478
-11.782330078513418
17.373551547961732
17.156401255702235
-15.54905925758609
5.931712944483756
-6.1359496259292925
14.102463687029136
-8.495445602072795
4.679910612363148
-6.497210273116
7.428818814646267
7.527283968855599
1.6862048011963573
17.776167867384665
11.534617846511736
-5.224946776654891
-2.0263791030974865
0.5165474604732978
9.536752452744047
-3.317466957569639
5.4742054164191885
-6.696355351535882
7.843696380501651
16.2454330847019
-16.177402766037787
-16.59873732367535
-16.774870610379562
13.068511766366107
10.902672847221162
7.968926205206593
1.7640809153431434
2.5954884978473345
15.4609919529912
9.82184499307705
12.023896222028988
-17.874673140239157
-4.885969639162656
-0.7184063357536488
4.076628686895781
7.772501725049512
-6.57466630258102
17.801114500121585
-5.9901289870892995
-17.07761004136922
-8.16491836868141
-0.3858537149233676
2.3846441007270656
-10.171007399006795
18.098327817955138
-1.411251206360518
-19.217403310644883
-4.996211884790744
-14.78933084815596
-2.23592201266532
4.443838815180765
-3.223256655779764
-13.632253208411438
-19.177039170937444
4.90274378330426
6.711976140983474
11.186119523040876
2.977298560120097
1.3779095586656496
-1.5147230900174016
-0.17956322907505395
-19.44784845402054
2.9603668086027533
9.155371238463982
5.1563107346550225
-18.94327426826578
-6.0823095234698865
-15.764718568065792
-17.25916033419409
-18.337987419888705
7.352582858524652
9.910103954698876
14.042546127143545
2.029297502587177
-15.191235436978104
-1.9124613527453924
-13.298327766967745
18.033773784346323
-8.031203432676026
19.791665999657525
1.6644091456004517
7.1578344810514665
10.311800349564528
9.079689892839955
-8.033179517699626
14.548262599330862
10.333607378452307
-15.912312075385508
-1.013329345461571
-10.524524466996539
-15.561082287682693
-0.5867474264015549
-14.854230773114558
7.985299002034463
-16.487275069486284
-10.11065161961926
11.2224121765002
10.500262237000069
19.005300544351712
-15.234950589542112
-7.044306626195729
15.493905102639232
2.092427357652035
-19.70114301374342
9.742423631115244
5.69525098276123
-10.258144998907056
15.427796069638639
-2.30522351456624
-6.511807756761092
-7.6791839057713585
0.5330920395296062
-2.6556192903660367
16.75222965740366
-0.22169213300857749
4.07284029584298
-19.841814508005
-0.7485844091515546
19.10574243883876
-16.58743392724356
-7.955539488871231
-2.9218961564881667
-4.8391843075081376
-1.7448193841039128
-8.771130977415522
10.19730928099466
13.909244437033827
7.089371379213599
-2.452600006420653
-11.196684799985078
1.0336218610743941
-9.88092335643338
-7.809116562019822
8.486999557856162
-1.6734851599800216
13.457914176245886
0.34296180956035016
5.736073634075009
15.532882217968329
-1.551052795356803
-18.093156105253737
-6.646162375688434
-0.05555962751649446
-7.04568083749705
-14.538444913573422
-4.936993531475121
6.274527724974753
-9.391227793230396
7.638677048571317
8.170742103705972
-1.0373955128708587
-16.41355681710238
14.778488784660404
-13.930981974475678
2.5898229379311353
4.1699152616338075
-3.1494047735786346
-4.171325443273508
-1.7570559606162064
-4.12309494383889
1.071845037654601
-4.653846618769478
-15.263856061176039
16.618966970818533
-9.031832295494922
5.93427581600228
-2.9868853075795627
12.89237763926107
10.808562925718984
-16.87036327836833
-13.21580750126719
-13.158802603000561
3.2054362558460596
-13.733945676233926
15.257436893957447
-13.077033831528354
11.756734558756087
11.953769798419472
-18.22346359096271
4.911420074166305
-15.043506032860305
-6.470948223782047
11.534676166359212
15.580461538226665
-10.298164939569432
0.24689669409461956
7.551539664689049
16.029773454948256
17.51588269816903
-15.16597016202397
-0.7799260541780981
18.792080623160004
16.252161032585086
14.775096202874693
19.06478782540021
-5.955981592359514
7.358520775699141
10.420396915827762
11.075034684344974
-12.619655391396517
6.107317586327007
-5.031560398064903
14.135731402197948
6.162406030432955
-12.734624976508533
10.158257132268481
4.364962499193577
-3.3257368669898284
4.393211285260147
0.6431544852597639
-0.9520991283605831
4.753341255312293
14.312765129548659
-0.6046952355478368
19.0525077902492
11.534792352380983
18.031816409418468
6.738629406923543
17.582368477432873
-8.169717997881536
-0.20709731738302395
-15.558720344870775
-12.344566157432947
2.231182979865139
-15.3053523454879
5.602955562473376
1.142566077033024
6.438180795397621
5.4172001176019435
2.3561021764733283
-9.133375062705106
-8.360401121150606
-4.9441830118653165
19.60132958626633
14.300676499364002
-1.2827497054981478
-4.749041174778439
18.072590970468013
-18.76425544639647
-3.0457994746374055
-18.091130821348102
-14.263262047413395
-15.822631529687676
1.9305801110791592
0.5113936917277542
-19.40509328099054
-1.008676951392431
3.698233175819425
-5.165666526181862
7.320861415270127
-8.974469737606455
-14.378822748314949
16.272926339763735
-16.768947412858367
13.000135298493696
-8.211695815203779
5.123463517141921
-7.098930537529689
-1.552118559191026
-4.923938062581282
1.393783327469464
-3.240540586907624
2.9301188085337593
-7.8370259722970115
-15.299180488325895
9.2783423527448
-3.8834351020875246
17.134764248072514
-6.318900581797408
12.775987088631531
-3.3707535234621204
-8.880702661179164
-16.708795994554944
-2.6963482170426687
9.140647304370646
6.161660776069148
4.744839808118492
8.886183210750257
10.492531380950346
-15.902780661430258
7.279121095563596
-9.03159937907355
-8.339285665043391
0.7828512394900464
-9.893743715340403
18.79426349771974
19.314614170693957
-13.984348857921916
-10.33160173006026
-6.399577471282264
16.95574246083789
-9.284097849622928
-17.62467514219745
-7.399357098019408
-13.377397135460033
-1.6776012178218345
1.3906259410444868
-9.516002906931957
19.9109502440904
-15.902858001063818
7.77549900457619
-0.704047341645694
-4.6019145559047825
6.127325235591108
8.734349856149318
19.439997650082795
12.11675584317829
-11.35596538657817
-15.735037644218668
9.089555133173146
-4.472528338920924
3.8699174855765115
-14.280932454611058
18.978266420726982
-0.22756215116456247
11.793874237114611
0.3616876495227288
16.884581263459395
-16.534227520845462
-18.6169019926647
-7.2943923133649236
11.49955201593638
17.575221027646386
12.850198026084044
-4.146694994562349
-12.551158722713982
-17.22154483819123
7.448748623925695
10.240065140002027
7.971182560916773
-10.666932005804565
-9.791496140271562
10.501259073944588
-6.78151532168755
-9.854564777924946
13.627751499774085
-17.92484746898779
-14.329895942793666
-19.191254241400244
-16.405427825077762
-15.763145535120508
2.609087058381334
-17.194948466374885
-11.034539968176343
-4.886478331939475
11.371274781902887
-2.6444044028036053
-18.134050059009972
5.416075118275675
14.767140022525886
-19.869871055911233
9.047501804360536
-18.97881992904506
-1.0630719857601747
19.489247417651846
18.658423063532013
9.651271980802342
-17.00542115765176
13.739515005630516
-10.752371120895434
12.637622010454763
-4.900950468155738
16.205400345504522
11.214246288941688
-12.238815315967035
-5.764159989409819
12.03013260477374
-7.087481414120891
-13.551017272899397
18.033480294054044
-15.55783232201497
5.3340454095985095
4.189283008583473
-9.17624480793338
15.912165693155679
14.39686289707523
4.415976382999375
-12.485326782873223
5.428906907781901
-15.444760785725858
16.679564000429565
-16.621180783176698
18.618629957665235
11.082258418426413
1.6192666448168964
8.271812987434828
-5.418366455589464
16.253976280393147
-3.2965421947724565
-11.957402576178406
6.015332192968813
-6.7182382573810315
12.144028058598415
-19.055873424897175
1.8038477123692012
-13.19315064764988
-5.40094791557404
8.860512071673558
4.908402521519413
-7.048557864748158
14.862929382798676
-6.457651060959613
-8.86810702384771
-17.481649165966587
-6.049552247710253
5.462132982061686
-5.029255616909115
-1.616577669370919
-5.551892806404567
14.119638640789098
19.23488618622916
-4.761621766789347
4.030301837040781
2.1426161880965964
-8.883006340713898
10.873935278002499
-17.80857758334907
-19.372256275379684
18.29745608287559
-18.775827352701782
-15.63818634167272
9.545028515285434
18.48289668566521
4.251050141229385
6.847566900401819
-8.579871250858005
-10.631219421598255
10.715895706096255
-8.013625138090038
18.080095721069554
-6.213260347739222
17.339476753511917
0.3893044312875702
15.841557187755967
-17.267586785386648
16.26244073108972
-3.475715502075033
-17.577222160841316
3.7394740387429657
-11.717020961055272
-14.5145331864288
-15.022752286010617
8.491667244872097
1.6548596977547732
-10.328043715892893
18.714729080090756
-15.570837646774
-19.2368323775071
-8.996794560725881
-9.422553815698755
18.09219063358077
5.805890961371112
17.841782347862335
-11.160309574930336
10.46076339996305
10.607124134661262
-13.399769544111937
19.418625329998328
-1.5028965336200848
6.824456436589259
11.03409885344319
6.249279106058204
5.741964430618264
12.92270297920674
7.822216474513493
-19.17052788536379
2.4278394717093157
15.717249405997592
-9.37514684351286
4.046909574085355
-19.324550175857546
-6.867808185706261
2.9828543381513413
11.786483284782229
13.258857183174953
14.746324744902005
-18.265371654602763
15.319702081137322
5.041658582553307
-18.306479732989388
6.198116190577988
18.422447992012046
-19.62589920896921
-10.155211532956208
-6.946391424229725
-0.4931228794764273
-10.167919318804724
-12.879261961162625
0.08446224687349968
-6.030687991786046
7.565482406030924
7.086279601816514
0.33068791373839446
-10.493777056433075
19.223859252089845
-8.776315449021785
16.991417111151563
9.331804081667588
16.062128779761714
2.3613113962408185
-5.730316428303146
-18.556913079872572
9.20864276169889
-5.980893394913096
-17.45161079613328
-14.19775059009531
-4.949446453434794
-4.994693373107273
-16.40077214121735
16.635924012741803
13.680305970212672
-12.149173547889074
11.121318111073638
-9.196375393540537
-14.460284752387613
17.161090462247827
-5.879152424249291
-2.69310842637109
0.747087093583243
15.136652425222529
1.3478953759079957
-3.8310335362836376
-5.572199645936301
-14.50370086853399
-9.450694994503102
-4.2968156853274575
-11.620110118331905
7.422847608410162
-11.537732603553327
12.707755468397785
5.355873862839143
19.598477558067586
-5.614168249814497
-13.568039393317196
9.086936943169789
-3.7839244110060655
-19.95045285505949
-4.3849708823732705
-15.798096643527387
14.137229470629492
15.054535260166631
-0.9027286837314037
3.018108989220746
-2.221238709013768
-0.8165741263158424
-0.13027044525948384
5.177409611750477
8.033168060292283
15.637916130634537
6.9517046288276205
1.0537893940968885
-7.725900671239732
-9.947730710388885
2.1082043149681198
-3.7299625620008214
6.864698286426968
-19.088124971359864
-16.38349278126446
-12.572636374479785
-16.23874834929516
-14.74517306958318
9.165260278581236
-16.38304735083798
18.16753298145666
-5.676634566149833
-18.58552797548063
13.540172354822296
9.885765628614603
-19.879533832947267
4.007322688159643
-6.059745717325127
19.331703281795136
0.6324129241614926
6.686133126860987
-8.651823269002922
-6.576034054138017
7.215160857551865
-11.274272200456611
15.11695179225385
5.745915379879829
-18.57723899024911
19.47216312111739
-10.610079097203435
-6.54130045077383
17.371471720709557
0.21126886334466022
-0.3687173892984248
-6.032617363257074
-16.731350872000057
14.180790619532964
18.71620416948587
3.2920017202640217
0.10918086916296588
-17.14630049321688
-14.43550072822033
19.183366228499807
4.601254603217747
17.533964622440422
18.26938562909841
-17.467225377347383
4.460439096688056
18.167213204628183
15.291655872278426
-12.005491372899012
-3.013899187479158
4.3225204780978075
-6.13301965683001
13.214531151220925
5.262147843617516
16.94942686741863
-16.971315060726905
2.145328048718529
18.205604411447133
2.1121089188292466
8.636375445780278
16.550648967949698
-18.919873707956985
-2.3574777624229917
-16.454332113821252
2.8743026010950388
-12.8295328949969
-17.49056151884409
-2.620730668521574
18.11921742764362
-15.556447835948738
18.24354728300696
-18.936292204810165
17.320513350289197
0.8035952557668864
-11.699341661974895
-3.658210131263413
-10.291202405216072
-19.92503219785562
8.521252022358915
9.696981252587378
15.091963924063414
7.020535130721623
-10.63204737592586
11.593252141186404
18.894343872973337
-16.024902361478684
13.38958938651917
4.0002418593840545
-15.06640930255562
-13.321740561091943
-8.3521242960129
9.453706688132371
16.97350863415162
-19.7512804441217
-4.107213957835189
5.500436915643828
1.73595464277588
-1.1439254578185363
-10.757782778040363
8.398040595511588
16.24809821670349
-16.21946356963566
8.160120562101874
9.860701040184729
19.778413097754793
-7.92202922787585
-15.023999575671144
-1.3025594731941297
4.523353458840077
9.297620311984364
-18.159000778963588
-7.525750019627889
16.231639103931798
-9.70676245258279
-12.980036542249005
-9.51955596841823
11.788633943710856
8.415314466756584
-8.90346035780178
15.118619340358919
-8.392265600937595
14.510656477171139
-4.322656862337819
4.747194980332225
-7.1886027920033335
9.318574920786947
-3.377863230566433
6.9704146985421715
7.333469446184221
-3.5492999605763984
4.161572464725111
15.215252881362844
1.5630117134490398
-6.4241420282843755
-17.93515919536064
-6.2561696887352305
5.711562880234737
6.7459275534907945
-4.400236685288563
12.726278908772073
7.606567487337379
-5.8355852637142505
19.281999129554237
10.583839024381355
6.310228452882825
-18.997207329848322
10.801130745898831
-0.004231058345464334
-18.035144365021324
-12.288263272322588
8.234109832822757
-16.316892531892133
-3.987181922589805
-15.96273843988417
-5.248665255680237
-3.666451615605265
2.3038338327832264
16.785085118939634
-12.288707735065465
-1.941504376989144
-5.431187253620816
-1.9579717054860666
-3.309869577448339
-10.764793384881418
14.758150153979841
1.52228428233704
3.8569874568904936
-8.897491673397774
-10.173129132044942
-17.1986500074977
11.047141097228554
-8.373548697004951
-5.229274747648773
-19.338039549032864
-4.33158871369033
-18.712064512002836
-4.6960981816626735
19.573014326092405
10.733960267723752
13.827985182159871
14.142590206776148
8.407506292106845
-9.748002034630368
0.8845446793107712
-3.282397966541076
-6.319022935758557
-5.057040383007223
14.559203090552842
12.35945000252049
-9.76953193336183
-16.56388853047958
7.981493243421216
-9.043033115106333
-7.483299494527955
7.771244409604176
-17.03811719322456
0.21472988320198283
-14.109703570347843
2.4503577819392994
19.403820189803575
18.455350163166784
18.524394024401957
0.09937683563038036
-10.672104626648547
8.100381273209912
-5.951696798721544
-3.2510473649699314
10.906705836484708
-11.031752283018958
0.9986279737214971
1.9056586220692395
-17.939910972012193
-2.5598701546025673
13.46526177647759
17.458043271864817
-13.069232504096657
1.6373061199883452
15.277150337495897
14.104981363017593
-19.207932969368006
6.813025497593564
10.303820984905023
-11.829887452450944
-16.49470164050293
17.967250317029844
-1.4411744180424293
-8.764241075341781
6.739298862591326
5.215690445070624
-3.3418171504734033
19.464538850912597
-11.242791425755122
18.51274720557454
1.3451261443238636
-17.88992556366924
12.668677153260973
-16.592357252324078
3.7746381931362727
-14.587509662918215
-10.487248482067981
9.081391880617002
18.4112594857448
-13.63056942784449
15.643106853936168
-10.843471626284721
-5.473798686845823
10.470626798911425
-12.209251040599911
12.53130888854625
3.1526575970612036
4.431130006174342
-0.003568281647254423
-3.790436970965459
8.449413062269578
19.045758441482434
9.176095597066102
-9.98459425814849
16.81105038657504
-10.214582840711731
-13.72413282661213
19.579406522215464
-19.364561127447885
-19.817527222366678
-15.91318232385535
13.783004629818102
17.840265450731586
13.049956379709307
0.2401695690173895
17.080932617601057
-3.01972627748264
-14.982532303707167
3.513223799421038
1.0204297267050713
-16.995731699511182
-7.127108785386751
-6.2455229863111015
13.441946123820045
-4.525409274531697
13.611953804483477
12.416363588556017
3.9261026584626677
6.936133902241121
-13.833961537017245
-12.529147125339923
17.144202397034583
-3.0909700569561664
-9.053491855315077
7.427770711148121
11.385182154858313
6.943186139010862
-16.946012835309773
19.5328371477488
3.404576982806404
3.2942318185629986
5.434833318638503
17.694665699739488
13.00268493547265
5.6809276052581765
-9.605724606743449
0.5004870033672617
2.11322604175297
-4.402060472383926
-17.418136714083726
16.14873713304801
16.129526420879643
-13.703056689722452
-5.716697894991562
19.722365265684125
15.331182486236827
5.867803192488964
-16.238859730766222
1.120096304735732
-13.177260707270179
-17.006339048155795
-4.616535641024289
12.057619443006004
17.91979443535287
3.5433836250088646
-7.246226390781768
3.074447571855174
10.636200872803741
13.07179544414366
15.733193466141145
18.62834532470567
11.991097208847087
11.775506437718064
1.9764632404105313
-5.586505298467808
1.7428133903930174
10.518342740179968
18.137444666219665
-9.388326570302855
-4.730052000561518
-0.9742768814095406
3.1659883627223664
17.590392581430827
7.7263117128831205
10.945842491537551
19.76461308699571
-6.2522509606588095
-4.851389174097678
5.569181402142853
-12.988234988220423
19.04591027386921
0.7659044388076737
1.9207262848187412
12.53678097370959
16.780197136405
9.503332011161284
8.480080098036815
15.610600506189122
9.917473874535652
10.164505146895486
-15.713924970882456
-8.917283446951426
-14.216984876010695
-1.6037859322123893
6.625315927337773
-18.38783404312423
-7.209723196060786
-15.45846032404729
-10.526777229924491
6.166694376725218
7.199532044564631
-6.878772644028928
7.365692797373757
17.64539115558808
-1.0238816656953418
-1.1084300242956857
-1.6804548687914398
12.729345111419931
-8.92850224591205
-5.419559301295628
0.5863077126371898
-4.904778768428223
16.361940366547387
-6.015439965940267
-17.117449506318742
4.494390154013345
13.629898315988704
4.878335352126193
-5.262350612109007
1.96597055032937
8.416437316447151
18.725768144859614
-18.263315811756215
-3.668349743535323
-9.83862219886825
9.137154682594456
13.451287782792832
17.630308261945927
3.5234885577928523
-4.888700162033416
-1.0655364211648362
-15.73697881664299
16.17831140255818
9.090192833274642
-19.274564948881814
17.29203882519449
6.122759468125047
11.554517491956815
-16.336148626763226
15.968220212694327
15.464564084454132
-8.77686805019286
-13.682686197474707
0.037151453685090985
2.807564418278183
0.6692758542163979
-15.775428806041774
16.502970020455557
-11.808234954825135
-6.372682501352784
-4.908906302886837
8.420987592672631
-8.105276051390975
-11.68767933503056
11.056126562619326
-3.837148134089098
-0.6328842399221912
-17.263605011275246
16.716665824007933
-0.11908963438143516
12.09058521583573
-1.2902110288073523
-15.716993613654866
-7.151770161604002
6.998022911189494
-10.383466530129986
7.3281951713970805
-15.030591677714167
-19.092272499975024
14.732655604650965
-6.311742000731035
11.38803721010374
8.049658674981583
2.2478895419344767
3.6571453768844044
-17.650435949253716
-9.510778973057468
-0.7695775990140632
8.637023209901777
-18.553191904661496
5.433165653825217
3.1753422020641224
-5.8957591950753105
-3.1935480198021082
1.9194347484016916
10.059230934973904
-18.331358749453514
-4.096738996274754
10.434618551989526
-9.876066989452067
-12.638179228175094
11.483056896991918
8.66745550391462
-2.4138821356965643
-7.091175703821504
-18.342072309957146
-14.050009051724413
6.25470312886851
2.605581851836831
4.213237530899544
-18.434764470105932
-3.9814248626715028
-17.18501981867989
11.754271124356169
-1.3599985790939613
-2.631349744502252
0.8937572402472291
1.7587639398452062
19.27281588553261
-14.332393262586546
-8.95646482884564
-11.858771479168183
-11.749454669581386
15.955037220713628
3.670056159696035
-5.740166984450003
-1.6938051285291031
-2.524981781347506
-2.1709998897482308
-15.149477123212556
3.946568730308826
-6.362127744766788
1.6958613176707047
-9.367666087763462
7.0926934365592516
12.122199645008806
-10.163244693481023
13.565895195493745
12.029604840926467
4.013391120476413
-7.611910309334169
15.364874379068581
-2.5837453164014654
-6.1768120322826725
16.16221268948557
-18.553435450152705
10.803071015625907
-2.872216519294799
7.21067930725804
5.149911626880414
6.454628425166803
1.4393809025762891
-1.7194009798420673
12.893182577371434
2.543462950424317
13.84391733953742
19.976524863543766
6.736332479172098
14.68668250189225
12.174613952943211
-14.515870454081433
-2.4247180945090463
3.75177489226159
-4.480187577692067
2.193763162165002
7.842383086379993
5.853591333070447
-18.589507466731927
1.8306502579062993
7.417931527865914
15.841564011823301
-2.661727438804178
4.1735081602422
-12.516604144557482
17.13066751376884
5.7828092130530635
14.4085896009748
6.11849027881544
-14.863750695071477
-14.015845940016645
-8.535389047771723
-17.75063266143683
-19.151523994802908
13.762518879276378
-5.546820093947925
10.146486702064564
16.8564141168739
7.861651952792407
19.353871247354462
-8.901603401568622
-8.902004510703389
11.25968537201829
-19.020863600825876
-4.493210385837134
-11.271652107006922
2.6009930648407895
16.888248412197832
18.487353866381042
1.0555700538424304
-11.822047886836057
10.804259534479783
18.533613750415654
2.90316914772
-19.42568543669924
-8.901980506751443
-3.311660501545468
-11.824517131672355
-0.23286605187512066
-17.23732923369318
-10.362954107096257
4.4512463525057875
3.6390843694178763
-9.401211686004372
-10.557714507288427
8.244246412695844
13.41183898676939
1.5692987224488135
-13.886752894811707
7.939222872839338
11.74567493865252
-13.143850906662964
-18.97643934568538
9.812526456942471
0.06291732550646145
-15.740869176163192
-4.392995474167991
1.5177346861798213
-0.6875321117863287
18.125070523078833
-2.345228041385205
3.2024497820527813
13.89605093632219
6.296768365189152
-11.924228178312593
-16.381961009605742
4.996241123281678
-11.536999188992834
-19.738874963785026
-19.259197449216288
2.533469038113317
17.069955160040244
0.30229650506757366
-9.553368923178741
-7.577525193400255
9.986243173103574
-11.083268188478952
-2.221242847229714
9.721199288427258
-15.085587433195219
5.194292868055776
15.718614504870004
-14.062209875247248
-5.847696215279976
-14.368427936581512
-12.091047183660951
-2.9588909036575863
19.523894465057545
-8.086426737112777
15.768019774982498
19.915883654868075
1.0048578503600183
10.910440831342065
7.167255185486653
14.42435507726141
6.754945684512272
-12.301719651864339
-7.623209980898324
6.82207541214591
-10.195401230065375
0.9487045893239809
-17.6596635429664
2.615030888760259
-10.344813894696316
4.658355377344488
-19.724251758589865
7.592744366135776
-15.931440124823144
-2.8182248757679
13.217508298660945
19.889388007596523
12.51187208222347
-3.0959124361670654
0.05435276558593927
18.796876739338416
2.5105862271054527
8.477827917549181
15.542479775263544
1.0796557719287492
-6.8034465728510405
-10.660673754181275
-19.59930834798229
18.526617107635673
1.1810073477516596
8.418612890526482
12.549450552558675
6.336584800508284
-17.701628959550668
11.866214443740976
15.113014535716786
-16.766269554097683
-3.0913436125673854
-4.619780181235136
-15.554484123035
-15.295542176982071
-2.9097929978762416
-0.21116901473872218
2.672839427169997
8.620228317105592
-3.4219925976885754
3.7226043197731364
10.520727885715612
16.715752455107086
-14.762309294030294
3.2151750981093308
-19.36138237127811
18.561412598235584
-8.414147434168576
15.81994460125587
9.513044686278086
-14.505312440056901
-18.22995934672147
-1.6083835669581568
-2.6220374791347147
-16.929045339632985
-10.407008008755053
-0.20924753488042924
-18.435724438635866
6.612301100055753
7.620543440302782
-3.6730823127955823
7.901602892458712
-3.820788521456656
-10.000245742646076
-5.371392650343019
-9.815714304636813
11.97839768498612
13.454738464856192
-12.229295982349058
-8.780222548416603
-7.90999975187316
2.0002586385683685
6.830898796392525
-2.4002786057968066
-16.153707420089503
-9.107724717868418
-12.19125303104795
6.94680753441412
13.29425852704071
-18.448749010523954
7.280085250451531
-18.367855913563385
7.383338436121463
-5.9743838236542945
-18.497228402639095
-2.683416411019941
-15.870506429119269
-13.979162281321805
16.52144493750245
11.296527702108165
-7.75755262653211
-0.047298023520269794
1.1910518377109511
2.170968757667243
16.36584791653528
-1.0153482956140039
6.710935806728713
16.89317651397331
9.325856173007171
10.543813556213472
-7.029361847944159
8.381679636346462
14.324287868192613
-6.091402713825165
15.301414242639169
5.426100512326055
10.17408844721173
2.7984721244250785
6.031978299526205
9.750454187865188
-0.46836729402430777
-12.135024504111943
15.560562393711528
1.3106680686918395
-18.24762110742451
9.36261702352402
-1.7350557834265885
18.649328160286743
15.782085765136493
-11.820795931878937
-14.429201890036385
8.408782637890575
13.174447603901903
15.303685784373869
19.48431257484613
5.8379281389700495
19.291774633257468
3.356557743530235
16.847600494842645
-17.081250938899267
-11.861032701714631
8.826172741484015
-7.360012713375848
7.404782506560956
-17.731548736399358
-19.88495036849232
10.084905626597035
14.782174145336299
8.262891423366483
0.4626244722846735
-4.028550414387517
-13.034002113773742
13.081303099042948
-1.6362930257541421
16.949242463844875
7.66932929134207
-8.375396157154388
4.6967800711413545
9.073217913594842
-4.2242061567098865
18.79905905911952
-7.863972345831556
2.554509822744375
13.303064489775046
17.936565592979413
18.3201174766737
-16.15723498813823
-6.766701848943132
12.595480162531722
18.107682358881533
14.652946275838758
12.805073287099368
19.310422099857853
-3.723519884252404
-10.470492342759794
0.33414693569731213
1.3767886420597755
17.700826489122335
10.087360055079621
-6.541884237003774
4.245742749434868
-4.404209635264117
4.13813812649596
5.426937440334822
18.205982615064578
14.721433570035607
-15.402632599940848
8.265773408109446
12.237384098620069
11.69413532720445
11.995718048488527
13.318337508066982
2.4326506249619513
16.864144624694582
-4.187561008414363
18.097191380582586
16.79211268329601
11.165702748956846
-11.285307172893134
14.133469274856594
-10.463987573801301
18.444131553554932
6.526675125138798
-2.831432637650554
-3.1387037270409692
-3.1170708621147014
17.885808849648583
9.663288666544368
7.82124456805283
-9.893309798701742
-6.022948728425819
10.349100175275261
-0.41305188361883793
6.931652371861755
-13.406374422851709
-0.20526616442472445
-5.477317216901394
-15.997343143690287
-3.336314814597774
-17.935893083434713
-11.901617434878897
-13.251745791437447
-4.261442092185149
19.111496367116672
1.2633091346135608
-15.356951713231854
7.644357372002478
-7.333952231354882
-3.1896292761238954
10.041979908821723
-8.896430470273028
-16.902904832057807
11.664519756931895
-9.804342590826787
-5.00938130799868
2.427036239083268
16.120445983049827
9.01308453595028
-10.316158588175991
-14.57116887691269
6.0467696794969825
-7.234765290496888
-18.222321591534154
-5.938909652755587
-15.048180248941385
3.0235349572505186
-12.807516113727853
-13.631114845097546
-18.14519366771283
-14.429780263320504
6.833953173976639
18.896571374533238
3.5665888688711647
-12.502444204191235
-15.417217815331155
4.5716157360005205
-4.938126906800161
11.833705772721679
16.190095795685558
-3.5437262275423045
18.922548040002297
16.99421631907763
-13.25275395834526
7.911227842440063
1.7116286408081258
-3.279394655588238
-4.0590019144181255
-16.02439841752529
-3.1867927946141137
-13.519192100218632
-4.755911701376778
-6.012119002282423
12.743882120398759
-8.368348762253714
-14.731841060838523
0.5043463626777154
12.050335628580129
-6.444221941878299
-15.506775598744774
-16.898229481994722
13.111166548064375
-0.6943815197341152
17.427473229616275
-5.5224220095474195
-19.74747152334433
6.714143503470904
-10.813439556627817
16.494285751854775
7.068662029511788
6.549813345336016
1.8984973427535188
5.690550909119043
4.301067460084926
-10.682384837002893
15.813641155582744
14.339491779734203
-11.370831000795176
10.214238266782466
17.709907610781293
-11.90577794480756
-5.784738442261572
12.61059201009526
17.70255460207759
10.286194769707034
-11.85055045591723
-13.314440786050938
19.95424239053426
10.975081945421277
10.19844584139907
-19.679346884157166
17.38176347387615
16.18407511079441
12.22322947414196
2.5465146085798835
-0.632425184320514
15.27184822871488
-0.4168483505137033
12.25265561471133
6.057440142031595
-5.520806178533469
-2.3045594668548084
-7.971548707370673
-10.741224621647717
-19.39026171460163
-10.2131426845696
-18.733507197263563
15.639665647027506
18.74226828282388
5.3520963381256905
-3.4382363342122026
5.915880092496906
-3.869986680953602
12.580107648070197
4.941981449256193
-17.19891114560525
-0.3443486465950798
-7.704086109252302
14.771122550045483
-5.246665689835485
-12.513660649064363
1.2742749628675227
-12.145071153354966
-17.01182761118064
-1.4708477225085836
-10.215831022509061
8.943569803956336
13.283998032363385
-9.578094327569712
-10.709869119347388
-0.5644927292738764
14.737597573686088
-15.236595112019419
-8.17827088282478
-1.53415214768647
14.537993460180367
9.149288081389297
-10.693364312242126
13.849313341980142
15.438315096422116
8.178665402556472
-19.78562996472091
-7.577321679944378
-9.279701964224753
11.282159907626792
-8.956756244954619
17.50425549484619
-17.696985461134975
-3.272444360266853
-16.94109040493295
7.78730336339266
15.094526484835036
-16.531369417990494
-12.245782749933763
12.33196872874015
-14.129224410974208
1.5698870998778638
4.887771293317492
-10.6301424222168
-11.259477470851778
-11.036486472001709
17.26028025932878
18.403483820331353
-19.763027647716576
9.302063051451338
6.338431754387241
15.208224568499567
15.544740321326827
17.549559411124243
0.7215536019046844
-10.942072591066196
-8.745989759931096
5.241795128416875
5.805603480000094
14.154479697523811
4.354482624433999
0.2266388093561602
-6.205865120266072
-17.061446829932528
8.638780611620504
-1.2777140618715386
9.547556560793609
4.107664710849338
0.625954832650244
5.664818480422866
-5.008686161466255
10.245781583981998
16.552868466061
3.697605229388241
6.137943848579521
-2.6795033033531865
19.394646084131857
8.275808840798156
-1.2242027587836901
-19.74517998942169
-18.894733402638735
-13.942298908260721
14.980234135662727
1.4047614095879446
9.511587566488522
10.37746571406511
13.808245556204085
1.6944711853309258
6.322155314198543
-6.99430745255281
3.3054790121145388
12.485223170341882
0.5381595758045385
-9.980422739486098
12.810480116667286
-10.165885695861792
-18.57927828925122
1.7934599908764213
6.179879940216981
-19.638134692415292
-6.480143114276036
-2.648455660585615
-0.06487709936062203
-16.48461893622709
-15.447130127912573
14.963950842551569
-19.93692652364104
-10.77531728858637
17.92967565504498
-13.35927223136919
8.855451800576294
0.39260020240949345
13.273671275704338
7.896705989640434
14.120397784282552
-5.807244265876621
-12.649677712655425
-1.2135959801451257
-18.04454309039764
7.482007585468125
-15.503255533863708
4.442780842778099
19.64767120086202
4.174115035497191
1.0266529258391515
-14.180376033690557
-17.099391747702334
-1.639632003463376
-8.510895568871426
16.091558152232174
-2.5406736082332095
-14.010288025206478
3.59579371509275
-7.17038794564148
9.585189250910098
7.668967506992168
10.257598651182576
11.177208228877682
-14.75867086777377
17.45629298931653
-15.593894901017231
19.769417471579047
15.473477832979405
1.3443953137189553
-12.54833243522221
14.909459775251108
-4.23187937732413
-15.236232780701616
4.1508690432452084
-7.194046114001239
1.248595016094896
6.277041187369981
-8.36181726345413
-11.08520776233416
-10.262912036907545
-15.05813502225223
-6.4787996114796975
-6.630348936805701
14.995811016630313
-13.855359549673768
-16.675029112677908
6.527302902674855
-10.855212294763374
5.946804984338062
-16.856652601676387
-15.235486117736032
6.77181817219655
11.523912490482022
-3.2046564495215932
18.89103903752249
-3.8701264158482402
-11.772102565263097
-19.66285264733409
9.719088772227494
7.830884677079155
17.803076273818988
-6.307357076762363
4.454059855631275
4.28012450132227
16.318197593122285
14.179557669305709
-16.42808282218665
-17.006106332438478
10.589188549751938
0.7447440718206124
9.71808281130981
16.732212520443873
-8.187882536396147
1.96620846093262
0.4807389517921621
-7.46633322129318
-1.1994402651951042
16.844973620463477
15.429790935844714
-15.542619119431421
0.6354102498016232
-7.363774719033991
16.87290671691128
-19.5241404436689
3.539232037063968
8.001103995013004
15.12623278255434
1.8736777739968673
18.62810446898188
-19.798204931509574
12.780078758916716
17.540461067777926
-19.076773084815635
-13.76241809190683
0.48525566398231135
7.170535681765678
-18.544446226189063
-1.5099934535821866
-19.87877054694692
-3.2208353363691913
-10.352285814991262
18.918987758425764
10.915347148204763
-17.692490087843534
-11.461279637298505
10.83736471004379
2.846772575270503
-5.768550157285102
15.203133353217332
-15.59073935890353
13.68385408646909
4.430783631264887
-18.989591582990073
-16.449720235326527
10.140246928380641
15.420361720951362
8.663071702220012
15.221934243471374
4.023479434734398
17.868514080920832
-18.452599781731628
19.248694447096973
-4.363804667754572
0.14437996742567805
15.613973102049343
7.596417536456759
-9.640415055390976
-6.262039052691023
14.58738882497935
-7.10586520448366
9.817094135189294
-18.174238287512505
12.836034156379768
3.3477012149880103
-4.546941761254937
-11.681486266325528
11.832947130809082
-3.5882474369427655
18.006157196524015
-8.12795052125467
-9.357110683947427
-4.438124547393464
-3.9579278746333344
10.027586500237831
10.44631979124782
17.985334833685492
1.2902952646241133
3.9159646013459195
3.697889535906434
6.248085440226063
-18.718258595918392
2.5211749110545796
5.937966622231876
-6.555715500999547
2.351196586901402
-3.9312188586840655
12.323109108705744
-10.787116466476757
-9.027921390904915
-7.514558266373257
-19.74862111955236
12.294962436313568
11.798630067055246
7.368042668696965
8.328547026953302
15.993684192351864
14.360316172622078
-15.293492636598547
-16.458986237666604
-10.341683460443454
-15.520035853299255
-12.915634453969238
-0.1435618849478857
-17.1971581639565
-13.231196355807366
-13.426967137411157
11.162650369019282
-13.429470762680937
5.002201897316638
5.5815193166129475
14.05059750943849
13.830392553471171
12.416045031417646
-16.315945914109097
14.356368668085558
-14.645766565742457
-12.709717414882974
5.6706782272581755
-8.71189776273178
-1.4758526751458554
-19.427343155641417
-9.802632841408663
19.43998355739921
5.510923849195688
-0.9505595729732654
-4.342870389014806
0.05941270551243605
3.5717456849760545
-19.547686146696606
14.807935963107546
3.9915932328964523
8.531978158392928
13.19104442006379
8.60892655006285
1.034621782580647
17.107338016077726
0.3780851097975386
-10.168210480100068
16.805733366157547
-5.738382089258387
-15.017734957884885
-18.101315873566204
13.389455706596884
-14.41383928648904
-4.665375493343905
16.49905209710338
-1.3876612755323023
19.274379675358887
5.949180314336324
10.833444802630545
-2.775328962437978
8.118025021352729
-14.113260824428515
16.184263578139927
-13.686444616800827
-7.424093602439591
8.050218416260634
7.8822476998590645
6.5223457572900365
9.91283742372542
18.26136422557262
-14.141724967538396
0.10268065347462851
-11.525348338844772
-15.61668191796214
-12.448905781879063
-0.5869673219639822
-13.758638484827848
4.153561829899999
-3.681750530830268
-18.835448702809565
-9.384181943755298
3.72495850671973
-10.814370460364028
-17.604703798480806
-11.775043791778476
-3.1197639568965805
-14.998456987437914
-0.6437464415861527
-2.5296244601070654
-19.595652814006637
15.382186239417337
14.183531080239973
3.3909887465206836
6.175612541238031
-8.37340535697586
-16.4853589193258
14.934247329592559
5.984544596185607
-0.5482055844256237
0.7184153984877248
-0.45439645871158874
-7.081407455114274
-13.87637407053723
-6.171910122680856
18.82038744481209
-2.1157167448139944
5.911626988228328
-10.190586254526783
15.943761732994396
6.037662358166244
-13.88383549374149
17.110394166577493
-1.0738175680991233
-13.001735462320747
-15.980190158580513
-14.6174585510615
-11.757105069158484
-14.159131271280515
4.069246761486909
-15.993347881870728
19.75965416009133
4.079073611292429
-3.9033145076751374
17.11314907288363
16.181504756107522
2.80542216641291
0.17663217022533573
7.202138486700438
13.234908728917787
16.00202156918759
9.216446694344445
14.853703511534988
4.351938431251973
-0.889225236149322
10.63413605650776
-15.104267374577617
0.9766000432678794
-12.170643954330291
5.313911626512414
-6.268125265421883
9.891009927489396
-8.692643944695181
17.103196442278893
-18.348101323201877
-14.802352077915163
-9.507329110093657
-7.508071048993719
6.512941500186471
-4.687750417817934
18.11395399797697
-6.849264589586856
-1.0654076909360555
19.82116276800322
-10.010328741984402
16.368558265236878
-19.77065587430184
-14.310680739705738
2.5628933977398383
-18.18982799528896
5.100359158386944
-19.417769587018235
4.483738687237828
0.10661733100974757
-12.079476167188039
-13.840479279234552
-3.7144289162585977
-1.8648754480634366
16.412228225985274
-6.9073802333203105
12.583604851630717
4.504424978221326
-2.6737945068723548
17.132081683801957
-14.196410846754643
-3.9263480923778644
-15.824111087553533
-10.490735130703905
-16.872850491201753
-12.729276595001302
10.931824903592855
-7.1482284655526165
-19.25937062055982
11.540640956606936
17.949578274680306
17.170148509388675
15.264193561929886
-12.088556696603181
13.555638293725465
13.795627909294296
10.364156417964967
10.626194862894877
19.240907190152875
-4.873184673564786
12.82176054696152
-2.7993238736097084
-11.052236044923704
10.468737497281857
-12.34623942023076
-10.16430305690795
3.205511230300175
-18.080919403967442
-7.047001671116444
9.212716161087158
4.938315954856005
19.676295521685987
3.1315016891679406
-14.604296194643496
-7.263720621031995
18.248509696448096
16.64908147474008
16.240735479712733
7.439883298763025
-15.586448045146014
-7.930564726748251
-10.178991970203732
-16.165103081989983
-14.243843376305296
9.95680506999674
2.9659226411670048
-11.382996823707279
10.911001065451337
14.39801510905368
1.3537708684005807
3.157517209614987
-3.780465334923516
-18.827894247342165
0.983913583936058
9.599672089929104
17.640871610562506
16.759599238345963
13.364917033580895
13.07909586810662
9.774680332872233
-15.975606767622343
-18.292162090804066
-10.641834013916771
11.633976814926086
-17.326263210123823
11.601850739440806
-18.45622192167562
2.2737712724395536
-7.501724640322127
-14.45429271497229
-6.597733408212289
14.914320953662454
-5.160276156686287
13.910942284469698
-8.383347995374798
1.536980171490697
19.899334643173013
14.0990883383296
11.052598586624192
-11.564159070730508
-11.279525992531898
-5.848099526945013
6.798670913187156
-16.958109696834967
14.548457354985722
16.706185442590595
-13.713891366378492
0.27928257295483405
13.657691435815082
12.095211562338392
9.827152879030045
1.8331476327965959
-12.036789329486592
7.741171565084549
14.291497185882427
1.8442474990098532
-5.544064626968259
-13.843583374539792
-10.679189519048089
0.03163701398310437
-6.267380467937516
15.898392848661672
11.69928917575416
-1.1782165994797893
13.049878479826184
1.2144034761612303
-17.594851596607057
-9.094744306607275
-19.49542954917925
-13.840942000970141
18.872252332330376
18.473857568249258
2.6614728051523215
5.785103390874546
4.541012260134227
-18.53218452622744
5.670330927060441
7.626387020594358
7.160700557088397
18.793799475369724
-12.517250597184795
-10.238670678218163
16.8886753930855
-15.450151895080829
-12.768457793555804
-16.411747046171765
13.195243128952242
13.25132539237589
5.435952095039703
-0.7163121988971142
-10.905673489190235
-1.4468738023976968
-7.561951457271112
-1.5910069955799528
-18.989123488993386
-17.00668741898578
-7.513058913748232
-15.80672008398
6.293204504242556
-16.93016206439214
-3.7582433705789917
-1.6777276157150176
12.981100900851239
-16.775831225128375
-18.47011250581399
-4.18961746234749
14.458836022881215
1.6073172989963815
0.6924000468909917
-16.33884673412883
-14.580156950514871
-16.593664551617838
13.761291781229929
-1.5998686255804841
9.601152904525378
-3.8725649592125286
-14.699530589079814
-9.947064360292682
4.169494974270943
6.981277492598743
0.7134957727828137
7.393833183844684
-4.511519846728312
0.3519105521509225
9.466506633952324
-18.502658722638813
-14.830600670900198
-15.007038772983474
7.091728002595431
-11.541486258351853
-13.392204302968622
-7.96217286658198
-13.656401362717464
13.580688403141274
8.883044527936278
19.80512430076994
-18.92845250954291
12.987754109367401
-1.0707504163044916
8.937569135740215
-12.60511312144795
12.691403187379152
-9.377486570049038
8.681813875097589
6.162469566284891
11.334180187930798
-13.120861358404255
16.580287157634473
0.29932013502011756
-19.969277835540872
-14.144275351454079
3.1891219760257847
-10.907420204123177
8.060137958223308
-18.825158185815383
4.61556035510505
-16.057555424787108
-17.027033229396725
5.470602439813703
-18.766199195371374
0.4607061357550144
-4.363280633025628
12.269873431758498
-18.40797179292331
0.6811594472180182
-11.031009372060062
-5.703015059657005
-7.890513855752378
13.15668265626676
-3.3635011721070924
6.085011596489309
-10.05065359001113
-1.8533162242348382
12.366226314011072
-17.800328772039204
19.678743447054728
-17.981904411409865
9.34031002393116
-10.329250256544258
-16.840631604632993
-19.96911408295737
5.534636633052198
-9.303892854625516
-17.815510021391262
-1.9331087806186673
18.547460300852805
-7.6985731544275104
-19.312659712916442
18.452606318117773
13.24343518816353
-8.11811691882847
-18.48572499902651
10.573270278204198
11.040433490298405
-11.426793294651292
-5.997583603606383
3.7282973170414095
-15.579940055475458
18.819386901064874
-6.249464819404608
4.526503265117899
-10.0106212680708
-4.885327047968225
-14.39315951516527
19.591257875410818
5.0059131332817906
17.049082120522414
12.234701283221085
16.780190613604717
9.51148412053616
-8.48819867788411
0.44898579031417896
5.462010838784302
4.53542244786005
-3.2861727420153564
15.77771083054052
12.043236009730379
-17.830914975151902
16.4599294458572
9.518409424770553
-5.041410682931531
-6.164567666185379
-11.047722977295198
-4.473809175272869
11.371503235638215
14.683544716921382
-6.8539480313583425
3.866197496729473
18.230623410543117
-17.38957360934549
-9.416701207260601
19.090584071522855
-19.476547031224833
-19.590456893091243
-3.5422341030646542
-1.8572649309841758
-1.4381813275032371
-7.537891641214966
-3.188792588039103
-10.843630133174456
2.337805788858468
18.918234836604924
-15.828813294828375
-0.9690511252718039
18.702382074760827
15.453021590014735
1.679502734212054
1.211225591922993
-14.153468493588012
13.721370292059987
-18.802579635700752
13.294846121050213
18.70206005506452
-0.011558305221008425
-19.62916428756595
-0.5439368927875137
8.209865702106548
-12.52951728841909
7.255650576862056
9.474540839518024
-13.117582584272686
-8.951864441578557
5.545925857340521
0.5859993667330627
19.979915211923057
-19.944098872332965
6.641038302532706
-15.542661974824362
-13.682158820959959
12.51886774601742
-11.691421465768453
16.982294688558362
-10.949998948335114
6.87744465476257
-7.44534831727103
-3.089401699293475
17.050067699469786
-9.062913615763701
1.999833041545184
-3.8512364770306853
12.308284281917423
14.594287865504782
16.909844253931674
-0.11461668531399027
17.37157881550472
-17.797139206636068
10.145026414691898
-3.9266522496191882
17.051498451481585
16.41712320177328
-15.391703058463602
-19.91604527227558
-12.542368775680117
3.4799814557486677
17.99930954492801
-11.906028818752649
6.33184244269551
-5.357144883788223
13.53548804256777
18.081568887956074
-16.937660935546425
-14.555518092454562
6.610268250154277
10.124386484074144
15.429642594200644
-6.361499049797409
9.947860026086353
19.066341746745927
3.042435741110097
-12.932314629942958
12.425354253425347
-9.828670703036174
18.11817692037816
-0.7792069349165374
-1.0134012495816727
-3.590680037222821
-12.896245537664095
7.031930832194281
-15.85355721005862
19.055993724191772
18.675500773458225
1.7017086189394028
-10.553483625525061
-5.820373046482548
-8.220700061664154
-10.629991360713603
-6.281539574981036
13.261983437580696
-10.537004914167149
8.52432646607403
-16.387767075638074
10.048976290422026
12.935883433825332
-7.38957677941503
-6.430701847852207
2.866486848440829
-10.32424044778693
10.3663018844506
13.57772992593749
5.7755259056694115
-17.329469474045172
-9.700634976826116
-9.984996726917972
19.561792534901592
-3.141688232158213
16.468398046680754
-5.883740388757776
-19.950378718783522
-18.425325859032668
7.383130445616224
19.439739238733146
14.226492183828285
-13.65977393562179
-8.474511569338524
-4.845064022995125
-15.363224049775702
2.9195497012182194
-16.007305807735094
4.625921369410115
3.2460849188449643
-0.38365750867633963
14.156009563467713
13.494901258621397
-8.0964043201635
-0.48410383719915373
13.006642208244436
-9.606368160592593
17.599242654247973
4.791376035069984
-4.437295805696632
-7.344865921473293
5.000732989648181
3.151127585743218
-8.223689942778133
-1.1367561126915646
16.213952629487487
-0.19093298293059746
19.168310315539692
17.382979586624018
3.5265463758540676
12.25807618501267
3.586574787479563
-8.38783741632589
-17.550188355973614
16.813924860557144
-17.206255647455198
15.57042738558436
-7.534633739146429
9.504827648301095
6.484256506203163
-9.699846722075215
-18.101100515035668
-16.831005931439897
14.10835322623003
-18.014793529138263
17.88263494305609
18.827416603509526
-11.961171902972932
-7.816227765586511
19.774305566543035
2.8329634489604736
-19.07977258562687
6.268725207806835
9.079744896854312
15.373494573132838
-18.71789384533974
0.6291438766031874
0.9693316165458974
14.439507220720543
6.853273535744314
-3.9870746821332403
-3.7515713779774487
-10.837173748607402
-15.530447120248635
-8.129737971240946
2.1352916615668214
-18.020545365455483
0.6533189256279286
1.3302293870100748
5.323560747998378
-13.840057430796776
11.94160962371043
-17.15000195904574
14.954248421350165
-12.361105654205996
-17.700256767014572
-9.732440507527764
17.05544238255448
6.926981768165248
6.254680310077671
8.821625548114447
1.6832641531785164
-10.382725984697036
4.038370505561481
3.443970550750855
-7.815880269493057
10.904686550712416
-1.317714124007967
16.57851093055578
-14.089560810821684
3.7455058635813216
-18.516804983830262
-6.632849535167789
-13.140805710843853
-16.333636480555427
-10.073991383564174
-2.2310228333837365
5.353849267458859
-18.82665742626056
13.662809621128822
18.724247080794115
1.2921687313026453
-9.61788015076559
-11.098630862202036
-14.18662249563198
15.223917117283342
-11.840767472305895
9.413945766874427
-11.927676354056782
17.330700410193167
-17.111063504793567
17.91592605215063
8.66429544607502
17.195261696772263
-9.580740959525569
-2.453219741520524
4.836196693240424
-6.454887331017321
-19.07081916058203
-9.257837876533031
8.310869315587883
7.5163282764253445
7.277588726607334
-0.4128081805454684
-4.653161802237534
18.45942846929026
-11.884061015420295
17.749747328197515
-16.104007919272387
-3.806851380828572
18.888756909009686
-19.677071672597563
-14.563131640345844
-10.729816336942344
16.638361582445327
-9.698510290069224
-17.130925767706483
14.912498097108454
-0.6930651341985126
-11.835879735244635
0.700249626317305
-12.949963852422375
-1.0530972411952035
4.492716541136215
3.6716375769312215
2.4013049723983073
6.30977676828941
-6.5074478702515535
14.979419265720935
7.745045641487927
-4.630040478712786
4.620407730538652
-6.004836395920755
16.427728448918323
14.846863551573449
1.5225135490635076
9.806589291696234
-11.808933699061125
-2.4332213586433404
-6.969386611031695
14.14901768057068
-16.24994574453742
5.649378455478221
6.030195694177323
5.776855240068556
7.551153572378652
-13.641379579323223
15.840398907494318
8.739714512349643
-14.922749845250124
8.54885682481461
-1.4117357981500902
18.153058365121282
-12.08550041009261
8.801740598732863
4.33102042571069
8.289570304475443
-11.769565879223855
-2.9715512186348363
-0.9666789281365418
14.987334332535468
5.48745286722513
-6.997116692777139
-8.520336814318865
-15.517986709006259
7.970502122613311
7.730015538531223
-2.200579170918857
-6.401964063209116
13.182827979998194
-11.111863613317144
-6.852916988425797
6.676499932970845
-2.9225409985128366
-2.9128215256716317
-17.19044979067524
12.768479557439669
-5.957236805892627
3.6192151362350735
0.5700335135094079
19.08174857172441
10.405237224587289
-1.993272715366242
-19.071271037141692
-13.44196591558267
12.725492013713534
-6.569463000330931
-18.113478042496563
-15.065465542886525
12.930125096707854
-1.1390126172113852
17.23564845130752
12.137867776506454
-8.666684891060195
13.639031506446585
-4.813549433923207
16.686655885231957
14.902206119882855
-11.411666707085185
-4.14282179612394
5.879791865290041
-12.817156557536418
0.21844309803981332
-15.574271995230475
15.763980768411386
10.982046148167079
10.579037364929093
5.7895518838701605
11.246402070721008
19.559294242026482
-0.87286622687445
-3.6471506977521493
-18.691242109063197
-19.10335905555945
-19.504231900879745
-3.9742884171212083
10.733908363589705
6.94568936328913
7.527784864679184
11.147411319246949
11.09795590488109
-7.998322955349725
4.653003723177747
3.6404151150286097
4.7457496650839595
-3.2756554980228927
-10.33878794045689
-1.155040796847949
13.010359659882184
1.2529567980098264
13.84225795928478
3.7570009839250638
13.840999104588889
18.856424302923706
-2.8075178310578544
14.606064431270731
13.3694984673011
12.390855963550884
-3.3544013817046014
17.334866722418838
-13.8906160240175
0.25636062912380453
14.872704342831653
6.153873361402464
-10.987610019001508
6.1137874328739805
-4.146699494540179
15.45543940174062
-13.154205259963966
-8.75047625628357
-11.676955137139444
-0.3030279366124091
-0.5097680721774758
5.511322431033804
0.4278419354293135
16.519630341345092
-9.404289348690721
-3.6736276854276575
14.084545959540435
-19.462083002292108
-19.618444642262943
-11.560284436667313
-6.13942374763225
18.004976284359742
-2.4879889699560422
7.083080742560885
-18.996005333825682
3.6612123761105337
-7.941024428441356
19.785974454162385
-7.497461395102363
-11.599723644943394
-3.216237617153329
-3.0798799476375613
17.982270597711725
-4.133939058261916
10.136190035872982
-19.69773144766029
-6.156683659999329
4.108961234461628
6.430999705465659
-7.854461950282797
18.234652363508246
-7.326911763963286
-13.069684487341844
1.9765892715007922
16.891757650687993
-18.83681455633556
12.114251811441797
-17.68358438784172
1.95767707287105
4.959614859469465
-11.827013128301257
-4.750753236207936
-3.0703581654744028
-5.29990853898636
2.727744871657034
10.241038579524407
3.470085443129495
-19.435354717119722
-4.495988711081168
-8.267619385848398
-12.608173877589364
16.30922763422935
-3.9453431251024504
12.929416121341319
1.2988228084554443
-18.673016057736636
19.427617367725027
-14.651952808970625
-12.177289676448964
0.8509789681302138
-12.72567391821202
-7.690860536886941
2.0605455247070203
10.586917444925575
1.57756384473209
9.707732819976698
18.36188846321636
-5.965289514518615
4.465171533343529
16.113549302468357
13.289640736033114
18.72817963540777
-1.7216747598171196
-12.777593545628356
14.708551221166289
0.12351982932018046
-4.565875363174294
0.16975369743219204
-19.158191600229273
8.270162222482497
-4.079008051509664
17.390366618182554
-1.5084487173945647
14.218484635168508
-10.706805524769134
13.696833728985695
-16.486127095011756
14.778289599131313
11.861195892647324
8.899192338884067
19.39684430129107
11.115560282192064
-14.327595675677491
2.0066926825749647
-8.437632588423432
13.526057958756013
-15.76063411282011
12.442913088921294
8.376010316277519
-18.317069709079064
17.715438404975067
6.324811053309695
6.941206625693944
-2.895298743619584
10.38186057099007
18.899464261494543
4.561020285730489
14.398540419076838
-11.243265376151331
-3.266729907016966
-17.34570958822015
3.6612552545746624
19.219728196219194
-11.436875744107123
3.5864004211538223
-5.480625470062797
-15.835693175385464
13.251318178697765
-19.257178935016096
-13.649779539904454
-10.231514307323494
-8.31236104427373
-2.0861379793647714
15.001782434721605
-3.5634045232082165
1.0555969828038236
-16.30246922106325
6.717342836270582
11.773235113428647
-16.194492445393166
-12.483239270305138
4.620198042474005
18.647065180213374
-12.166037225186436
-10.168459663357083
-18.40945762151162
18.428175426393373
16.803562091203887
5.102868524404908
-7.757137071607346
0.19968218439693786
2.0144952146606023
4.509587471172036
-17.880487460561092
1.655781726416805
-6.925797100699246
-6.743694701397477
17.32917467392138
-10.959201963902094
-8.630813786393254
-19.984245246480953
0.5810039785842811
-10.56195997907217
-4.628617542816826
10.397867887319642
-2.4429382744300696
7.848943792726324
-2.183287700236214
-5.731095913610034
-5.8457218508007
-14.159908295745577
15.510192751643977
10.189744652944647
-3.905314619852966
-19.075212086587182
-10.435179557917893
14.073516438248475
19.351340549685396
-2.817699636725216
7.2427678597597875
-14.720790042549368
-9.213026541845535
2.6660502413021447
-6.458949401583167
-17.595695169946627
-9.75559879368645
11.913214009774194
13.401250834520724
12.477114423316273
1.259878472150774
13.729655002053306
-4.924503103373246
-18.699226552431853
-13.38241844673055
-15.906806804006894
0.760671328806815
11.129838002705124
15.284836312994678
-3.9568024365482124
1.3844552782057242
1.9955533769946996
-4.938861144605307
-2.6170145275947085
-5.584923168399039
-4.228614653808398
17.096813264974976
-13.632536826886955
-3.7688455910671372
-8.608202983052529
6.025832962172974
4.767354616236794
-7.290475856244418
-14.69121946703539
10.559860673055287
14.516933300558115
-17.67281882622669
-5.219115048066346
-4.152275367702547
-8.67293212444315
2.4479849077310263
-14.599990889484719
12.742216065665644
-15.822972635901893
-3.103611362778036
16.693848527759542
8.384556736977373
-6.753602536040084
-14.358174565915998
4.7552676397612785
19.162957594494955
18.81644856181107
-19.00446395285151
-4.919965924394006
-19.2333095259671
18.867586731554084
5.722170981262636
19.96363891085663
11.243867359236155
-16.817108699708555
-8.986587541973039
8.697496746713938
18.961472242961086
-9.596184323604975
1.368087132485524
12.712440621576441
-13.630947236434512
-12.887495164895038
1.2455941084872144
-13.932211373925885
-7.271140774889604
-1.374137263656074
-16.7802621888687
3.1716928781991243
-5.659914855109127
0.7804630571116675
-11.664168075747252
3.3711656197762743
11.570340993764535
18.166381828467472
-14.546642987137988
15.69710333400809
19.292571563149494
-9.351038220369027
-19.560881186674663
2.9122155778397705
16.16466018081403
-14.940733516061503
-0.6625427872215681
-4.7329056746008735
-0.2274449694946057
2.629214357728557
-18.28984694628953
-14.99322192786179
8.547963909670912
-18.56099507396214
19.286542640891348
-7.654430022541314
-4.967534582473805
-8.8473211918211
-10.9358006135876
-1.8365273701538989
-6.74644288810474
6.837096915071577
17.43778201124652
-16.411438293884487
-13.366310969221624
10.080669242556635
8.497926607157822
-14.658886447561748
-5.644480347778224
17.83943037167836
12.097529938340848
-0.45331368737389255
6.893778458527162
16.275231189269128
-10.718286498893912
16.639040383713443
-16.98473799573933
-14.703823312760758
-13.323413568478376
-8.910376987522351
-19.48262946609225
19.72000409497884
-0.696487768337942
13.621482027432606
-7.445216717049785
-18.609907380199672
8.886710539535368
19.964703966085544
-7.751895769981143
9.496741599143501
-11.210584782071864
7.531820426372281
-15.147817427912265
-16.035196609473896
15.611480293902503
13.413451263689836
-16.52492107548494
-4.44632610928895
-10.39122230408589
-1.0656892215160099
11.533463806975387
-8.315014396854647
0.8246184490678559
-2.385875381668235
18.774577419877176
19.658526699000276
11.458212339280259
-1.0292518059821418
13.508990039576801
-12.501570905001063
-15.397258572048983
-8.311836966713555
-19.739939316876068
-10.50686686294875
7.395676325665299
13.24823115185908
-13.797762185819646
-9.1843054204739
-2.3872778702544437
17.573376527410474
-6.731995165121084
13.259020500798847
7.471066523275272
-15.382082336722087
0.4006063864406748
-11.725886140046669
-14.38310712367256
-8.320525999755723
1.4061987980708999
11.167560341624917
2.5447899479331504
7.169508523460031
-11.450509764868642
0.9450045965543978
-19.082596005411965
8.280097795162433
-8.56125878534617
-6.8922853308254375
-0.6021718750164595
-18.499802232882754
-8.837897270862118
7.22722716621319
16.09644483442277
19.385244136549943
5.172028874092334
15.519475855138452
9.534772984441389
5.883719467743937
-5.577633758147812
9.000653362002069
5.151225456098359
9.051239983547703
6.272041615324273
-0.3919906955648429
2.885732243814484
-3.399155215390639
18.78812000936132
-10.530897714226022
-0.6126738635639271
19.150956516529384
-3.50066266644928
-6.947502065933836
10.80898397104043
-19.09319145759494
15.860704061889045
-6.960716309221272
-4.280452971309558
17.867483873365444
-6.873608037381423
-3.5456346097918328
12.37564444914625
-3.6371461317970173
-8.05706470124273
0.6488161176632126
2.4838420241015697
-4.218091225342597
2.2478879972543844
16.978358268732038
-1.2642981451223534
-0.4065957909473461
6.771155662541929
14.745423995130118
17.730430281463335
5.468067632136787
-1.3809143327872384
-0.33421030294531917
11.526582600380873
-6.2746621818692905
18.567450056614433
-13.424975456278174
0.11396094303055548
3.2743521574197807
1.706145900687197
11.494929464915057
4.588534736959872
19.931363449083925
7.069751923255975
-18.714507155129986
-18.512506967109235
-17.677126634574787
-9.787425457367856
-19.99355515955409
-18.413590211610934
-3.4907632245488713
17.035939479360408
5.787012302878015
-17.85330843022866
15.456880324768804
-9.38062647922572
7.616751542421127
-9.615083945432144
-4.298169761413405
-1.0664609038721586
13.47605195297566
-19.63535142879302
-3.2455502163743404
-15.277346296888318
-6.055880056785195
-8.223729434605342
-14.768708309600719
-10.416674148868053
-18.738908741327784
3.3111533265304125
-17.615659162309385
-5.074739429794404
18.264342067002552
-0.3524328004536983
-17.760847810297562
15.236849724308705
-8.262181607328053
-5.980497820499702
7.55642997330785
9.312263319628226
9.366291420892413
16.13236024687334
-1.4160672168213004
-8.277852503430449
-8.36256956480279
1.9794527743394497
14.51968866075071
15.920858664664841
-10.676980238399448
7.331809885589323
-7.90223772417011
17.825431006329467
-17.515178612225007
16.748766599994397
8.859137193400393
-18.692691605044732
2.2798008137019536
-8.70564008499002
7.027693858812221
-15.962791158925862
-1.6512298272139567
2.8483742054719343
-8.22402918086608
-5.91254034523919
-15.95913368669072
16.86791460564124
-2.876065536872005
13.775862381549409
-4.270732830716394
-5.07506841962952
7.298528160015785
-2.9853376376609404
-4.407731354898505
7.456987116004626
6.7681470259750895
-4.831081467660496
4.145757214131667
11.10830224695535
3.910301270283476
0.010440248620437131
12.785902025563608
16.84678708893143
-16.54667853836109
12.86800874565104
13.367138227176454
11.025845812281396
13.759420407443727
1.0774229601463219
7.627846687362222
18.018669356733575
3.8211202311387353
-17.868532390463837
0.9093158403993407
16.777252800291343
-8.495706724282414
-18.168920844821216
-17.028992519625582
1.3738437933237293
-4.458876286474336
6.107279830877502
5.167554398582528
6.395848774223381
-0.011818029210800773
-2.803281770192715
-2.5458948154534085
-5.442905231750977
1.6659154342311346
12.025417388099733
-15.85782404344291
0.4989780020672683
-2.109832706422125
-9.916938436795753
14.715120822963044
-15.297082337256107
-12.733530833887446
-0.6646411221683479
-19.51138988807806
-0.3080002870116232
-6.149674269567305
3.2376197950723125
7.375307318462603
-3.018860073400006
18.23117475164839
-3.9815012263718685
8.832089375327655
-16.014165138345774
16.021909206296733
-12.695635665209902
10.770818196061988
18.710585431535392
-11.551615771716413
10.645922401457245
-1.5904508454078368
-9.66920257796518
1.147062037344032
-18.673458557747438
9.151363749074733
13.142991280136243
9.005391715699936
6.698566744390895
16.57889479648165
-16.785875753711196
-19.737761501842527
15.781468322786807
-13.666029009650892
-5.040746780446369
0.10280495032388615
0.8089418335543925
0.46367414161690235
5.256934950656017
10.456116327640945
12.523463161132426
-6.831042788820456
-15.179839717699206
16.604274457792762
-8.721865043366925
3.7699312296409175
-1.4603571779895645
-17.289809884197375
1.9419795687921173
13.147253315984813
-10.937794146943315
17.672916091741463
-0.8719034944273005
-2.26635202578219
19.798000458887174
0.6656577957777152
-12.155238296821583
10.190962267543505
0.9508137142134707
-19.829498568897165
-15.523027270694275
-8.147911608470174
1.0400292000188784
-19.36633350777896
-16.908027182382874
4.193999841424791
1.6527187413238948
18.26298867716202
12.651539556097987
-7.363443497743072
-16.593265893712648
12.940406853821045
-7.892869094596318
-12.615044698536305
10.002995159085287
-2.8933828192634934
5.008638368955573
0.35631584065984967
11.99332269369362
-3.0179475872872707
-12.511607748362469
6.475771479941926
17.776942517734916
0.48404541297700376
4.020018118571546
-14.031970428242143
-0.6611268764496359
0.27366220263477103
19.322067714358305
-12.967818868417261
-17.668191480429215
12.07283712550732
7.15302021260225
3.5188214285427613
-17.75460773894954
-17.86409696683731
11.921192298939033
14.45335266530654
8.502638923887847
3.124617036923052
14.340575558673514
-6.3027459240757455
-0.07178781392074995
-7.94023985162465
4.399651690801861
16.854194363395024
2.083835696398726
6.826331811371912
1.9856782642493407
-13.55151467832425
10.041290086814747
-19.85026169710684
-9.462320320400575
18.216273532773272
0.028490494564792357
7.551111690988421
-5.646518984923592
3.8685612840367014
5.950689869462124
-2.2151372037820316
-7.7667372848835505
7.05744117889644
-18.412691688738075
12.515121275471174
14.539997258417436
-15.543392875354062
-15.04713912814854
3.8390024217344276
-13.04453190817033
16.507947097311238
17.98432061517002
-1.2950695883899677
-3.8490924136978393
2.609803533409721
-15.732400942771525
1.0102517931772539
-3.920248522325732
4.6493958637826225
-2.0917381460661453
-12.030939850457273
-7.7768048570860095
10.784463362350195
13.964611654013453
-3.9616337909022405
13.646620379015374
13.284121247260941
-10.330659553553762
8.900161921346594
8.73078854133933
9.41621842311363
-12.450654816925159
0.7013051845359364
-11.077911243642076
-0.6000067669134665
19.333207975613632
-3.538953357155293
6.594905600493334
2.136248331692144
4.947212717654537
5.70499968802341
19.7559360250185
1.1585935373868814
3.8741488631587515
19.245164488430632
19.178778362415414
-6.530615002841653
-14.355258116651658
-8.276641312459887
-10.997306685922638
8.39866674589409
-15.177915082062952
2.741313930549076
4.6814776019802835
11.133394087623792
-0.22033836244940375
-10.570415090206264
8.302809577677863
-7.961449201480999
-14.107182608589873
12.599722263573511
-11.996411413411767
16.666487945504954
-9.581389084789699
15.13501236040701
-10.104807830728513
8.152572171241033
-10.135493453336174
-13.21609198066362
-8.137991631949447
-2.1587065183426155
12.316390178360159
-4.814133592762047
-9.061493402616719
-5.879073575935312
-14.055677930101309
10.873865707170964
-11.186819654509623
11.298744917527365
3.4701711870638654
10.771319065500876
13.696467844155713
11.08176703601847
4.3465953088087375
-3.2882243427431845
2.0263017385072146
-3.3548153290661844
-8.54338779823124
-9.737738763317626
19.88446583629434
-13.253903677168942
-8.928668678130528
-3.328596132091853
-1.4843019953376952
-19.69348931533137
1.930367424947601
-1.7035482775459485
5.157845903212909
18.197799902748727
12.320432718567353
-13.428418944378793
0.05386119837962866
7.189211656233667
13.920003655689605
18.31271456430413
19.433152828813803
15.891218757685131
3.9736976231153207
-12.30914095436598
9.533902853640708
-16.240425655797075
-7.740921059673877
-17.18826830102122
-5.093041643849393
18.203995684326614
10.088162418329567
7.216178965574414
4.206572642238605
7.939852490891699
2.2631510958917467
14.518789656122195
-12.584028432675986
-6.1450024151623595
9.413294447396705
10.831475564048525
6.171790314224609
6.34050651354395
3.687698357342313
10.43362899894468
-11.816732014113418
17.228926835487208
-5.515533905520522
10.029795760188193
-6.3167575814852395
19.294181519296217
-17.955175544146933
-3.4743303782240815
-9.835958396558159
-16.841243917644316
14.514400811995117
-2.5427749910652366
-0.9456586293228071
3.205507255351506
18.644228033436576
-15.258038516119822
9.538630136788363
-11.125053733628247
2.473567478994319
-1.4569471093412503
11.298704428605149
3.351020563873103
2.217070929668445
-15.596639414719832
9.296606789218398
-19.190403150574674
15.548955037302804
1.9791807686466285
-9.450614804547106
19.779645967118654
-17.391584336180852
-1.407358618530985
11.84786817635461
-13.313232608942371
-11.621447149412347
-5.1737232466466665
0.9242593847721849
-7.356732595564303
-16.71877927917989
11.29728889615754
-2.91116810894167
-0.5265497773558856
4.643145799072435
6.765727795984965
12.916514482257277
3.1812421857628124
-3.8665482885580325
-16.128014001906855
17.550379631596876
-4.749137031669864
-0.043595589739545915
-3.7807704674926903
10.050522667100758
15.43801564666574
-8.536087718545575
13.684362682675363
-5.728804361272326
-3.8527149609958933
-4.166358019333
9.373149628176716
18.39456275818626
8.294582848833816
18.757181350643734
-15.143329070370655
17.427519355442463
9.840741690004595
-1.529264510844662
17.19429546038458
-6.825539591223372
-18.67244779850678
-11.870288538669659
9.436334047497247
2.3164186581517363
-13.955975598724883
-10.107930425263607
-15.954105985125505
-7.639976237222093
-10.798999595502302
-13.970057096768471
14.368093882688797
-5.252429424216567
14.716382629027784
-7.730823028145988
-10.923791944668878
6.319487817709742
12.515989553615213
14.070414039192165
19.192436414085876
4.099286787758093
14.415249245542824
-10.040081261796153
5.707510454974447
-7.821492081604964
17.776024949212996
-18.68510037907963
19.66580426259832
18.321085857647233
-0.41372391111477924
2.1027961455181554
-14.820859021031954
-13.471587377254508
-13.02838787012584
16.791846907839826
-8.880723552471096
-4.932970898360685
0.9442678655524048
-4.206042827343936
-13.401655632304257
3.14955149532436
-11.203427469230567
8.78559488455197
-2.750439329384161
-16.537492631211936
2.4545372515436803
7.960971572034751
6.890620128532067
-0.621729934855388
-2.194006698758603
6.922196342179948
-2.0658486285480464
8.382582726526422
-10.269673082590405
-6.627176520977853
17.41173683683695
-2.8931687109210493
-19.832690919481045
4.103749188524077
2.395470513727492
-3.8167562931999726
-5.649539514215505
-7.701432396403645
-10.416588248695579
-10.637201937653074
-14.762335996616503
9.132388975881991
-17.415322487730013
-17.74020994223136
-10.901190749988356
-9.68317560640562
-13.824771528022012
-19.51667261848714
14.862562465432191
3.39402970132193
15.349742503898852
-8.544866998426702
15.027641912010132
7.97188522837677
-19.996414391010727
14.225488879163507
14.710067232690484
2.8757719263335417
-7.959230741803616
-7.7249700989473435
13.464884574115537
2.4972638938222573
12.906037350007395
11.747655596312129
19.64410791839922
11.933191944420315
8.654426078116394
-11.486788795382278
10.211261333989945
3.733139205670742
-9.95478252649578
8.673419396586127
-19.214979713180856
6.552928637104607
-4.887919955671997
7.8217904681146955
8.135746202940524
12.408839646999247
18.783881637432607
8.537048060026706
-12.143940999246844
-13.170234642726996
3.2504928236723174
14.275441146319963
0.27896923778213534
0.30679929794468563
15.16695507720015
7.052486068344237
-2.2542760030705047
13.615581740961957
15.746016780890635
1.8169116938553103
15.566723668560236
-6.112861381527491
-0.7637026652349022
-7.455693020894497
-7.355443569038771
4.961517351777157
-12.249625356203474
-18.132942910561617
-18.098900278494796
-10.249495288416593
16.656247660457495
-14.264024995296797
-0.5949810747517859
-10.995431865072277
-14.799578118506904
-4.490075428676743
-10.074349106574942
-2.0006883726759703
-11.352818522383927
-6.515221521879377
9.79095852094932
14.186699577472965
-17.11880452481433
8.652672164626118
-19.45937306742005
0.777164971902728
16.748433206860078
7.226539009830326
1.3255413893004473
-14.345003511141217
5.572340189496273
2.8945138616945307
-10.655458598854706
3.9766774946697048
-1.566313588824677
-3.3351076826197925
-4.885531162778891
17.900231586036696
-8.82343393095086
-12.964578461436233
5.4620202681952215
4.417210049201692
10.79416209283799
-0.4228089473415011
10.453255232397133
7.924540890932441
8.899461728703088
-8.66679225700942
-14.61926991956792
5.914553368989758
4.2989320458367
13.505126767938428
-14.660929969028498
-7.70732474702195
-2.427480060877919
-11.86100321513253
-2.1882537167298075
10.286657593021786
14.01206008793607
6.069138121563888
-13.471131394724697
12.243075449927055
0.295471723420313
-0.016338273247136215
-15.51387238207881
-19.41178089940232
-16.20031850968303
-13.176274858685204
14.717972384139188
-10.649429241650381
-8.626353904002766
17.92180190549586
-4.553225131008677
14.124088001759262
7.531507966935955
1.187849186955205
-12.594625823189535
-11.978707627904983
15.413073185203878
6.011068554889391
4.094695160420233
2.983667246469274
13.871422741746493
13.092910434108703
0.07114639079718543
-9.52806688800624
-9.654680567747906
-9.985662162339075
19.30567669641023
-6.426981569433444
17.78972430184406
-10.702409147472306
17.62568823828603
5.722784552009767
-15.349963776774093
17.159511965301185
-3.5182331331020507
-7.504192403957113
-14.228554112307483
-12.512318515356565
16.485690362684863
15.645775189535115
-13.290747829773997
-11.83177080876851
10.476988649162323
-8.437071628980007
-16.93305092717378
-4.010123555768207
-4.812075501744433
4.049942064301042
0.9049884157090702
-19.358809564752654
14.3757178400636
-10.884896839724082
12.593722338260143
-4.375458048382001
-6.222896680955783
15.8342022508549
-0.15566053129985136
12.151212164026035
10.814563727729904
3.09512298379169
-3.5410376111289956
-2.374359060963055
7.314717798257217
-2.1915110839264216
11.14011740066228
-9.14383566409889
6.0585621894754915
-5.4717808145705185
4.189543009477852
2.1706979157405115
-8.880309923436794
-9.97069716199714
15.869776136723935
13.705604364139688
-14.049658063272732
-13.292518534529423
-16.37062520931331
-2.1634576213684156
-15.436167975394376
7.304422150801493
-18.590385277783458
-2.7831468078317627
-7.694660492930666
-11.976512695947541
10.980434320547378
7.692262698147616
-8.163813033345079
-1.7010792267800845
17.24497283559539
-10.55469816623139
-4.642409254582084
-12.282944554570046
6.425561606092764
7.759012463754331
6.514071469278683
15.168571851828496
11.848282407564593
-19.09904626318616
18.999842151478795
-9.441562280030595
10.771849978988065
-2.2610989342811436
18.8760568395943
-14.076813528334062
15.131570206153093
-7.499830378653565
16.53816109002898
2.4711273478571982
12.060188532685629
-8.01926765634823
8.111060571191686
-3.621537036866542
-6.727139944727231
18.04359859318297
2.7949514415891272
17.615881799370648
14.626645970659752
18.9193694147138
11.087616704376217
-15.074556439706953
15.667825269323167
-3.5514679648994907
5.320449324651978
-6.817514617349616
11.88032808360257
8.715272788130818
-3.6050002066836058
6.845889678869227
-2.893580988909882
-12.319662331285741
-9.84921598877419
11.220488891627099
0.09044231161511362
13.336719062923535
16.999317174375022
-13.885743572246557
-3.912246371834609
9.099461106680536
-4.9666613088938405
-6.652073770427936
-12.041063865690669
-7.2107481005514895
12.065494061448788
-1.2227761651470956
11.93250864841184
-2.6068543855035813
1.2774410325280314
3.484459562833912
-11.296296824216544
-7.791772324698156
0.08621284798579865
-3.9544388160827353
-1.8008560107938045
15.57632714933861
5.32799084269779
10.806936354473176
18.671100613281894
12.342053073358159
15.51420411666323
1.9917032657309761
19.436387802563225
-19.45580057248342
15.336387872655791
-10.510803483100052
9.41211640994528
8.239577933703398
-4.843621677344782
-16.718483373943286
-7.68115280406526
19.45604117467618
18.751354851030143
-9.75658930078211
10.422115485979898
2.4535636057417953
-11.61023379585815
-6.576253899750624
3.0005767087296746
9.101371017730994
1.5695943468670706
18.363524326702112
-15.017561563352837
-3.5241952870339652
2.8650319755840954
1.407774550193107
2.8391064661583982
-4.770945274167451
17.53852475283685
-15.954647890532963
-8.069972045323865
-18.238300264457145
6.790515975137389
1.0181199933725118
-4.046045502080187
9.652821236442321
11.01757448877747
16.2025219550095
-4.562930215841083
-16.6354315283272
16.784944316661978
-13.899157943784282
11.525905751123382
13.22161891329447
10.398777484015884
11.571949479200576
-17.264465857549716
15.223949791275054
9.066075577198653
-17.01619473161368
1.29086863165249
12.205332312378033
15.418766202969849
3.750183836950235
-15.053271731487698
-1.576891820080565
10.350726571942175
-1.2502413555366978
19.57387364475118
9.575338332495367
12.895929576945498
10.036286474328016
4.544690937108555
4.027074552397451
-9.397673047806098
2.6474969276859497
-16.80921743682608
-6.448583869965031
-17.746891434621514
13.416506744942382
-9.956561924646842
-4.354394649817852
-13.82648813938879
10.182165286945075
-15.828161746620637
-8.467064512230289
8.065560229181795
11.871428794962327
-9.696772829583239
17.385714702343506
3.1064554295879
10.631374499930502
-17.776864433322213
3.349316088763203
-12.224043303146734
19.215696452364114
3.6233432160534385
-17.90470234271611
-14.843015647172644
12.767712428331357
13.884052846036795
-7.674828333312389
4.634946457398467
10.69331977678133
15.924957179473196
-7.660857638402799
18.366468788894245
10.101005551163638
-9.950324869624726
-19.907803751613447
8.963709076037638
-3.1738974642556137
12.786638904133724
12.234932599224521
-12.002705002742076
-15.908619785167977
18.21026599580148
18.355020299528697
-6.219782248900231
13.465675508625672
7.743847819878095
-15.564004876217673
14.633892247008966
4.044966811412305
0.9863927500264111
-7.1709738350904075
-11.041918521708677
14.553874130380613
-6.69764719373703
6.7863132545795715
7.3742409546201735
7.497165176822726
8.189681769060314
-1.4266677576494686
-16.754888130755788
-10.453979925851318
18.32739536268968
-5.069798785592013
1.3630217743545536
-9.695906730162683
-11.208527137198793
-5.782249902466777
-6.210583280570358
-9.288526232318098
10.51475967269457
14.272359362960053
11.89333697963908
-3.06762482539089
7.979846906398205
-8.983360237297756
6.33936120736475
-9.936388573040077
-9.331273912873947
-8.77303829428795
-6.982833142162432
2.4347847077388174
8.273380808386861
-11.1065513167094
10.706813876314598
4.009069127556359
-5.7930727644921465
2.3770285416427193
18.42742127195325
7.625674191191262
-13.482713323039967
-6.9708619224651045
3.874106970111697
11.4469000931839
-12.657761040189293
-18.063809836776382
-19.738020649581532
17.54890855176003
-2.5419457081992576
11.80028644438724
3.5661018135594738
-7.344837432120714
-5.2331932422170055
-10.815618903377647
10.495683068523402
9.440635713330089
-16.146234273575423
-10.821600406128876
-8.532603248977955
4.231714577911198
-6.001288367907517
-3.6110620893379597
17.267299669005325
7.444821401179521
-12.600102506127811
1.216821756778316
19.81642288389134
10.009439822365142
6.261445710578158
19.086858135664755
-16.436124382598063
-15.028325780074695
12.414502838408737
0.4775386254629126
8.633407629109257
-11.766985540256197
15.474531980802574
-16.9148124967994
12.352828976240914
-16.21758455044327
14.54711313569009
19.99153045978987
-19.990815819855783
13.668895665691345
15.688945410006603
3.5301053275896237
-1.9947243977021358
-11.18125120970288
6.999940722026082
12.417880595134989
5.7724485123432885
-9.510761827813674
1.576341826096833
2.990023993470988
11.74538289195539
-3.3600550568128575
19.878778890896214
-5.970940070863936
9.626171362759361
-16.66118059905129
-15.513628281097143
3.9701184725158356
-3.7472735140389837
-6.500867083095265
-19.308222959346104
11.573400027874538
-13.44793667197055
-14.13040245469514
-11.333784182812572
-0.19343063331434962
-14.823186200743876
13.495854477450486
-19.22823065656354
8.918308352590898
-16.838893729339112
18.5892200520543
17.542092521696333
9.095312642066745
8.023278926443588
18.86972963503011
10.046460420725971
2.8190853724429203
10.461090864939258
9.308487248219102
17.533144912989698
4.2259519937749985
18.3774673625827
9.923755385477943
17.220612789994078
-6.4144501325028145
-2.212708292969957
2.765193731318117
13.748465401606595
-2.110481698477159
10.927476719762218
-19.379304381901207
1.1319511892879852
6.696475370605931
-8.318715845043752
13.101546429635547
18.54394365727743
-6.885198614526331
-8.04297499770676
12.097951370956984
0.04033403302247862
-7.940102539064359
17.201169022853236
-0.9958444188190967
-7.905041054526155
1.2143580057009657
-19.339624337474834
-11.528210130955818
-17.883587107756348
7.246186186353235
19.522832960753327
14.046946481086891
2.6233857543585373
7.5456473666113695
-17.52074968444183
-14.410400476940701
-18.90950013288361
-0.6526735280216656
12.187451336196801
0.16817045007951137
-14.865164240310552
11.289497427115116
9.62498473805864
-13.937756117151633
-14.6025783263988
8.038818539235663
1.7084195473817232
-8.098017655674003
17.35164243944643
1.437970859978126
-3.42886239116876
-11.08376807551486
-8.061270919728676
-13.57590495152063
5.529158434548563
8.790275031440476
3.2878541845183626
-15.401911054971581
14.3380975973391
-4.117008070254995
-8.30635262329016
-6.903554507670581
-9.888816758520926
-0.7680135542124447
10.156427334903164
-17.84496795749209
-12.107309885187227
9.13098230523115
-3.5265140480101422
-6.72780333109726
18.5532050817909
-11.852440105836134
-1.3037514450906151
10.662673067574957
4.475394325931134
9.463662974793348
7.650190805949933
9.785782198462769
10.1951491612046
11.754097352909874
-11.230315893731149
-15.66802798031205
-14.4106376755109
-5.938652245494582
2.7409368560299576
17.682967789479783
17.76700965461677
2.7038675554257274
11.095262349358116
15.877161542807627
10.231631953232085
17.878085294425837
11.928900069313372
-14.061383195989329
-5.445409857204675
9.970953409642465
17.290222541091552
-11.12639176296729
5.520898649617216
-10.02801482930423
5.4460406557104335
-11.01361580848851
6.275746227606703
15.192164638366613
-18.866405993807387
0.17318612256289256
-0.45469822347020994
12.230583578661808
-16.32393325560958
-5.656518590703463
-18.16817843656736
-18.898961488826483
19.25256980369494
-17.500581280692952
4.400566140918883
-13.386742803987289
-12.937575626743536
-3.181476134143768
-14.691163995373572
-13.485876363652904
-0.037200319191825315
-15.48869740013997
11.368957767898266
4.4631863247372365
6.030187468413587
2.4989913483555597
-0.7305991987944012
-0.8856021517223454
-5.036386660542874
18.55722569587185
-14.927387514911725
-19.819569465007582
19.476211795428625
2.441561643906475
6.548507559373775
7.07721762248881
12.537206478459176
14.147429450294872
-13.03615306496798
9.423899219200823
12.539991616580139
-15.133382247468393
5.27073831063932
19.420545139373907
-7.250469513871405
-3.513532612734135
-7.232908963729221
-5.754128853699903
13.104854945541703
-2.9155123361758974
-8.841686246355739
-8.229370175698785
-16.750769358874933
11.731104569305472
-14.378413159649824
-5.81652656880587
-9.294976666612161
-11.907597017303729
4.269126984882021
-1.4573429546127983
-8.176608019686862
-2.3892713080309456
10.424335544580167
-2.453035612749133
-9.276952545180443
-9.633889130541714
-16.337457662154495
-8.704825909436433
2.92936854537777
-10.643861676390923
-16.751200853469086
0.7264666936532436
-7.39632191053591
13.058430254504223
-4.238050964704154
-4.129768464322549
-4.050157758677248
-8.744341673839852
10.728171039676582
17.611311837403257
1.4754161856081822
4.626174814306413
10.983720855474516
0.44322653363085607
10.978692127976473
16.407751231702974
19.303156427696265
-11.838975964647158
-14.785488518267531
-0.18928681109456846
-0.5522271097567533
-10.468460228386153
3.930863436049119
8.050257847027925
0.2695701342523229
-16.833488195803472
13.52728499145745
15.597085755424835
-13.05198110681841