-8.912791466870754
-4.335786145624251
-14.582377485374183
11.463398774004588
11.191216272499904
-5.445887878940393
-11.960129895269738
-17.734972827656318
-18.92698251308909
-10.099989529972554
5.878119308603406
-17.921849522530735
-13.281069446556518
8.383858281182025
2.55127640773447
-13.698884514735163
3.629595776129001
-13.307152133805698
-9.896061809001125
-17.4452335926415
-11.593462689761079
-8.688861861222561
9.475208990574686
-3.7293544279398603
-9.34705938417908
16.506024617765817
-5.611766169875283
-18.5138051653214
-14.97329924556543
1.2168973247265669
-12.32637430038178
-15.938140687409463
15.616043334721098
13.677954128690047
-1.0388042193949332
-4.017616416219308
13.83083933830273
17.271326189906134
-6.4098040598789865
5.4405557766535395
-17.340257421938535
-1.731558711168116
19.68751780769727
12.609149697543593
-7.021808393519478
2.3064391910877404
-11.576557453177653
16.340935367638387
-6.414817509876936
11.557382553780545
9.648263060038026
7.5561632616949055
-7.763614439787938
-1.5208151956505063
15.855032188623625
-8.486566805431046
-19.673118333000083
-19.605756389535397
17.018941449197975
-0.4656924736049852
0.14988345013150806
-12.438558570599213
-7.636423013234364
6.711365360603352
16.76729803180963
-14.489369407841979
17.45889525819181
-5.0656906373145425
-10.531759360367797
1.5590916716382992
8.986435872408599
16.748432717250857
1.3273070752261873
0.22718149025911316
-13.857238924263138
8.606742119835417
12.872282168963388
-12.908955930817907
16.18347556231285
13.431751276897508
-9.704314659334777
6.750921980644048
-9.59241235706135
8.697347105305965
10.212395234687754
4.874428722536589
12.33809378226804
3.782999424711676
-2.934510136276131
9.276291789842979
9.392857710333512
-8.802232789862279
-6.486718181614384
-9.393072160362902
3.7403745163503217
19.068190100743145
6.5224335393540365
8.446965218701795
-0.5714506247441449
14.780532669014796
-17.283383922493826
3.737150265717375
15.783358974856966
-1.141388316303825
-8.257308120382913
-12.846677775120249
7.928103583761541
-6.766014975018777
-13.62666343621552
-7.5362212051563215
-9.15458052639924
-10.4348901042747
16.656541762169944
5.384112928579011
6.972589594575318
3.1952019574452777
8.524561667298613
-18.41623327682695
-8.571682007273767
-2.0727462304779785
12.687956152726038
-1.6064479430822942
4.186615245354282
-19.74975532699225
-10.93230786012711
-7.877499747517774
-11.343082198157717
-12.670262231178665
16.65593323617206
19.28667726350809
17.66316168949966
-9.569049469032427
7.53318616657937
-8.588827776422514
18.971035058284095
-12.188625384218149
17.81655087923116
12.735498219399112
16.44920856149694
-18.77807345992853
-4.353172414576964
10.625134175128178
-11.635563157093877
15.252948524712231
-17.414842147092653
19.770491638065153
19.697349024602033
17.081910266940447
-16.361079576626135
16.982385938394515
-16.483668463943133
-19.90475221698938
-2.2464961656779963
-14.5968006055293
2.3068195188193954
-4.825619358361921
-5.7768128720965795
-17.172858222395536
-15.038716957269266
11.122276947085862
-17.056397731902408
-12.722403596580065
-6.378647605634491
-6.16652994325217
-0.28291774854004714
-8.822912137642401
7.013175974596283
-9.866474073248197
4.757741379322606
8.360608879358939
8.056622054583435
-10.183612174966692
-14.509150445475525
-16.180406853632327
10.118019684048775
10.296669713548798
6.650819258708154
7.908224129524886
-2.120167891730091
3.892852997306999
17.72759854915894
7.3071844788107185
-6.939365500516445
-1.5110537098869585
-5.604350718314311
-13.230520272273383
-11.239434273672959
8.678680181737505
4.638701252510401
-12.58758823738988
10.470077201473394
-16.834018709143287
-10.936969192004572
-2.2905152874253005
-5.5708505444262215
7.60320978365149
1.241540885237086
-13.884034039993693
19.91567482730978
-1.4311549056225559
2.8730067921357083
-12.779474517924164
-1.6905132089856814
4.5689887881247415
-16.66800705053765
10.802282335113233
-17.116984397417948
-2.837086747963987
6.71649066557357
-2.2623968860378696
13.313757784150141
-10.214739963753377
-16.398662395647033
-5.491699709682232
11.101513361365257
2.9159294031396854
-3.544745674256724
8.470194642864996
-19.09126130982704
11.261543865503995
0.8018493310996249
13.838505041152679
-18.25180217393555
-16.912525438776417
14.925206313320018
-9.26555262251596
5.774833074609905
-7.324141544887656
18.81046638957106
-13.468443490278506
-4.374392664498924
4.167174861262293
14.4424412093638
11.579616932367493
-10.39027016191346
-6.224613387742263
-8.77989942344501
11.499686790695861
-19.456669024266585
8.497272363374808
5.939843628503212
-14.578143617097963
-9.620974334938598
-9.259257183304017
5.833353952390983
-1.5781963346588732
12.99755771405971
7.266490613267379
1.7728738192000222
-18.288036839666525
16.816640342071246
-19.46134531294692
8.093121801514542
4.1171552712624795
-7.02118599501075
2.655464706779597
-5.29458071693182
-13.180272616506702
-6.766860226461912
-8.95231669089879
4.216999581508688
3.757418352958581
-2.3661609574686366
-9.688234934222994
-19.150817556625306
0.790639614685908
10.668906648910564
-5.873916807948941
-8.898064561450362
-19.706808532910692
1.3464722867707124
-10.146168796117916
-0.6518618779636682
4.2432811851608285
15.179927947633011
-3.572009573603033
7.412287394568914
-7.708973379955237
-0.6074536182865451
-6.7464556410114085
-12.175837598612617
13.05966966294271
12.551441379556877
-14.227984790140429
-10.924529663558538
-18.472842022824437
-0.18999184162517935
3.6896571782659677
-3.6621561592784246
-17.143989594209458
-12.13000858209082
-7.26520336590362
4.2897623829941445
11.542245481371406
12.994656540187627
-5.473836257971726
-9.837332190139495
14.194657860543039
18.48468189160578
-7.072196115956011
16.01096423990265
-13.99193297857746
-2.7711720220955556
-12.597081804206628
12.916435933939965
0.4594577867132301
-8.948009617026278
-6.265211570392335
12.30328864695182
14.061165083740697
10.58942873148617
-5.031382218326051
17.8128772990635
-1.332211337953936
10.452231415683151
10.310812684235017
15.206307066126293
16.658240262853035
-5.170480888272744
-17.757988177665673
-10.182997711636919
19.332742685717463
19.83913429353654
-10.381709285285755
-7.783294932052996
-16.047879675172947
-11.330998732952375
17.880395650744
10.220601288423502
12.349809078740925
8.508992859958475
6.4902333397257514
-9.114166526126809
4.254849472268461
-4.384304588445026
13.017332870252794
0.21332802651654958
17.0091578440215
6.9216025928354625
-7.698948371243697
-14.349416248057993
-17.36303757611708
4.492671732997138
-15.938485360137564
-2.8909187513066747
7.697280320558075
9.205155187067806
8.53970427730696
-2.7672802621091463
-14.575349551480139
-4.1789621063530635
-1.2344902416237034
19.71261540032564
-9.229798532954984
-6.474703735593019
-0.795177856547518
1.6430946665337984
18.173910413091726
18.504364128119107
-6.708909944575501
-3.5264881911383874
-19.024470012709113
0.27150882701445767
3.914564595047885
12.590782321941191
-15.851306552999326
-7.552201289330007
-16.923899990124394
2.2320851331607052
13.025408014182275
13.314773438197122
1.5771210717083584
14.77955097107305
-1.1590509878866264
-12.200059860269983
-16.746844979056533
-8.367252721052573
3.4029216988006894
-13.460471831902971
-9.876253760704344
-2.9944229866737473
17.626544200735395
3.297365024722545
-0.36696744506904366
-19.887378915856072
-2.168161308692305
-18.531547008802733
-19.65267603755729
-4.507199227052752
1.2308743341911281
-7.193761984022121
-3.846333947551244
-17.510995829258608
-16.640407259234735
-13.795016579367779
19.68690832711814
8.786566323541223
8.98567505498388
-7.665229128884539
10.343607469048564
7.570467641834053
-7.070510020409383
17.142519048405404
-16.10320125282147
13.427616524662078
16.766766256353762
-13.227567263040768
-14.415938172133064
15.649472556977848
-13.608371724983353
-0.02726579667121598
-11.844468766942363
-16.194957306274436
-2.3988226610793433
-10.11000889562303
10.73255794618856
3.8165571518723667
-13.994074335887973
-9.942237553242123
2.0085163260005636
-6.642896359401206
-7.1835877378186765
-15.2200717122718
-0.8282458339296923
3.6831625124492646
-9.399050363552925
5.929822015350737
-6.632540502038244
9.978732732819036
-7.697509494831776
-13.288140239350907
-2.012938104685098
2.937150821260186
14.706456885292447
19.620831894817627
-4.225217862433674
-13.751819179359268
-10.72612765754759
-11.053801332415155
7.434498995795455
17.399122641288628
7.270049423138257
-18.226893090815853
2.96144113698314
-18.937203105532543
-18.137615092060283
18.6637178570142
0.5800424841867908
4.5034010453854805
-6.390513506031672
16.769786057658116
10.518535729599492
4.28760505755664
13.289921903859032
-11.216033089303297
-14.718269235445813
13.858469029681658
0.49394014251630125
-8.387551358525297
3.81586124553138
-12.712778084584846
-2.020818981479181
-8.32948931151019
-2.413367086336361
8.380490139355938
9.96549811943412
14.602494899632376
-0.6871858401436803
-18.218009177587945
5.750241284663286
1.2459216934196604
-1.4906526127970743
-6.5224126669257565
-2.425064283640342
18.771091387080467
-1.396109000043122
1.3806650431538188
-7.601127696489627
16.52238290548084
1.4969577297543601
-5.641161478770474
1.8914348822973466
16.262418503040116
-6.2841242727416144
10.839327088419132
-14.46940156620534
-12.645042167125965
0.3470879273713692
19.157493524089077
-14.163028000288826
19.559230529160317
9.74964259537633
6.004018815254263
11.889984356283989
9.808910282779312
-5.841827480307916
4.079677512207709
5.985609336008455
18.602490375132533
-14.68507763337637
-2.505827068549195
0.7507055965400191
9.871315212548126
1.065707520818414
-10.775562917270992
12.838621266548301
-1.6992993490815458
13.399962173509955
-4.876545854904947
10.880473857096376
6.137506648513881
-8.99082427345446
-3.3541295131970337
6.616727109049975
-2.06283925351455
-3.527724340288753
-6.187676958466524
-1.9443985403025295
7.279784881969729
7.457785052023102
-16.001094887406524
19.25691234515164
6.265300472088082
13.630177870726797
-14.061990150738986
8.22492053156736
4.665092662896882
-8.322031002115242
8.335199070704206
-6.911354757351141
-17.08438556278348
6.22130994320711
-12.881808170663902
-2.536315451005283
7.315491264111248
15.722244644685752
8.961008662352839
6.2779281993434175
2.054982504947244
-9.942673127347671
-16.314232276926862
13.617624619314768
12.017917043238441
-17.295485999630582
8.6921427648738
-8.633869277753558
15.822231704338222
16.28230815916278
12.360773097487801
13.333027969161556
-6.7975881282343575
2.305761963622057
1.5677916717902285
7.296765887633914
-4.504184890912359
-12.188417227148985
-8.746650241687588
-13.433212076955074
-18.64565603929758
14.961131511174031
-6.420894825040877
9.166203675558027
10.037454432687426
15.758837599776491
-18.118566257281476
19.716704504547614
-4.839576113194489
-0.1109808485872108
-6.333290325298947
1.5642155424947362
-19.849188404942492
-1.8821556628832106
1.0331491891248703
-14.50187163360065
11.110754853839211
-8.451376323632926
14.664541959216876
-13.273439593710755
-13.837084069864748
-14.552773806156818
5.808814106377696
-4.034871176893521
-17.617492032000648
-19.17319635393195
-17.43677819454534
8.264671692540972
-2.757527531156075
5.772933023182723
-7.263690853041332
16.313458997858575
-6.046377882025119
7.793235839788743
-13.753392464077274
-19.679860298519674
6.217300426549521
1.724546673529595
-17.147960638480914
-14.411368341894718
-19.092022713921423
-10.194528475360363
-18.190169973514465
16.276803905958445
16.57435117120616
12.91392912260114
13.676364642317722
-6.425743268549269
10.777616757004388
10.972022579203397
9.043240115284156
12.885643565531865
12.637372963450069
-16.708729670296627
7.650227794005346
-13.323304507626087
17.338049431227816
-4.0430332344170985
-19.783297615976842
8.464044845292811
18.067368741942403
-6.192588080293344
-6.741414265782515
-14.108513618073108
-3.3680680428713075
-17.05554802521924
6.652383577256327
-4.061913451793497
-13.015153961159198
-16.19054597091408
12.100354085050014
-10.451600005670652
-6.6301925009732265
-0.03770576821584015
17.804620844967346
-15.642786122112113
18.814812547398276
18.170643101417355
15.48518058423754
0.7565828863433168
1.792681056938271
19.185316837245892
12.36355451609662
-8.489262588821838
-18.441559553475333
-4.941209877441537
2.544989751302367
-9.085722865581886
-18.08576623137574
0.312617899870105
13.113536325335737
-15.200404496056358
-3.0995612543401947
4.546142707490148
16.33801198192073
8.423850115589914
14.422925775963051
7.0922074650075295
-1.1459999191009196
0.8688041139711302
2.5702712425279515
10.260672267136364
-17.323023679266747
14.439321498907105
1.841269852668205
-12.972009749904391
12.194753138406952
-10.075024164257442
12.570618347644633
-18.77373120026182
-16.924200134983465
-14.760233806575375
11.382775700710852
-16.803990412775356
2.769702078985169
-6.477869150051205
-2.0496893625046155
-10.869045331029742
-7.094643167761831
14.97400960702263
17.932946965547046
16.051599920724534
-4.44491494214255
-7.916703063127034
-14.608447702399602
7.570553045204065
2.6857531075694787
13.064220680706377
2.0697752269515703
-3.7240219937820243
-14.126830876210308
-8.819704633349662
12.20609488696936
-3.780135131417609
17.072757491103964
-10.84518276786294
4.718250293182567
5.192969555989372
1.523842951863088
8.174357543921424
3.335083844109956
-3.267620370101767
19.123283692046712
-16.381991385728057
16.82289525149016
14.191828240165954
16.36562175361776
-8.511447706585557
19.45996617705653
2.105438836271137
-8.424974940253293
14.204368331075734
8.302941764943974
13.441283781906755
3.0610539368334457
17.524370729980106
15.425240113659214
2.1604820831226554
-4.769509457545507
-16.335014330347892
-5.555228636914308
-3.9780123266974456
-4.328034583364051
18.105054097364473
8.435105092264411
-7.773576184061897
17.408810869200394
-3.635477546534709
14.62068697921788
17.1891791843046
17.274872689116926
11.001649855532687
19.49540195682185
-16.711119651442257
6.3548085101314875
14.461797455478887
-8.852558576689438
-17.620716117745946
0.33723293234238483
-16.089643758052294
-13.49210606919215
18.95003033909235
-12.24322348451414
-13.645212751028325
13.27526709262883
-16.57795357451404
5.548097231402686
-17.497724894630263
-12.204071834543768
6.583504558676971
-12.153605232269161
17.492477841148343
13.171229967752318
8.481815929712816
4.199064239972415
1.9842714589525698
-8.299638644511077
15.105938507497022
5.164571251784352
9.60709826776641
13.227172980957732
13.866737032486476
2.7952620029335478
-19.833253901825923
-17.68963548172273
-7.865950649724876
2.677856692276471
-17.264175760357293
-15.4869309170696
-12.4790169526345
9.372636909857572
-7.7311271591014386
14.910252399037432
4.48965832862406
10.448842256189064
11.620230539572258
11.301113426090893
-17.83258747104331
13.906557566728807
-1.3786821161611762
-10.467029415775396
-14.903029247327808
15.543101044163691
19.40294433730596
8.480257280917407
-19.264174686556803
15.931400777429793
8.203092348974877
-14.963549908623438
16.0793850626927
0.8638337947239307
-15.725934212152342
6.629689291633788
-4.103282991359553
15.695376481107473
-4.916343431825233
13.802157832291549
-4.87853429185806
2.480920096503098
6.850311272363928
15.961099901454574
18.092607250983527
5.097130215919069
-7.585092160615963
17.552725373577672
2.6097374720369757
14.987890847966469
9.057651368508889
3.609938860690619
-9.507160501189729
-10.968390383601715
-14.633058441253839
-5.547912155138395
-13.614617710029705
-8.104290596431408
-13.628260339901331
2.7096494870423555
13.110281554059576
-1.714233120674944
-2.866652462903751
14.419772117950266
4.85048087062621
11.953887954507604
19.323858850117922
-8.093226614436823
-8.638636002196893
-13.792048694636904
9.205712951968849
-17.20284813033224
0.6603370824030605
0.4022170132433267
-1.7170829915871408
19.277305650421795
-12.57466717518108
18.154169237211242
15.000212677080405
13.090652312507196
0.9725072922407847
7.619381205395335
-9.630864188839103
0.028481005878990828
-2.2217957633702703
-5.309805045528776
11.844114518188956
2.7902546611613985
5.767856935233834
4.008148308119086
13.76798035441567
-16.06786777525029
0.23361219479380324
-9.842334177893445
-0.7436565031394906
0.8794706584367908
18.65782895253107
12.727314546918954
-9.990155885083274
3.380031012767148
-16.503617453290147
-5.436135830682872
-6.797891370562539
7.298838055408481
14.43926299166975
2.0438663998662676
-7.871498226964594
-14.832815263645113
2.439735210206454
4.29453738828898
-9.158232014725275
4.829771425125301
-1.9266623066271222
-16.046661969066015
-12.731901884891741
-13.073521573524559
16.613236415170633
-11.708288726653224
-8.280047758826248
19.512715040299014
10.369871016343524
-17.095098756264917
-17.906265267039263
13.593264247474586
-14.071533628951439
-7.278200341308416
-9.353575785271456
-0.7005268829043061
-13.274384471504387
19.048326834177182
-2.713860583271437
13.188633751792963
-9.518280050950558
-18.77866718357728
18.849781395147595
-2.201276704782515
4.412308928755518
17.866120678423336
-13.576257432528918
11.596419741715192
-5.917231055460457
-3.7131852688668623
9.346335796376213
-1.3846377883866197
-15.260250651430374
7.484025460278797
5.194183964015188
-16.0313087970751
8.87557892606359
7.228430997537831
19.844195882485593
8.612749336496197
-9.050235320259139
-15.185731863808233
14.138269268725608
-11.61705457307766
15.80035943219594
-9.800988355764622
0.5004183726793272
17.864294838618264
2.3365186857403444
2.2264110797824053
10.610278632782904
-7.319904426778262
-11.616655597941264
-2.991697278098023
8.285281601683444
-2.8044998851413148
3.5316265037985275
12.6745306298726
1.0141524660734476
9.024104108322017
-15.612633851962485
17.15271051602165
-9.821261350065807
-6.192784509307243
2.774853189023098
6.276518751286254
10.483170553179662
13.197094865924939
11.306353798328214
-0.606925016062295
-11.905665598281235
11.227344936493107
10.651657792469187
1.1082811779630042
-18.529457945308593
-17.744722443043525
-11.305510023330712
9.73655065505795
18.686354579180254
-19.775844936071834
-17.796150017381716
-0.6796907860686545
4.411375990835257
1.3532747434594583
2.6811074292273673
1.453523057960588
8.617356540594308
2.3618794408158017
10.738188336151904
-11.48530807937393
6.049810053191717
-8.08400680911265
-0.09905455263273666
14.628996368594436
-19.972785717508938
9.237406375148282
9.890169324248582
5.072765625752069
19.619904697380775
18.6844945579139
8.00078417648134
4.611679142295696
-2.1915845113515218
8.211254427728853
2.1336308891150324
12.01683544948527
6.787810753962212
3.284979660563131
17.28283894383965
-17.385813670824003
-12.807264614284804
-7.0887493482598085
-11.518496806149177
-0.5673665861045194
-8.799119737072747
-2.355441147010538
5.4323057154489085
-14.59026055656873
19.625804318638423
-15.49429832158106
0.042704128401833685
-15.431204826355298
-7.959523367403719
4.5896479751229435
-1.4818160382779944
2.178353965725112
19.98546182010861
-5.1082722949480885
7.559028254688922
6.589179760641809
7.916309354886334
-14.831076152413353
-5.441042833607636
-3.266042454762541
19.966006163878774
9.613440513622841
-17.61143835099578
-6.413416766507943
4.523890110604498
18.092175272245093
-0.18435425775340875
18.98307951177685
-14.324327760408657
4.845857032556108
3.0596554697502683
-4.5063171976368075
-13.123862279743182
-1.1619989400140298
1.2583862885626047
-17.98363043524923
9.496130332650942
-11.265901236043838
11.405961243320291
-18.578449080291307
1.6000243289721467
-10.876881285594386
6.313763837798014
10.210676818898076
-1.5034233776555652
-4.54249529488207
4.89221379357474
-10.421844200039336
-9.981247043267526
1.8567471291794462
7.302656116632441
-10.729816034034044
17.95414496526891
0.002215184989676544
-17.895398002967156
-4.771544125142428
8.175858763906664
2.635415923016353
-6.691943173553469
9.413735757636395
-2.765304647943907
-8.154621982609637
13.104837355252393
13.585088279581925
-14.315583116361985
0.8291371676403898
-8.705322356537778
3.3696836687458003
-2.4488034167721224
19.21096365067777
17.95404868414002
3.8974355294402407
15.884619927898171
5.197028780223704
5.35241160442061
0.06575523912434278
16.42375725014405
-7.577345953608878
17.649490880417027
-5.596772425709382
14.749884945235983
-9.981335052130294
3.2119357699505287
-10.32663631446976
-8.498752715826608
15.186878500944822
0.08499125038828126
-15.630479567678158
-18.38938999044011
-5.00851837176031
-2.57671457076804
1.1913885869036207
-7.430241489605077
-16.554191885968173
13.574502991230673
4.813535130730916
14.343416200945228
-13.89011717304998
-3.6212373116911394
16.72991043429426
11.430537945712189
-9.064244065175707
4.188135954781572
8.482724989091235
4.154883491425103
-3.690085533621364
-16.800260670059007
-0.14715340308109148
-4.944685519252424
-3.30978479096418
-6.787413249445429
-11.045893967927608
-18.488732877332694
-8.328710215108494
17.0413122466302
-17.07180390546709
10.722562294304833
-8.16491348990084
17.83507576664627
14.085414792629436
1.7108108195851983
8.102971230573072
-11.743253371818035
8.0774865446528
-5.229244311777489
0.9787815962014577
-13.9560178104015
8.270636636535631
0.7064291819657633
-7.468293341776434
14.276291220729576
-8.001095959680452
1.6016159837960409
-11.939614105313566
-3.225017933931934
-9.306979676840538
12.865588425192435
18.769110366704787
7.37099078194386
-16.267828988547542
11.870453358564028
-9.63549743062683
-2.082009916765383
-5.546893533372629
-14.554976014723389
0.08813054855092162
-12.859386326003701
-18.21073617808367
2.4601301087172516
-12.13047688275779
-8.209225317319087
-14.66677833993128
-8.63869179501993
6.2377797664260015
-1.9215422043851689
17.420952163122728
4.04672829614999
13.064185510967341
15.49556257796501
-6.5280246539063835
4.859422502855466
-19.68076305665578
-3.830471660843987
12.49832631780908
6.743706386939124
1.531710440436509
-5.33856674599865
-16.150716592390552
-5.766179357478736
-2.725805075879059
5.261462648637828
0.28631532879127874
-2.6242615842902772
16.36555372912884
10.125322725745608
-3.049649306877768
8.551251657875333
8.530633155521372
-2.9007793220945786
-13.018987543127958
-2.1718539644523247
2.430753837616418
-13.9194216257026
-18.163176585002773
-0.349330681566947
-3.6139273431605226
11.687235999121171
13.981434600655355
16.44799507305823
19.759927764166804
-0.4997556656830682
14.029492285666663
11.360383635263762
-19.945071844968997
3.6531701505764858
5.943018321712707
-8.791655501326133
2.1006671228896856
18.35970748809372
-0.6805848574049307
12.907625131443481
-13.130258689608333
-1.6988158457813576
0.9820342956094024
-17.48368513037271
-6.877682327826221
16.461081453233703
-11.335995315611562
15.733120547355938
-0.20742968944602325
-19.35524688318868
13.397305311948301
-14.592313257646236
10.216585397108862
6.484597753132682
-2.874197560651453
-11.275047757106229
-12.379283924223522
4.895969453446909
17.289890847693158
8.83534179730201
-8.313266624915556
-14.227126807645355
0.6397655489480378
-12.085231281681498
14.06300420055505
-12.433263909526984
1.655731461476524
17.783527931550054
14.105942673055864
-9.8542168428258
-16.109093533127478
5.3376717617313645
-14.51943146746693
10.269245557205487
5.50178303585945
15.87128772407231
8.070763119060626
13.395847331716261
7.358909191278524
-13.599527865094627
-5.770469663934739
9.355278385960286
8.854415095793236
3.350047598810079
-16.920389746534582
-2.0988549569342254
2.771441273187559
5.797056467101605
-2.3522853572813816
-16.854520842282202
8.303645995892115
12.681745505847658
-4.773987368705468
9.912900326314155
-1.6570053300988938
16.266881180044052
7.617231979401929
16.49103683351281
-16.96046005012437
2.332684763170473
3.867577447481633
-13.007417732026436
-17.34384559521434
-11.428835451703483
-16.261625873958764
12.537114187016016
5.1349317410233795
-6.920326139022993
-0.8692546296924633
14.004432493161943
-7.772048047432026
12.662738056975385
-8.670612767472466
12.24368796581058
19.560313936059465
1.565006612010663
-10.53592127974313
-9.841852708792715
0.6530457972878168
-13.256936144446897
15.197559892925398
12.234667945716488
-0.9347186474480615
18.692324582745393
2.916489427334664
19.791861356447512
12.278022609685422
1.3236754902423726
0.9476833262427391
-2.0733101136625223
11.5902730544917
-7.788413082345551
5.647833660393271
-19.181837378842985
-16.24321123469472
2.7795076377691146
-14.818860209496275
-12.637758273751519
-12.08047928897862
-7.297341347178348
12.021249705579628
9.98494084845077
8.943463199300083
7.882006577685026
2.3078365527561218
-14.60841759706116
6.367157653681691
2.1384795897287745
11.825106521279451
-14.456176595731286
-13.57392385797015
17.42089552092994
-18.60727675750875
-8.48931426577173
3.9989683741871254
13.38379335434373
-8.129467554678765
-13.000284926915846
6.833182059834144
3.18855987547024
-12.521620650408622
-19.606253950250164
-15.859820743631317
7.885071999232693
-6.033582993213313
-11.705421079435595
14.11879417332186
-3.7179919689534238
19.306994976095957
1.7225205944626794
-0.18917738416941177
-5.265002263210512
-5.03999615065926
-15.396029044543397
2.665781367499136
-4.27917925609265
-17.729575947162502
15.7121467940175
12.41125651815166
-3.461409671894174
-14.66823769247187
-3.716408419336897
10.061761987637393
-6.147408484453427
5.730986038272398
14.688391851807665
-14.00055766688308
-10.747180535735747
0.9927284493498263
-2.842453965740397
-7.365837546412045
-17.885284953088178
0.697072095693354
11.45363820289839
7.56918483452057
-10.748608980496567
2.471804919423974
-0.8491163514669431
-3.5482380172344428
-3.649266525818277
19.315390740328013
5.15469609294264
-14.882433100968232
16.888713833575125
-9.50141378477741
-0.27818993333998066
-12.134148367433877
16.10057501883501
-12.550601002117654
-6.412551915482769
-5.002499652298162
13.612383796116056
2.7706099681681096
-9.187217974457326
-18.309722618198315
5.505467920820124
-17.28196531273399
19.027349666643588
-18.759257879112546
-19.358427027099566
14.327003049883672
-0.8318730118503197
4.889164560916491
12.598719663777416
-6.5033472172133635
-4.349649724733013
-14.354935081158843
-13.153230101060856
11.258911829506335
-10.551518184531972
0.10744372412801084
-8.747003546963757
19.64978090245809
-16.16878941774612
-18.591427098581278
-2.5480394595245457
13.984771319263572
2.892145456791944
-3.942564093918051
1.7482676675068696
-0.6819935004049604
-19.35894222593148
-14.082677236606003
-11.022858974383322
6.206306606727807
-11.452923811668004
-6.454104550898316
10.170627229045284
12.09440302719893
-9.597734857075908
0.8886224361868571
19.37043531363218
18.072311227182517
-15.17107463274975
-6.961213613737938
4.5532598669466715
-6.023745948694277
19.682665014070054
-11.56230779167766
-6.268514234276186
2.823283020574614
1.0548438136726261
-3.1958142402665324
17.869221679733386
8.436262364582738
9.631843217199865
2.7988885502124816
3.1432583169194785
-4.414556264726613
-18.248581851812528
-8.704617251413937
-0.6630259279734609
19.306546993217268
10.830454731772985
15.636738126615292
-5.3513794658934
7.992071466980612
-17.889987368868546
-10.52198642783953
-8.284845091793303
14.021894935776444
7.662204686747
10.380162369194807
-1.4585865829222229
-19.63606941015275
17.198925578070885
-4.805255742901231
18.862298480625846
15.735597016635111
11.092341568938402
-7.072741536845978
13.115441643521436
-17.39248372529875
19.02201329350281
-3.6019613002464403
8.042773526592072
6.930343680336648
6.260912791776249
-3.375804518594485
19.107261501916028
0.14526783820087275
-12.011466497274021
-8.693539609031795
-11.76867758127349
1.4514987366151786
-13.495621815304935
-0.36926825218492354
-1.6409501079502853
-11.88199960928852
-15.446510807379816
9.403717905237919
19.96712906241973
-6.234734346113736
-6.559723950275259
12.005192481911273
-12.344635630092707
3.6364143275069516
6.407438971251416
1.9023000460891417
2.511208462583042
14.714483364342847
19.91178632302792
17.72892489506043
-19.138933081321063
2.5313974077508306
-3.2412914777816653
12.477052846443598
-1.153374301131418
-4.70547521595304
-12.435358052281465
6.755413090718434
-14.097471014430099
-10.854014963493576
11.350836750405673
-19.6979282046785
11.80921611205413
-4.673427850201538
-1.7771703546895026
19.762896239079602
6.094023156841331
10.4899916858983
-2.4803375867672557
13.496584098383124
5.616536816213603
3.15676405114327
-13.69490539454629
-19.90127983718527
-3.4569861975242766
8.274094357069785
-11.135515698676315
7.440174158561028
19.235585683733056
17.072372125114498
1.5777432166439773
2.0231358516943914
-1.5430500094875867
18.53188664375015
-5.2603969367755
-4.389455263683825
5.067284943617349
10.28482575666477
-14.548824143354793
16.854729226863853
-8.625602567372447
13.23275039071558
-3.477000384247802
3.911549008929253
-12.590283525157604
-2.1613278912642784
10.9107498644028
12.779746258739635
-0.3305227797966026
19.04971101542383
3.827547465571964
2.3772371438183058
15.243902276234707
6.9384928722454475
11.039390868406432
-8.224512263582188
-13.266102837392273
0.5826872737664957
2.5528623038648846
8.537151067066052
16.426886966560645
8.438982063765383
-11.0398512665409
-6.5555770630202215
0.5416605481125245
3.5234800890434244
-3.9066491826190557
-12.88882910636251
1.0375878953718498
-11.314331925616404
7.126807102422568
-9.00041772811392
8.672741738727623
19.344867265778646
15.59607827375659
-15.388323183534602
-12.975963551005467
-18.951867556952667
-0.420335880118067
-17.907638145904322
-0.28969367899656007
15.76986959026803
0.4240478222376183
3.683982690429257
-12.552292175096746
-3.5466534214781475
-9.582205517106335
-19.54946075274755
-5.994792036122099
10.66571166400636
-15.083947991368039
-7.595984362971496
0.8895651913541904
17.614110805080948
-12.824474676799147
-13.345004337862276
-18.7518608370087
-19.484809031338695
6.981686083467132
-2.6848353439181203
-11.43535813067206
-19.271087848560356
-13.98602652901471
-4.18993654234642
13.736336377247326
14.167930011449897
-2.987666434049366
8.885474542633247
-16.153322215588283
-17.67913624951804
18.65400690618931
-1.9268242376959002
-12.057040369849537
6.968588606852798
2.7097074120823663
-11.74870361114715
-3.747394990350898
2.7170684226351796
-13.107512421628531
-2.183965269581229
-2.2653929391498266
6.40798779704884
-2.955182913402222
2.976921752109021
13.348070453832023
-11.506651967868716
-2.621078181412166
-15.1879228087303
5.026225849501941
5.519886737176144
-18.22625007679529
-11.801956578727527
0.26777926504670546
3.367218516785808
-11.419278006847406
-8.058436138515264
15.523935335330307
-9.654119743568206
-17.552840983190062
-8.87906536287768
11.237105755598567
-8.506174683354644
5.704237052221703
14.970941327711756
-16.094601784826704
5.1755730579498405
8.075856182313075
-6.091580155075027
-9.396200013519573
-7.531398444083578
-15.49792387371339
10.761587861811481
-7.2059433435015166
-8.513587218726006
-1.661971874245193
-3.5700373087156336
-4.372235644839439
-8.664553095646426
-8.99221506510855
-13.979722973314841
2.80332847482655
19.866617507819086
-3.31323220636974
-2.5989689563977194
-5.941317419730709
14.272815106896878
9.982354269194534
13.227288219012642
13.979628011356255
10.482203499741626
-0.26436388371157804
-8.696542371504368
-17.218877656190084
-4.204704750820746
6.285561160495881
16.878861288688384
10.3649874218329
7.647906992109036
-4.140885997156737
2.026246407625713
-13.209832966320057
16.887194605668995
0.5104259956293724
13.480537900182057
-16.247393151752476
17.592825164776052
-8.246204500833487
-13.156592769566355
-0.35713260458072327
2.208014822486753
-8.525311506493978
17.43064275686796
18.670415915252164
-15.736051799506008
19.456944909923195
5.434717186666536
-18.849122433794957
-7.555243399231934
19.59124188041509
16.6453966302536
-16.588726204343715
-10.660215602428202
15.994055344347856
9.580144019424779
-2.0334248404307864
19.170357706754395
9.990190046463766
-9.985430647524165
7.332041036086014
17.155448340877747
7.017105997383929
-10.517369521683065
11.18319690837534
0.7653079670828866
0.10953179455869488
16.871889073316723
-18.369149040410854
12.821889114285469
11.811386878431563
9.67880828334905
-8.316669403682116
-19.153699114180274
2.4501475362474103
-13.287726978720684
-16.050180500138822
2.9864608643840107
-19.135882724641462
15.136160955901573
9.331507283204417
-6.947939873307721
7.978667494080156
-6.692621077303391
-13.836603294637268
-11.982647418302893
17.082363213462926
18.177431908479576
-8.922433318479568
-4.599880837825516
-3.070322548953417
11.689652379203558
6.218572116296343
2.876869884776198
-8.254170908943127
-12.595345650257164
6.811031395679997
-4.026845776896927
-18.14266280774512
-14.514620918695439
-4.918465395465464
4.542596594536764
12.368666921010018
-19.550237443358576
-0.10360235394831463
-13.872467080439645
15.872203214404038
-2.125156199048888
-13.81130117575057
-5.203543165293883
-8.611769073914388
-18.273182819488937
13.044510217760056
-8.666913937469989
4.491714862478634
17.15350384418653
4.557069884533732
-18.549063804106044
8.000333757939693
-16.82878980235394
13.944380812958443
4.812200586131603
16.55494262779257
4.183723567264561
-10.443226532364221
-10.289853718004087
-4.332998850795789
-5.869214455301615
-17.32264794570524
-13.570499302601009
6.786020940598231
9.908905304098127
-19.48490737995387
9.03799647559941
13.141472006858123
-3.5532114840227713
-0.3458702233932378
1.5267760484198298
1.56923293210329
2.559839052787215
19.731970125130246
16.650547639079605
-5.717405920114569
-6.7725016516128065
9.973820489792573
5.6062597441291615
3.802575449320411
-13.462106801207586
10.011098182931448
-18.578375180486894
14.382894310889974
4.22944438220652
-16.741615592251225
1.5334748767161486
2.454726670771393
15.620497458384293
19.906912414769934
-7.273103973551013
-2.900150701780092
17.801519325281433
-1.2590831665117506
15.00032777463177
-4.851812809969513
2.5183917157512354
-9.143090162029006
-2.968031373147255
-4.213971622156549
-5.793730051046753
-2.7255634610279245
-7.747406995492824
0.623567585896204
10.946320391933394
9.463591014892636
14.263150578558928
1.5141055142084703
-14.279143472081754
-16.47736568960366
6.538318646156856
6.282662564220338
6.882074912621636
10.52674727505639
2.270762972168466
-18.11939355940902
6.699840659585533
-14.506001519399398
-2.301633731627618
-14.597685893780321
-7.053678246021299
-4.311377739733677
-15.723241776331903
2.404382054717381
4.857334761564278
-13.942912190873678
-2.8191935963858548
18.388077555633117
-17.435656509733732
-11.82243963733172
-10.162738924024172
-15.956978006555392
6.9685018293770575
0.6620116083323424
1.0703088682289064
-18.410379490773426
3.6020268222690213
-7.894165200399064
-5.9827751466309245
-14.043978743019995
-2.4593029524629557
-9.753409672190006
-14.097526428113468
-13.738260210801588
-16.7507814724637
-10.057917582712776
11.02845929005634
-5.775243889439338
4.018082908268287
-19.52407559996562
-12.307956165041247
-14.713240533950271
8.987385021052514
12.337204826870277
14.565981494774583
7.807945087557371
19.19561665316901
-3.725771929198409
-2.6314814247298592
8.935970631017447
-10.654924020958706
15.173656402552702
4.472477428346664
-1.5227753191125402
15.664002514634639
11.053454003921686
-0.11374515932506313
-0.19176280897771036
-5.905204970258936
-19.897602220869498
8.406164262564229
-1.1046679439444418
12.528334578330643
-13.218453047891767
0.962811374095498
-0.695489362197069
-5.242152621044296
-12.574379607667039
3.797593615032703
-5.274388763579401
-13.657251396767482
5.4706565770290965
-15.749839509637273
0.033856227210176115
-10.975541776242522
-13.466056133514957
2.6470787605088084
-5.4498444002555235
-11.23470727793678
-18.970855083435648
0.546865975293322
12.286387846567045
2.8865208162300604
-10.1424897629024
4.851205997231588
9.211027080965756
12.155482979889243
9.526558481140903
11.117296564807184
13.294163381315187
-17.571967165295128
13.876793206483796
19.56180605858559
-10.03916688811238
18.635897344512394
-2.89146585388988
11.545381231702212
17.471712222991144
5.669366943982851
7.40304980223646
-19.06096747564256
-17.424433474808136
-9.260925919193133
-11.018704433303368
-15.24164288409597
-12.212962168499715
-9.66128020865073
-3.2831040923243577
12.742061313732222
2.6269295537177726
-4.736197555203802
9.836211786686672
6.154741979322544
4.454243704250345
-14.893694538127527
-10.748488751783448
15.354687090956695
1.7795863875474751
-1.56745205243557
-3.1544792110999182
-19.829120778553907
17.453428603364998
-3.878691138426433
7.655328539776065
16.200667987258498
-4.753354846958931
15.878410333743886
17.892444346949432
11.913772802006648
-1.7358396151055686
-1.9688037994530383
10.15510314943592
2.075625319595929
-1.3036876933802688
-19.75274852882956
-0.7297786551076939
3.6040420436907326
2.810722493497231
-16.631554632025704
-16.76138353651765
2.0019894910505123
-17.930710475930532
7.298989026095754
-12.432938585432964
19.010386460832166
10.987385577559337
14.104866187508087
14.412410894905257
-4.452807050234927
-14.877840964938006
-5.27624097238121
14.304202169540702
-6.800812494358684
19.84142864240382
-6.2621275509751015
-12.854108869326959
15.547643113206242
4.9812781609561405
17.811123802643444
-14.063641744841817
13.870229238240213
16.570505122609774
-5.774969639129651
-5.855480168352557
1.4623086298800203
-16.03560005299414
-18.119410496080075
11.289009362200847
-0.6573018666331691
9.30954099537416
-0.4792711982253124
5.611386488639809
4.896977600374353
7.891926326934637
-5.831889742614912
6.68091483277302
10.701518118987604
-0.44276565900000264
19.601045388506563
9.967670981619317
-2.742844241392447
-6.136581733212942
4.447461810169141
5.246056580636779
13.564451860355945
9.205426540017882
-10.649771411454086
-10.110934931926812
12.702407278171783
-14.716042671665939
6.522146320550188
13.286664943140892
2.7595513378576157
-10.928422020709112
-16.228052218254206
-2.502296422023825
14.268727351076251
11.287806671734796
2.238809546496313
-12.019687295808446
14.769238673037933
9.416595863073383
6.994628917668809
-16.44426000720462
-9.89662027031246
-4.309469632290925
4.243209874789766
3.9364360162424283
18.971401836279192
-6.875064372368559
14.94258185384573
-6.593606717772275
10.384210649191509
-5.237243783549852
-3.5778996032587287
5.349951320254878
10.13926982844714
4.932247318112356
3.133226000296638
15.120543798287493
-2.854773245065548
10.138067081031792
-16.404568547110244
0.412868150104309
19.69960843889347
-17.0070050435231
-13.629050548169142
18.210787443438235
-17.037369169033504
15.988363029466228
18.836864775284894
14.849553688991762
5.680356340053084
-12.698943448077952
-8.951150833741144
-19.923573072654364
-2.3642843300940726
-8.04645135287637
4.127076673916651
4.2311600264502935
4.390712124249539
-13.193126682655748
-13.523757501239961
7.40417517195031
-16.146969819096867
6.470281865303335
2.3244763249767786
16.371888390945784
-16.162322953603155
-11.402676140268087
11.447279584994266
-2.0327488869961385
-17.112516612109342
15.507898803753008
-14.775525179780495
17.601693787736764
10.470783042736173
10.461935379916554
9.667243881562293
-15.04058930719319
-19.70218129871954
2.9391573443460075
0.7969252362094181
3.918197100078551
-6.0859657917163545
-16.584126590846488
11.018921554905887
-14.006939105454222
3.578656417612443
7.776035312076978
13.305392545959933
-10.0206951593111
-10.730978169534415
7.849306297688493
-7.745379094687571
-4.887684536263418
10.6098999347881
16.14380591598168
-9.499033800858584
5.097150073567555
9.211292389055721
-16.045172228748207
13.063412069869266
19.59225670580056
4.5948818660679045
-12.15081960440909
5.234027584025185
9.16673902423781
-15.143527470816768
2.9776401245797643
1.1814644677636679
11.768211336253309
-13.574913620866251
15.066815340973918
-11.521900833617513
7.630723169609421
-12.776726340105778
-13.534388650283624
2.173561075979439
-16.240941627935236
17.188283953154347
-11.41601906567117
-2.1989232371345935
11.897100267606334
2.5229316607158765
-7.097446018219937
-16.50176467726839
12.14689393189613
-1.4753368372948295
-13.890168201214866
-18.874439693182975
19.50253538719859
-2.1877441055046347
-11.716431981120685
-19.36199049863938
-12.344227566810261
12.898560984793463
13.181703512540075
11.971129297752388
-14.482437051552978
-4.757171147894258
-17.251679351135905
-9.257418468467877
-13.713404282663667
13.738731710226986
-13.905687520001146
8.870896780501965
1.3242346135792218
1.903967765016791
1.6009267247278132
2.312970504273828
11.173583062505948
-5.972802366003926
16.524028846624013
17.577889284973132
-0.1682651652320608
-2.855216946355874
11.834008915634215
-15.938536268094033
3.391314322214484
18.98922154970567
-6.580695404545613
1.9801383676662851
-17.271506145740023
10.350942433320771
2.9318130547898775
-18.96671416275256
18.174278239348254
-7.456985603216548
16.51176502743207
-13.481541958492084
17.215392571121207
-0.8416398832141212
17.800899785667305
10.154222478170883
-17.03342170331375
11.634628610272678
8.465073148719284
-16.8286972973775
-4.1112603928653755
11.292390416607041
12.14363445371066
12.249663213207818
17.297715550673274
-13.141461389139856
12.00315388812912
18.174757519387065
-19.651963841632035
0.2877487549257829
-2.557754283192221
8.760774709956678
-3.4818687094028036
-0.07309088795354413
8.973725883576297
4.5275027900376585
16.99596629758159
-18.30173104838462
10.421022476151613
1.6693615932165429
7.0398547366886035
17.388034335923464
-4.615201972969864
17.300202754726264
-1.919204536417741
-18.384052934481584
-12.175297772677132
-9.433776610670218
16.682580009045218
6.261534559777566
-8.229823572062411
-5.238105120269481
7.959317061287354
6.902741133376349
-0.08841502285071101
-7.054254028178626
5.471454549559862
10.643443788385845
12.336609720505443
3.444597092151625
8.293046489008248
-9.972451872845696
19.82202062224316
-3.031332871048047
14.389515665275859
5.71649415953118
1.9217371265595062
11.65630190335807
-17.990902451215952
10.788320201539602
5.2296837195024715
9.534973166530179
-18.173652423214804
-6.047738289052882
-13.107233126002233
14.877531442011467
13.90907627408943
-0.43730514462563974
-2.5102897576124974
11.801280176907504
16.51163244089546
6.907197917901328
-10.875644084972468
-1.346532128157527
-3.733070504363731
-6.212504939050959
6.156799397301988
7.089318036732784
7.336972460462373
-18.28723738585872
-8.111210480089866
9.571545337916522
-12.19058752949186
-14.223764913332758
17.951863538859357
-10.841179627635228
7.621512075099229
17.021891743552892
-9.111276614757898
-18.99846963786966
-10.465589628149296
4.077936322703195
-7.862534259282544
-15.937704824731123
-19.63155069762027
-3.288094921346886
-0.02784375254439908
11.849922418824153
-1.5624752363891439
-17.554445686536656
-16.525036085743743
6.523708190210634
5.483613745075836
-5.971066242165769
-2.5779173966152555
-14.63656508465978
-13.055999576756307
-17.263808849694456
18.562763792825436
-6.232552422972368
11.699668441566523
-5.262886612179955
12.510581398264314
-3.70380938084951
-4.496392030472096
6.997892651915517
-17.870813874461223
-1.5325738725896834
-16.220754131856864
-18.5659490619045
3.743699987169734
19.13065750747063
7.066723312385751
-16.845987595653146
12.58665497238455
1.46960084812617
1.5189014932930647
-10.480197959241382
-8.70363869309815
-2.333381048628496
-11.340409930182322
15.073645373110672
-10.374562947492777
18.450790744171776
-10.301873996702344
-10.376367581104784
15.348969583094899
-6.363633488943151
-5.567108311481416
-19.386048573853564
18.703002289136123
4.391102202057514
4.235075445097149
18.394514230630122
13.018231180794928
-17.443413238709375
7.117350515719927
7.766670116767216
-6.760351293089242
-2.38662814919347
-8.936034645303108
19.5918922734607
-19.45738168744663
-7.557214123166535
7.084284803807623
-1.2852056595010488
5.420949599382915
16.43686819029716
-18.492185057111428
-12.807005374821706
11.106880459262435
-13.970191909431007
13.597267462891296
4.622008409399122
16.14779902561262
-4.210445846880674
12.06868676222659
17.41522329062994
-2.2115149157469958
16.557071655986306
-15.995882326378066
13.20323624306208
-14.799320490827599
6.021417274434192
-7.296925479695959
10.631748159711925
10.164288630041447
10.811818880660887
-17.87791540476551
-4.963885434511548
-11.106776681747
11.76682969297039
-12.811584957133547
13.186202222734558
1.054319412191191
-5.465858050196415
-8.216662412922142
12.03095112776176
2.6162711842626827
7.3429990525776745
0.95642918403464
-5.871641183557799
17.274104076326076
-17.80718865131996
-11.538431996894918
8.494294707893332
-12.357641615497425
-1.657356821728719
-3.5345301356433225
-10.306780950831405
12.65491354784568
3.7909746474117583
15.017970599303418
-17.0993687643951
14.382028485699784
3.231170958674653
-13.40949291173239
-18.453752205192036
13.18513472289898
-0.3279954155345557
-12.991284003789897
-19.89794161886223
-9.151147272566625
18.826902275377947
-3.827140613440587
-9.520906607126932
-7.009439314155529
7.7854984434903045
13.504048494772015
-19.06383204585557
9.626388906693101
13.415144260573733
15.935916505238936
-2.0591890276086104
2.750610644569935
5.790895809918254
4.760771588614897
15.126638575625435
-13.69646920929199
10.91032521729504
15.320014677327642
1.0290179321883208
-14.177619994461509
12.849954356679753
11.329690706399806
-5.973677372520182
0.6812700489491306
14.29937378429159
14.690006188063151
5.630806689303501
6.588778674586813
12.9259567936706
-12.539095576917818
14.904981213832421
-6.297920634169989
-14.524504514070085
15.395317509169644
19.696697761597918
-14.265898570228433
-10.224788963247375
-18.14173345368417
7.378822723862992
-3.808023404420915
10.148593558583112
11.283575362980823
14.241263502573453
-8.205891225175336
0.8851374183051561
14.520751364491453
16.73009295344241
-1.76489793695648
4.278467378345194
12.60220657779896
11.601626134714728
6.65629502368143
17.48996341715894
-3.1820790405642683
2.341735007884573
6.061147884119926
-3.412437746775616
15.701143396793626
-1.812990957395705
-7.1258976562278065
-4.104428505086059
-9.560673902446704
0.47376029805953834
5.015780873921138
-3.42634644347833
19.14415539813254
-10.396179900067054
14.2859926887919
-13.36807228567833
6.8414716398860165
-6.994057617001626
-15.220481245147965
-3.4153906106058294
-0.8826334006119971
-10.97588414032758
-6.7748923482688905
6.354304238332141
-19.01262893619958
6.485495632712123
-13.667118326268707
-10.792683088352257
14.255752276733503
14.228806722734099
11.457862221913231
2.7044544303294806
-11.77407786899101
9.365171276952424
7.202179689012667
7.561868759278351
-14.671292251007063
8.810566613090348
-7.475814454689068
15.819224079970624
19.200674389835783
-12.769849640643214
-9.280924532444935
-10.313127173855845
-17.416357535473033
-11.529764691236949
19.643844742768366
-13.056044142565305
-3.7162438060285083
-18.747949250392217
-4.117963017281397
3.5462292478003334
-3.331644302167817
-8.820388700961605
-11.62071830569257
-3.0063749394346004
-12.799398149316943
-4.588114337337341
-14.452467798245937
-3.938605633234161
-17.150411996012313
-14.984497074376621
-3.689443318064278
-3.0138224308438595
-16.706971175536065
13.189923724291447
11.098262969247251
-12.091281101141371
3.2837237638802073
-0.9441761951361904
6.851384089799225
9.516456060694814
15.01707895205265
18.730889255772738
13.842578086835815
-3.7811206822546453
-4.793939907102377
2.8001048946658074
14.112983607600775
9.636466375268999
-1.8757466599205515
-10.211492160137539
-7.162675474844873
1.3929465047729863
-5.992814448033252
8.64537968690734
-12.716152178490532
18.98116420781608
16.427541117938276
3.4360500518275927
18.223219015034083
-19.481327854684913
8.75590669072811
-11.79515401762561
-13.06412659907064
-19.558744738538337
-0.8244700640206375
-10.704518374953867
-10.753694949406917
-5.941573202641962
-16.024348423714777
-16.379575594488553
12.275058584004881
-9.886797987371763
-9.242119332894827
2.4450524526696746
-14.629233498931002
12.31553259675347
3.32965691495561
11.661964874612892
2.560161522423492
-13.038892264288751
2.1120435192796094
13.630249609835381
-10.101346094365521
-12.686447396550339
6.209108210804338
-13.612878842281058
-18.315343446833175
10.84477985888407
19.391399143994335
-11.392618954711885
17.402785138749884
7.299844429154575
15.233951736887406
3.315609528140371
2.813368777354391
8.418283552799792
12.190150916231595
15.533493453102196
16.73662305027512
-6.117577415329464
-4.2417010174223435
19.706995938558833
17.75493350847841
17.41904212467282
11.6212358262947
6.664843721365639
-19.55390466262966
11.877958177855131
3.7475741378169474
-11.803928443080043
1.3949402461753948
4.293628077545314
-19.398462855657144
4.55559255548016
-12.74345231822866
-1.4399296946773745
4.741510491413827
1.0171430809299906
-6.5826113402942035
12.86441729548487
10.568083124427051
-4.159091989883223
-18.120012883784973
-5.66736956502079
18.734377486543764
-9.998140711147695
-18.787836335492404
11.613600738311348
-2.9827713075501023
-7.095883988062205
-4.365365125744907
0.539240342381305
19.52213429458486
18.75704004440412
15.638092617272378
-13.951509176906352
16.628773450026742
-15.349766375850287
9.370662077977528
-10.182520665951508
-4.695924835900662
-6.791007409562106
-14.751239444794946
-3.8933331264743387
17.424557434846825
-7.194245827262261
-2.6781196062491475
19.94926947411787
14.903491892707478
5.212157423131206
7.093475272491556
9.420046456118992
14.172825364110913
-2.826910507976482
13.469180513055832
-5.887425240677802
1.5779851421499735
0.1495183919841061
6.5332198003398645
-7.398398664138597
9.445426243648875
-16.766552165828877
-9.919370843880042
17.01757397596984
7.096421786940962
-14.159878468590454
5.114084173773378
-13.430961047360181
4.719471627398917
-11.540941775856748
-16.73828965479421
-19.80859427310355
12.989521083415433
7.9567639377430055
18.19984993817731
17.80917708587836
19.266584457879993
-3.179747161677433
-8.736651462037429
-6.734055502470806
-6.940657807347925
2.680988846483668
18.43017516478787
-9.266009044857014
-14.820053292347314
18.409310951583976
-8.737655415671174
-7.826097924349851
15.429406663970965
16.89633527611823
15.012352708219673
-13.195925071257442
14.05048968492914
2.981552806707146
3.7300905390810826
-3.2858140632089317
-6.920878306451357
-19.340135810133788
-12.110053281961154
-13.002286609842436
-16.599307551214313
-5.8432633840470505
-0.35581127905675203
11.675552539920368
-13.151400577194249
-16.429794949048116
19.121450705297
8.962226248991595
-13.614523929215622
2.994702871506668
-5.15235342658892
-8.024522243461604
13.596882558540308
15.305462625648552
15.79366808546311
8.001998274350932
-15.462738336568641
-4.650756521919055
10.813153132151285
-16.8126193981023
-10.304006191609684
-4.432569227064164
-2.434168518083901
19.164033896932857
10.510155198525535
14.70511699617105
15.793732537594728
16.048585968862
3.165634919132284
-4.233677967378453
-7.35809176652111
-12.513790417758743
-18.800058507230606
-2.429291250662313
-3.0806550233904737
3.2958054850108844
8.559922893824545
13.603601625713331
10.896396774841747
17.4205398783404
10.37926684368372
9.518449807502684
12.295028636024824
-11.082633036588474
9.537486596734666
2.6789897020816476
-16.705773579970646
6.406365695509297
-5.444597737962091
19.86508557467873
11.649474677786351
12.43003704942091
-10.518460801453573
9.36561690320612
2.5966541486423793
5.301036063976753
-9.030880663311901
8.00338213539625
-13.593888560494637
-17.031427352344505
6.21929720713506
9.103603979000397
14.108751249035947
-7.57225053490567
10.90595412206159
-3.57998873640879
8.260991216498624
12.719056398611976
-1.1547017846228123
14.868445506358398
-2.3861631001474493
-0.2763311889637343
19.21444079301952
-8.491480167550986
-16.753660185319458
12.804104259877327
-16.242148504195896
17.015200836768315
2.818252475956381
-11.329968318759143
9.824094809432253
-3.7496063441574243
-14.661403902198291
-17.126643820079646
15.078190373831234
18.88878178986706
17.737204757185864
4.515364222343145
14.239780901619213
15.71390268233506
-19.409588235926943
-14.645480833920526
-17.515027386067864
1.3797936398858894
10.207742439762214
16.770584581435855
6.1995138100593685
0.4691201395634259
16.149856404543257
-11.620945918429491
15.888234691734525
18.521618812079666
-3.1034110226820566
-2.5858479923444193
10.079348154349876
1.655438417234521
-2.6120452869726343
6.84284609953362
-3.2540574712312775
-11.712003026537353
15.803974476005507
-7.787451990744664
10.30608393436685
-4.260003064686465
7.707887801644251
-9.657153412750077
11.713973061298418
-4.219672754974786
5.407534706516213
1.9782599180957838
19.795118650311792
-7.839882413150278
-2.7689264915505447
-6.350710850808813
17.322797472812837
-4.610404999047407
-3.370282763480816
-11.353751549214234
9.518386873956683
-5.856152741974006
17.237721117239616
-4.180460993844353
-17.836682568062198
12.201554251880324
-1.2013730977319135
11.237524808342314
13.179785700892616
-13.972090972125857
19.64384105577097
11.338229750582943
11.620756615458909
0.31991098019491204
-15.991573960636142
8.911590993599646
-19.18907242781563
8.043880343134347
7.908061425442284
5.142959029651465
-17.622921528234908
-2.995850331716653
-7.173246531762798
0.8699087861198684
-14.95694511874381
-16.26336366760291
-7.132463634808008
2.9731223620849043
14.957551080083974
-5.060342369460713
4.685954151036846
-11.896529119724292
1.2552245880057988
-4.456155766723677
-16.409066650655298
4.636053037727287
-15.925889214284176
-0.08695878108490973
3.476373216989664
8.189700877942148
-17.932418312435363
12.136733095921656
4.187446389058142
3.4952723456682158
5.157551273937756
-19.162166553830893
6.591595730225848
2.3888576688491483
-15.509370031584986
11.608173944986508
-9.129242855170009
10.61762731229528
5.995565808708573
-5.011670038831566
10.168045520738605
0.6452586290995015
-7.440739219022348
-17.418157357953422
5.016795856681107
15.662417420136137
9.228663273238048
7.5715153376465985
19.464591468760744
11.303839593723698
-11.049224690129185
7.875496525138136
-1.1261194827590195
-13.94276145678123
6.896381703511235
6.842064138138191
-1.8174047835811358
-6.490035992901575
10.998332284302386
6.19627429278777
-0.4766735096064352
11.677170775131277
12.241747903308237
2.026861572034573
-15.824443965946923
16.19497862798783
8.99984088014762
-0.12490290812740312
10.045556143803967
-2.6542875979631333
-13.120782255455282
-9.654419283156539
-1.529415030248522
-9.961200450545661
8.444679355466285
-12.369579479451374
-4.419228542511608
6.464352662311544
12.730190857109648
0.8550873669353223
-11.57093943524056
8.729268514672302
16.999742300810993
-6.043472057983021
14.704719609055324
-6.458444194818597
12.472267000059901
-12.47186174030098
-1.3720687068090918
8.873067963356796
-16.924976534868897
-15.086021790845319
-12.61536178716594
-18.16994364241782
-15.50998427860868
-4.827378409736349
-17.913055463836734
18.45126120714653
-6.529802868077255
2.666947508031086
-5.410444329810318
-8.721326299704252
7.9476282083232945
-13.301966112067456
-13.58306147961207
-1.821889017773067
-17.17360662721987
-9.455442644671166
3.124017168491182
9.209683327101917
8.024970084509476
-2.2451097855441375
-10.015041787096944
-7.2500116556937435
19.46079213146782
-0.6661423608723993
-13.675709095655986
-2.156047360678599
-15.784382519353848
9.867731699021483
12.360315643005329
-8.104198515387653
-2.339800067684884
-18.649474989864665
3.3764056309888417
15.239225292902155
-17.508738445143962
2.4221544981081244
-17.058262039450707
-17.63993252417353
17.879192820695778
-13.975451962365938
10.832800698073907
-14.777096715614384
9.894009635560757
-6.658120917701588
-19.582783765208678
4.690196118786712
3.174687622625786
-19.411446994945997
1.8702804542869202
-12.69670633049949
-3.6647879410551027
6.979674571866489
-14.474277038046646
4.583981468430601
5.0481694124255405
-6.868780614949937
10.803461620574812
-12.574562641498241
-18.66978716354366
-9.429700950211334
-11.039853710917736
1.4114557498897007
-7.869418434695778
-0.9842190383054472
4.931940546609177
-17.676863262640797
4.883046673338892
6.503073181644595
-13.211857071706792
13.369679227881548
-7.3304852760866535
-5.071607914075029
9.275486996501723
6.372355165174618
18.75127859308951
-4.473103960530986
18.08942648884782
-0.466426502112796
16.321454299453947
14.958472609235614
-17.848661094368477
10.038013349242114
-0.34189018492325474
19.265514155142725
-4.001716093344001
16.959211190636147
-15.191956173181783
-12.980510916928413
0.14731068417093596
2.9021408061960443
11.159258077641148
9.463048965413918
-16.247865377581068
7.0020377127404885
18.33543882269526
6.215401000356291
-4.96904559502163
-5.931487081988006
-17.907762099773322
18.255911741330728
-19.893097138840204
-1.4667497750418619
16.982625449990223
-13.311058903875153
0.17781301212416523
19.472092657409505
5.850336787639559
-1.2741068642427713
9.119808088454665
-18.281023457402412
-11.512815928601242
4.138251815868614
-18.264103802710885
14.415709863072962
16.440470809314803
2.2493487858839636
14.40978233667299
-9.778171778377187
-8.486625638874475
-9.387736590097528
0.02186924475894969
17.23781135488946
2.824014713874309
10.77531305544888
-17.103986502355546
-19.610504536035403
-1.016480419649639
17.6336799001501
-8.449414153626481
-4.300199724860976
-2.2236676385848284
-4.8743203620533215
-16.96192823134307
3.6908446648967086
1.9359610696392728
-11.609569577140713
-14.139314687644582
-5.5900279295680875
-17.39532177972027
11.853947724605366
-15.515571123672501
1.6377099655702807
11.528974714545164
-19.67581711621973
10.737569890231647
-7.649680602992044
14.126262808149043
0.11866360077809901
19.134473115374874
12.522397317339319
-13.43952012869805
8.177561269361348
7.840766332368357
-2.956582994940213
-6.479053667631796
-1.8569561398043355
4.316890490817752
-11.605356067813574
17.75217910266352
15.576026647689446
-3.1631948312476297
-2.575211841360474
13.981100647485505
0.19315174026118953
7.461386432769153
3.9613164214949776
-11.846294719019642
13.912222873277727
-8.981313858081478
14.127952794604376
-1.300431674455723
-19.96333965486818
-11.789964642662802
-19.90501405588756
11.72831213727422
-10.140558333209864
9.853475531155816
-8.138620299022975
-11.69146967599335
2.3023807695419585
1.907432143323689
18.285744334228852
-12.516755058615225
10.330586101047842
15.543601483123616
-17.26734481883803
-4.087338360714128
16.4105622383181
-4.08972508862778
6.490452384391247
11.342767979320104
7.648610530400383
-7.4730371692685935
-10.137195963807057
-2.295045291041898
4.161722498101209
-3.680648592237411
10.132542132229432
-1.7262696320861792
-13.974434039310912
-8.935682245611138
14.4714271475112
-18.35299578310724
9.72893598260346
9.962505043159119
1.1324496370915966
2.924257403314293
9.862728202969464
-10.331506272644946
9.535552161591035
4.561023334266871
-10.412230178269786
6.409530296102133
5.8379909560786025
9.565554250455342
13.630544196328891
-5.47079388175999
14.080281971779236
9.080000708579902
4.8374659287180535
10.339544604646662
19.548940169642037
-1.589279209268021
-0.2765336090701851
18.536697472083503
-9.517545238618972
-3.8046785056518537
6.000961365024597
9.378558761551396
-1.0980337353323364
18.547298496885972
-1.2420242820705027
-6.7055586149083535
-10.407940800352588
-19.18884595285659
19.41702348982237
18.11900287267988
-14.124075698097673
-0.7306464833210313
6.226450732793154
3.4463522435261424
2.3258209685894755
17.157804982096046
-11.467094607199154
-12.042179595215345
10.048922433232494
7.191527304237454
-17.565768431942722
-0.37237624566905225
11.707549993077258
-16.088777443706324
5.000185358614537
-2.2364023469369414
-14.302852726931787
-14.447035804744765
6.306230228374893
-7.609234778317756
-0.6202244379330288
-18.4651450546647
-5.295553500019775
-19.709575630129596
11.034871782483123
-5.855768415215824
3.595514811774308
9.260962156409587
-8.132016396245634
17.080176153090747
-5.582849777263492
19.061284175989208
-5.533491453937502
0.630031848585606
1.9613232402178582
-10.662986924439771
7.261911096242294
-3.5451971463769283
0.9750309124772905
13.801503486317195
9.880227196572374
-6.941472526890546
-14.169191937926087
-7.055467890872409
-15.731053731083033
2.6258674093706844
0.6898548459436817
-2.9917169402255297
-11.739504173630788
14.421494879889487
-4.367429849232959
11.991256400458397
-2.337638236495934
-19.923492677199587
-10.941192474093686
7.487146193334368
17.861655468432915
-18.855342683573536
-18.207737992355597
-12.833925457260396
-14.634052174874967
0.022420312927629027
-3.7170429265080998
15.121201715560431
13.878046369728338
-18.310912743233644
15.50905297643326
12.732256206355189
-10.456371313921622
0.2666588501515612
17.144591657472134
15.721099963480057
-16.539549210946394
3.6633120032715425
-2.9400450601401253
-16.49528954480074
-19.668256120314883
15.128718104251291
14.130167243557992
-18.079604786844122
-6.868087382236986
-1.059949818456225
-8.78608192446543
4.213101009575155
12.367735656801905
6.133724992417093
-1.8043757322879586
17.774118754218996
4.2719185729215035
10.925247556570422
18.212736814855667
-8.647472583389536
-19.50253490293059
-8.057976450487537
14.670210433759124
-14.85950940330211
13.752773592655544
-16.21632272265944
19.314736004107523
19.40917098224817
-1.6221001355370106
-13.335705913404006
-14.314165930485125
-11.924727417617248
-17.732014686684643
2.1614514379084824
18.052632694465835
1.7320657002870519
-13.077189819439523
15.324864288056986
1.8545825946327525
8.232865647109257
-16.935591883616855
-5.733445538263995
-6.056076918402059
-15.765073107304923
-0.12153424609931562
-16.217488470137823
-7.947386795844299
-11.012276443008467
6.672896996820043
14.589560065114938
14.219368867308027
10.291236242564263
6.635985709783153
0.1576979540654797
16.75246538068712
19.292325750117875
-4.4739279143168
15.559915384929702
-0.29778079545643266
-18.841056425444194
-11.368658882104551
9.803436315676663
5.641430128913143
-15.213092886750177
0.7369430857418209
1.6243953895309602
-16.574447270267484
3.427873079050684
-2.8832461826982936
-8.061542421711989
19.651421866911804
17.86297337051709
-5.6902594501420865
-10.296452977794917
-19.84706544663507
-12.572437879521598
10.845829137222346
-8.583900831506845
10.886452771290969
8.100553192174878
9.76392311736333
-19.317960296421028
12.636416207847226
-10.631945282036042
17.03957697738619
-3.304001706268661
6.41875179575721
8.233150590591357
2.1908747212284787
-13.774450097945628
-6.665824989202882
-6.169572497033894
14.971461585659348
-4.216440861537031
4.6836891789492014
-8.600654604465543
-5.361235929189521
-8.08361277021059
-2.6764680270580072
17.85467615366702
11.356821893796067
-7.339222433862979
15.581633942989484
-16.67219420150909
-19.93188276370993
2.7941475800399544
-6.026046742229468
8.758573380137996
10.915037905987134
-14.497189262497878
2.257728865071826
-14.087259334081388
-6.0196546158483155
0.8607493643951685
19.905864354319334
-14.795585168392623
15.336292523289494
18.24510284339378
3.9111628542884738
-10.773166549305579
-8.16289231200857
-3.837377688369994
4.798737957325123
17.33772543182822
-19.38938763267206
-13.649785056289975
-7.6656389153866655
-18.06536814501792
-17.563489014034385
1.2251790816614694
-5.094023688784581
-12.95551774232691
14.132740447643812
-18.06673913241528
-7.54158242413844
-18.701987291621545
-5.685831465884137
-7.415187638094679
-12.667351837094486
-6.740871944632643
-19.697284201232932
9.738757237429219
-4.174215199757798
-17.78991799979508
4.7412575761286675
-0.13178288341887878
-3.523762118603173
-14.381619567639166
11.16994955590226
2.6433018186560666
8.618559878243012
8.568048993266121
-1.7465408447208297
17.33202726295886
-2.164484681403323
-14.093256811728114
-11.038468506323076
-9.654907765929783
-10.843539773147377
-16.895888227076945
18.88617623662639
-10.61254036555157
-12.006777714984057
2.9305466327613097
-10.137184694774323
-17.216185728834613
3.3568142419454787
13.481042629864724
8.495012005307348
18.736997836776162
-2.6558048664867755
-8.534013259248287
-7.514432578517315
1.2402980350565969
-9.54366846024158
-16.643486025017662
-9.060325754226612
-2.761211912844729
-18.19482083746436
4.285916773902748
17.993291661620326
8.31039700577788
-19.232617925048242
12.044520973295107
-7.2763715547653085
-2.6572297679226224
8.948108394764262
-0.8428246878179948
-15.51230427957982
15.626895771728819
6.11078976595288
-3.9633045002751253
19.15348304487317
16.637287844247254
8.371230882472695
-8.236341013108447
5.859277114120598
6.673115191161443
0.007767740159557945
-11.222131247558472
-0.45282784509780427
-5.543883241933436
8.45900415274776
10.048321518735666
-1.9127023783371975
6.911554020193837
-4.724397818199586
8.402441675477135
-14.337288364606987
1.955340510534441
-4.136354825376918
-14.776395234827472
-14.238528684550268
9.50428750888113
4.233233104221675
12.394033632445215
-6.096432998097306
17.593905492248844
8.612054656058845
-4.617361962328053
-17.91687195443255
9.004210030222811
-2.4628383333553145
19.0147298170409
-10.523287944035795
3.4463722131660433
-17.277734088584698
13.74485433734273
-7.958786065110104
-1.08195247623458
8.064096200903737
10.60361861196742
7.7790147644239305
-8.552850419692444
-10.188451321123985
-1.7372461421259828
10.36288391135578
-18.34346114472364
7.993167980072382
-15.4878081673813
-11.017435205021563
-14.509530817690678
-13.131164045972108
3.6229522400164385
5.517118505297738
15.363187067736192
6.506559095135419
-17.230427485088093
16.108098627070788
-10.218547770672535
0.8528005314096916
5.498886736406902
11.95054346150496
-2.509886643115923
4.542746622980587
-8.499719645468833
10.602892202431569
-7.827506105919664
16.481853532979905
7.310941511942808
-0.6369932984775772
10.296660446464795
1.187911254315111
-11.466774735385865
9.244152984012732
2.36574960652948
-16.510356354506136
-5.339671979904921
-8.81170077809077
-6.303806679955475
-2.2941236884444507
3.4507361695227736
-4.79021554511788
2.097000674759517
5.975918049450954
17.117646430929582
-11.929737474082627
-5.236801166657049
-4.302688281052106
-11.30017431526487
-11.860503529629401
-3.5784002077305708
-11.43415620211115
1.646750793185511
4.718872729628217
-17.894501886774748
11.271107990277148
-9.397888836130495
18.454689688410085
12.110560173785643
7.2108621966275095
6.837198423197698
2.1944813832071794
-0.35150663476680677
13.105345687065054
-6.104591679050477
-12.515204467347903
-14.759071871146524
-17.719588495763
-13.676922652339186
11.703771422778946
-17.734139837104685
-6.409884208547712
4.292635719308802
15.87280423030981
9.827068287130068
-5.9733177986940955
-14.81186542495195
-11.07812835567838
-4.79687727911227
-15.354692057136692
-8.361847757119607
-8.586574799153372
-6.326168212961271
19.702628505101075
-18.322437601781072
-8.262888943643611
-16.4089815217382
9.998977809575361
-6.315459085471296
-11.223027125764693
-1.2053447738104808
17.848831485051868
5.865431443080482
15.7438439737127
18.072665210740475
19.063830911076366
-1.5919379646758358
3.4559918434457693
14.173304818107852
-10.99018840393715
6.202125378435348
-2.9483692385000495
-14.48723638357329
16.580352915155885
15.999512633424054
-3.528180049259607
-8.896685103442582
-14.715510020050257
-16.96274778600593
-17.684382527207024
6.896111277638859
-16.56065811130921
-17.06983914427559
11.593448039662697
2.8407816899693152
-8.295427824528678
14.10214851013128
-5.730422902970652
-0.47216435119331734
7.869034161635959
-7.527595916528803
-15.515697603803527
19.771089594010903
7.257897615458898
6.475177548534717
-2.091559255971582
8.263205928057474
4.466871225414842
17.932601082696735
-9.631913045559886
-14.33381873801968
5.491913541729453
0.6608942630058365
-15.835005374186913
9.981295684338292
17.789248223082808
-9.434012680158276
-17.774145223423332
9.007805667810253
19.359663586203304
-16.564576167669863
-5.694495949868523
16.481597146399608
15.110084017479267
-11.974976854038552
3.8726461345685053
-8.920571196187348
15.557458191269674
13.978974217555582
4.079019565442863
-2.0642282392497826
19.856439315856434
-2.5523988593061233
-16.50908216965499
-5.8793932881355495
7.238731135852522
18.946770089412645
19.485375959885268
-6.087757789214599
9.067881636855994
-14.851511515715035
-5.298423355571057
-18.464467862234933
-3.660104392480214
3.0584187657698614
-15.34308829635043
5.177419585720759
1.030879211568653
8.773586445726757
-2.316671874725742
-0.18266956199069284
-10.020438950763634
4.616196229070873
8.39281977070393
-10.232857594772042
5.342339434755168
-8.191819357656861
11.784330321595831
6.349401037597815
16.8466840159374
0.6676905743481925
10.951584036364821
4.1308773735573965
-4.480392904275469
18.13615611681645
-9.717443764807268
-10.17498361209006
-12.669456669447818
-0.21502067582543916
7.051535643164822
11.049670077547997
4.811945154412982
-10.70282915297453
-5.075405055917365
-14.632735390124072
-13.80989689331634
15.980284223984512
12.377393958214135
-4.0442479974463055
12.457346122476743
15.29937224897487
13.272530482138578
14.897404479845427
6.441343767810189
2.6691530258902034
11.455309069255136
12.276569284507616
-8.486805416567895
19.97260023855717
18.113914909687132
7.898196939737918
-14.823471725277884
16.927174350989354
15.427005473046293
-8.220491391960913
7.923434910860809
-19.985426571388345
-4.628379831730873
-15.992425971560223
-8.65677649441951
19.743032395550564
-4.538728707552755
1.7230846138119773
-16.46743120065529
-14.776783310541726
0.5907560977404742
-0.33857923593478745
14.692380714636727
9.614073229681605
-6.264301771237687
-16.64238969461149
0.8588099594906922
15.740662295798984
18.873882210340646
5.342363142417614
19.156927171513942
14.670869057328943
-12.79126371331381
-5.402253973627907
10.308041518460634
15.91753907780722
-16.703513899167667
8.10717098093598
-16.18247393230181
-9.781515174315691
-12.989343698025241
4.683750563046878
-3.377346196992267
-6.44546287652128
0.8805785441558527
7.490252258442119
-2.12064826287979
0.8047720729787571
-19.480832490780887
15.885885613235764
-5.516139913525851
17.066961470121342
2.6842663103240696
-5.572627188643025
15.581846735000028
0.2925490618268114
-7.581878057399138
14.328603460369862
9.863024576563689
2.97859182772957
14.050184800070895
-19.783085840390385
18.876782197862894
19.424572751582616
-19.766610654654727
-16.84565979758343
4.294142758707498
-17.522565493702462
13.233957896194283
14.024804065628068
16.59716897332992
8.686861495271259
3.7274920210110807
-18.644324763814126
19.45184035787618
-3.5701722949645855
-7.098768498544956
16.931901601158415
16.957798668073366
12.446592715442904
-14.373877094292219
-12.571586703220024
-2.188854682982363
-8.461066812980626
-15.470055893422167
-2.784808856375026
11.826179366367704
-12.360384134735828
-6.2276295583536
12.53695768772603
-18.27133950796414
2.260087795024475
-5.633965425576335
-9.18768366329125
-17.76780067734692
-15.327402750785826
-2.659177828878093
17.883361962365825
0.9526609194966369
14.725311442535371
-8.14815087685604
2.4786950574420032
4.164923729662991
-8.964994417484338
-16.13865181778827
-6.044997899318204
15.611977996581452
9.046536555061948
-8.365249310846416
-8.656359589470387
9.482508083739294
-18.411724107700653
15.047740714667754
19.84783165638109
16.141269148845474
15.261021568364981
16.13607006574386
-18.249822748194106
16.874727124795385
-15.62584491619987
0.5174909010630984
-15.199477242192327
3.2536886945357857
-1.3660579764972347
-16.64123702271648
-17.422310938576736
9.979840341304556
7.925059263750946
-14.308138316590536
17.443045740546623
-16.915969112070215
19.613660067696962
-14.619714400722073
2.426833720813857
17.9665627205935
13.464613550251187
-8.408952126135048
-1.6763800924899321
0.7229989160001367
-6.2840069223812876
16.795014874571592
-13.572653921356839
0.48969620128768554
-1.412001387065473
-12.154464723935611
12.94072972618109
-4.51518372728723
0.5096885595818144
1.3123589685919939
-15.794754661277889
-8.357126709143987
6.205415666360814
-5.759061439972562
-1.1767596245109289
-10.562748402784141
8.964682132938453
15.350445269211683
8.671201823957183
-0.22699067842637177
-10.401613714222112
-9.579720430081625
12.234566474946945
-7.120997337466397
19.7322556836044
-12.877041977398008
4.559047607823192
-16.973945938967525
-14.368128746833623
-3.748733552871464
-5.354466719287956
-9.989337009551807
-11.186574088933131
-16.21393176208923
-11.067356062803796
19.717826532978307
-10.444656008540871
12.629539951512903
-0.6171728847832298
18.465308442537847
-19.911238785530063
-13.72069833336155
-10.180985184161543
-4.634322432980916
9.569704386257229
2.1463257067398516
16.175018988128194
7.47994198903033
16.576383080346005
9.464615187690733
18.048478840336585
11.369287775862155
14.249556353521669
12.509387415139749
17.633508045315516
3.9920621653934703
3.4872007977135446
2.2938032816919502
-9.099457022901142
16.846635232762843
10.7467508726968
11.420959863137586
2.739112786675882
5.178507803135176
19.836756932023953
8.4796203383263
0.7569750774351149
-5.0208083886256425
15.529980450854794
5.082743443152083
-12.829914791301725
12.06226982288333
-8.683600845647653
-12.607928881475402
4.195441110902742
4.039472611882687
-4.030028813590061
-17.736849012244882
-14.493272980843317
-17.365200435626484
-19.67053280162558
-5.270267398647279
-6.569069761736701
13.28622393433109
14.382812799967233
19.84055917905531
8.319122425360192
-4.538486376004403
18.17525020669376
4.0417515612843715
1.1589319574775843
-14.984034424945264
14.309912580039082
-18.878063187505767
-4.400259838105839
-4.104029555911154
-2.6215674803582765
-17.544022581815607
-4.900037348018756
7.373178748787215
-5.786376209032632
-18.508877253843572
8.034166624155674
10.388602153989272
-19.180437272760095
15.268318429142596
-4.753457492233281
-15.07384446707154
2.48270505154402
-5.400610653276917
3.3784813556613997
-19.380023552498493
9.8204150832739
-13.564710275297394
17.54120120596823
-11.634522794682983
14.309499384986438
-13.427655961098012
-9.712624122347089
-8.664294913414231
-13.77032905535077
12.178810969956984
-13.179893237250946
-0.9336856861656955
-4.962519521014945
10.246109859886005
2.9034814988206605
0.9455046266120561
-3.1635005107989755
-9.471523647730855
-18.85522829161481
-19.625422405718304
-0.8496728209803805
17.516741406692702
1.4132142717786849
2.497113419009608
11.96446075695566
1.9132376570076417
9.113238610451887
1.9242859895264601
-2.1581845631581658
-18.585606516860132
-11.979945828124471
-17.09066477941573
17.425966410371643
-13.178189085030176
-19.192831316517818
5.125828721306437
-16.295068621955778
19.73459244096542
14.029144462770304
19.33801757013046
-17.978769454421357
-14.459162701690289
-10.941833501175102
-9.334682181828246
-11.14446162795575
11.321931127439345
9.966593550651218
3.2862859041452097
-15.763160560307625
-15.260509497824941
2.6610304817881456
-8.590000055288002
-7.3739987184156455
-3.289387224993522
1.2491749362315083
3.2834415731234934
17.038337529334193
16.574108778457607
-4.647781783642909
6.063376201580553
-19.416050309171847
-4.925854432152024
12.561830839562987
17.683189470724194
-0.3125234810028843
1.7480207469049915
10.598083974819325
-11.524669531700443
-7.881253558907346
-11.014778905319972
-5.668180389758346
-19.89657997258863
11.791482303092891
19.915026887593157
4.875220003076244
-4.358497943296321
10.3556828303719
-13.983142865382213
2.016875162898529
-10.67706368533765
-15.417672332564107
16.14448084338172
-14.882576230820774
19.5767592025095
-13.368368369092533
4.112371447562261
-13.089676994129569
2.7423778427737417
-1.620886446902908
19.54512781033324
-3.6552019580609283
2.311583446264983
-9.920886019850181
19.519095184953144
-7.286544365174908
-10.425646642125557
-10.358762669116931
-15.94702114634921
1.8978205165698725
19.523904650591426
11.774139477882773
16.958908115373333
-19.965925102076852
-13.935280176311657
19.553592913041214
12.809660582412043
-0.40416755011255745
15.607775226388348
-16.553505406425487
-9.597601480981632
-4.937816151165331
-6.149786394590272
-11.820216774827564
9.386738285067253
-13.270308459754672
-19.87601414090683
7.160257353520091
-9.990288286485423
12.470535834465466
15.35367314865502
17.202647534873037
16.952434224889316
16.609548610536628
-3.8332377876715817
-1.2124885988678287
-8.69135981485413
15.320315801911228
-5.054061818748355
10.977137305601886
15.943309886669546
19.320727633205486
-2.524323452599319
1.7872710017863156
-17.299018580529093
-13.5260397492438
9.989639957010958
1.9757043163529318
-13.644189360130724
9.390168436947512
-0.7339355950926141
-2.2123744344948477
-2.8351210839541032
10.433080097447483
8.873288174055958
-14.940836803249136
5.583796478466262
6.693265592259333
-19.196513950685326
13.466176479032598
15.888769754007221
3.6702338744998357
-17.8456288924542
18.91097298396167
14.591557935427353
-18.877927949453476
19.84259775674792
-4.2901319725999585
-19.3007835308268
15.261004435394426
14.213810379466324
18.329986502383562
-1.2144494110770019
11.676688799121628
10.086404128526492
16.26909472901938
5.898218758886561
-0.17284592140933697
11.340501572792846
14.479447917624995
-8.779302868380693
6.581159473143213
0.5129927568559509
14.174534064115704
18.62569716986536
3.2291248790575757
9.562324679721492
-15.427709508372747
0.22958257222560974
-9.395871450932617
-8.589434219928936
-12.777223115539172
10.318525272857716
-17.159243271667037
10.677196540989911
-3.1116022693322876
12.1178494522851
19.194903561836895
14.23627458706909
-2.464704127740376
4.299056141913837
19.38806136715357
12.966584663514553
-7.42984751041349
19.0010577174396
0.7461927465504878
-17.943415299959497
-9.911027995159394
-6.3989935594524905
-19.52008549367095
18.479375696003167
-16.26780249495158
13.554218484213145
18.580737736992155
-19.782781248597612
-10.645719410255289
19.96243739160002
-15.926102746840659
1.7320270665687652
-12.54729607121094
-16.085598714898225
1.4483814110933366
14.573731987989248
6.915280506810241
2.785175711529856
16.53052439715392
6.959399946364403
-3.108201511739864
-15.153930900844944
-8.369012698899523
-11.678949450058136
-10.412145500047089
18.230769824222087
-9.4373482338134
-17.10266755259987
11.888443094062083
-17.95051317939489
8.066747750353702
16.54154129385124
-7.853619587194718
2.840317640318382
14.688440200858082
4.837374008061147
-9.189084019604268
-19.154925725569242
8.997420110194057
18.34879468894244
-16.761846037053164
-5.043587429731167
14.220597997624509
-0.43838710909603407
-14.803843676845663
-1.4491890090395962
-11.12207590992556
5.565159946069741
-3.773128146371274
3.5813741112380058
-16.7804097228225
-4.086072537738307
-1.442519555282992
-17.664641704148277
-17.978204206308654
12.350988928585707
-12.096024982308737
12.54548668692508
9.00781296532152
-10.845688274141953
10.003030796061346
17.759719568129157
12.776161266241722
-8.31033140320998
-1.722293358535122
-6.7608609199743075
2.0867214917171424
9.24342259254665
-10.11719381305836
13.841360319886029
5.689167414672568
11.269720153041863
-10.223987298432462
16.60616755871154
-19.520070815441034
-7.316479714561881
-5.889626805733359
-14.695860699072592
-0.9772661895101322
-3.3235764354971593
11.486900854896636
19.894964571609528
13.113647343551918
-15.810527138922206
-18.811236223974014
-10.140264030384124
-14.286164107854255
12.601538369223903
-18.42693308958044
6.873194607330241
-14.175068844831195
-10.910221347160336
-13.164736227304083
-14.501377696745301
-0.5851591998559336
18.62104369842865
2.4670970969817887
-16.048762845835604
-6.696298731889989
-16.7193315983217
-10.553420073277021
-12.374756190860815
10.771306722216284
-15.526154232767837
-1.037225808237526
-19.555832987597714
-18.71559006828088
1.9970714486686774
-14.178769232950007
15.561386561212835
13.153826386354346
5.129959663714946
-4.611281194555277
1.4329206467296274
-9.62125976244156
6.352912461444621
8.71970310337916
-10.27193841229626
-11.697866533876415
0.3133669937088541
-14.44390454596455
-10.829474211864497
18.100345845078294
3.957523377420358
-1.0050040038590033
-1.2115129342821902
-16.98186378224885
-7.467254575668756
1.1782876760526015
3.85876290453934
14.67005271114295
9.101196244693291
-8.828889856059185
-13.03875456550803
18.34666713618332
17.025318754113286
-0.021092446159208578
3.4316340615121987
9.3868431107867
7.791479188166825
4.1803242567577
13.288215854199393
-6.65242671938393
15.33399753908482
-1.3016847604061752
-1.084308123080536
5.334171493407279
17.96830330039886
12.706987748771375
-5.416756853881806
12.064075075175339
-14.631691873445156
6.160975607303488
2.0832348835767576
18.235921866432008
7.242390446740394
-14.548670076934531
-12.019007987350223
0.25207471455620123
3.101807138819858
5.647643062514046
8.447290071152558
-15.657321141109147
-2.0043082163807284
-16.12801683012702
13.691055122324165
14.877687235537842
18.726927403044932
0.9429047407111497
15.845186722961387
9.104025380022257
4.96829648522198
-18.646193511424407
-5.208492998992561
0.002250129383838839
14.34430309230914
-11.055923237715785
-16.53924453491442
-2.666701377260452
17.286161411957075
-18.708232412400818
18.553052729211018
-10.82168180092474
6.029502291566363
-13.514111549793704
7.544312107347558
7.681142088242883
-9.403289085393855
-0.16937594959198066
0.34142682233687793
5.441892656477684
-18.734971565953543
11.88181561693731
-14.297286531886485
-17.354980058622633
-10.060194434479062
5.685738552926498
-15.128174218558899
-16.68957745785354
6.512229452453365
-12.077591622094186
2.944261345911489
-7.948615497051623
5.163646630734036
-19.963250996006447
-8.454655726664226
1.3145604091140193
18.67855308632909
-17.172730239069693
12.235397379804056
14.234309063320765
11.208520419923694
-10.82340270340099
-6.278949610100092
4.777578908351167
-0.24606254246225845
11.396437621620983
12.323386260176925
12.626143215471892
-8.628290928493767
-6.927173315541406
-17.998743851891557
16.270462635474814
0.5090888879283142
-5.6172721505777155
-9.549663746500885
5.884026698596159
-19.67058956173529
-14.963775222868385
8.24941147840681
-16.549353628850035
-2.705466126259335
-17.93725140894207
5.588166661697752
-3.1630906157531484
18.668745044019936
-12.133949193890015
-12.773759290041454
-1.7097832766369017
-3.617844116194693
10.07268884938891
-7.258891712602944
-12.79004365725902
19.852330642603654
-17.982443552323385
-17.629299074545695
-1.885598701018342
-19.170764521708822
13.409927690715463
-6.580150235805938
-15.0