11.206959929085553
-4.180897468315319
-6.771853946825281
-11.488239498070453
-13.367019610680666
-14.046204789510055
-6.398498156273412
16.377810197788264
-4.523726233977353
10.562203196820036
0.9309720683505844
-14.575213866787799
-15.572446210078645
-19.77215690706164
14.782157557699307
10.970612368482008
16.359611780487654
-1.3632695065871836
15.681699914933795
-6.991685391910352
-3.3931337056106905
-8.51575004614713
-10.465385392323757
7.727534754717812
2.416765564567118
15.343351197784017
2.648489087389663
9.192544012988058
-9.990952187387197
19.982433547549377
15.597558893886102
15.60838441617885
17.31038640342723
0.6255757162895428
-1.2173973392310486
-6.435457781530566
11.083138330428678
-4.8121449993080425
-10.738496546193566
15.836659076732587
-18.16465916546889
14.700242801991926
-12.014274169389783
-18.363287974707134
2.6315301577211194
4.279876050811389
-9.115283243905692
-11.497336752235231
-0.928054095827811
4.842955208930082
18.922517994050175
-2.0115302151130905
-3.2085341502584086
-15.357510930103263
9.144203974812392
-6.266064284280496
-9.672917936657885
-13.673517594820485
-12.21972682722885
-8.728912531953386
-0.5888115052170484
-5.071272239866085
5.817207201004617
13.723787765715421
14.363633779967273
5.578811625516504
-5.356375381177504
-2.4610238548707706
3.2263113479080303
6.5888870060985205
-0.8092188338024684
-4.784390432481992
10.889148795342784
11.672069625072787
16.3829093860426
-13.398674970891516
-15.91583222260991
-9.02270816385295
11.225271828794526
18.29610186942439
-7.89585910987196
-7.9340037879338166
17.883572146140743
-1.1544776170307998
4.157421919512135
5.708230980814648
11.719022515262573
6.443177627960871
-19.293908050287
12.058426907560914
13.423825172205795
-12.122887653083701
11.116159295297834
17.493520160723236
6.2868970478918484
-3.9841858036826565
1.9018085344364906
-14.744421537376887
-17.74102937195761
-5.651514795796121
-4.421330931945931
-17.201859214004376
-5.06230460184387
-15.168015014471665
-9.40985810678066
16.643925814677146
0.4811683859119711
17.89031369235871
19.34278459854331
-19.877304662433723
18.19071722245456
3.7305677919023736
-0.4744160261303634
11.32191327614612
-8.4200130972531
-16.659023549766516
-0.2976027002712165
-14.005020246962756
13.732347978709079
3.6970214707262556
-10.651909213424409
-1.7669063325148038
-17.208855411337666
-19.97066050375473
-13.458130644063516
-14.405752616807996
-12.347421247952939
11.877697219923647
-12.118630150882726
0.9484970227310612
-9.639099271850728
-2.32902939626603
-14.673131654691357
13.890431675383098
-1.943966936050149
-9.510512964476279
0.1458424088832686
19.3082508016131
9.004658996616584
-15.569759004627034
-6.277998990580919
-18.231075828809523
-15.781732461449177
0.11074669842101059
-0.05903640126746623
-5.8256739991022055
-5.349745739939102
19.91370577047772
19.684513723308008
19.67862794792436
18.932832878366384
-19.459207923845653
-4.438215932359606
7.352800501196917
7.1494290120091435
-15.070362335405312
-18.041339178616127
17.53339780507484
10.999594755356767
19.04714926507259
-3.839349636676875
9.414025813483281
-11.579026204961732
12.657961633777774
-14.491950468801885
8.753721369884065
12.561548764889714
-7.5420137716631075
-13.109605871510738
4.620068504599164
10.84733446859346
5.0906056956955545
-0.746388099413192
-16.777357972044715
7.472568980171573
3.0225729825388044
19.133357734760978
-4.895441319408782
18.74151194328809
-18.981467995783223
7.192210301942403
1.8332421560199528
14.764564419662932
-8.077811096046617
-2.448598324814469
9.558035524635756
0.3837326759852644
-7.425781907096329
13.855861056257254
-3.9724569863696786
-7.729559583062549
3.9603544271978386
7.27706272678769
19.567976367292353
16.409446535585374
-6.780427766643481
-12.530898804036728
18.55858209546512
3.4238549275573362
-9.12638277909727
2.766436297796723
-8.11996434767201
-1.9847340802298419
-12.021240765476712
10.44144698561999
14.59306627419182
-7.77394638379652
-15.70077086385588
-1.9375090285929417
3.0894025775804046
2.7565883591085765
18.557565839137567
-14.038230186304723
7.292224168389335
-17.997914443103316
19.281753633256344
5.934487662535169
-2.7627077582787685
-2.3826173926133833
8.062865595239064
-15.029373851462541
6.398833859369901
-15.957707296439159
-4.123977836290269
12.39918368303536
16.966134794559437
12.975801628275661
14.62473176905359
-7.192700318438456
11.22314386300442
9.235044586491835
-4.454804124185184
-5.074252300272146
-8.643159403181162
-4.598938559122141
15.60415138875323
-13.484118985598474
9.772865280420344
17.731082337554014
18.065527054714195
15.719655720966799
11.382492307824336
-5.4110592041446495
5.276358228162614
-7.632750226699589
17.817712350943616
-12.792256141228195
19.109327322375847
-15.28157734052311
5.714823462612468
4.519837225200014
-4.872721554215659
-7.459051680608173
-12.2084675223656
-0.2412191268712789
15.358361314345082
6.468664810721133
-1.6819353450464867
18.352108691992385
6.878512740124947
-12.625041393132674
7.91756443043699
17.28177618020714
12.204665791121108
-14.439795665615094
-13.956604924049083
-11.35030872904968
-6.500981364340692
-4.039864494890173
-15.492736306153795
5.607891875235033
-13.287760431928955
5.922449501690018
8.129468193218912
-18.28282479316936
8.001824676971374
-12.611045416583831
-15.860026906987361
11.928028650988452
-12.922165150933825
-8.359982567567567
17.73285823543396
-19.205519677272896
-7.688139366447295
11.5285506539951
15.473635261296877
-15.080070623903756
-6.955550678172454
-6.501981106041459
-12.119951416678756
-1.2134792877889353
-4.530850411159978
-15.760738213261067
-9.442536534859759
13.324215880757095
-0.4284615089425188
-14.738341897936982
16.057214357450476
-19.99974504165597
-5.164432268475583
-13.39428491655632
19.726459274201396
-19.185848044106773
4.797509050098412
12.575386480805953
13.481106278068317
-19.112383258078726
-7.704066616308847
9.738599057926912
-5.409014365436935
13.636803735611842
-11.348660844423462
-13.714876312042552
-12.87712951687347
-17.3986173720212
3.454926891553704
19.209550226654855
-14.00814225442633
-17.12806268665104
-4.71776961918836
8.51339390051286
-10.22378537412271
8.307822281474145
-9.53192319566238
-7.575100988142118
8.869147482763825
-19.456755303309624
-17.301881913984317
-8.302752549861353
-13.863273186166909
12.55022228759276
8.882448517438771
-5.878472563864992
-7.01767337990454
8.51077218041699
12.400996984893126
10.414999436730401
4.751279468000696
4.4823659830794895
14.785347668206384
-16.54309207093113
5.757446084434797
6.387663759465333
5.701998446952608
-6.19279038877583
-7.722179207167548
0.15755653094355182
-19.917729016851954
3.5463485584131895
13.090830896572413
9.999999780344929
16.364416627113314
12.250448246349507
0.3230040079186267
-17.022615554933914
-9.554313610248562
-10.413533253551911
-3.985261171272608
11.165965378976924
4.092742823641199
-9.148968468790496
-7.0931897330648574
8.724863406897839
15.27669505740807
5.2539726154636455
-11.364419127278076
-10.225106592697685
-18.796832128657947
-12.665004468395518
-1.0124688697656978
-11.812777075889338
6.466434176348592
-15.164190933378713
13.736785148384584
-15.654962169049021
-7.455845896182272
-13.63149000917343
13.545744850279604
15.298444744983165
2.006285194881542
-14.758858818994497
2.17661372336633
17.98699599534173
4.570347253714932
-15.86648032327814
8.173085079813607
-4.368654505001061
4.74011672136605
-8.009806061291513
-17.139537747322944
-15.807077073919245
12.235427907826889
11.719835320717308
19.102304501337848
6.805486698839683
7.957573759582321
-6.329538079378128
14.343499571794176
13.978133394876188
-17.126994100374514
15.277214372919516
-15.955985327832956
-19.919749791990306
-18.61876191085724
0.9911388209833945
-6.78323804009047
-18.843524620911147
-5.054909490001403
-4.559110942319776
17.690778231935468
13.529495229064288
-1.4564184928167307
2.9534212032396603
-15.980770500376916
-14.465692373557225
17.0089033216042
11.103719207238342
-1.7777830799648484
-7.994930748201895
-10.558858096338959
16.040740398239826
7.121094450578973
1.0824974406014611
11.847361927989954
5.233283930011421
9.507318805575323
-3.6295744655745565
-0.8758992672446979
-18.97972008930956
-1.5597578432270467
4.832525472030412
11.178587258721763
-5.599520813662181
5.013060015621221
3.5991512657272935
-1.8211866311387865
13.694227066730996
14.28052468386825
-17.746996852938413
-10.220476750903442
2.2380460604085712
4.21178082429455
2.210006872663488
12.084395788227475
-5.9083802552794715
5.055105196934573
-19.218949029694386
-4.089974160358288
-16.575064764614737
-16.34661749161857
8.039359933683862
-2.0371138290518864
-13.795799846119422
18.27619844753891
3.532218622776746
-15.555219858485803
-1.11012435688302
8.572333903057032
-0.16632460495370083
15.87887788367999
-7.996236379678944
16.395630921177172
10.126674372190042
1.6794575080797927
-4.519248851651456
-3.0961056540260827
-12.55054048879375
12.044026682775936
2.039236526764462
-10.81571446980718
-3.128018386644534
10.526763373741158
15.417304308824058
-9.902804427503625
-14.750786713811195
8.35589006811388
9.029145249828549
15.8823287611716
6.870322415783971
10.053052832521757
-14.811559986322749
-16.61815680999065
10.950366523076696
-17.040467995225768
4.350479950091195
7.847303256657412
4.3952104562570256
-8.15041437876301
-2.6662288803330796
-3.8587414345123605
-17.63575150890106
2.3543748603633006
-0.38616697312948034
-18.925332309069816
-11.642408388056346
11.305255370317031
-12.817887995901106
2.787729598349241
-1.4200364153494718
-1.5456486430886258
-9.79370309985514
-0.5929430272002492
8.192414452907482
-2.7868049785679396
-0.2658261049083279
-2.5346685738299044
7.093700005868101
14.883838101782707
14.852740428439333
14.522428232828858
8.461690080102663
-9.995382663481376
10.999998474585425
6.33780577106706
2.180001990341278
-19.86954977172376
-17.91716080938333
0.49930789216351457
2.681496574557176
-5.958156642323477
-16.383749416963703
-3.6739123130444113
-17.404786630877002
1.9678921646818495
-6.117135406549622
14.5387719516538
-16.49512143501241
16.535788596694523
-6.533877131193414
2.0478660613633224
17.944902288039152
-11.465752167635781
3.778422228963116
7.424998331282325
1.3213620463375086
-11.465786450404387
-8.86133418430135
-18.66337436720539
11.517009176738114
19.254305070545378
1.003627168490496
19.95353080802208
5.760726274767119
-4.92811148104952
14.782450714395878
-17.487156409944944
18.945225797327588
-1.555702642330587
19.07616309535014
15.486856873312028
11.287990355805189
17.725138911855403
11.09050686824752
-10.725723734531275
0.4746696340850711
12.13834664982776
-1.5999771357771486
-12.349771339076948
0.26851940231570026
-11.918875255931184
-6.003958844071162
12.008578439173242
15.08519148711391
1.0926512765132728
17.387603505850024
-11.659407957189597
-11.61877104949333
9.195389728105006
4.057458324461365
-4.602842915074783
14.249934076711185
10.696149791269008
-8.5335338295816
-1.393648261152709
16.175255457471593
-0.8891925040292357
-1.3804532242005187
17.922105061581533
1.9535599266198318
14.976341346565263
-16.24392817566171
11.517930823698443
-14.91103483921346
-18.41041447244775
10.607129373859955
-17.232131721072427
14.867232330697725
-6.91784719735022
14.216264854526969
17.504533833785302
-3.5353671012425245
-18.708704103877466
17.587919124910215
-6.428033429643696
-8.584831678992915
-6.639056280911371
7.169187503216449
-11.901526028087721
10.569252432996382
5.015523927594909
-3.901418276897818
14.88473930752285
1.8540466895810148
4.549701805825137
8.198758927111601
-5.988132722987501
19.22100801339323
10.26663833765205
-19.63851550315118
-9.590078469192424
2.724470061943091
1.9406185723519052
10.123223474675903
-5.771998992582169
15.13299854005259
-3.8707030450081774
3.1677741885856783
-8.677233011229415
2.021775668438849
-16.884954164148105
-2.3228812957698324
2.8199562921019634
-9.285672762195599
-12.173185240280397
-4.303791860795876
-18.12565855549089
5.902598608065382
-18.473832698253258
-0.017741826190551535
-19.256534828384815
-17.38604997243563
19.273570895912982
-7.422320605393633
17.672822669396112
-2.2259595779228327
-18.7607576378227
4.831808537102326
0.6361316295741837
-14.02453900533677
7.447491509471295
3.188752074334552
13.611697243818512
16.966387385326428
9.485480780818243
17.4572043541258
-7.480935252316714
-7.756208272421485
-17.886734765587047
2.6802549683878567
19.200400325281173
-10.875729715093323
18.346334018058798
16.13084356252819
-7.737667755017824
-2.2720666270154233
-18.912868994837314
-8.392554391292482
8.222585336000144
8.14802943606864
6.237326206025919
-2.8545856052952026
6.121336847400993
19.051072391977414
13.763973861034707
9.04493408688106
5.952928268124431
4.395503914015343
7.144871208079152
7.1926011319925465
-6.406597734493804
2.9967469348160414
15.812031314279082
-7.6932056179387445
-4.5498957721252875
17.958663370968402
-14.40061053677741
0.18493965367517262
11.653311723979137
-7.764109253357777
13.296739779123108
1.5470166619895878
-9.136311722326948
-4.729054921175507
7.940754181810515
11.112338378983601
-18.604825756115325
-7.825337041730425
5.895685681348823
19.8428739348048
7.557544793181155
17.501196719939117
5.165346752684425
-16.142769020031626
1.1772930201263136
-6.885156996181925
-2.187365947843123
-4.423537010571543
19.204562183704056
-10.66903026806104
-13.070548741462371
12.3778368563813
-5.708371864630696
-7.290869467077883
16.467523159622267
17.82965284539717
-5.185218607989501
9.105348129247144
-3.788820638522857
5.754875810223041
-12.257560139868705
17.439216531224233
3.516647895635721
12.54525212694935
-16.75283967656401
19.228783078733677
-19.30920010121771
-13.774332297724477
16.22283114342917
-3.2294113109056823
-18.834108234138984
15.882711984125926
0.7730692450369823
3.562117204234948
8.343349766310865
0.764849846749712
12.99034977162831
10.842558411838148
-10.452494775783062
-18.504732667226243
6.617234913967025
-10.592295343950532
-5.448805301889653
10.3668437170378
4.1401832588744085
-16.36836576794334
4.523709941773323
-17.378170133565384
-14.276203482106169
7.646647887808491
-10.393160853902152
-18.68083695506394
17.168191870984835
6.61482591434542
-11.01443257500156
8.899522148554322
4.101466661501444
-8.457420449976052
-8.7866148842615
9.266085707242272
16.352292250683696
6.2532251568471295
-14.47390087794972
19.340680730552336
15.606078771837169
16.733617210533474
3.092970894152497
11.82152277191189
-2.07040855941883
18.309193159165062
-1.5224918745931788
11.730500537602502
-6.931373515826586
10.968143492147156
4.425642795227777
-0.34770508142155165
-18.339043546589636
-3.3484703480565834
13.477396359556188
-9.917893251670208
18.355274270514975
0.7341474828804841
14.565431399843085
-16.253858638189893
-18.13472579515541
18.77844213171312
-0.49592932104754794
1.6784056050111182
12.03808712044738
13.774537794273108
-14.0460137855457
-17.794335063056252
-4.729723410856241
-11.81569555410626
6.1584175477948975
-0.7884930587994567
16.51442172103441
1.315532660164294
-9.249279315264625
9.058776620400447
19.502985982667127
18.93246197433364
-18.264337301772102
-12.465269618990554
15.878217063805344
4.656979531793375
-2.768488668052388
-16.621750826361147
19.17693902794249
5.869878890795803
-7.548739314533076
11.343835817723257
7.710502069627832
11.437766790259445
-7.125475260948676
-14.555983303581321
16.75391906413511
-17.92143824778846
10.480273490404379
8.455108207028509
17.495210757506754
11.854637537923672
13.76546026886421
-7.724357748058331
6.181987129576115
7.474523044820785
-12.137820694470584
16.57717371570081
-14.01113405950074
14.986930673919296
3.570852519633977
-7.9695109490221085
-2.2902273106417503
4.503110570582702
-17.156763383479618
3.8081242029977815
-14.885978083424622
-11.909594759614247
4.288260696413445
-10.419092591290621
-18.862290222474968
4.420305841286506
-9.326861966611961
-19.435573307151618
-5.723649398845101
15.28181474147857
9.026945573243303
-16.589374691020193
13.533192556884387
-19.164436316399268
4.982386071564164
6.6065770386199745
10.02206424411332
-17.668787636000477
-3.2278695670598196
-5.582040815103348
-8.345890151641333
-11.327741806886905
-0.2050900862836471
-19.26643377132883
-15.51741879381309
-14.30420456732081
7.445117777583992
-15.556323018328765
0.49729863019724263
5.878608696854137
-15.353347354514263
8.20937579852071
-14.003403500137296
-17.029573041955253
-9.384055034812029
19.93673691558353
-7.365625240278106
17.248642375400777
-2.0870454741683204
10.283633297239252
-6.175855701037612
14.518235085258539
-19.981127493876386
15.887889481210479
1.3860500336741737
-9.177621756934101
-0.9994493164231564
-8.067751346033983
17.96684233929237
14.325136865395578
2.2878027263479197
6.99732968374256
1.7466247628689011
-1.70631031217086
-4.7744488325429515
4.269892180586275
-13.794100053748304
3.0943291334981424
8.037441523492028
6.367487158657546
-18.05626225718834
14.858425026801328
18.42478568049546
16.48515027692256
5.139010337604105
18.68894778907724
8.267851004933608
-11.389972217193929
-5.831668263886943
10.078150612243107
-1.5237702488593499
4.628646522846509
-8.291093220066497
-13.799396232790087
-18.596727332177597
-4.517085437869341
16.148623300664624
13.25650533411791
-9.78852459474092
7.917870428525177
17.67087611156399
-5.5162100435385995
7.896922656790039
-17.855539498415535
15.805351532744673
5.855352665196392
-4.88714025563505
9.371815164296645
-8.082574809797523
-6.325509309172368
-8.505060068122251
-15.915130101093592
-15.994968681584623
10.433593341862913
1.1050906010990431
2.543202809038174
-0.33513345342304035
9.375242436161283
7.172733628633804
2.7477300370229756
13.882586144905943
14.642921255824561
0.05005290085771463
19.362974256450045
-1.8563511146623277
-18.366438312852047
7.733858752783931
8.068387186470165
12.574982084140942
12.807958861205776
-0.7131876212306949
-7.716738403068529
15.35659079712051
-18.258260469405492
10.057481199244265
-11.465023941549841
-11.784766732580433
-16.97483947525923
19.682278749756392
7.603945709066949
10.701512382924399
12.137725674426683
11.66873931800113
9.765985634562526
4.326494431023406
4.3724773146619
-18.287717488784217
15.586230279962898
2.3781617216737985
-17.14522681405778
-11.65853964925887
17.977063874816885
13.828749389110072
13.658742420090888
2.341997548415531
-18.91325647772094
0.7950503188751803
19.845916631335143
10.153908838194482
-5.498240270439659
-18.286760691237728
5.296696391505527
-4.066893411939795
-2.634722566085223
-10.057990581668488
-11.528499617298849
-1.9320972089648691
-14.141173702412019
5.2082049566237565
19.93626234849203
-8.819199143678667
-15.88362046219649
-18.817851320891155
-7.5294916052506
14.110126776393614
12.18480389741373
-13.368322580950199
14.681377211710533
-12.059687054606684
2.466156272868311
-0.5862667293040325
16.66781639358063
19.842058560470534
-14.41217178203754
13.743377078589688
6.538467946935075
8.586486479523103
-19.72754199325163
17.80835919687918
19.200828038980305
11.055935418975672
-7.772299263964548
-15.1703243702133
10.027145331119712
16.768719938056414
-9.73175875792046
4.304240566435837
-4.55684832458363
-14.249644931567023
7.426498521818139
-2.7867512858294745
-4.827975927264813
-15.306892584164103
15.065365867007529
3.4637952915414587
10.018313213819916
-17.18655826749231
-17.39510039403932
-12.02451305265068
0.21974953299601196
-1.7538922483839592
1.9935321486918802
3.9747288217629517
15.268180955990069
-14.426979741084093
-0.5554710850237115
-15.387512958059105
2.466095873002242
-8.71442137537121
19.484898894453863
18.082377029019803
13.154264792941
14.003735784894047
-3.9488534402916606
0.5610937866884953
11.646586687988329
-13.888401464323028
15.423074290985518
-12.212765276542697
-10.08590705588093
8.65485503037582
-2.029739972456518
10.381385968907459
17.13139514890232
-19.97942205181863
-8.620135364819879
-6.241607764688254
-8.97741660373093
9.406242328821875
13.537211424619244
17.290853594248034
-1.0381910371966256
11.746389785291456
10.160015207175476
10.977165264387985
-10.767352959190685
-4.840467656370073
10.716466714818967
-18.47365200317055
-16.067395417259938
13.409995873308851
-11.559428098345466
-19.75131809341211
17.658951252275003
-8.560466852444595
-15.940101617043005
-7.795377730634648
-2.887459022069791
-11.97760133912615
5.5960714601111405
-6.6271524130373916
-3.1114109213733343
-14.73011659779031
15.77186548322394
-11.919861460319643
-9.2873417650326
-6.81475823262112
-3.2921820571816625
4.505714334113534
17.337006137511686
-7.725450402196156
1.731541539038414
-8.837579431992722
2.574912669307018
11.751395738936885
1.5948996682738361
-13.578773079213118
-15.062471828496253
-1.9064838506725934
14.76577512519787
-7.118445944040204
15.847490789433301
5.847638063090514
8.038333706187014
10.464990467901806
19.377030200358462
15.386302200644934
3.0899464297286556
-4.554752939264954
-12.369958547091858
-13.91572894939423
0.5158786868360963
7.151471507628216
-9.302780661276234
-19.242293115727872
10.949910911943345
-16.855489558566386
17.067857037188574
-16.846019542296958
-0.915718257223304
3.594598358932405
1.9570030959497586
-17.52516631063182
16.099160225758872
-10.265907978018065
9.848996554285318
-1.2463842223488228
-0.7126448224989943
3.072014501848063
12.85844157213188
-11.883689892402103
4.885226289632747
-13.173596413679448
15.317542919343502
-9.604996763053716
-14.302212853522382
-5.6274852028909805
6.533666266347812
1.9472403838365864
-12.241205258269389
8.160063556991744
-0.9939315229511934
-8.38879026558169
10.310454471607056
4.242491333997638
13.280063275400074
-18.69431309614793
-5.004670551444432
17.951728163347553
-2.9548078934641353
-0.525665689301384
18.060823400476536
-2.2661226957855796
2.3494693400167996
8.287585796802105
17.858356613328837
-13.680290678943603
-4.132456686196129
8.343820347611008
-10.55159238440095
12.959696964348794
3.6858854466514437
-11.397850871709924
-0.4784921902809849
12.754288322570815
-14.315349113363173
-19.66210911267519
0.277749690529852
10.018258015834544
2.9208157022081984
12.332383903583356
-9.501507645381228
-0.6939738515033902
-16.869962877113153
-1.8187544312669282
-10.161337026723798
9.731604155578605
-10.604552443726426
9.542485588364652
18.007090347926365
15.104716377865557
-15.678009333158167
-0.7005650027057442
4.206868176226028
18.62673015160121
3.006702631326373
-0.9133351064146602
9.856695037901883
-1.246372822119998
3.0903414100067153
-13.470354614556882
-18.171032280049317
-5.4614884148561025
-15.576752357894478
0.5878661703113934
-16.102674691224404
15.373945362714196
-1.675660491591806
-11.052715900900608
-17.85806950073285
-6.486353104087685
-19.45095229837304
14.59117479642876
3.011754100180429
7.512275645813009
-5.843698139582889
-3.3697404279387726
14.678782172697495
6.87932660883725
-15.7816906327432
-13.212411323164801
19.811963065693433
13.611648455362968
17.716399306064716
16.74732237900085
-6.808111504286138
3.5241375947059197
-14.598738623470432
-9.684464479428186
-3.1605598958937904
15.012385714207525
-17.214980215795606
-4.145032147072932
-5.843797104981615
2.2412312492361792
-18.0304239323838
-13.022772425764488
18.22780896216205
-4.239054916468703
5.955434900748134
7.3345637796467
-17.077457071557667
5.9311445970256145
-11.917669120282536
-15.019332586909101
-5.484065841042343
-4.12290202560512
-15.376985669822641
-14.245603206438604
17.145456356525465
-15.801778593023364
-9.088002133425007
13.19263025578573
6.959784708875233
-13.528485791107707
-6.717051953319206
19.781007888681245
8.042495639989305
15.052722880046034
4.927955825676488
-8.111469677003576
-4.460218851515631
-2.8621415422487395
-3.999642951124155
8.10086741810705
4.646829455282546
-5.168726485694437
6.691653176950627
-4.459535023434235
11.560256346648671
-11.516001885466412
16.086943389868452
-19.599628811054064
3.091106189969544
4.0152599152650765
-10.823777591055507
11.21104873988395
-12.331923697407618
-10.248673983721122
3.6597123623314616
-4.555060187837743
13.149897877011242
-18.21691533509666
5.619972532758986
-1.6157532539176884
8.254453965771091
0.8920583453532096
12.638712632762918
-3.129495494553165
3.842726696764359
-9.338871618972014
-15.390135403510254
18.185357340289492
2.2886091314279824
-7.450585989322306
-14.088100638495327
17.26071348158105
-1.1767779563031624
8.402867014297996
-11.985730391240544
-12.826673085926883
-11.166049590088232
-4.1612918719096825
0.34409133945842996
-3.5201248027573904
14.48723951137238
2.9668625468945606
-19.272630941274436
-4.744017856584609
11.760920859594222
-17.753871728135316
16.262953671928386
18.823116358649685
-8.291532527685206
6.371790112486735
19.097920917391733
-17.392912960018684
13.869848603205718
-3.7966498709584293
10.702437169441051
18.98933717291007
4.062416732751309
17.06769261918052
8.506023077296181
1.8257212167914147
8.205555652800292
-1.2420968030091757
-16.62555928091903
-11.603240357531526
-2.890849686575855
8.159880745534167
-2.5202329465743176
4.449163736981593
18.44986259249759
11.485879253470522
-16.99068005983143
10.332249730539452
-7.01957152114073
16.82429756533091
-6.42349646342363
-13.814299753492186
-15.254262104380052
18.092732815523988
-10.415682788370098
-18.699029532611235
-18.226294903062108
0.7360611435676105
-3.745834457118029
-3.9118520310322147
-19.72514525191446
6.805069685773702
-16.78115508515163
0.04869239259654634
9.38833859020301
-11.25869911588952
12.443170896909727
-3.230351530483482
1.293065314648448
16.397094502489715
11.947379467203966
4.259264657435576
-1.9792779240424494
-6.75716681549642
-19.371842055479803
-6.904463385494779
-6.951349885822932
13.322336111464551
12.293311911262272
-5.384750540974924
2.952613171975127
9.254042022289354
11.335642361649153
16.147194250092824
-15.31015090882133
-4.732948204016893
19.99916424171421
12.092929853931558
-11.548497947492397
15.76745339177419
3.900925259192853
16.689792112673075
9.240405794789638
-14.328920275852216
-11.898907903204172
-19.022069932860678
-7.397875876401137
-12.592576532927078
-18.0610960309479
13.30410313647645
-15.285322078166562
-12.33745226136827
-14.020129434754507
7.354830481302702
15.322398711719238
8.334193714511017
12.862003743463987
18.26304345795603
-0.2736968111148457
-18.31939057664865
19.624793481676058
-10.023109595559095
4.210181045497446
8.110932312315796
-0.5863694458531619
-10.218087059947788
-14.86948611285419
-16.001502004206074
-3.3327536740491936
-13.868434763250669
-4.024059884771765
-8.153960589027696
-0.9723021228996487
-18.613664743434114
-11.828097302140836
-2.8037406466467303
-4.406004623765
19.134750511174147
-13.996767368434488
1.7596552887810404
-16.07568051194582
-3.542563925923009
15.589659588200533
-5.329004792422612
-3.268392898573392
11.901739612959851
3.28269610177907
13.76797957619339
14.09982535169793
4.191227514410411
18.981144328771606
-14.215429937030342
-15.788827125484097
-7.093308336788242
-18.71547307751293
4.2192305081014965
4.742708247670905
-7.784780530316745
6.165771097876458
13.829803451582627
0.2486513211575705
4.621462150446376
-0.014243139302884344
14.61304870087615
-5.226861486076778
-9.119526499052423
-13.794850571071038
-1.1191826340866875
-12.813069443555545
-3.6727683309185153
-7.742717913435726
19.958112722070098
4.170964007169719
18.916341431877207
-17.72008777126148
-17.817408702513838
-17.584062857114212
-14.79975152797076
14.738813154048188
14.451246587475246
1.4557031537000675
9.430512404993216
11.402749323039949
13.17803608873465
11.057969792719803
6.654403400439858
3.658298944966475
15.05966838566718
-16.44608493714314
16.321082736415256
13.561970002064193
16.248113612998225
13.940289143281042
2.989689715367131
11.998140122177936
17.445408320026857
8.175222951710243
10.682741105353422
-1.1490980924150982
-17.143014090729565
-19.481042471698117
4.49315167311989
18.66267603419992
-14.457821658411012
-11.661844011106668
15.023414771050156
16.252320484393024
-1.3427376820716148
-4.375417333073667
2.3301020168891498
17.391910244386672
9.596149751510048
15.621069882414929
9.370659992108536
-1.0686110674776508
-18.11413947257688
4.052119955676542
0.7469567221026061
-16.118173796944095
9.771602482303834
-13.736437318325226
12.010682348285606
-11.444674004867089
-19.44670930739548
15.432242102033193
10.357263455873923
-14.754192724805586
4.570369731868048
2.73646710857647
-17.557216460948023
4.75152250394688
-17.584572251044396
-0.8974854198967499
-8.19245879770234
-4.94249117415665
-2.6690971114158835
12.269970472001525
-5.518475711437581
-7.484397113132122
2.314315861735139
-2.6814131255852693
-16.61946464683784
13.53323090445953
14.896626611095563
14.866207857395302
-2.1552481405984807
15.933069177618925
4.067169725512034
-5.875950024473401
3.7932892748163347
-9.671434283929639
-7.334853738858342
-3.563595372251484
-19.71526276737906
2.8657999266171608
5.7063737697307815
11.150820809214977
0.7010349596454617
19.39562679656273
-10.195148393851984
-9.193824822087176
11.647158746439558
-10.02560321058457
-18.886674060152302
8.468425630985838
-18.205745519972503
1.1729038285770557
8.542955818645627
7.452292653696002
10.827867076904965
7.417028761044332
-8.209916078973226
1.870511638497053
18.199604435456486
13.448632148067581
-3.460907502695175
6.103497372883815
-14.552392225296797
19.49804571897132
4.494139056256927
-9.892206418183687
2.813334112405812
-5.204836053991855
4.226463583364037
15.05348960202366
-13.608086698333132
1.935433395924818
2.9762742294183298
11.885545504460296
-14.874518404417394
4.410811177805066
18.67085001132969
1.0769663110156174
7.329190540647904
-1.6403527419648398
11.821666157233235
15.028409189108103
2.234334960398918
10.380363477646668
-0.6121069711870959
10.556410713015843
12.96019309583695
-15.967744644504442
13.525917102929846
-14.928043409373819
17.81851901011479
-2.8501327208011347
-0.2872253916001455
-12.635986254267099
-15.811528505936563
-11.525192995876473
-4.737249640061929
-9.650385710734088
6.824561218346695
18.837733262116217
4.9410973841126875
10.273646689696019
4.65651098930476
-4.308178245500223
19.517371416319342
14.852480476113492
3.228679942100456
3.9782897629529757
15.885717065644684
-3.308527581657362
15.582626351780313
-4.032049643870641
-13.068784483307695
6.016629916633526
12.47869346956658
2.090040362919467
6.92661860128063
11.2379379249432
-11.449685891880534
-2.9507470431570546
-13.3954638744851
-18.925555207232296
-19.335957477192302
-15.847018672052403
2.9914383110474496
-5.994992012822383
-13.617146104719517
-12.447202318391536
-10.453246269838083
-2.6878863354316067
-0.7655852949114639
-10.784198270310657
0.12588360015339006
-2.0759336048136703
7.2350419904134995
-0.9289099069289009
9.755985895046031
0.3854103873209098
11.230356465735184
-18.25180709214688
-19.8479872302461
-13.46945286154086
10.798581620276671
11.29085556991901
5.993749353006823
-2.350889926565163
8.68560650798588
-18.254420633014384
-13.377281653304438
0.6476611096280678
13.600366716626873
17.62959515446235
-10.21746529834935
0.06194153691781423
-5.293564205857173
-3.7348922893091725
-2.6271218523016984
-15.136176876984084
-8.538335658038525
12.729727918006155
4.87352092313472
-4.58533984046603
-18.512911037193586
15.543703557557514
4.673244009043888
-1.630106803858311
1.0717474486255156
16.461845188415637
-0.05969442989920637
11.08100520586899
-4.193221740489307
9.742591579112812
8.194020141299067
15.522634116048856
-0.5446671640562712
0.48119012534255035
-4.468267223195541
5.048746080988899
11.529663249774519
-2.592046574421545
-11.933418850032474
8.103002089149719
10.75474434998792
-14.625284321756613
16.50540568113997
-3.9308086459492557
-17.410036802385648
-4.413261159294404
-12.533860472741605
8.040697869681786
-15.198225597145578
-14.360007059098589
3.8701854718237882
-15.186135158225888
19.110750689023433
14.727741991753057
-1.427943605401211
13.750722064885295
3.1172042290861555
-3.6370500499211786
2.9349133212033323
9.437114590701121
-1.8733951346335402
-7.531815394774144
10.347816485403968
-10.576906011316755
4.146085860238241
0.9544421357790327
-11.286666974510853
9.06548881118145
11.444912454657118
-4.666646998919637
18.892426541642685
-19.165099951809168
12.256476900364547
2.743389151486756
17.087542938718414
-15.716923097769943
14.98415417705565
-11.242690238380382
-19.563515328716665
10.96234524841767
19.86897320429759
-4.230449236209566
-19.769321358770174
10.91256396031234
18.451401396917596
-12.720094151434914
5.379808815892982
-4.061630478654678
-6.957539522055129
-16.36067403076773
-4.274797588180711
-12.193308382202428
5.4020120468347415
-19.277837230122977
4.8072900100553895
-16.36758037700959
-13.349009652801808
-18.113475093633834
10.574861318007184
-16.746551692654513
16.4672487290077
16.15914613800524
11.248476940924657
-13.202113086641294
10.482451911039949
10.961986012607426
1.5357053904089177
-14.725423968571882
5.47504062079873
-17.36081238255492
-7.020700211268402
-17.833530652282754
-18.13672952685463
9.549154878670244
-12.149493507261129
9.868249323441702
17.807544951348014
15.66978183158033
8.535085427000816
-15.288083534601533
7.516375456155476
-7.487538541934665
0.8813651509095664
-6.855481123232785
-3.441837281271141
13.4459483526797
19.904058922112768
-5.561378621018642
-16.616724260473944
-13.883658584156073
1.1661428344094702
-13.7916598974506
15.822823498711841
8.091289284430744
-16.13021320873102
15.716812985916086
1.6882674172721615
3.9640881187554626
3.2165550858411116
-9.491925749890093
19.996656797343626
-7.483639876109507
10.357641739710314
10.751762490534354
5.668534574877185
-19.598331208749286
-8.108902096877593
-9.099853459140576
-4.04919061328355
5.454370398650884
-6.53052621119711
-13.11332776525822
-11.419963248123214
-15.874954901750788
-8.184321054233923
0.9510765450725032
9.14624964338502
19.939458811253886
7.658235508811991
-0.20598555365344495
-1.0317048076780964
-4.7234873638183785
-2.595114558109021
10.953404390024577
-8.240236939713785
12.081247791542275
-0.08152112740897621
-4.9341512889255945
-13.06293011564296
5.836653692293474
-10.923974347604393
0.48884179497738245
1.557869440032114
0.21802866476060956
18.946141285229366
4.674274484104878
-19.774297956156524
9.089443114666707
15.159567631171626
5.183930246068591
2.91919433795843
11.622341923994334
-7.874162171208944
5.830561450489778
-2.9385347115512737
7.642323444466456
9.908677638173916
18.880344863362374
-18.316212077397836
17.005067358071663
6.844870379375443
16.430727878712567
4.021206260973642
6.839093369532701
-3.479200958815383
-18.62003102642669
17.98094412503435
-10.178885036152789
8.998837732990793
-5.3030795193448945
-3.2707330484112447
11.518442616576806
-18.185158101068634
-19.540858088049234
2.89321358638756
18.933437383091444
-16.45779025364245
7.457401763215863
7.203159354606754
-15.096481305603419
0.4821868271518426
-19.93805019606016
-4.275073059416181
5.17291053778176
13.070829965731953
9.175543961594379
5.273076667248841
-14.897207354082337
5.597204766686751
-7.673572185503774
19.072023112322675
-5.64504198332755
12.565281408333874
12.127714928422073
-14.148824776451935
-8.331406601698031
9.677512011869812
3.148345743047841
-6.188084649385557
17.186453351235976
5.503799137145393
18.363932790507064
-7.630770614309714
3.777758187487006
14.29966972430367
-12.306618855548571
2.1088498010977617
-3.300222062982563
-4.423438363836119
15.670307193891027
3.6751470037303733
12.87294141564535
0.9772180289243906
1.8699685756410709
-3.073495411134523
-12.247019744849164
2.4619436026833768
8.563869856007734
-14.307350347594054
-7.652436940250427
-15.305551468493551
9.220225003991331
-16.989343690755693
-2.5339611919959815
-17.523153496763946
-7.109683872810182
18.068905681331138
-3.4748971156213457
-8.173616571412886
-2.537836879625729
2.3474065339573293
14.283982592721117
7.904237968289884
-9.775150586989195
-1.2376119692122636
3.43396047345756
-11.965274301009288
-18.615277655684498
-3.769464405961042
-18.91092646659208
0.9668182135520063
-3.9382190747775
-6.95634875277606
-13.598140791061537
-13.664080604445017
-2.9341281147047624
-7.198540731431976
-4.762114263965493
10.837133455666276
-0.2976498374732408
4.636452358480252
15.555897234589693
9.67379575543508
4.176704489199231
18.152155888056974
18.478371313221004
-6.447336853228336
-8.362962643701568
6.998429337876356
8.274969328479031
17.795439728095374
-8.417948337962994
-15.846251430524232
3.003871225720893
-8.216794286400123
1.8335670400565043
-14.091544907907355
18.42329025995977
2.566968943173542
-1.188529539979303
5.924803914326773
13.099824912720244
-17.99341230562166
14.118074221328705
3.707974539846198
1.5797317796246126
1.373265099923728
-4.32981151145469
-13.927601725978969
7.119888410493207
-5.018451750135027
5.986576735294868
16.10107941855925
13.480407665868228
-0.4132530240626622
-15.370760326015812
17.520270743513258
-13.77256650835282
-10.594262463086611
-17.58405019817549
15.141846478805284
-8.55127430374404
7.4843467594794255
-6.878234731811581
-15.595288912173842
2.94219914976172
1.6168637279274698
6.185763177826857
10.99851563065726
2.945970174341703
-4.752239690392269
5.3131943324229916
0.5970461360291139
-3.880552757421569
-17.664271791048062
-18.00171620986527
-16.392514430024466
-1.994616908126325
7.184995249541064
0.420401458364438
9.632744623345879
-1.5126627939292874
-7.260867958105685
-7.655926223469095
17.729446081507717
-10.280417380347902
-1.317176036714475
-15.543720215417505
3.757949696984344
-6.640744378300919
-15.247182629753118
16.21382161890655
-17.736463552410214
18.075150370043453
-4.185065381289714
17.472167921081876
-9.786151755801367
-15.443208020174414
19.052465479671667
16.95912711057374
-16.932288080145707
-3.8066327070501984
-15.148249783667493
-16.80438791236989
-1.958915103145067
-17.43334157720068
-0.49583376767303733
-12.98835879078763
-4.993289620025575
-13.441326427876819
-14.160522758174622
18.117937650152278
-17.843112838540037
-2.740640998877165
-19.230151543452074
-14.14664455713015
15.593518158060576
-19.135073999113356
-0.07463855506404471
-19.94901202601225
10.93061781889655
-1.0180918917669288
2.011325695368285
-5.631665632830941
-12.428579149904015
-2.382308844769536
19.314969812823307
-7.953920732407678
-9.06707312998896
1.9519782736887201
-6.443912876392201
6.150248737468594
-2.2152884595117506
-6.5895553254192265
1.3855273571114815
5.553562685664698
2.9446202060065296
-2.30817014204327
-16.417343336997263
10.39651250094937
12.659343874584046
-2.8927697035484243
-18.476470970969274
-5.7380493360072915
-7.691891253708519
-10.709528647898413
-14.165638561661865
-12.903564328567171
-3.3084542329806865
-4.73173980096699
2.5028726527479677
-19.117077006316123
-7.869539877411459
18.570479053536076
15.844047923810315
0.5889834941080174
1.6170203210279546
6.169847154530913
-14.72310425753423
12.513158457847709
-6.706225485245362
11.337106257957696
10.021651260632854
9.349403522224634
8.714543847559927
-18.14122587610257
-16.101280738257383
-9.585260618293567
-13.568344677692107
1.760246258548257
-17.244127351862343
-2.559150117948761
-14.61226462516446
12.900482881895144
5.111404380623682
-6.529904191988006
18.003903282147796
7.873337648471068
-16.07928454144104
-16.483878642085937
-9.019059282541608
-11.889008000602693
-14.865501442147927
-9.932247051324632
-11.866371108415885
-4.166395370426903
7.487419301480919
8.27491951442061
13.033397517200093
-12.187548452875205
-18.675895143835785
1.8057959824523095
14.713206998238931
0.49523935398495667
-18.384930974386936
-4.524971403519382
7.245904114620529
0.021890898920936763
-11.981607771953646
10.138813788729397
-14.103900825242706
12.514248316155935
-0.1354133716156447
14.6012233974606
16.16037420263701
-11.382910246113411
18.03658685801868
12.587828835681954
11.544950725781227
-11.705284275528104
-18.6283459051258
13.845131833864308
-12.020762724640445
18.603362118198078
-4.186582180284923
-3.880245580895071
6.8100726200284
-14.033910238075524
16.578407477737834
-11.711076108593632
-18.959192593137594
14.84671474990953
-16.938044937814997
6.310078479197973
19.758782373380413
9.971761951453303
5.669230171481956
2.2290164520839895
12.016247392837435
-18.030822230414984
9.860925509264348
11.238867721667184
10.569908540823604
-0.8224098095171399
-11.646597341707423
-0.8099290622572006
14.920279083516327
4.628358667689486
8.44300139191352
10.072910770964398
15.225319867087876
6.687262617941855
-1.513224954355863
-8.215396917749654
13.408836617244198
-12.253897412870604
-17.679338659188154
-11.85222566815808
-8.16005339105347
10.04912005960136
16.453502939708294
5.552957402828788
-2.790325221397598
10.723958827997166
8.96402710037956
-0.7080350867570075
16.526287196199966
-4.415636382150598
5.029956025437006
19.87440275556994
-8.526994911576015
14.046579879802444
-6.663409703906197
7.941866775279763
7.6403863499790425
16.136345638031756
2.5930750597678625
16.162530698218106
-1.1546777379659474
6.513712264193678
1.0900428029087266
8.485674710304473
-14.324494742551103
18.10270285395375
-7.712000934082116
8.923697875208347
-17.941317713577646
-0.4778022821205852
-15.230384505512244
-6.178603461491088
7.483473283323782
8.127138024068664
17.10912459369157
16.49684148204127
-2.6519602265232933
-12.289835598237286
-18.95168192074262
-11.357130535243378
-5.506746862808152
11.081073184308941
17.502111724141393
12.225471801815694
-12.152659361922705
-17.768806617518695
10.84179581657072
-9.141376503758401
-9.796218553021077
-17.496991300769142
3.54154791673637
5.543954329299549
-2.9327125299559995
-17.439345460132095
10.81509484995959
-19.058360577037377
9.046918885514458
15.40039664435659
11.788980614957133
-19.960692735993927
-19.877928717081453
-9.881202610394482
-14.75252940453804
12.070069851950159
-0.9447205872704103
-5.991529212669157
-2.5915196397100395
17.607033953775264
17.390306876083713
6.10666135912366
-15.883677946060782
8.51621620465098
4.387109124226907
4.9974307975105035
17.88717320663632
-10.666476409315235
19.059228636103896
13.471403789695707
2.681487325883687
-5.004162856998381
-15.389222504311238
-11.005046265060336
9.717242146904116
14.005215626061435
3.7672355015901395
0.39175304640413344
18.08056013871731
-0.5785806688421538
16.89800310845009
-7.049695122951292
-19.708119113721846
12.562955036650422
13.896636966364817
8.532577593640191
-9.905515849937423
9.09554950745289
5.590581918056294
-19.673161217999695
18.53464576139053
-18.254351523149914
19.169257431837003
15.508856930453796
1.465416521129221
13.843330403085979
8.955481119059382
12.787281338877463
-2.312164514490412
4.791048527890908
2.7549070578178245
18.576973622945616
9.097060664660454
9.021662434211443
-11.564806049588174
6.707557626298101
-6.033350867811604
9.802173026458085
-2.36868927584095
-10.414420774982332
14.184457861803914
12.89042715845082
-11.380186904364473
-13.667863635214976
17.582654312230424
-8.959262487880117
6.187331834150434
11.68445721663069
-8.860054194017266
-4.464732126619669
12.75551674387647
10.73971771619285
-7.882042043216231
11.478480236558465
5.404183278922471
-16.729535254944924
-9.700490179788712
-14.147668298125673
19.174977668752213
-8.509075704382031
19.769997361139666
-13.701694105124105
3.9290647243044674
13.23779891229637
7.145023556035813
5.958066137039513
19.206345735494146
-9.94633589246309
-0.26615095415458256
5.769768147600441
19.505438881749527
19.45594232486029
-14.765625093955661
13.471246241519886
6.337476251944739
19.55658203632786
-15.400235832089022
-9.57794597587462
14.461647266054946
19.34817875107469
-15.102860104132212
14.292503700608215
10.118521215858909
14.32836440832532
5.745923636834309
9.565354678912499
13.804905650463567
-19.285753146192427
-4.0944365150141735
-13.490819750604697
-1.0465292818389642
-5.183032391802392
13.478160408642985
-7.5369511873392945
-14.30924515409481
5.393457856272935
-1.0914568399686786
-14.873156410320734
4.288210625929292
4.959233791107039
-7.839804780988992
6.465817622995445
-8.77515442649145
10.684291721508185
-15.737954409106605
8.700138117019065
17.871635433819627
18.835609496102357
-8.12692784134471
13.1541788733199
12.193164837458063
-0.9717340977558351
-5.910338784320777
-3.783522110143874
-14.7265064020098
8.283822290238653
-9.574443910422952
12.12170316106129
-17.34238713619988
19.917679060098827
-11.925233037493928
7.716155784439827
4.498870130306795
-17.627157970458136
-15.482836417416536
19.906744939852942
-2.2535966627603727
0.7677222957389418
-6.549612969436019
13.757028261533563
12.68715757574703
-14.459789432134883
17.683681575067723
-7.201610207372994
-19.70664756298699
-8.287245903899656
-5.828379421634553
19.892303883775845
-19.878487142443614
6.757673179595891
-19.221790133785355
11.553410794993603
-17.371234181693254
2.1164255123184006
7.267288440584856
-3.565557332160214
3.733712018836698
10.629715151784591
-3.927083922294173
17.149764616994958
-16.529298125065473
-2.954702168499864
3.8924518291372863
8.422427393807808
-13.822278697733417
1.1000500546835603
1.6383095936577838
-8.761828436402897
-7.6589416675889765
2.578022909640257
11.213223612918746
-18.822724772971036
15.953291967360585
-8.460603758594246
-12.102697602541896
-4.8257727297018995
4.374209314550811
11.72475412210914
3.2973761429085933
-9.335658854137625
-15.881726910139458
-0.7717928432711503
13.005971936414113
13.297187815434263
-4.150422945170904
-10.143803288714018
-0.31453458060557793
4.364122747228162
-11.445996302086257
-15.294656762265436
9.731468156800634
18.460848776735823
17.307907078152496
-14.804056291535437
10.927632932810848
-3.0477735909229864
-10.288008076429417
5.611309375193066
11.669265022366304
-0.028453739829746638
-5.901701826669603
-14.076267226554041
9.65267339608252
-4.1474088093267
0.6108696495598629
-6.365853760994366
11.904542471684788
14.868459683331693
-14.04190734648948
13.858130630609764
-6.226402053699864
10.148952317752801
0.2606173683438371
16.711868411737314
-8.157644182530554
-6.991405387306342
-8.341992042521724
2.807318795066248
15.504797672398624
2.033709291688851
-11.363462193397144
-16.456775097429357
-16.432136684736975
-1.6902534272010108
-1.9343775785052202
1.5437650786201473
1.2670813026756917
-4.723667281272309
17.212921705156077
18.59494714649165
-13.366764115730865
-10.207030954186532
-17.982969030732182
2.577247440192963
14.427138592381311
-13.175579869026372
-18.472995405198954
8.017987885553161
-5.039654952672574
-7.459800662380456
-9.535492168903584
-17.730448140643023
0.4796403046142892
-6.521267717689394
-16.502025605713957
-3.442961352353919
-0.43441122355863726
7.486462349084274
13.18550009465146
3.175800909429473
3.3210205828362795
-11.466938072575203
-10.615916251566038
-10.066743915339513
15.973855627522248
6.819484136705466
-15.929276504358448
-14.42600616285203
-7.62890252601367
-3.575514081700586
-16.52844368489324
-0.38950904501778894
1.0720935070901874
-5.956374471838748
19.184196848065056
19.211862235225986
8.715466059217153
17.246192112586726
1.825122526933125
-17.83753743298458
-0.8716024295748426
-7.505530080994699
13.015049991919263
-8.324444283778192
15.230972300508576
-9.714992377166762
11.980860455369346
14.189387155267553
-13.969532972886668
2.0964106382215633
-16.43094952299338
11.360229929564973
-10.534538643142168
-6.752250450687862
0.18033520890266175
-4.847529388177371
19.21952457705119
-8.493207814699177
7.812519222622374
6.673158842316596
-7.037086109572318
-7.652461247177968
14.786028570881477
-11.410254011701353
2.114858563996197
-14.238700515979392
-13.950411577236231
-8.391822706673633
-11.081806878384128
-14.891156663110724
14.739223810781958
4.4706116601757095
18.20987913684087
4.471576288288315
-5.513802370624617
1.469633632525749
8.592608976836559
9.73693665494238
6.040782909420756
-17.15809618522126
-1.4221906860213451
-16.13305412932725
1.332380351016674
4.535864678076038
-5.749150724035591
15.730604469192329
-1.8082396351179995
-5.954734427414422
8.195287548235825
-12.910059663979428
-16.350378602857386
1.2449698427646219
-6.606715372142165
-8.145472251674288
19.510272336508955
4.185478829786952
5.157998832791794
6.156280107461129
4.084853948790318
14.591875618116823
-5.507762204617123
-13.083832974607411
-0.2426321107884135
-10.853573332970527
2.2548377660464034
6.321912640394444
12.675581497558582
-14.772071319048678
-9.643890685898683
-11.870854370588603
6.934090091925338
7.301532304911046
-0.9860581616003046
-14.965363176039244
19.379957700271845
-14.483223426124923
-18.192583536577935
10.301146763603288
9.248919338345026
18.112735450937848
13.183078218287811
-14.928717476701262
-7.240106393960399
-4.915733912498297
0.22773081792487915
-7.315065233067299
18.501271369604616
3.653574024418539
17.91746995209629
-13.767955512359187
-18.43813254046555
10.21942354378097
1.0045092249306649
7.515877414730472
9.518062644450659
-11.113028760657592
16.390724039699982
-8.775784457014177
-15.75748422049216
-18.618952251262897
17.436580502194815
-8.294469950887336
10.791357669434042
7.543043550142524
16.496464486135615
14.250096245216497
-10.64844291946789
-7.798519762208702
4.026029455061845
5.611987438606022
1.9308962345077063
10.6862377425252
-3.2288842038377368
-8.72336310177911
-0.647212305364878
12.540266285449547
-15.204935525913918
19.272473252397056
-7.835196268397219
9.293932984698792
-16.363768125869367
4.338679748795617
1.7641290867082837
-8.235616622265436
-2.9896419117548554
-12.638185048016917
-9.12639793866183
-13.873914766696336
-14.589250758405555
-7.488545894384009
11.707973198316864
9.464976964236289
-8.786942025190129
-2.103723981232598
0.5782110137501384
18.102214594134175
1.9662372305289537
15.095575888337322
18.69421838961857
-3.251649645811124
-15.220357491401906
-6.405345562201301
16.46677836055452
12.332931854207295
-10.577820758954237
0.9125825168087154
2.161944774399931
6.53316966950527
-17.828950239529142
8.958423912611106
-11.904900855940515
-11.266255809612451
-2.7604935987170833
10.49392708551953
16.522732759975213
-9.52021068796098
14.826566893197011
-10.106742115845364
-14.116611010222755
9.69369418264462
18.0349697870722
-3.093428696855721
14.48210191896274
-17.149214684697522
-19.88064759631054
7.733024487199891
2.6855824772934795
-16.476731046261776
-3.7608345941991352
-11.503000351961635
2.5341579929791713
-13.558024901866212
11.876771267793348
-10.274207949652666
-11.81433701496234
-10.51918193482782
-18.636517680421107
-4.985384861094818
-17.415422681815347
-6.2296457572982575
8.801599107360289
18.492298960728263
-15.380912526374345
19.029334234455085
8.816850703907662
-17.840450832146843
17.957966788375224
14.885302434152038
19.270016732266242
0.9639798554949444
3.1266605253394353
-8.041832764456256
14.985103302636873
-6.96566924292048
4.167814165793242
18.569895094258527
-16.1257522556412
6.337419278120752
-1.8092547644558934
17.734686242565836
18.490234391661453
-17.683783117050833
-4.187276133047257
11.065817743567777
-5.862399516369457
4.932242490677076
-0.12310107991888586
-9.982663204776564
0.20157343804736527
1.8153158282525261
15.487773275266562
-10.854107076796122
-0.42470374211275086
-0.23777073766573764
-3.4559134125668898
-14.235759117272991
-11.371100579838949
4.208471588669482
13.106845425956607
10.016394771337076
13.863261963249826
-14.73725014200502
-12.982093940350525
2.346941112847457
-7.191206764697885
-7.864493311011618
-5.17443995755257
-8.018391417465004
15.371939133849992
18.13917067262595
19.529257511687568
-7.510880199566552
1.6890416037578362
9.340212920212846
18.522181382852608
-13.797130460130148
18.72557228376011
8.291566009557044
8.383776795586652
17.742274367893927
16.739921325712437
-17.104814396385418
-19.00308621194347
2.629346518069262
-0.546855190982491
17.980102168196282
-6.58226715235636
-5.618009893176037
0.3672620506384874
14.823871534219684
-2.7854828574370707
12.1728412879664
-10.554627720552055
12.47466672783733
-8.136974025076501
8.194215756327232
-7.414094083039938
-7.694489336307431
2.955723344092803
2.7034295603995417
13.271152245476905
-18.26807992470016
-3.006686802624113
-4.065525731682577
-14.578941567534738
14.081657323744935
19.974585303788082
8.57073055597088
13.328683281801133
10.072460658586081
-9.81411941533073
14.524554665005674
3.0492920797686622
-6.609128387921093
3.308460866385566
-7.413280023659485
-14.061982182252258
-9.620570265212436
-18.61299942182304
19.100009525588668
-9.578176082912586
-10.473713097683785
-3.2537973091351517
11.23622433185393
-13.29498828755241
-19.033162281082085
10.442582305314126
7.562969420549834
-3.326190033249393
17.486309912542588
-5.640610079092427
-5.149840304856719
-16.43689131622816
-13.518751171281354
-6.673229258787243
-11.171300215116634
-19.313550683416775
18.56624239001699
18.532663442399418
0.9136088202782311
-13.852848782428794
12.31296602605255
-13.656302728276092
18.664269118540197
0.9566516625329804
-19.68832621937809
9.00413262536524
-10.181244070630413
3.3729430685281123
18.005759501720824
-16.991819499868903
-1.4437873797814547
-19.602414651470127
-9.548811755043287
10.36317628335528
-11.927055788144646
-1.1539236510330433
14.733218994597202
-18.33950258518326
7.169770432193534
-14.326727407687478
-0.667530472078532
-12.053689248305716
15.986881508672035
-3.7210947340785765
17.600890613335935
16.84874255074716
2.905064404380301
4.621733496619214
11.78831207731016
-16.346896843777948
19.03698146312903
8.354743512635686
-8.16922926854295
5.953572566711326
2.0765789481473647
-13.765807824734374
2.004125057913072
7.283115409903694
-13.76452870039843
2.801944717729352
-11.348188060264093
-14.354875430270347
-14.013406021149244
4.774096259817348
10.034571648998686
-8.393762976117177
-0.02658868174152218
-4.255387753258258
-2.9635573431469524
-11.24345398252903
4.1626187884557595
11.664962873128356
3.8972322597780362
10.111090397940504
8.936085309816484
9.290606006755382
17.660857545527215
11.992126695136779
4.7861742741838995
-1.6255987203961197
-16.158467590277116
-19.094741219718525
-11.41252797541532
-15.0796915510568
-17.317752683405033
5.147633310507075
4.9888980376797285
-9.46529123742736
-3.1918218339114617
-8.771518949184918
-10.41895843185268
-2.8224882580226094
-5.897809710816681
-17.073614422954066
-8.980354200741573
-4.270351359946547
14.898560306111527
-10.120173215543984
-15.319113052580043
-15.28574176556777
-7.0150626675907155
17.18329665282041
-15.643031047755787
2.940777669599651
19.904759278395645
4.195266555899341
-7.959919214853052
16.97364120987639
0.19297881568405728
12.300956463482684
-1.7715975047078274
-14.431290541510467
5.530530772513188
2.2848550219064556
-13.331489367070839
-9.783576445788778
4.1892379297180256
12.51192132139034
10.618702305968213
-3.372487345264659
-3.1715066489267976
7.41120218125204
13.974730952140455
-7.124028537844108
-14.03916760173293
-12.337358454717258
-3.466637577061668
-19.905674838673818
-10.700142078122177
-14.62545146505478
-1.7269726818054387
8.155727826175017
7.852585282199037
19.757468347310045
16.94090884151104
7.581136399067404
-3.6220508850691324
-3.4701577682435243
-15.87021700386357
-15.277849477202565
-9.040916319171352
-4.836855156607353
15.084968147484723
5.65838307385259
-5.370338486366343
-3.6534750841270736
-1.1887744184656412
9.617599754429126
-12.899528644577568
15.618355471266334
-7.715449756568571
10.238816702724503
10.706135687729812
-0.5852994978797277
-9.101966157656989
-7.804402648985057
1.632830079779481
-7.549175205034505
17.11542818183898
-10.771593966277466
-4.402698805268223
10.324358603845958
11.870736807864517
-15.335745925113269
7.589170848126614
14.854192250317745
13.511570695564146
19.492389441831612
19.62067087836145
-10.890647274898448
6.506894158480996
19.64235967792729
-1.2155114345195663
10.889307163694319
-9.846361232619238
10.144824938435764
7.308101656092823
-8.715691896780271
-2.0023259332035224
0.1577712744689741
4.263954938048386
-2.402954623711544
-9.848149381499534
-12.036977682989573
7.335427010795115
6.940548773902879
-11.724482312219235
0.6306398914697233
-1.6321130185552413
-8.532053374953668
11.260764468646954
10.333468702640435
8.428000434680925
-12.785523097061041
-13.191529046533681
-16.52878391463055
-15.985745415400356
-18.06580621820087
-14.220638059102617
13.533977132773863
19.93173302665157
10.48137156020325
-6.470308691102339
-3.390339458621085
16.90822441286773
8.673422867859394
-9.574130010499285
10.449388189266969
-2.6231635128553776
7.250878296119012
9.293396912395757
-7.758671066394282
14.542340943517729
-9.745744405672827
11.393064112178074
8.581668349843937
-13.139273602660925
-4.021987372839067
18.94734840758977
-14.7217581836107
-12.97745749013226
13.689146891324555
5.076107206655358
14.256608068526624
-18.57379779506152
-16.4807511937478
-6.988118128297508
-5.823158943491759
-18.191182213068174
-17.77961040243243
-7.492693096243208
10.227685335646413
16.85620011797846
-4.546150082219867
-7.262611397311552
16.875186783786297
16.60412315114143
-1.6455733701495099
12.535622721403577
15.542790803118798
13.200520160813284
-19.346242552651205
-7.177516269660984
-18.240865595580612
-18.465027915984788
1.9808253595614254
15.723643502560478
-2.058602409026001
-2.8130310204393574
-9.974079007771085
8.933497904345916
-12.379896245355159
-19.718249538790936
8.37249644076121
-8.519874735007939
1.3013711797477967
-0.27949546293239536
-16.848404592412827
-10.345089322799556
11.942097252146628
-14.639773153370275
-14.349020627818634
3.6886864790148124
10.152221051387713
8.875530583636156
12.166439120341664
-19.01391336457468
18.839244738411487
-19.100148751508627
1.9018937097111497
16.16107602057474
5.561596674621118
-16.720748584945653
-18.024150870010427
-3.555705553919431
-11.037121010686839
-12.97407545442342
-12.759595318035482
-0.035574778501619164
11.785611455319902
17.96746600999279
-9.00895105424972
-1.7779992350017046
-4.092125156045142
-4.442233999126369
-19.8273257868441
-14.455716107210868
-1.1067228720497226
-5.657136179253737
7.110129804941472
12.004086326846057
6.527348695203358
-2.411559031961346
-16.012175630578348
-6.208108495316399
-4.84374215839852
11.880164226092596
10.96232915217151
11.535659612840789
-18.26795261999569
11.049081672833829
2.180059489087629
-11.317195916672302
8.88869684329839
-15.594354028978362
2.2628992602784948
-17.097056261868964
10.152373975610345
-5.305288811760565
13.46023469234288
-1.0649299104556036
9.958908653370912
-14.037737510598326
2.2416563181696176
-4.907928295405384
3.2293279604466427
-8.953458793257315
-2.052705515793754
17.296416755366046
18.921493514115106
-7.040407104755332
3.9202465093544667
12.838770667402187
-0.03366225794788136
14.21608909154989
-2.489125437937009
3.6091738367332873
8.81270829721311
5.500282791491664
0.40424407773339865
-5.3470626496319476
7.48264773217635
14.925838449894385
-19.607456986857482
-4.029168718301053
-1.6702291539975604
8.569927930960759
-13.090788427334118
0.6924783207289593
2.4645281321518837
-12.32501186041446
2.2150890868407487
-14.046024328124886
2.6693824786861278
-16.712758891159353
-0.8945724939745645
-14.318704530257808
7.110502367767843
-11.319778683390398
5.477769482412501
-11.810817331398734
-18.689657989441677
14.631809059880673
16.261914386098134
-0.9622382887903704
-14.661941241718965
14.169140027516605
-10.732877770504468
-13.389502110838357
5.017939286412982
-15.057978299531666
16.75781194308611
-16.20054182513241
-11.389611488990003
18.647041030304962
10.923073930408172
18.12453643121188
-10.47955965712067
9.293656851367626
17.11250752183951
-3.283082051466252
15.384719675867359
-14.231154440598681
16.78053537652402
-5.760823879859252
15.273229806092182
-5.655099493080179
-14.927732381537243
18.301863136599053
4.288850958208869
17.951132833849115
-0.796378470846463
7.030030607320967
-6.59087614715121
-16.336114311557786
-3.3257655290858352
-10.527234018233065
-8.145297297258205
-0.4623995037865569
-3.5883789315193404
2.209551763603926
17.809101909246785
-8.007206278058078
10.931287618500683
-16.1910276724914
-6.523628045991439
9.620071986581635
-7.009871704306544
-12.20790015438945
14.355834846792014
-19.401194173496876
-13.048803844001991
-13.64390967557803
13.861331132800501
19.363622345522337
-3.5641477295212454
17.94265220397221
19.384728706004836
-0.6981656147939148
17.039035491129816
9.181573725914802
11.237317935429282
13.993242453548774
7.562607799715948
7.718938244332772
-2.4757043282661755
7.030569359462522
-17.381162119932124
-8.768026875608816
-9.232634948662376
13.794809143399029
-15.543629889361569
8.661479887552087
16.73809099117497
-17.340893679658286
-11.849078174551359
11.561810396753472
18.50992160338516
-7.780483839992161
-14.667053504550678
-19.39732230922941
8.803220422582775
18.40301872035156
-3.936382055213393
13.515725665779598
12.665072642424263
-8.455759811330537
-7.5819632846164495
-4.895419898324329
16.864092238585002
-5.302372126050878
-7.99250692823664
11.725523261947579
3.568920444762959
8.064129158175938
13.314224271506696
19.559391924239684
8.870246087498806
11.047431775161385
-5.0991875874356865
-2.0556363533764
-18.639201411791547
9.61910404859545
-2.8058286899847644
9.41792575008514
11.145799741952708
11.927604415181172
5.747279075746871
18.918716688261895
6.77526968736359
6.473731099193412
12.785922577318438
-19.432108926834562
-2.7122411560404593
-12.248516395400792
-5.401676503227954
-5.716440079993461
-10.994674870378596
1.3187666532072129
-17.597493460575606
0.47336187161304366
-9.090294081596749
1.136935683360921
-18.350237952656364
-19.633451784456643
0.7190847814662682
4.54899839292186
-1.5064829954714085
4.057731539876059
-3.489730282078888
-1.7104588113271824
-17.887495238560845
-7.777381402927377
1.1840573419864917
-12.515223689005289
-5.993239097307633
-6.261192950314873
4.8481112919655835
-6.474606529513917
-17.800419551313293
-15.08245230925597
-19.24651737014372
-16.726111005434543
17.49069075516409
-10.542870041304262
-4.249769539025081
10.306327197862302
11.29327764678947
9.452163601121196
0.2300964102422789
-9.480792595418723
-5.039202425621703
2.236776184152845
-9.201481780437199
15.172968120150514
-19.75437048459408
-12.306986178056851
17.16221636366403
-5.522631914688013
-5.7711300127047025
0.8309449637047521
-0.5921508363613341
11.101985204729825
2.9238665411638785
-6.796624933887671
3.002109061273657
18.345328238144376
11.08820014995134
-7.252101933400525
19.764189336667727
13.819368939541526
-17.539004651121676
16.736050854058973
7.839777829845815
-3.5616582318060885
16.75508373466586
11.734912918601946
12.026491219078174
13.37614021918646
-7.473198825005998
-3.6266400360785127
9.179172077160139
-13.332954567312022
8.760954997212519
8.276326016561697
0.3572859809135096
-4.02904200288523
19.064242396815033
2.4672252295157904
-17.641234070638173
-16.31106008570983
8.949296170961109
-12.495299346618722
12.57741546215815
-14.055338779087329
3.8567846328612205
10.367621374087879
10.501431285297969
-9.245362030189037
-13.840989275870253
-7.854374793575261
17.021163451730935
14.835418368065106
-8.473409904391648
10.966166264074182
10.289754901509028
16.394606153317042
-17.40593759620584
12.103809620654083
3.79106932448504
4.740234031376815
17.404970691255556
4.025992881056855
1.605783668028188
7.667916059031349
-19.82686548492897
0.6020472895870412
-9.899218515982845
17.395842614323776
-18.11057756264182
-4.358351025285492
-6.821806371614091
-7.2166161709000765
-2.719455790178749
-11.915962417615468
7.76860896106561
-7.724843497560588
5.834100828974989
19.417493045559354
10.749934276551343
-2.665613296487244
-8.279860253752265
5.900002131188174
-16.63077992156859
12.548551324634168
6.344557370461736
-7.284308993670173
5.336379596908355
-6.350079487436258
12.972172636041293
-7.486509211533834
-10.40060029650435
19.063279382539527
-1.4448466667702462
17.555524671530804
7.784246562934708
12.320522541687964
-6.667230740085323
-10.442800529838392
-10.212280965006478
-10.675421071660342
-13.78936328427978
12.69877244424525
-6.499620127778503
-7.900408435448551
-17.040175721912462
3.396621209463948
3.749820183999198
-0.1949170658985402
-16.68622792072227
-4.323363511524793
-14.875224699647603
13.324204957960482
2.7313637313444445
0.4785352879240854
7.028499806862072
11.227259997268085
-15.378599755738772
4.83499634762709
7.438716394370523
-17.825336442117713
14.184136356302133
17.06747926216852
15.481642179894251
-11.956650926417861
4.157561727119944
12.795020694364773
4.824508224296068
15.498861411820293
7.287955203068783
-11.477008647933546
12.547026886619093
-18.351150123070013
3.197279089959327
-7.2385691911653005
-9.402191718188874
1.5209774594451808
3.5492940608809604
-17.75204469759992
-1.1241802471756976
19.83686195452102
5.486128340530083
-18.67000209139906
6.8387533274681935
-5.9259176079614395
-14.341060953097111
-12.656302110446882
-14.329131267409219
13.262082823469697
16.4716897767184
-10.225380512891725
-10.259884051411326
-16.823386952211553
-2.5678904930479973
12.61623820372077
-19.498387753901845
15.449049760147226
5.870138822753454
-17.50582028389909
13.767630960159892
-15.107360562358249
-16.537390161601454
-9.496256481913408
-4.338700659344035
18.28121316329674
-13.28479708434898
-9.228259364052104
-16.7296820398111
-11.746742414383426
19.958078726636714
12.468183786041813
-0.1705537167033242
12.867288393862694
9.595424713320263
-3.965800222411385
-1.7565992384014564
17.931023098567444
3.401884997143611
13.594942225266095
11.61014407150994
13.589659893551264
19.759120050998874
-14.671305270197493
13.293922910676855
11.173115233696723
6.3652909541449745
19.8093630806393
-15.18888445972879
2.363085507147808
1.362359838932889
3.143639311704696
-8.880147958301482
-4.485321341028165
-14.571758890734685
2.4185641174413846
-1.2347775622540027
-7.028556724344321
-0.5917550687369086
-2.2997503102243435
9.559743494825724
5.092572782232647
-5.973870284548246
19.695791936010508
-18.433559858467888
-19.223411660566043
12.921650603836532
17.81568395905468
-0.44014165730734334
-2.9703893250249322
11.307136091794384
12.382443677731992
5.061085780381379
19.979983013661624
-17.07860