4.751453328681578
-4.866004612871251
-18.2124821249479
-19.812975279207585
11.226013597196985
-15.449916459941186
-6.12597723190917
-2.2414384096020825
0.2607997845781149
11.117388928512195
4.571986715753013
-18.2933143917992
-6.246379661336192
-14.125419688150451
9.58166646177673
10.476583948612408
-9.876321502576882
12.96444231204481
13.365264253252974
-17.15909286648539
-7.904284429528726
17.580801437654095
19.283255359488443
10.960546171947165
-18.01689873665157
-15.358796837754142
-5.29951187713916
-16.556103598764054
-8.76109380144161
-5.687902586614118
-5.6766755174888175
16.684677758132835
-5.390387939441235
7.100159219221393
12.36972066832837
-10.859895248980305
-2.7168831119047034
-17.0070336168703
6.158234108551358
17.8718117947668
9.464063799544256
-0.07702519567678223
-11.70774075242916
17.716171007351335
-9.269621612361728
7.310427251135025
5.082788596934847
11.403074493074499
-9.989477080538416
-18.966580744064025
-12.661812543376762
17.145885458527452
2.654335194992324
-6.670686845624569
5.79237174230645
-2.3193723731461517
9.758665783936706
-15.683324871158483
-12.790154475491251
17.661988409592446
13.588025863369836
14.713223448698038
0.6153684776044983
-7.3024767485036755
-19.13487708690451
-3.6437065805917683
5.512339747917828
-17.49640170559125
0.8736076916483384
-14.79342186707838
14.468309279760064
-2.990661389322792
16.749968114566933
-19.050782276039087
-19.971836314658017
-13.957990676678392
0.008260726375127092
-16.180296434391774
-12.034885125560812
4.400484272656829
10.347664359812132
8.860060362615222
0.7605887304546144
2.4765794779204633
2.4859132856698096
-7.149907350821593
-16.79665574672321
4.631132994539051
-15.353413361522993
-9.55718699689211
-10.088501513685832
-3.4260382827761333
-7.810251011581904
-10.319385670119985
-10.38851678061748
16.018765131248273
17.000765335411657
15.258418790237329
-10.743032895751838
-5.90748170464618
-12.038813428222173
10.045850441532075
-16.599209370349982
0.8184026182306035
-7.075364374655413
-19.710097776823737
3.052696904380184
-16.78856841386324
15.242306917951979
7.330219682460996
-12.37834588557957
-3.1123545060863513
8.102384814598494
-16.20860679599053
5.535971927280457
-6.319601994629348
15.294168882012912
-9.942844338315243
16.036340370412233
8.708413060753774
-1.8756824325867996
-19.20172910001582
-14.215546866578276
18.82504878933223
-14.709175162954015
-11.994190637391892
11.43113631725178
19.179796624421563
-8.47188768622965
9.818117292364668
-4.7979600952382775
1.3187588251875724
8.553404221836942
-16.44573758716582
-5.695365680782265
-11.503837311682563
-8.56695858879602
-3.8227890399141202
13.472956226043095
-13.654402546563794
4.212469375028398
-11.053761967149565
-15.448836949917798
10.685407273003833
-10.105019162306812
-7.486595194876692
-18.890947884675747
9.571487663827497
3.725289385238355
13.833098275681635
9.844914727891442
18.679590861104515
1.1728971587546724
14.004527764407925
13.765286222510731
14.118735183191227
9.490130631327467
-11.951472532997172
10.037971204610933
-8.55040312547116
-17.607416687099043
13.630725205663417
3.4047209868789174
-15.956581269763932
19.803256100876226
19.353405913304357
14.938300181691545
-17.25702729608009
-11.571013951167046
-8.886098799884152
-7.378839077350694
-6.289377005315329
16.41202901100543
13.632835440486737
-18.932031941109983
13.320304063890937
10.005314453901505
-18.561265955123893
-17.368085918211527
-1.0022340346692147
-5.628491860907463
-1.9849662374376607
17.0051163231758
-6.7033382546163836
-9.082553571588733
12.767892529205888
-0.17909033556034615
11.206876863586864
-12.539583347804983
-12.902655014670499
11.161171484779931
-0.6286391574547636
-16.032533169512494
-15.812049832504735
-4.217005291885121
-18.07656551673297
18.61579093848998
13.39119051962755
-1.819813449110299
12.566922532341842
-4.080705309637365
-4.109111614107267
-6.170657897647374
-17.920662835531303
6.680566041215098
-4.847421335757232
-11.77389345279622
-4.728527375458697
4.398588549007954
15.636747280677817
-7.806967508674365
1.2727755188716614
19.632524902938925
-1.152902836358976
8.287345578047919
18.866347899919027
-2.326800410811156
-11.61279833702407
-4.960402445053504
15.71835003327272
18.729777592732063
8.092259237467168
1.2659285531707667
7.502149712501627
-9.837754222368588
3.548681696340843
-9.893255040996621
19.422397224941946
-11.732989866635117
19.058177362325345
3.521482997022698
6.225418732866267
-9.05092249677812
-10.03304849695143
-8.110269990296386
16.705803375718695
-15.209748686681452
-16.79275651938191
6.845922286098801
-17.255474353590895
6.496554546543795
16.341844438730362
14.552649227291447
-6.692976844843832
-3.8820695745385123
6.972105024513265
-16.396189623077376
17.9897057809684
3.056412424740536
-8.42217860174101
7.267464286608206
-15.785129977461501
-1.679025909477076
11.286498243041855
11.658649219314302
-8.673762926877275
7.68467564204127
11.928905317450006
-16.261363427792755
-8.192646024354966
8.272414420812758
-12.855030334442784
-19.774371275079098
-6.009146264324761
-18.295164382029327
19.88426041247802
-19.55557333918472
9.273257370806888
0.4455981338339825
-14.435870969525979
-4.73770862778672
11.027656863506632
19.053878203575835
-8.730183647383466
-13.72961420815081
-16.74799243058476
-13.512325001461921
-12.991786679297883
-5.876242156547251
18.67914876141289
-14.123281659546784
16.65648080600991
-3.4847193833630286
3.182228579008015
-7.122934933966011
14.099805622906118
-4.876322794641975
7.117147883663595
-6.597795651776405
-12.676960092237909
9.073365573955172
-11.497627424328986
-6.494897912828694
-9.601999403100358
-17.352178111134826
-12.769046595375148
13.47293727750079
-15.6393398615471
7.57021143274747
-4.521504007341104
17.39636845115193
1.513697061279462
-10.721866728814703
17.785530941971437
-13.058926173263966
-3.9248372312491817
-1.9858347480347547
5.2823433807755364
3.8441095788993778
1.830273475760798
-9.844145672476978
-9.472213528316612
16.139071192340275
11.392555669199904
-8.542659099267738
1.2599053693767672
6.267764238492578
5.262909078615333
-12.22714748173303
13.011725799393417
-11.93280876375674
-2.78288237885015
-8.598906724764914
-6.801992500792924
14.19656180279788
-7.227041108856849
14.642619535899527
17.170535748224708
-4.2077349460379665
-15.846610209917568
-15.324769402760804
-0.946861511006535
17.95624603233638
1.8115399320188246
16.491243648626117
11.275838497367353
4.245100410546275
4.860904289481802
19.485312635348407
9.05387270306559
15.394286527599156
-10.159954491206328
15.10125360992943
10.035474204137795
-6.231804783240239
18.431307638225462
-4.55611343397452
-14.34374643569452
2.6962998124698743
13.138683152601551
-5.422294785858735
9.427890464688673
-14.041560655257058
9.272235943820899
-6.7236563600115
-10.430098305502371
-5.975200586410661
8.43737743759553
-5.12534589366814
14.07151261616923
-0.47904248181502496
19.72932558635138
-10.741265559738459
-11.697260252695468
-3.2236369595221817
-2.8842915074282125
-4.244019119604188
7.18054246425066
1.1264818980515514
-6.060619896014048
6.438720476219331
-18.222751208918112
17.210581140540867
19.26067538587523
-7.224465422901822
13.48927444908287
-14.677490314176733
12.623935382413357
6.709783648878744
0.9980436124219736
7.134269891557409
-13.557225677033443
-10.836528658433554
5.793115520023207
9.483446342939857
12.84016024381571
-0.3466903822485392
-16.33008553539603
17.20916646138322
17.26144548878508
-5.481300381526788
3.9281278863475286
17.09762061228711
-7.477419870833856
17.584885001351694
-17.052274612328127
-0.1625173954145751
-3.2035982765002373
3.4979710361839196
-7.511665677720721
7.527445420673338
-8.130047098140206
-1.1099730969273054
-1.398074346816017
-4.817618113913369
-11.73687363548142
11.235408790818955
-10.881239296775455
5.67967620553123
19.388703413357902
2.5070421659054603
11.141679050325955
19.518354079883423
-1.7551532948217456
19.521374255174898
-3.948425625535698
-10.007859660668604
15.8124103858855
4.880577483259977
-10.64297835836545
15.090494590629781
6.843855103559505
-14.531460058526807
4.714605732828382
-18.626864829997807
0.3410926119170554
-19.039618491270236
9.327152000653026
-8.06115400627509
4.88895680105778
-9.445066320239835
-1.7586096443857286
-9.867037153941208
-19.924939399608125
11.838853580519103
14.198496239682797
12.078472990638566
-7.3980911844342465
2.871689699437052
0.9645368168499218
-2.432720384505849
8.513386095545798
-14.41743971791826
8.370996093546236
-16.259030668023385
0.05677679990468221
-19.258341407479847
-6.724145093465497
9.18364952332308
-11.576990331475194
18.32453880381506
-15.939394118508087
-5.1997074416074796
-11.33975748166636
17.15510989018007
-3.5513756768915883
12.381008100979258
-18.656588792918313
19.666891285683484
-6.939979767818784
-3.325443462861301
-13.987302695287717
-10.914504901712121
3.393150078173555
12.343503012002948
3.258719673151628
-1.7564347971128882
-7.61489477378718
-10.390915604545604
-17.975047790277117
15.513119635619162
-6.564376995973005
-11.543446131953496
-3.4883234396607676
5.605470829115596
5.713618278581414
-12.894671915216428
0.646563374025078
12.012784532776429
-18.389277335367296
7.4646698207099895
5.885240186873922
-17.70641516232251
-17.28088529800301
-3.9430325519388667
4.158550620055486
13.767436670755664
-2.8134207206562536
-13.795268862622216
-3.221355920889536
-14.915042780722274
-1.2547693073718023
-6.129122774058583
13.523998478869245
-9.251889528607848
-18.724157284294343
-12.406507507374481
-0.9165949801804061
9.57404506895315
7.415310236827924
3.9888485297222545
17.033045592809344
-2.749439889195692
3.850630965672938
18.501090127608556
1.6274719124974624
-6.378509354306328
-10.491100841024643
7.457092827972804
-11.560147297785118
-4.719013529888954
-16.105567415961943
-7.390091782756425
-0.7531785165202685
-14.556396483595524
12.617074127812316
10.210322489731894
15.284624698757625
-15.729335144691268
-6.192259059592104
15.878173646029488
14.809291277509516
19.382985415236966
8.864284294308273
18.501296306003802
-18.897811033392266
17.466011133203516
-16.16520649043509
11.435909378766453
3.8404504126617525
-16.347607447138593
-6.845222491473958
11.784311894126702
10.79744601289519
-0.603626376244101
15.242680323394858
9.858077911186385
-11.514442866652171
-7.098622529520501
-11.531706938771382
-6.3828131649370015
-16.9771311441089
18.280223135106233
-2.035218305519571
10.41991468314508
-17.132061174142756
-0.8367715351674043
-10.52183358358604
-14.852312504116668
3.147216446432296
-5.2927225230541275
-16.374065965213727
2.8839400424288577
-19.328783001047363
6.6791482261535435
6.901515290432208
-7.943278709805908
11.406039389157257
0.765619161706006
15.29703766211145
-15.195108577026325
8.317419808602075
-18.0017115590425
-6.623473492207026
-5.780655715191013
5.019281734032333
5.89330153347661
3.1962096179788624
-14.780286495550477
5.875440644296766
3.214740588367686
-7.383513269558982
9.758616615794793
-1.595604631662951
-1.6612781703389992
5.318640194163372
-4.967880306477209
6.328507015120763
19.51073969507503
-0.6956044142562057
4.952343662794831
-14.984440300964357
-6.683876916701635
17.45743549031387
-14.916225131924335
6.145875066261265
-15.78877515666127
-2.3460615579203434
-19.67277838375695
-7.682489325633576
15.024647590615345
17.998570797812363
10.718487350606807
0.4900869085375277
13.480821520714294
-13.939572393753261
-3.1649568606842067
-6.78138171942393
-13.827992533029168
5.143648701969955
-6.286311154276095
8.753003840118694
-16.672719550847546
14.401949505744092
-1.3624459060004348
-18.24325429785634
14.68208317246421
-0.5675243857753074
9.577985244918665
-17.20562406167286
-17.847803902385785
-19.497593660695745
15.647700493164791
-0.7122212833812753
-6.850381973002113
6.527751774311746
17.996731904630543
-7.442281339921845
-16.18818813150062
-9.801725966173013
-16.569981297006585
9.233626182336753
12.301295491960985
10.57127396345959
15.604331247867407
-2.8412333195832744
4.252611305258217
16.38330811381752
-11.95698321221525
-16.59461127374136
-1.21410587221704
8.224800723465208
3.767593934637379
-0.541133248859591
10.478953139290436
2.41045087662064
-19.226502732114746
-16.200045321626206
-18.84565126703078
-7.351921457694495
-0.7056168752864345
-15.38191057432098
8.145454877857322
-11.416783291029603
-16.465559838289533
-13.717830503070886
10.983321666180057
14.066405161829707
19.54754761991181
1.539011103498673
-0.8299797546612453
-9.164400357603238
4.268224322983638
-1.7444465048986721
12.667882310781678
4.6965390527019295
-16.72702542483734
13.754876058055395
-3.1824166168643195
13.225428820156992
16.53500673871099
15.781778128944083
-13.197400132265681
-5.218620863877238
-3.019438940035762
-11.643250689392053
6.33311325566352
14.150965879004644
-4.188976268785991
0.2665330948381417
2.7815897691425704
-12.474820504316373
14.701228642592014
-17.703886846321055
8.76941056458221
-8.470081567810102
11.17937015474784
8.776911216850472
-16.624505515808718
-6.759273148437192
1.685579174744504
-19.41827798513018
-11.420881814484854
19.979379709472646
3.025639565734256
7.5358306709043354
-18.839083541809035
-10.619637096519444
-12.539545216714947
-16.74825992261432
-16.015061204464878
7.905171957529493
-3.212206007228712
6.820970227416865
13.507977016971154
0.3210355860441112
-12.935918380765647
-9.109756442331634
-10.804073951719054
-7.0643838181466165
2.2189414628237714
-9.094604883038159
10.40914280018621
-5.905057805593149
10.914103859748487
15.18045513006092
5.074784849283912
13.411289343197637
19.380497924328907
1.4660665573039964
-19.97440830464953
-3.734090010928522
9.889115684403524
-7.377532459454365
-7.061195752336404
9.296889379973393
0.04552979049932304
18.68052978698222
-1.7037282820659456
-19.314301730510994
-5.704711239421613
5.761732054784531
-19.770742542999415
6.940161873396072
9.941677929624717
-1.5247122570228058
-1.8975034494468943
5.548171021123693
16.85493499231889
1.2214784959137681
-14.187898092402973
-17.836152059353516
6.501981697121373
15.379620973097879
4.994351549740351
12.917943282841392
15.213447768573538
-14.530621739642218
-10.415518309883165
-18.419605460841954
-19.36792021734992
8.96934374824163
11.159284016832846
-13.001922940948955
11.067318457870808
-9.488086226894431
-16.070270019885907
-8.22496341813312
18.481179964514347
12.076836460432752
-11.467836816628928
-0.7268820143497123
0.03923662732687205
16.72178774956879
17.340602862721738
-11.026552920198176
10.053960445421097
7.566251912264587
2.9558770781743746
17.08169448411813
-11.86425799276105
10.960102125093819
6.143831824886064
-7.486966724020338
12.725970833011246
-14.27373622281991
-12.148930563179853
9.249308088350745
4.075390254281789
-17.614894874815015
10.989864946998647
-3.148340520673699
-1.5463261285981211
4.692222225391362
-17.073330720804982
1.3528438092191593
-4.73232407554633
-1.6121563880717034
-8.538353819211046
17.016857777958826
-16.53981219431319
-15.74834342643145
-9.139494591266896
-19.665931129209074
-6.745516192855163
-4.730422235879148
-5.779018251105565
-5.633581237945275
-6.486189169592983
-19.752836801501708
-5.7928410345567105
-5.429624447097776
-16.52114983786802
-8.122628245359351
-17.989798932171244
16.81461998230565
-8.5981578253008
9.080020808553833
-7.222369669659155
6.890239940114469
-11.422118608024249
-19.30347204226747
-14.653455908264181
5.845666356987849
5.222332507831876
7.658731690252758
-8.626710554567447
-3.620280645628064
19.088987891240485
-12.363965370795288
15.813343043496381
-18.51841597097873
16.521570613721018
-3.3812438430877165
-13.126038213736999
-10.469595563414273
-7.339160857654425
17.839102469542723
-9.31945244012946
-5.836895715322843
-13.420647366474379
-2.9196850430968766
5.784483228420481
19.013554536531224
-11.198932538988377
-8.66286621198821
-18.44791717129283
-3.1695196800001213
0.2768144137270383
2.635777220071084
13.445107344575462
7.058891641299702
12.224809315515031
10.503326480319892
15.076957100393408
1.9501331205282995
19.356479623521317
8.023578259583036
10.789947126379275
-16.797928871380634
-0.5584706768442445
5.5154157753404895
-2.713857368415475
-3.2973442742120618
-7.404023625153293
-5.900174296810604
8.570657171601756
18.115723729407037
-5.298671044459695
16.198852104806207
8.716598036681845
-16.13555868751343
-17.7443418518922
5.096733615769189
-0.2884581596498421
-7.596292545863005
-2.3211235496445326
-2.0050948904465393
-6.781288920481913
-16.720372198537568
19.191800951637155
3.634315439185144
-9.49858912968985
7.207996930073016
11.70405987632845
13.719599407040015
14.039566465282356
-4.875500184651425
12.789436869488057
-9.360623876585148
-8.91352517655935
-14.563536284120705
7.974346693951162
9.895578655091661
-7.640664108712588
-6.1863812674915675
0.287865113326248
16.263543914662677
2.6394390285861213
11.675735852815187
-13.940450146487603
1.9864799771242083
5.016490917555156
-2.1097637453779257
19.698295349866463
-7.307338881716925
-18.036170977601053
10.087780768244507
19.28957853382326
-3.115213850406331
13.767574720096782
-17.78700826855678
18.199759861032746
-2.3131392536244064
-14.921026046188288
17.32197967673909
-11.791208778396264
-17.882809259632772
5.727503798697725
-15.587300192977814
-11.912737361284575
-12.566159523792638
-9.696289324685537
-18.53624105909518
-0.8745682509874229
-13.651467409809538
-1.1338685592222042
-11.327147082481854
-9.813667930894434
1.6506298778936888
13.103213955927117
-1.3369420371684555
1.5519338772645632
2.764714918616118
-5.220987204803853
-9.01491078493069
9.573038639919986
-8.963339288692275
15.826694885839217
4.973526452699733
-4.546120104566533
10.709487079310279
-19.506018620424506
7.448929291084298
-13.238534215043941
19.599952269896463
-3.010501707192631
-17.48889906434634
-1.8649338100400392
-15.660749009868095
16.98860501389114
13.230079433979014
19.414265832050447
19.273831643321422
-10.804729685871997
-4.622785059788805
-1.4437646060930511
-1.6981831042229736
8.865281732067459
9.7839527275606
14.212330981311574
5.839706974588172
4.795600183137694
10.167523544315777
19.18154283878905
-8.575262573224997
-7.000098370069097
-3.5475573892625967
19.278207856172457
-1.6591749100868434
17.805063913833756
7.779976332675162
-8.99604095615922
7.086957707651315
-6.615595340132812
9.889743956299402
15.582176908358406
-13.580335735607374
-14.292883578714036
5.283029060976819
12.506856252986182
19.72368349449934
7.419432120615021
-15.303867521222472
1.5716970106258756
-0.008833282264617992
0.950214259136068
3.1539444161259276
3.3568308252072363
19.039992771674903
-19.31179384133125
-10.88463132063682
-15.500964941834763
-14.54939287140756
6.081271113783771
-16.294955177352264
-1.1693107748873253
15.527689706919247
-16.93710769973112
-5.599166698928105
-2.9087530474163543
-7.984378984593459
13.834831113696964
-14.471768685313432
-14.780360120600452
7.74702893692908
2.660434419277422
9.764617389397866
-12.123112818765552
17.695672221890767
-15.286639040491155
-8.221683569350873
-18.626937916890913
-8.420844343984143
9.718419051703396
8.86653851065229
-11.150387712792377
9.009750866105474
-10.055632434468063
-11.847046310356966
16.93379586856664
-16.636273971216873
12.141705116164822
0.7491445573190738
15.812054961624725
-6.039711657931139
-6.706405782717578
-3.0177150530367527
5.101515123164738
-16.147586525814894
-4.082760230682787
2.4567395393607256
14.569405508483541
-9.397123619825942
-0.9526858510542269
-18.580037905609924
4.267225986121815
-16.73085695101834
-4.029035308848954
12.953109334772073
-5.351003259343141
18.148643787479017
-11.780269077573568
18.666409764232668
-10.855411839823844
-18.503085227155573
6.60710099707153
13.032985796471863
0.8376518583171801
10.661214376592248
0.1081686509955162
-1.853402630756392
3.5709949779613908
-15.02325352306952
7.501982231876806
12.3242299801652
-4.666901629347384
-18.80309949849044
18.54041209196184
0.39010453673338574
-19.6080434023572
0.4419091303999352
12.667682153175576
-4.948731818112385
9.275592196649207
-6.509003011510611
-13.029571801346048
-7.904755968794731
2.329374887774218
9.718417483228276
2.073582835012161
-0.8149433929584333
14.04153451602238
6.070355572682949
6.34930496378783
-12.048161952145797
3.443314582772853
4.371133596816431
-7.5801271910984624
-13.857261637224143
4.500539668485871
-0.4143950330123225
-14.30829933593094
-18.489474086001465
-2.2531009787271046
7.241927705738149
-14.678533482084388
-10.56808590626726
-5.523515537956566
-5.768562619019345
-6.332225445497691
-17.350492339730096
-15.99501197514519
17.71922465548785
2.1616548157351474
-18.01575241334905
-8.568475547905487
6.573004983489451
17.668481819400284
-15.817153757497602
-7.044129778072774
12.226308935706584
-10.700735672217698
-12.308934086797647
-2.3287538055203036
-14.119951943911806
13.197431483170867
-12.971270960871003
3.694191227330684
-15.690039393985398
-1.0709325979485627
-5.624954425911589
-7.479144570279956
-5.299761802334245
17.566102061789053
-19.574839445553707
-12.959637742866889
3.7857793712320387
0.8318773129924395
-4.424295434468149
19.630173135716944
7.482853197711435
-4.3040009619773745
-7.6567938321938644
8.512444954488373
-19.686213054300868
-8.764912505827365
-5.1509007508797
8.926555142716381
-12.038189419820648
13.995814400926207
-2.061152094180585
8.73606109365332
-19.166736608378745
19.417342083694884
-13.314060474608528
-19.49376096696689
18.10024125957144
-10.973457071472179
5.459480838940074
0.793648463607699
-10.352074980624195
7.482329587235913
-4.415696629773445
11.470209310172322
6.606880875740032
19.591533469745755
-18.679356292434193
-10.007045418947369
-19.98052796092719
3.132123375806305
-12.396803007622115
-7.267254449519051
9.212962231949703
2.98241779053685
10.31390118065952
6.258239502991945
-5.728646724414013
19.479952487073824
-19.214830504039377
-11.308844866618056
-6.85864766948653
18.26878288727891
3.5048946085290282
16.56145661903431
14.209002686795806
13.923247743608009
7.096863725313632
-7.851635502485209
-14.568385343028861
9.59603742825459
-14.485536283618682
18.080467766267198
10.353698360394116
-11.175654287801922
3.4382757105732438
-12.314389325225953
19.222495821194563
-13.299310736735709
-18.822731262042012
-9.821338281618054
-12.24972363033312
-9.982070293648192
-0.8038516958910726
7.198440049881555
10.266185347222464
-19.11014719026958
-9.237748620953067
-14.337064672786859
11.011079709126058
-17.437847209058162
-8.931857035446136
6.847089879519622
12.256571116778915
15.486068270399002
-10.167985022164082
18.396066326077133
13.729232693542443
-4.554066391481641
-8.08271352937059
13.059049137608213
-16.420761482884192
10.606997397941818
-14.921618458989752
-18.762906245420158
12.645796666361605
8.110226117830408
5.349307956834934
-4.6158974499894825
-3.53981629469002
0.5633729758150032
-1.5024563634473296
10.388287706458872
14.044868436329658
-5.014307443294058
0.02894497055862999
9.66965261401089
-19.539789790961628
1.053101506452645
3.325682531814472
-12.927256571399495
17.408335503082156
-11.33758887600884
9.08444229218857
11.25869366895083
9.020558200574854
10.95742798745928
7.4203229276831095
10.271255604247536
-17.265284130591823
8.412930070331434
6.011520308904569
-17.02675146285022
9.60314534342676
7.833803246383155
15.578673098099138
3.8955201712759404
-13.612015105951102
-3.1899458327305865
17.710188307447005
-2.9793815183191406
3.1459338757800204
-1.6063996408143133
-3.378822296484252
-10.809099292649677
-9.055092468137843
19.86274899575629
-3.2706374092852464
-9.790635263484075
-4.532386105277402
4.8247379678285185
-15.186263730738156
-15.651869018918813
2.2032005391124763
-12.009413280958864
16.6873274522101
3.707779753470671
14.554676231758279
-9.547274898897866
-4.479811611829639
19.336354536921057
18.165623246907828
16.668399558851988
9.367857720224222
7.97951501953365
-1.7388628650157578
19.552902636638443
12.058997930507857
2.0417524333657866
13.768191993589227
7.312191471616867
5.6907557891270955
17.063572772575235
10.990982108276128
-13.741625566721204
7.606940398858523
-5.546694290340239
15.857982478639443
-5.19994958695726
14.3817112518568
-14.857028895770942
13.503409555523717
-2.610208644614602
11.239956587123025
7.975551697302741
-11.584187839753085
12.367946980061802
-8.030571698285858
-10.699311458156892
12.397940653019141
-6.770743341343927
17.747984500723177
-3.7219265495304725
-13.28479582262939
7.541303272357666
-3.5560033115687126
1.6886267755687783
19.09534223267567
-1.2327014293381389
15.567046256269066
-13.417170546538944
-19.02524144192242
-3.7526201189871955
3.0629403702993265
-6.066761170834024
9.610265291974297
-9.643059972138243
-12.171402557428701
18.426150673480393
-8.117130594023948
-11.717826306776642
19.09582218608692
6.539344059543861
10.396037986246363
-2.428308450055013
-1.6352212161066717
-3.1386988104786404
-11.620814487602997
-3.7423385064067602
-17.17076349138354
-17.36081173102544
4.3670129495826515
19.1209212994916
-5.13590864812743
-15.593681280191284
-16.03771562014863
0.31814879858210077
-17.95764358662382
-14.801143195202254
-13.277208370270062
8.396183894087429
-4.751648963150711
-10.093362989255725
-6.89109340938681
-17.988461661197285
2.6257184374059683
-18.429305109092716
-2.615015259417312
5.161429465926645
17.085205870437775
8.70416238549737
18.88999125937594
13.922208321040458
-15.333138275179623
2.5936679978293
7.935966551350102
-0.8825929596466686
-1.5309244752358424
10.87912108163048
9.690808545449823
16.299732308406966
-15.338575874705738
3.9997973848783275
-2.816821564355699
1.5453535361754263
0.47316604276715424
-16.23954658199141
1.8924544002705055
14.268429047090613
-5.285324511847588
-2.0057272016148318
13.484974236787451
-11.512374535174148
8.017771393390767
-15.074017660867089
-0.4718805883927111
4.748561885659875
-15.345473405374555
5.8761816346369855
11.651153636710081
14.295402276374453
4.081233296830437
-0.1552116687792271
16.312384338427414
-1.3408581753452467
1.1584961830832121
16.95343526036399
-13.438159164343073
-15.142014141273865
-11.170287944930202
-4.762942775468941
-9.603556877762674
13.95344663422771
-6.067608681215182
-8.797543543328734
6.903247895651781
5.345625343214273
12.601985957810548
12.04103439078991
6.459757942095742
-17.381978434253142
6.126548300706073
-4.875576160049828
7.510645341661508
-6.227903403498182
-8.061027443249614
-4.043696029703101
0.8166204058900952
4.4848879846932945
5.484978158995926
-13.862569369168778
7.453715368514704
1.8320799929733447
-17.190119293718794
4.4622908013263825
7.0833249540512995
17.538544984482563
-2.0989772369570936
-17.776645634425318
9.622921005909308
-0.8653082753171262
12.215694785939519
-16.06922452683247
-14.696666757138118
6.865206764920391
-13.246367404679976
18.39294424029343
19.07724587515215
1.4791848062191413
17.26648354383098
-14.915276745027363
12.805487936953213
-2.4699138488249375
2.157318277433241
13.109803596673892
14.254020740259236
19.15709274144178
4.258203331146419
-4.313321386303976
16.24803253721891
-8.477842992285307
-0.9910352778713971
3.381402326154401
16.019404725839777
11.63210046171407
-9.983397609670085
17.15063122084232
14.452658429922757
-18.08287483364879
0.6153331077147897
0.08986573230396644
-10.94389745470339
-11.407367116354461
-11.637475474413117
-15.58306780189679
3.326142174387332
0.17415857956957836
-17.32946226151811
-5.6478895314646
-0.05099653558844608
15.24427626394305
7.79330115481574
-4.3559088643725286
-17.707928884969256
5.454964138922076
-0.1351238226931848
-19.939449849219592
-1.6606629407809308
-10.812010250820844
8.050621332708452
0.6548439370095664
-1.4496155013961207
17.7788769329034
-5.6548128154736546
-10.036029151658546
-7.173849131281562
9.10377599698727
14.060011805191323
16.650465051172546
13.972113989633911
-16.69231378428266
7.88372606413278
-15.830757722292956
15.304306992471652
-6.001045298894848
13.6915236568083
9.837823059585386
-19.049498837438396
-12.583645808344638
-0.7807536094468759
0.9511182003287715
-0.3808123668099803
-3.514206039976024
10.697367472745754
-18.18314700977204
-11.228446502872496
5.126784556006072
-2.0346118874671326
-16.63201289818047
19.7404492054591
2.4383282505191985
8.040602583925676
-10.090470304916806
-9.81930342244885
-2.3332218886745864
15.26870545575759
1.0312203261769142
-14.322829813168125
8.657986612320954
-9.91204788178873
-3.1954732102358285
-4.5342303220435465
10.953203243920004
9.263761590242506
4.558656020116224
19.764763029923422
10.616406565381723
-18.951425126572875
-5.46159220327195
2.248264951563179
-2.6780007364240532
19.621914448505805
-1.8286703306932992
-14.198996369863984
15.49962235345621
14.497280295406817
17.336210249167266
-17.807383302654305
-17.044805443076456
5.8280696885825805
11.420330756888081
2.8159308096724516
-0.9643562165080688
12.81241168738105
-3.7091334566360956
6.758122129908529
-0.7604045335523608
-15.697791066841615
13.942715689776783
17.829686043116276
-7.579937748923204
17.54698108779371
-2.375898154570315
-4.668220855571597
6.489258389630294
4.836266273396653
11.825060571501908
4.8456547953461815
4.072944077095968
12.061457612038858
-14.837862136516646
-13.392480627069858
6.680733836669891
1.2838889340695374
-14.300094520272344
7.668139673232535
19.34018052831445
16.276059506403648
16.052941879099542
-5.121814594712788
2.5596890520584736
16.72815272813647
-10.494693897140376
-4.534954256217411
-9.080993496449782
-7.682393461652897
17.67279297406118
15.29343864445395
-14.282213391465536
-1.9423011113732542
0.5953105523744675
4.6918323329724565
-18.292252079602083
9.2395764268603
2.0058819802334895
5.687425301533583
0.9323961971688632
3.5780592092802443
7.007468577809291
12.94313435719512
-10.256752241217338
-3.0182102311858507
3.5787791456701576
-12.076450064653823
5.0481731121902556
10.809137021180145
0.2092637871556562
-4.5515634224074155
-10.703784378729143
-15.644064998421157
-3.7005590880435477
-2.8459170133600544
10.647579524624653
5.832707743677119
-4.4066197035618195
-1.5027553246354906
-9.589791887838732
11.74953153051463
-13.292052543392385
0.753519602918999
-5.338947500893241
2.6039369752448565
-16.584474177507357
13.105554137627522
2.357920604473076
-7.234023927154114
-19.813409955962484
14.972802420361937
18.72743881021958
-16.730440280946596
-0.5253043147599392
-0.20499136093019388
-15.408908577438378
-19.13268443493663
-2.0086856636332726
2.481160034431575
-17.48234308490588
15.297779822728572
-11.61211991577105
-3.8368316720184126
17.873283177469197
-1.4544139132408418
-12.88801608273273
14.954481136474215
-9.095939623336712
-4.56177186429616
3.971691022841437
2.5171451390830235
-4.441169785903378
17.616793661602756
-13.257679281056678
-5.720384091419447
18.316676766783353
-16.753946164630694
19.611552214268116
15.905536993340363
-9.492532394760218
9.41210279731174
12.47470248359815
-8.939278466088293
1.6355091298736113
2.881129337005504
13.268511371223447
-16.547063883725723
-8.141662587830503
-11.923341467120867
17.334037473063567
-1.1831049076794784
2.718619927191245
12.564796619452537
19.105915322840758
8.2397229663048
2.9878341717891033
-2.8170051758201744
16.037650013398704
19.44638988667193
-2.399228244082572
8.000393538828408
16.51583300194244
5.779765945150292
14.047921952329794
6.181101464981623
2.3048670288187942
-14.909690322146808
-10.115491925697565
-13.246690985738528
5.041507392895234
14.602812563476888
6.925217903412989
-17.844049669015803
-7.894472497955629
8.226196812652738
-15.06129473006903
5.327022628070569
8.36745875974771
-1.7350026287050149
-8.307324169095347
-10.076078903508465
-14.28478135742846
-8.600041165490753
-18.074485463657936
-2.7145735736191803
12.550413127817635
-3.1112922691709635
-6.793894196851786
8.017889947706955
19.143901065543567
17.836702482834063
-17.00815270673706
7.369207937972831
-19.395044410047277
-7.408676783858237
10.304736861086063
-18.79914315024495
-11.017203339228452
9.857336215905178
-15.494573296596172
3.6944747809263205
7.724285635686684
-5.392702250173617
9.649251197409615
-8.491522164345637
-8.734198833214153
4.200202220797209
17.90772377161924
-15.804134605287397
16.473489475866828
-16.010363913318212
5.094244983392194
-17.51453654711281
5.7776335049519325
16.235010008854438
17.753973912908194
3.207210911744056
19.562736801374044
-19.759772496926765
-11.863454176164169
-2.0370385651374043
10.656625572673821
-7.232797314150016
19.852538744678014
-3.5158337088262
-14.656074649148287
-15.913481692529352
0.03110175021819117
3.5319867055479612
-4.1896893797684776
-4.3100768114709975
-0.38403491584213967
-3.026233143205136
15.272815673933437
-1.875538988537663
2.0419664571921885
13.80118848841942
-19.096832608476085
-0.5324455772671044
-8.791528288614767
15.318909914489744
11.179496257087585
15.759691983901291
-9.471199964701235
-1.1111919036518785
1.3457669756906228
-6.334904078819804
7.294337212321729
-2.591413202861368
-0.491565099914709
7.6399789104273665
-2.273714529854068
-16.118619066409753
-1.934281594055534
6.235068757656332
3.8554938669164613
-4.035469878458148
-19.09031097296449
-18.97608996830475
-6.837727836075729
-19.371540142547353
-13.515697268933508
-3.694789217629083
-6.76807202688547
-14.000569157420157
19.3215770208431
4.5573470391399304
2.9750636710586775
-2.9354301484082193
-2.1288736918287583
9.05963785793206
-11.404392755622066
-1.0248121361943845
2.4575030518223784
0.0022647278193765885
14.008291747278804
-8.161034837641829
0.5827898384537562
-18.89191415802361
-15.296606877936053
19.199143767635
-11.886252472571233
5.692379738612935
1.7236015836122789
-18.648923772010235
-16.136584561872283
-15.997110465048902
15.129182686718408
-17.731857242369664
2.424500692444248
-13.274665102803906
-1.1906187050481911
15.521986812884776
15.421365597696003
2.637723340745964
-13.13160575283764
0.5798038716818077
13.840008966203172
-1.323737420155986
10.799581203488028
8.706643778530356
18.050801922940515
12.397172401707628
-10.627648186361935
-19.01996807089769
-17.781573299319348
-10.513012514814775
-19.357097490445632
-9.199515377729085
-10.428997615551134
-18.443496695945317
14.06750878385892
7.249109020024726
-7.768661390991456
6.109962868474351
3.937091841517617
-5.0913350865085505
4.785764421181753
9.333840197567898
14.360474062827151
-5.345503179935861
-16.934959462318897
15.656887945635305
-18.66616784064661
0.834469855103741
-4.139102453439726
-11.881526321508735
7.770791278128073
18.39486288218845
-17.674601225061224
-9.606987066098256
16.12800609197133
-4.680641217591571
-2.275475491423677
-2.0741406859410034
-5.090746891891342
6.28593270369349
6.4220996983402046
14.976643055588838
-7.57330510465219
-14.011295232348143
-4.791624723403615
12.623938632161995
4.487014214069461
-5.121668055657151
-19.595434742456494
-15.29786432784761
-1.0826222213673695
-7.2501747216112165
-1.6458406257892477
-18.80879724355981
0.034107926609003414
-10.501841312700982
-6.824185035224609
-1.2921839035040392
-15.177576270332317
15.305355237755421
7.950257306486307
-8.279871487681714
8.466885865285558
14.128238150902057
-12.233020513122055
18.453338102494662
-15.206870509797419
12.676638367975414
-4.289931001737033
2.0589976595527624
-0.47574116199979954
9.331175524108811
-14.679165328487237
16.932051223730618
9.771467296984333
11.579268414984412
-5.0960463604269
7.623850266707095
16.810807966649293
8.150468364992875
-4.219550668438892
2.6233560071516813
2.806948836145075
-15.786628269495658
17.956969724090477
0.10739685549690492
14.970052815718319
-7.340090179423161
16.298887419553594
-8.751204405587107
-15.882598274228554
-6.81999352962162
-17.19547543009783
0.46854309259440896
12.342201092607915
0.3255244661027419
-15.856341382663434
8.795417483711276
14.193213540872321
15.657314318024945
-2.693540106694879
3.3155094239125127
-6.376544540721788
-5.442511013937619
17.815234093851075
-2.8042362266542575
17.825199290555688
-0.6836730986374135
-11.52331621869282
7.302943618651696
18.251208446437445
-7.05228547200444
17.60606880034564
7.95751409573473
9.168368057264821
16.329607861054157
15.835305539484509
-10.175687932756766
3.230317286305521
-0.36610751957952914
-10.786182604352149
-4.4642582474149926
-8.879844360378915
-3.0711290843754924
15.292519958448217
-12.121610877529738
-17.693886111880875
-12.643098941197778
7.48875424852471
0.00185860907965818
12.987865540609171
-11.553154192091512
7.993212578835976
-1.3193257344081815
-8.252681678536957
-2.4383730248532487
-2.271633338695608
11.086777906737467
-14.58563617603228
0.6293059613517613
10.715847623496707
0.20447349206704857
-5.325747216703082
-0.32413197396247995
11.84647531182959
-1.776288803627292
-1.7447270183143786
7.284064137784121
0.47848890000892297
15.426784701954475
-17.030234043280288
5.3075988179589295
-13.699558140721763
-2.198243432199675
-11.662345150938878
16.80831657918911
17.027431031512123
9.787697310239757
3.713092340482504
-2.4868664684964905
1.9614154562909576
-11.688489806701202
-1.4079831805912946
1.4743952449494238
-19.42877375829854
-3.355958040306387
5.465250074922356
9.811393880117663
-8.310010866104612
4.476869401024466
4.992029906191377
12.116358487735525
2.5984248920845374
7.557295613539704
-4.724412211178258
-9.235122778600843
12.629163777755615
0.8620185379914567
-6.701076795662178
-10.258336811688045
-12.33326741483582
-3.3775667735299777
6.53305046397336
15.044829754611214
17.462220358359332
-19.353868765961167
16.18575390254515
12.628161996643904
-17.448663938161694
-1.2477518082679069
16.38518324024227
9.527390634887478
-0.3280736585360309
7.982877842724708
-15.56752648800629
19.042862326881277
6.496701744601591
-13.993753739180445
15.715955535582268
-16.071310020588847
19.212534722573864
8.210552231943712
-7.847698438532657
-7.137684452616785
15.364057392548283
-3.405461823375223
-18.60231326493245
10.257002828980916
16.682438642822987
9.098427193743895
-1.0674167746600283
-3.679977479123849
-1.7174636605837321
-16.40634512328854
11.799011993788934
-0.3078377800663503
-8.950122911323305
-16.797717281066127
-5.153713901529109
17.97053200190083
7.9600389956115265
-18.928601761206124
5.216538949682324
-3.8578847223164736
-2.5421504894556364
9.464503756065096
-4.2584538898547475
13.13428087482675
-0.7501159391273085
-13.356144546366128
-4.761918462990247
9.012095010087787
15.714829954663614
19.95578238953128
1.2929956849813422
10.305316248975593
0.2006579847346046
-4.880718879571493
3.3803230395227004
-8.834265281227767
8.471356050840892
-14.918915347369293
18.007832644506216
-12.32967579839427
-0.1677696955282748
-6.6923658669851385
9.330637562144535
-5.242005174433487
14.834494345232578
16.998140053190525
-5.456962519513597
15.276713670902815
-0.4478104866336565
15.624407925910567
-7.7153809774640525
3.303991367851715
-5.306482736562614
1.6412126100892124
15.7605384729519
11.98957362939133
-14.731075739207391
17.35319208348902
-14.297429331140098
14.887976189812584
-7.699379678124863
12.24255929856065
-18.03956081990514
1.7819613475636018
-5.858638903807837
13.679511270333208
6.036348419056598
-12.535251758749219
1.6699548912750188
13.66630965568276
19.11240467667878
-6.246608186855562
-10.15192652271201
18.590053695968834
-10.837919790856162
17.22302722527595
18.920698945505862
-6.01471918128032
-3.7425246477331875
9.389242871083127
8.148885013956843
-15.506182827276799
6.529910136592282
-18.133341046745613
15.118144092283302
-10.811930726943949
-10.856532078043202
11.078546796837983
3.997821611257251
-8.038719408935467
-14.44027513971295
-8.41513426317334
-0.6334934133378525
16.41882823146797
-5.692839475343256
-14.655154609494412
11.47790653207348
-9.656416747401684
7.649220404447025
-15.888628928075669
-5.938875952824748
10.35129178605412
13.988807492217788
14.095172428463712
-15.403255770871347
10.100970337627327
4.749178403461688
-19.042658132986627
15.17875509313727
-11.480343576363992
-5.487007840009955
14.51272830066894
-11.762212081022959
-14.88321030917434
-18.216627764215797
-5.858332475487238
-14.976423575765185
-8.564094670473338
17.444599279478908
18.358168658880295
12.788316456580368
2.955506611313826
-2.5956096599947074
-9.313268312108853
2.630482366899848
-2.4212500189709907
14.81032907768217
-0.5716013869365213
8.484978210859737
14.84540504066176
-16.695090371458893
17.653350207243335
9.957245729076995
9.567783716232043
10.47307293794962
-14.437407871203135
19.197376771072364
1.3023594279957393
10.549960383891744
-5.294210666416896
-9.610515468397157
9.915533663134664
8.933548400997047
6.4569848650630846
2.6398404225640313
-16.933363480057636
-3.8658223494002932
-13.871191344632518
17.120458101727053
-18.055777787721542
-6.854242523732834
17.491238677909273
11.968265801939417
11.770855282508169
12.480288932557094
1.2791398424030547
-16.73032006062835
3.2178087025265896
-12.4413820974303
1.5977690362480814
-4.9651720157947
6.199781845480295
-17.123359890528604
4.094176935572925
18.1317218542588
-8.413745405356465
7.484312498063655
-18.151733303392696
6.361656120885613
8.276851588447713
-9.22862230102412
-0.2653284791210737
16.391018781009315
-8.751438441884423
18.430438178541678
-18.677950997464556
19.339749504704585
13.295433686674436
-0.10003356754740622
6.807077968070455
14.674314862718582
0.7106433409920818
1.159770464017356
-16.114923479522606
11.953948154981088
-16.022226755588175
-5.5951745969552
-18.479093286741325
-14.599670968417126
13.314618051584674
5.9854290694725485
-15.845822593350217
-0.14957329691571886
-8.882236145440006
0.85458311515319
-10.301133441924959
-13.296994446213905
2.2119456342555637
10.323645317411668
-17.05657083189749
-7.812271771137835
15.32717856655215
13.00754174442931
-15.367141483741511
2.185464908339224
19.227691656471258
-13.40997323149951
-11.952451135430216
-9.338939765733576
-11.87738875557959
18.77560332357171
14.890688263789905
11.62121057377093
-16.635536491853195
-14.143288799674876
19.355542032223177
-3.413344640820007
11.25345847702178
-6.356051784720137
14.051369531916798
14.594591078135679
-17.61634128427007
19.16734906853862
1.264649431122514
5.678192474359882
-3.4142014773318152
-9.06983845492892
13.40006058501065
1.9125450957910282
16.512346316483438
4.2055251081013765
2.555258025088797
9.483153172389915
17.007924815179493
-9.15477531860125
-18.261140529585358
-8.925699600659707
4.773258135653954
15.825642025193417
12.09434371414202
-2.3338165851964767
2.750074524956748
0.15705648590881438
18.03986945978957
-17.302726003568146
-14.87779802246358
-11.233569314683528
3.4869117157252774
2.221698351302109
-3.258071615881967
10.398102718145093
3.8803048394359827
-18.792705045856295
-8.18578521342097
5.917732712242966
-1.0435505949564714
4.8475143158596445
1.6351605741421835
-0.17241837450350062
-3.944122661890539
-1.958932060091641
3.907882085840729
-16.13754776370257
-5.500245949771356
17.351342305551178
15.273660388824275
2.896626225849168
8.406202448244091
7.81789551104978
14.699685596974746
-5.827580074008015
-2.6713760378837073
17.914786193146256
-15.645812907021197
18.601975960490698
-5.940056124050258
-17.517586817837984
4.851204616343743
2.307322131691592
-17.557564225923727
-3.399595018496001
7.593548571025742
4.451986414627722
-10.708685228312987
5.439304367511898
15.035362157694998
14.493908833546897
-15.371510194680763
-18.6295956491526
-18.3045525509592
-19.210492226585668
13.105175856912851
2.7162606538531335
10.293125699398974
-10.84553127165643
19.844699711453742
-19.54147171446829
11.4346271310384
18.744097052867815
10.582386655791318
2.927990111736758
-3.383455635082221
7.010717356362196
-4.058022654914865
-18.686254713993435
16.66626916876774
12.163796874436038
-1.0354204417660604
-17.322346882805377
19.213135058158215
9.330797140149585
15.132310374808867
1.5583289645154181
17.070992729538126
17.182086114080064
-0.7414136509068179
7.425608830388526
-11.273630019807008
14.142182566215013
8.05567023754477
5.912689571569032
-6.007833091401334
-17.88996792476638
-15.970501263715287
-11.902588166157791
16.476364992470053
-6.90267103193551
-3.145763576059281
-12.604944521466095
-18.387252689204544
-4.087853915552699
2.68475264536589
18.246367153431066
1.8302551782778345
19.388729289489618
-18.590468267079277
1.9865938295865604
-3.4122212927793
1.9415310157802281
11.480499392524965
19.829987971919977
-0.7291193267569369
-9.678066095355064
-11.537475703977943
11.283164528589733
18.688416665968475
14.149611804797615
-9.954306292468086
-11.404114818072312
-12.959621713639123
15.901978259992433
-12.884089877999735
17.26197129485466
-7.532354448536376
-13.300245832447306
-19.42008689737616
-2.7190763532371136
-10.101287232055194
-19.257961699477868
-9.793719246891142
-13.75255190458763
-12.988911548353638
12.245346019653333
-17.072174669959598
-10.627926058169002
-19.50543032983753
-11.48277626969267
18.49229268546962
-4.289689308664354
0.5583859714786108
-18.742874220606534
10.436650284959889
-11.203590424691239
-10.011610951862027
16.291598942132794
-11.801038494611733
-16.3900613793152
19.66743328565383
-16.79964545438544
16.27131579625314
4.086623985830627
16.375899448848216
18.374548446939826
-13.915019662397455
-0.8174196652087353
0.46648024824589385
-10.468600722185597
19.02462402690562
-4.418883535077596
9.407887532025118
9.976366221894839
0.9079668848954086
-19.960659808467632
-5.119510209871368
-9.375185570477239
-14.533347417801913
2.054919989489367
13.684275769962852
14.714107666388657
-8.6218431045892
-2.2322193370700063
-0.035544874465365695
-6.675271343007175
9.978713190635318
17.50508023019421
-18.955754266948645
-4.37650224015619
4.237996287088173
-7.775327292118298
-3.480087621774743
-17.84985286812491
18.013425952074172
-15.401217790573813
-6.205106884367355
12.16264624692861
16.48194344683715
4.108040887180813
19.509711195380206
-11.76568783205839
-11.432537657914597
13.777906688598613
-0.8990384635288287
-13.42441177183423
-14.994480276584174
-3.8004377847716384
12.672880483369383
6.61173225935967
-18.452687855091852
-3.010106333988084
4.470288134739256
9.375518433464187
-3.882112718720254
3.7389489519808663
-12.790204939609708
14.560999163110672
-7.175541559160234
-19.673401082936262
19.282751909476218
-11.536107737734493
12.66721684656303
7.548631183495974
3.06414828821179
-13.773946138927577
4.28614940939876
6.467758537563327
14.334391928638397
4.376691987082964
-12.191872757275735
-8.161201709962146
-10.235359629173688
-16.519881825685673
-17.821356487810736
19.632117528783603
-9.72360839787001
-0.8780674564628583
-3.3589607747481445
-18.549506251506877
-8.719799026463683
19.076783277464372
-2.459178835345284
10.650513608376144
12.396494258975615
14.695617356508343
-6.528323329234475
-13.932979223741718
2.5493098904960796
-14.548880451454833
-6.082448274244863
-9.356412230309278
-6.396617954429011
4.1920172923955334
-0.8716321909944043
-19.339489191655517
-14.030654492330852
-1.1681314649149463
1.4492579493917361
-11.499675550012732
-11.07234575043957
-11.118084742764989
-3.6373363803108028
9.8294170226232
-12.794827808981397
18.081281837745905
4.349756356789673
-8.719340732144122
-3.4459697668033193
-2.4119676740211524
-10.816796559521876
-18.8483788140841
1.476357494041764
-18.014337453339415
-0.5015681097215179
1.1308067062206781
-4.857683954433858
-2.070966839109861
12.856967184698497
-2.6654999900412513
-7.50970506413883
-2.980404838898515
17.55712270909639
-15.088200674563929
6.910556495624309
17.43268287990646
-2.3944759426806144
14.218072118566717
-1.929426201883384
-0.8840746744699075
2.5153474973887597
-18.641725778782664
7.0756602010281355
-17.338151772379845
15.407344398310052
12.514286107797737
-5.996512811224047
16.41874600080756
-4.752343478927967
15.625191767673613
8.652839690822095
-5.09478917574199
-8.874204404370666
16.828838469169348
-14.584627303597895
0.9438682392295306
18.86035406209914
12.225701344292197
-19.116262766236364
6.100220645978332
18.398480015446353
4.430766863945443
4.816269783406494
-2.5745551666992874
-9.50563530451844
-18.032695126082846
14.282765478306352
-11.890672292060579
-13.053736134659232
-8.625908631898902
15.738696720876646
-2.2061900498052367
-17.104145728822616
-16.213631530195162
-6.048060987527251
19.402658360737902
-1.2810971386460643
11.796015145446876
1.238174298832078
-3.280243716209373
-13.117638999075947
16.792238518833848
-1.1746242094007826
-5.9518042979106625
-12.972623931843978
-6.396147092417085
-15.96968126911868
18.47759765034987
-9.63795337732476
14.246172148540957
2.1012972634092435
10.883997802524767
-6.320598894604142
19.93288643582497
13.102156286959563
12.028539773089733
-16.188146773684757
4.56123587767966
-5.096274616389639
-16.60653587107565
10.28683945077649
5.045530260672795
-18.63096772202493
15.677606297223022
19.976591425095513
-14.855174751910596
0.6109854922944464
6.892134717366886
-18.57362543887742
3.8049501102602648
-0.9808530542757836
6.857819280363515
13.362959587807474
-18.452536317192063
0.9688980511808225
-7.141261991990348
-18.343924255799024
13.352458151355457
-16.98051361829533
-12.182221544941783
-13.474825668965247
-13.907226612134163
2.6029649387666574
-0.8797270708482507
-11.371001655911229
-11.635835368051403
-10.513850806027802
8.731064343427718
15.207894546332625
-10.616218534619705
1.3759371638995574
9.959861215593403
16.172593015097604
-17.699363784002408
3.2408697565211853
-8.887383689732617
-11.969637151543274
6.947765102180146
12.483107191764702
8.229595861738321
-18.09730841257904
-3.9231519567181508
-3.083602437195662
8.4171809952418
6.122323140149444
13.83866011088201
18.804056579795542
-13.161494713550447
9.053482293457126
18.018300996424664
6.895363915733682
-14.47651401472935
15.069297857468186
-9.66145975290365
-14.66233726161839
-2.1817057480795867
-12.143447318267855
3.602956701217014
-4.684145204190994
6.572768739265058
-9.586275061543045
18.30278836428983
8.646114084117205
1.8157761836322415
6.690353595198211
-8.148520268544033
12.297132854887295
0.7521136888074125
-6.510567384972926
-14.191876113869677
19.023335096070724
9.77288942083667
-1.1831610803496808
-12.284874503497383
17.775807852169045
8.162169643999555
-1.7762862358101081
3.4706820391843394
-4.513970635924082
-4.264343725688207
-14.002080749050805
-10.056865359217424
-17.226417736338377
13.831869168379
9.9945629932154
-19.298337498962873
-5.414476697425856
9.20186607581855
14.109233377073423
-11.742901842320478
-14.566411671607948
0.014987237324643132
1.4839490535716706
-16.646591045810165
-2.3544865296439887
-9.2118597595254
-12.20422597016432
-15.923865668184147
5.354121065028124
19.53772076121392
-1.0039010788153462
-4.301830168540937
-12.938919331503067
1.9029981038172323
6.56687619865793
-16.59319296848529
13.828143505938968
10.754724909126722
-17.422084629011568
2.1039181800353077
8.118428190423256
-2.2969689623246836
0.41739300328460516
7.26591961070481
-15.874843759701967
1.8013072275822992
-5.259654153107984
1.870861947403096
0.9371124487311704
-19.030074466344317
-13.30016975363247
-0.1365998202317158
5.150010169220746
-7.336411739125687
-19.954392120709265
-18.037741265407696
19.141278341623135
-18.06636389156595
-8.83961660569212
15.363940568394376
-16.38829439559325
-13.92314146055313
9.038718639498576
7.536894753616032
-9.912019574984212
-1.5993258647730215
-8.20148541364559
-18.485603163641585
15.287490844974698
9.104389615841072
17.153677549026092
-19.38219062845549
-9.791899567812763
12.629757139235153
-3.382844028600122
14.81734396186851
16.02648663929164
11.658645268142344
-13.381521152689988
8.236813455110578
-19.90124960611652
-10.0973379998854
-14.537215817073058
-18.28825502317504
-18.210714128658424
-8.754455835383773
-1.2511139005848975
5.656791760656148
-11.11261950025023
-15.106032166312723
11.003378877566334
4.407748054102946
16.179909066514718
-18.622326021059493
-3.782368908768582
16.683886879952674
-6.7096480857214935
-9.384169574853662
-17.559092577876008
-19.371283809031603
11.985377870933881
-17.47171717112231
15.500388312084674
-18.3780475093895
-19.655018937913653
6.535559630538437
8.942620750026755
-17.35398296256839
-9.989704499918478
-12.204365002060538
-8.619255438165606
17.310005635555846
-7.403822060008828
-8.889993113888991
-12.548997356479461
12.266921671515597
15.932760179185934
-13.349590349025435
-9.519278957289341
-19.189772571796873
5.562541530704252
9.567923825761522
-2.3818025775234517
-9.7106585929286
1.008822510496227
1.707192084181365
-18.106305715695594
-15.852914706387867
11.030279814513232
-16.924488946929685
19.41953585692977
-1.3966418880165712
-10.12874784843778
15.388740795675638
10.422912209324675
7.783246348006472
-0.7353426193419601
-5.309476032368483
-10.342190710215554
-17.01071516358889
7.100589093522341
-12.938246667147496
-7.223604909188968
12.4248910088778
15.538108817418589
4.1652672112913365
8.695131966927178
6.085287725083241
-16.1015946465271
-19.287284405139204
5.958193328457124
-6.9809195536343225
3.599892683236913
6.275085932202508
10.662934201488792
6.012539392422518
-10.413514679595245
-11.779624923199364
-6.988393961496664
12.05834619806933
-3.5773413419501843
2.8202260830468617
3.880236108497442
-4.896112931786654
8.500962591911197
17.65828477040023
15.81445707292717
-18.227968757735216
-16.107995985065134
6.602873660453632
17.33070694814287
-19.80448229740641
-16.33394080371174
9.240199719490086
-12.373679121970405
-4.723717142478652
-10.519536901657958
-1.0670950303097548
12.340434707354696
15.973867433703504
16.22840149883674
10.624068034345065
0.3353444394288232
-18.046137546565973
-13.849660890526053
14.045062685936209
-16.976737561539963
-17.714755596875456
-6.483102736921836
-6.4261079992400525
-0.8783752042502115
-13.115859793495952
-17.395887764749283
15.938103288564122
-10.187396739392458
9.968457585259042
-13.368540061080388
19.600001240782788
4.68946484604793
-1.5024144110448177
12.439967099965422
-4.327757714022757
-14.525747279626543
-13.951017924640055
18.863072093528416
9.94626740103664
-14.031818316987561
14.237125773397771
4.222912190948449
-18.87348969648686
8.440050722582207
1.1785219633511872
-7.430473831712678
-2.3207668355523836
6.13537932036321
11.583393158475303
11.327601032213895
16.56443659259387
11.224145475652108
-16.756934644495715
6.150390868398322
-3.9973801646802514
-1.579809571597707
-15.810086519387179
-8.990159107227473
-7.857150480339051
-3.777482106701406
0.46310648170827307
-4.796231464633728
-16.990745841248348
12.284605913020819
17.875821148499888
9.05270084339175
-8.764708000915258
18.50048743846883
-2.817143143599804
-13.294782007904665
-18.75547646849118
-17.7489671972787
-8.808831847931353
5.066354647912146
-16.649985684439912
15.546495885635252
0.9515683379973936
9.685838166694033
-10.548397297816049
-13.685286784498313
1.9342130775355706
-12.13748619623416
-13.582544128194298
16.652453031876384
-19.573794716626214
12.386149106777665
-18.90496021489678
-5.843566621956535
-8.799852219958959
-17.66414312478796
-14.060121955229024
2.8663215542245233
-9.236883530221673
-13.35873752139484
19.489173867056174
17.356594216407352
-13.224748896310782
10.020202433303393
1.100960395844286
-11.539136251566537
-2.6641619070942184
16.84253041817054
-18.54865566802787
-3.4647648772842246
-12.775655907980536
-18.246952911820777
17.801689891496018
0.34189969155838185
-12.704337753945598
9.621552425924204
13.851227696422946
13.957047441094744
-0.3563043926868801
17.59152094941833
-0.7391823800870014
15.309476276556452
-11.894907514488274
-10.346964325176188
5.1720497511729455
12.892033628223913
12.30900331787553
-12.678720438598535
-18.92731146474066
-10.589880823789413
-18.98349237691711
0.7193425516380856
-3.8822893795042113
-19.36948067896949
-11.088335078584834
-2.5252522728875313
-13.55521247480526
12.217878124854721
10.068299056823005
-14.214867820870802
17.81026204542222
14.904265852436907
19.693785158148195
-3.2952687644528424
-5.359919399827824
1.1686651314294352
9.986712412556113
-15.07441888707647
-13.99919320594783
6.673148285108962
2.924147786354361
6.493476747796834
-11.165412038757632
4.609795284266024
14.828959832616498
-8.601403735859318
4.231053652605393
4.4307027712519265
-18.576158174522163
16.965672010935137
-16.20542944636689
6.298569967257475
5.668128768059823
-6.123921484363537
2.864663820315286
-12.345061354688362
-3.5638097487716394
5.529120898791859
4.548975040087665
-5.0103632944578536
-8.801705746867668
5.453149333154389
-12.426517555479588
-9.513638025474599
16.534253901414765
4.294283346935167
-15.877372496750887
-12.06391729185539
3.5363727252652595
5.233582762916495
-10.579463030999822
8.466174287148696
-19.69416436405914
-11.45675536649791
-4.071378120507912
16.371092033225978
5.8891012980454605
7.677499193414835
1.7853201624756565
-19.510820104900194
-12.55691609458152
-7.377679741400147
-10.034922104751981
2.385088782164271
8.773132584742438
3.0547539817146756
15.55018511266789
-10.031063471404122
-11.232206345114788
8.406459480426612
-1.2451914886087039
14.678830925624794
-18.62677564694703
-12.567719539485346
14.523822573049017
1.013920775253343
5.463195660669658
17.368202091019754
8.233837059430968
-11.261634862457237
15.986354846808418
-13.302820741662892
16.006473346858165
-8.947937574784959
-5.319458656397114
-13.733399352596054
6.202534875949446
-14.495545814056499
9.50952854343305
-11.288747050046343
0.6616242729213617
-6.972039756190856
3.1767973668771177
-9.413194149379592
9.238536547039928
-8.706082262824118
5.45679853677353
3.0860973977096897
13.199397870683157
9.651126937111037
15.301375062243807
-8.276635179180158
-4.149197060103402
9.063455996046418
-12.518445423418193
13.750585130011771
10.652587789349152
8.491770379630346
16.517877736730377
3.452833431541862
6.887309173134575
7.254074400134002
11.629972619090736
8.212529179605212
-18.140601369950172
-16.470645989666753
7.391829092357369
6.274777141359667
10.367544524663717
-5.621780629462506
-3.8458454227191297
6.360553433792688
8.278455228815638
-13.338145422498178
3.1620831986617226
10.951950870062895
2.9572894242517087
14.83448268753967
-10.746485736732229
9.879445792120606
14.189483753488133
-19.78740059827341
-2.544944455552468
-1.7147516356090122
7.093641758336027
-16.45628156854071
1.3283878468171828
18.77277683411718
-2.1425797018884225
9.387385583316824
-3.2630090947400987
19.43504327955815
-10.616564721908922
14.15828814146505
5.914060653069534
4.995196721614619
-6.434609565832989
-12.912999868591042
-12.220955074723125
19.412710845810295
-16.001501772393986
-13.899218547489731
-7.0377577449124615
-6.43848967728243
-5.098513560482711
-17.112775575869115
-2.3629556099368685
-6.567259756133538
-10.874447597169308
4.072027566848988
-17.361803686696554
1.0232093794480726
-16.157901498831
-10.84123631362369
-16.479290102361585
-19.683005059607797
4.446474376493754
16.578313270609357
-3.0001322174404947
-19.348641707893435
-5.160644191561662
6.5451874056570425
-1.8215541997247158
-1.0428030448949777
1.9727936110102284
-3.3909781282920903
-2.966755174198852
-16.399346882539177
2.288276826512746
18.72389328048382
8.8418790675195
-5.08203649416517
-5.84270209103282
5.522234141792694
-9.841827768069788
18.46242638612135
19.765146010690025
-16.361757097338202
-10.86271362832874
17.660103738680547
4.263663730278672
-14.920555803925089
-17.221440390485533
7.233569657262123
1.3789124610264523
0.30415821081478
13.808518287339531
-1.0815698645558598
-11.98506006679304
-17.451373873659982
-15.078310960611901
6.408283664140782
12.089400695166006
-17.55194092445132
-7.430312473238562
11.261317595375047
-4.533666725640067
11.200640438950721
14.917217828555764
-11.241766874075822
-6.570135276852017
-0.20103621195094945
-19.50576130425172
-18.906665079072887
5.952483401029056
1.4894735924523808
-0.813037554709716
-4.474347667365151
-3.9244413636019395
-13.44720311391491
-2.2018010451677306
-3.8538880360727
7.293998160270419
19.386370061557002
-8.246095079955825
-13.063291335393576
-1.2203438474958652
0.7370128953882649
-16.30577019347656
-16.191705648381813
11.838505264388616
-15.150897055551841
5.907135127185576
3.5129348160452167
-11.807514605121847
5.930314800625656
6.087846394194145
-14.391849380807106
17.341569067253026
12.757560570619574
15.06349416630799
-15.583400380123154
-11.347008236931293
-13.404940823248435
4.024175641345096
9.03180848655348
-13.520512003042139
4.233429828476623
13.485091686090776
19.23964544363895
11.319304355454229
-6.12442794576725
11.052309397738497
3.5329584687657736
1.745089849849073
-19.07989552070334
19.43096584025711
-7.198360427795599
8.34388727369181
17.748151650785914
14.851336180951556
-9.269687008469813
-3.4520051040201594
-8.247688332972189
19.991404593276926
-13.224466617991206
-18.790856354709685
8.3699911304878
-0.10644478249490774
-17.186405820844666
-18.89760490375293
16.41724390506537
-6.818058295293884
-10.683408694080182
-11.663988124916735
-17.92823549976947
-10.373583976955585
-17.35743347106728
-4.639802939922895
2.961632387031141
-14.263712829277061
-14.587342413145512
-0.0952744086300541
-8.612948761740862
11.66413350296586
-8.343989435063115
15.787742573560884
4.383761007510152
5.290075694683701
19.238261766037397
13.319171112418985
-17.44385470852064
-7.147138871864712
-15.910948172467885
-4.638621830259154
-5.7543750340065625
-12.330879206022
-17.140763403337708
4.239147900210007
-14.70011960058423
-17.005292575962685
-17.379701204389946
-4.579536879521765
0.07786063704420698
19.00344553065287
-15.116590039856872
5.219724495491356
6.153174825784177
13.324749714172441
2.932462759156852
-0.02102376421226637
13.528128975325814
18.524586050532726
-15.023077170386667
9.33292767847064
-18.217199701066328
14.761310177741052
-10.934695204885752
-15.449803432042177
6.937841012605254
-10.870400286290351
7.8539001515802696
-16.87475734483469
10.867122534405475
-12.12597815415021
11.689865353794904
0.695477461604213
-1.8922225817845906
-8.814120528952941
9.336223741245693
8.48512710348496
10.072003870552987
14.173353050332246
-4.779343657920773
13.355755183190603
1.9492042774073184
-13.759653290572068
0.8025866967183006
-17.759091500212424
15.773557967167434
10.130937353016883
5.419122720353094
-10.055622143307513
11.585391827858285
-4.313894459494755
-18.249665158491013
14.340296835289216
14.813173633513841
-13.862737685318267
-18.7196935566026
15.368461141776429
-17.29536660574276
2.6295623940690938
-12.894052099704076
19.628118453753117
-6.743059180551807
4.412575711333581
-1.1221602348655537
10.817961639107025
8.258288913424643
9.676125960054783
-2.0109980567967085
15.022453076740106
-17.435877238893895
-6.041438667235205
8.721732884411818
6.553117563173771
-5.151487158155428
1.7925703335812386
-11.073958836094766
-3.351699502553803
2.984804489458277
-2.9147656235336257
4.034789203940456
-7.412185853136769
-19.672124746401348
12.573217759869728
-16.89767103673011
-4.578001953189146
7.940366505158366
-15.308470901168686
16.80517775803115
-9.061797928330257
14.423762976828513
-2.5890597976916965
13.934250420752647
5.708273346261436
12.245461468322148
-4.079240711384244
-1.0928185303969862
-18.49493067685879
1.8990527789664355
4.013330965693246
-16.814266529633247
18.09715714912585
8.631361762855029
-17.585104805732023
1.8254824781283503
-2.1085795538936445
11.243868080698483
-18.588798291324473
16.418035502690024
11.877077230392562
1.5334428113996026
-5.859403737777779
16.937484833345323
12.457579262537337
-11.523483247819808
-11.785278208885114
1.9218475372007084
-11.235727177627748
10.17245707172237
1.7051927530808584
-15.550495338402346
-0.2919403955010793
-13.400735629596356
5.990843989229525
-15.680706274461702
4.4054859617016575
-14.977929178490506
6.502286229751377
4.702383896596491
12.353581736441285
3.6501912365649716
-2.0016298628854727
3.9924257724826084
13.450698120395415
11.92582323106095
12.459904549781115
13.712663630477522
-8.623379868726705
-12.979841738715944
-16.484487962992702
2.453156416776089
-3.1280422056474713
-13.990913497228297
-13.796850454435692
6.533121807968847
0.2291399429208738
14.218443531212152
-2.046225041068098
6.733422737085721
-14.411411234689794
-10.72601808718439
-16.624179667133895
-13.714437088011211
5.988770920183796
1.3948930603072363
15.410057736393696
19.82298573657134
8.70983495890615
-14.480544931810787
14.16975385861872
-6.960149902280444
9.889842589868078
14.383176788911499
10.714210755949193
-17.15293389656913
7.270285232019624
0.891462419207457
-3.074988800925759
-5.613273729822538
7.425643728272313
-7.941726422139336
-10.629580480058078
-18.71928475797993
19.338758381115518
1.856871659333411
12.854580479606838
14.089438314184896
4.312151394984028
-7.6209232606527735
12.5181268530188
-7.162775310793847
-19.64043234865292
-11.868528533148343
16.8440202340732
1.4673100376142685
-9.173690313552454
-4.985887595805911
-4.9295258676950215
-5.049327565616686
-1.4053224729368807
-8.860160523444897
-5.581651571482752
-8.867927018399646
-19.238568778204417
-15.56946404696378
2.5694440222196775
5.460932532206524
-17.959107233235507
9.335607229987119
10.830474118873155
9.812520699921524
-11.893104025264144
-13.389022271051495
-3.470144860726645
-13.149493646779437
-7.793433647275414
10.065047732154603
15.923875626883415
6.050468663663594
9.107576761299555
-7.632410011892121
-9.262750975205577
17.37132328374095
-8.128263236070708
-5.800313358052174
3.371230546029178
6.3686095406048615
-2.189906414794315
5.839983447444364
-3.851229471981135
18.037473201759077
11.567660023905212
10.759102596256078
4.843165779279129
-8.223833032467581
12.366893390170816
10.89328449977829
15.67960939304507
-5.784009992875383
14.96644267923108
4.702441265645675
-9.760584226584289
-4.948140670349023
-7.852626569265425
-14.660589268758283
-9.420702741181778
-13.68366469928651
4.495949737662023
3.0949704505241336
-3.3725705185835295
-11.130002554766456
11.088751476079459
-1.7487832935656833
12.404169368948956
15.74659311595451
-19.667869005009347
-7.6608957161281275
-7.8703200026857125
-2.393353550170797
13.877945571934006
-9.232159270503075
-8.117074639383635
6.529245692564054
6.090928889571153
-0.22173073685335964
3.5690571031797944
11.104091375023994
-0.8612438027277101
-18.831873853545