9.94902799221753
17.32502649579108
8.661098332654245
13.757150925816354
14.453236506636422
8.323614429269838
-16.79773363940506
-18.377451793819652
-11.47093796820136
9.255587452616282
-9.773074605986615
-0.6023806257020361
-12.283910266064977
-10.211234515536315
10.947500831804401
3.7789049757663484
-10.221860852066413
-17.614458307092477
-8.106432463540546
19.29643198666176
-14.720043539581678
-3.562605291678711
-2.6603119436668123
0.9647544537708406
14.076690550156414
-19.06784793573562
14.514545647055428
0.6896167923574907
19.73273187998113
-14.648141894311909
-1.628810514589535
-15.199817160423276
-5.882990615389193
14.598940021930353
8.448450005975985
6.995702675907797
4.018479394516618
2.9807703104378973
-7.153527250898026
-18.83789238062761
-4.023827618779547
-19.76682072499232
15.067644754727858
9.369969090285043
-1.0417875590608396
-14.466101358322101
5.461318933551102
1.7654212862024146
19.283339809242776
-5.462616056176168
10.165350743930126
16.27735333685996
3.3295564802398623
17.182046690271157
-16.272376095717345
-18.6440396776409
8.240732367243858
-12.87688391508539
11.080770399745433
0.07031350408322723
-9.382958104743992
-6.284649098786282
4.907940710722144
-10.621537325038934
16.43229083172603
6.046031048673257
1.1983381604553784
-10.408922881010687
-9.904204804466321
-19.599637155482775
-5.04567833067723
-18.598197511154865
-11.29726466922937
19.700419892111036
-17.245159630175042
19.299034256986438
-8.127622828539867
-16.451759058807788
19.613863175413158
-8.990142419880893
-7.616004487809992
-5.490178919204016
0.6977209071211021
13.235104759365555
2.1949124558435784
12.664327712782104
-2.4406579244343547
1.5702880198958944
10.822318329883625
12.71750478827704
-18.52334401973045
-17.09432824912609
-8.05310492539084
-9.992561994863198
10.87297634359907
-14.9578783039316
13.710489561573091
-1.6308278285553293
-12.659291107623671
18.70499343495674
-17.581555902152775
-10.818726402728359
8.544547793328015
-17.870988542698846
7.757236479773908
-3.6756168431520777
4.8888318285022905
0.5591426741285375
-9.272908163230241
-3.786197810510533
-12.038827986119788
-14.926409299940087
-11.896299336438517
10.772984555975423
-0.8631340075059022
3.3180216309368724
3.6388514000146657
17.13598899647453
-15.815239633117098
17.88735043143747
-19.605141188749442
12.267905765870225
-19.601078745925232
19.918233466649113
-2.3108047938144765
13.407494739054869
-0.7380190038900096
-1.331513260777367
6.920004771897776
16.76960477164907
16.44100704659337
-13.260000958950947
-14.794578801578343
-16.12778553004651
1.8260986666480115
-13.051630007261306
-12.172011504342578
-18.77544434597658
18.9775348017372
6.032870437509072
4.419830738372077
18.389323366169947
-14.737575154993948
-1.2408117887584282
19.326347416352483
-9.672610562171426
10.989621317711737
19.860833494044044
-17.43374342497178
13.586560878327482
9.534047614749216
-11.217352038794584
-16.951657090175498
3.3597528454059784
-10.237513715285441
-5.84366836257248
-2.716349186655222
-19.864329790807634
18.109211038663446
-10.897597190603259
8.601736985082631
18.254345009777694
8.903515517537599
11.590117424436318
17.151846405822
3.039743796307871
8.088151845931975
-10.595618801714073
-3.9221229843045933
-16.570551696390833
-15.192125009400721
0.24561848360947636
4.932850724006116
-13.754648791334102
-12.067604519281755
8.938454928189728
-12.190593162275105
-17.406334474333896
-19.908978082911034
-3.2499823991696672
-17.714499669746054
8.426322515677743
-5.534829683038943
10.223694345294007
18.752895407058617
-0.9573417869417327
13.590882887619642
1.5706245916719332
16.190277053770807
-7.838176755856461
16.143365812428947
-2.1484438395769665
0.5978255586083137
-19.062156323719947
-1.8045959656878097
14.22056136781589
14.573380795829351
12.170233410739684
-16.571718600230408
-8.473068262651564
-6.655796958574047
-15.45055385445568
-9.267112170938923
10.509295881803162
8.95850631529833
-18.480739214630027
19.77397779025234
-8.356849933861717
0.40704782134280393
6.743975811007957
19.90376509238834
-5.762081434488939
15.5739821198068
7.2226174060715245
-16.509751672331475
5.049093093983021
14.380609730271338
19.26827441718472
14.103252696683292
-16.915849004061183
12.906346287561526
-3.6081957920972343
18.962570575594256
-14.625667608548527
0.8532410204858252
-3.088889012523044
-0.3941519855321438
12.649027220996686
3.400072308965129
-18.14970726125724
-1.6766393211850072
1.3772351892332502
16.12804070978543
-11.331715449377677
18.59808823919895
-3.6729954323726304
10.363993054396321
-16.465036830205925
-11.964634598425343
8.825495325045594
-13.122925447643091
-6.639977043749944
-16.816760769873827
8.832175582050503
-10.03977679041807
7.759458124681512
12.755259037455808
13.032987438185508
4.098615986427969
-0.1847126933942107
9.725903884569785
-2.252322041160703
16.34021406794509
10.223196200001933
4.363985028822679
11.449822119901953
-11.680529359909112
-6.774560893468333
-10.639155480867434
-10.310161076741696
14.99158020996343
7.851956260272349
-11.37511126815577
-6.344050065173491
19.70687867647785
12.180937010463865
16.025856613268786
-2.6367590795626015
14.950933571197204
12.810337062768049
-7.824591397627238
13.74566257095509
1.7583212901629999
-2.0720503660560325
17.510490634026596
-5.569592792695142
-15.286190480223292
12.894972384260235
-6.570964307357636
-0.794635901282458
-13.42348008872294
-5.153316772858233
17.136024700178396
7.826308823141687
8.787397835715389
-18.01045791065747
4.889886015524798
18.05110526980522
3.9552540202738165
13.253368011271853
19.32199645612964
5.6476883254964285
-19.805600905923097
-15.272110713420055
-4.292521559158615
7.015510353051482
-0.09676243066008539
0.741507506125302
-1.719550483922685
-13.403910908399869
-10.287773176618625
-2.9767555578977145
11.342550396751513
14.281168668580207
-19.09786994867058
3.629995737690976
-18.28402800715677
-3.585841849790153
-13.316160233507247
-9.099715627904782
-11.345698833755332
-6.931713439600177
-11.032062196055804
-13.25017995627007
-11.587663430576045
4.011967922410893
2.462995608025416
7.198151404954288
4.731941107246879
10.385058484683189
0.3165148099098616
5.645374687381604
-15.612826748658764
1.6492714610368466
5.387239420714678
-13.080921892418122
10.629130791286062
-3.3843666577053213
-16.673446032232224
18.824413101089824
-4.001390858662145
-18.471023619155794
14.023603662208998
2.3544609451455614
-6.787355015085502
-9.236151145401813
0.761207413333203
-15.74776496346721
15.547239540345814
11.133159315924587
-6.086908436850482
5.321925877820345
-17.85190846495715
-1.8511884874565325
7.809397957770948
12.54771406128878
13.917797820333519
15.036861572583717
11.149968639509385
6.629159895002164
-1.7226592218434114
-8.100904072208559
-13.395846207852742
16.77994292586979
-9.025645566890521
-5.337793200756202
-7.0638214221859705
5.735520171426142
13.831643064263027
14.561062569504394
-6.6544431749182955
-5.133895244985789
-5.431953976425872
3.8849201553714323
15.763780153895233
-18.776023362784095
6.496415574013369
3.0162343552855653
-7.162157434782351
-17.83747672566573
-16.870948768233603
-12.027254386852926
15.435170791054638
-1.3568228897566357
5.599271986086727
19.54888912389376
-1.3543500169556033
-19.14128094467585
7.042005129177159
4.3704958359187955
15.000118068865397
-10.856853035250573
-9.756759614684931
9.848261613092191
8.685273566570114
-5.1957610826586595
5.149493961048293
15.973134904112932
-5.528391232483125
15.422154093875356
9.21085036804364
-9.886357019858867
13.103450903234538
10.979033084428384
13.638128481915146
10.13587946861033
-6.8261447871575776
-10.274018088889436
7.301525938913262
-11.329815358977196
-16.437195783582045
-3.7659307649376963
-5.261430367127534
12.201353322471242
-6.979590523119622
-9.481521037805575
5.158909143782957
9.851424482241281
-12.77445629824783
-3.053393073869465
6.602240298058572
-10.04183443108641
-4.1474840365810195
-18.3037508652982
19.209742775798844
17.986313209629962
5.430087287264644
19.363840811279147
1.267312159115729
-13.881297393397194
16.753735178956283
5.60188991334503
-10.433743895793208
-6.794367864368297
19.178969121879042
14.712319667087925
12.12571365460709
-2.4811089101012094
5.884197522803376
-7.087425419614085
5.469637620838981
-11.495119946226659
-5.791219810603284
-17.606065838809933
-14.251182768386057
17.026352704359176
-19.66176898744842
-2.160795027041793
-13.519569233964397
0.6426011895925576
10.34497906805938
-16.16339131739061
-13.342749356100448
-13.763208524924671
-6.125873440852674
-15.397184889888699
11.169331768022218
17.125888842238545
4.603550012600866
4.072709198504953
-9.680950757897913
-16.809368797971167
10.738224899349152
-12.428865832114706
-13.262132629348109
13.696836506853806
10.830684563467425
19.58430317163897
-5.012571863609608
3.129274933879735
-10.038124812774885
11.077480426328655
15.164580259481482
12.628444990694277
0.3838528244507273
19.862477289334713
-19.701035663628474
-17.02692269986367
-2.153209831696831
-12.41633163030392
12.490736728015818
-0.9725758373014983
19.140737603688947
-11.279156357214886
2.348308524969731
-19.46771310465052
-7.9235465536074035
5.272164687082483
-9.232089798508053
-5.866637841298431
-15.914405430665708
10.310490029676174
4.19353303882022
-18.639882488856262
5.924292734973591
-11.545858524384002
6.525245619266002
-15.577528995005832
-8.625554869625098
18.31185853048938
-9.306229036956214
-4.420226453340366
12.829134313909272
-16.524744803939832
12.235975920947162
-14.862156376504686
16.58070725427534
15.294423317784009
-18.68085121899818
10.761096952961257
-6.520163011835955
6.11623354240006
8.551926517406997
-9.651113140474648
-15.433818682412252
-7.978290234332771
7.501749912018969
15.35369798597366
6.714437813949395
-10.6997704559871
-15.410250565346013
12.375383808102129
-15.36286260958962
-10.718566956815426
-7.816174695055214
6.831736041318134
12.389507093229788
-10.28534043341859
-14.375712128451044
2.6538518011418724
17.99220689680557
13.281967784683097
3.8498390293119584
12.38475637893076
16.845830887357103
-19.828962972680152
0.268372079959601
-15.09569558410924
16.971119825271415
18.05975755044598
-1.545645262459999
15.150991210017487
19.155161971977414
13.56460794679306
-4.555674017792516
-19.526998461177815
17.958347582889843
-11.729237204301533
18.944585700054745
11.231741112518357
9.640268395337536
18.023120469772408
8.91134683721463
16.312369348793382
-2.6720030553388305
13.785420868517114
17.237749266694628
-3.0002412379886394
14.525351268856753
-8.77018874491621
3.0960412589064887
-7.879288095568185
-18.762824223031643
-0.14815206684341575
-18.280592539582056
-10.603823355217155
3.792356770654429
0.6406035895034776
17.202112459185827
2.601042285746921
-15.928315751047446
12.70128403316123
6.891339008201189
-3.511813183897207
-16.63015524917848
16.43577437152844
12.63089398501598
15.276938512533448
-15.554223609365113
14.20688732754681
9.495748767427582
-10.29033612639235
-1.0689657057439348
-3.742524234357912
8.60835785496118
19.332410034086692
11.915598522166274
-9.624955630088415
15.582339868291776
-1.3119611512633824
4.747462049134029
-15.904269485597812
7.463247325662088
12.30644990398968
-19.068084166426562
-6.365263253679849
15.535646337320287
10.452021617003801
-16.019362385683365
-14.873919636906292
16.627368163796284
-1.0260553929011387
14.3799380053091
4.058772784463869
13.419201297417722
11.689859104663931
-13.263125380269969
7.238429266330595
5.108369059951027
7.889113017809333
-6.030646363961548
14.287343461195448
-19.272525572065334
1.8420013247584066
0.9996369249028731
-9.81700424299099
-12.005343330838505
10.92031368340082
13.369573405789097
-3.119336731953638
8.647345273248298
0.5766922753425661
19.2320094559635
-8.935795844232338
4.134631334037184
17.19028088800131
-10.739221292867164
17.404828465577154
8.197544165469587
19.0107411743871
-3.4652212651410785
-16.287620120602227
-9.033105886836804
-2.5420476684805067
15.13818125734101
-3.9393545976314748
-17.00951277946631
-18.865149741789764
-5.14708074287643
14.204152075389828
-6.239428277030283
-8.1061206429696
19.482027454165802
17.368066186076355
16.270359076273103
4.108730282675467
-3.501028092548161
-2.9444143926114776
-0.15538884431247624
10.31931921455294
6.914787594271601
14.091930574105767
5.493571822067022
-4.566088420565073
-6.668441536046924
15.849241383210185
16.679499490503076
-3.4278050699388984
0.5342910952861288
-9.077459948721454
7.9608406313441265
-18.418453985974786
-18.76248686442183
-16.873540947755146
18.990519338362894
17.210487103781
12.275094060173693
-9.862605235419789
-1.5070028418437253
-9.654948894763402
-17.536860951349343
10.095986810744222
9.170220736792668
-15.93193791799218
3.7636809239337694
-18.963300774114458
13.159354751942452
18.74698371499165
-12.972623650863095
-0.814138485762502
-9.312413327717826
-16.707570660165697
-9.460285573995218
-5.464835425757402
-18.402442452301226
7.258553631741048
-8.547098038020255
0.3534782268442669
16.862899043394684
17.24112060582914
3.043043477199568
14.941349670466394
-5.274250580207806
-18.484797401641046
17.198518639921744
-9.380892599008721
-15.162845466609163
-14.745219456902273
-10.516853903224824
4.628152826611167
10.807757451872057
-1.5773006393580786
-15.712877640363425
13.184305058956383
10.957631707882424
-14.692818294423313
8.043785057596978
-5.74758170814334
-4.041490008104244
14.65918238543697
-4.030235256009407
-14.08746264336013
-3.2330716246874722
12.34044750137425
7.852673157644709
-3.903675932366287
-7.535887739456562
2.056654393054721
-15.825176148507364
14.66018117548019
4.647310828373023
9.060551492860625
3.7291320752049515
-2.026507890833283
-6.061915606603975
6.641985491419533
-7.5338799300603085
-16.693860244695728
-0.5351769452004191
-12.862182095668434
-3.0610435480886906
-15.548994955280353
-11.360397640545958
3.9541358996353893
8.521285863897798
16.873199855740552
14.57515892634214
13.819698328449903
-18.659957550245178
5.208905176534838
15.03666390852218
14.579967534308153
-11.096444248999532
4.145429860857128
7.367996333917432
4.361689969140929
-12.398653262955627
18.024149664971866
-11.194777848855963
-10.092692677200175
12.9485518547164
-16.779733319039494
6.843790558693939
-9.822017652825457
8.212568762372229
-19.339897729837077
-6.745957979818268
-17.937101490377344
4.566894854990014
19.4661475197656
-10.719452217699148
-13.893041247815168
4.997835176823706
18.895609600123407
-0.7416475552378117
0.5054555020954723
4.252605848631394
13.275021272688491
2.290525894950356
16.959997424380248
-13.044572994816491
-9.599471224509358
1.3530222748745082
-9.69179013116911
-10.87728562485994
17.41624203804892
-17.37436137139811
-10.474275048365755
-10.000880272963663
12.080790700469706
-2.3463877665948765
4.516281846787777
5.382938694976602
-18.188864459161156
-0.44963149225597476
3.089114403479517
12.342717735289057
18.392201165876855
3.3428842111084798
10.390270826798428
-3.545304326363649
10.752578188665083
4.5578036988194555
-2.1911304374392735
8.138395227812026
9.128897636610187
14.249534079148546
11.89494176344364
-18.756852553710313
-11.250584189036132
-8.265005656195843
7.312996366739153
15.778341603695225
-7.306480102042512
-6.2328319126941025
-10.159472823967297
9.388047641692737
3.080643857171271
9.600339859357053
18.758032918148068
15.334049590956973
17.27460612223952
-9.782062450123327
7.119336778273926
14.56794310665358
-17.39207164870993
-3.663028605101161
-16.907080243677793
8.927393828590283
-4.057992001455645
-3.6187287756926487
1.91751788390809
5.392603867001089
13.0220418540151
5.508650899359889
11.813910920249565
8.707368218649396
-0.9289214765339437
1.0142756948507206
15.181420257596784
-7.805372281012545
-11.513177695193741
-12.423927901017603
-6.962291692515059
-12.510488836904665
-18.906869359894387
17.684266250424315
-17.871840079154847
16.248867267106142
-8.195173988154307
12.794727861876261
6.963384382677091
-19.531375856881983
7.953415636646831
-17.82383797982409
14.421021063458909
-4.141829359697024
18.382643592509538
14.139381446799618
5.444818094177116
-9.50289463032821
18.18979692417431
-9.598156207480555
18.521794257047397
4.58927594275794
-4.255129713547735
8.831584347805528
5.033845495041497
-5.046710029521261
-18.150785507289832
3.969354918215121
14.764035924108406
-6.25686608427241
-7.619538649514359
15.891711146895048
-0.286715720896467
-14.076948234477111
-10.45850843603915
-19.831488461439562
4.291085898096657
18.136471587394624
19.097643741123186
16.365241050255833
-0.5203007662775789
-13.96445425573225
6.327041161116487
-3.390502636781143
-2.6680903557754796
9.371422522023884
19.71734743905231
15.987878964551832
12.898003701978922
5.771001238184425
-15.605285435183461
6.015137803793099
-1.052571142676154
15.338957513078299
-5.302151754383374
16.180410277469953
15.920294061920657
4.171601242873081
-14.040642300352975
4.380805325469865
-0.6983878381236863
10.603739966970668
9.54315971286104
9.499147237793455
-15.363616443148263
2.2779430043492646
17.67846639047633
-14.541149069630862
4.796984872294637
-5.858082446197148
10.689293088075384
19.456725797396615
8.4735382244404
-16.758770326441613
3.336061072205311
-7.077093097094798
9.533432632696783
-17.94902407924983
-13.59828487576543
8.99869393976352
17.22621190195283
-19.60705316918894
-19.926561083771666
4.249694700414285
-2.864905027918393
3.487048428753429
2.4741938853765433
-10.403401297062063
-19.883963582623288
-15.116161131175602
-6.645665822611658
-19.831343477672377
-6.617266451985566
2.9094133169337155
6.904792859348625
9.228045320312376
-8.297254925758573
-7.511335761035909
-6.3022865678078865
-8.826470017747843
13.384613739324777
6.828893931072685
1.9774110885511362
13.955679033911025
-17.090189060910063
10.660835435203275
-0.14837505919654603
-15.89474365305743
-5.465645270600383
-19.54331039925805
-11.898721109844317
5.929709265740858
-9.981063402734641
-13.371025307709328
13.724314913805408
8.402911240359721
-17.803936107738675
-10.247842979506698
1.7365069261232406
8.96902823483201
-0.4156037255453171
3.927160890982506
0.36404150550057324
8.614796252807984
12.859693136874448
-13.770665393092267
4.885923523032943
-11.972122100235389
17.686602209645265
2.65917278775936
-3.5129641777150837
-13.4499517493709
-3.113970030896567
10.272719112047586
19.81838172363635
-4.9971703626433595
-0.9573838227474383
18.999991419925763
-1.6764937888132962
-8.378331963109616
-4.965408859521233
-8.055921350026644
10.633662211666067
-13.541870172541968
-14.346857149746267
-11.71605772490902
11.947883992141143
-5.867580734894204
-12.35179429322558
11.251243438064641
-9.108632753818696
-18.323766082705085
16.35674982422578
-3.772073933371402
-3.7257173064928537
10.88708688946334
-6.083332086962754
-10.223683923025554
-3.438409075062573
0.4751512425746576
-3.899527169169538
5.733148204655997
-8.857454307922374
15.246480454697164
-11.195526811753362
-17.50044464186678
-6.013299168846045
-15.584752347233287
-12.601597700328275
19.442844303768922
-19.166725145966815
13.030670556236387
-0.15293312833185269
-18.41446007489825
-4.7104613219378955
-18.13900012856491
-0.08813766298026238
6.854055167002677
2.2141794560861
-6.947829046565843
18.89595524650354
-13.778693450880573
0.45986485520749554
18.768554973284523
8.616073344622485
-0.4830731726351267
4.689773594877774
3.7267615756575196
-9.553897908280359
-5.755957446870653
18.367321361529974
9.751976024388227
6.823389747435712
-1.794010516492861
5.606439292546629
1.4858820608745944
-18.29605906419204
0.73981453824684
-0.7311444019100435
9.173968438276763
19.460818859775742
-2.888430789526435
-9.164207968017077
-3.2843280218754245
-2.4966872292820383
-12.439693069892206
1.06759032757423
-18.384443487622736
-17.77118447261715
15.480710553250631
-7.296773232150162
-11.738376863505948
12.126349825103176
8.349453453816174
8.967238064704205
-11.843464402121992
-16.383222256649077
15.607013309624108
18.31625030988421
-11.90486055697666
2.2230051696865587
14.338955331169572
-11.345744417886028
10.436474394199958
-8.974936044681531
-16.62781417888265
14.304711678511957
-13.785684686170917
4.911305012655859
4.5045139662821825
-0.1822410906620746
-2.168104791126396
18.911013143276293
-14.788124469333713
-18.107014218143405
7.68859598119618
1.6782856050723716
3.8264615777361435
0.8677347323018907
9.684468924964214
10.189073738183051
16.078187759251918
12.71649313711103
2.0161568234170133
18.27373721659179
-18.3983397090753
-7.152437866611741
2.7501817200747354
11.170224825904892
2.4093024974553927
-11.105108540680133
4.720893097091459
15.607051537159371
-19.992468692281655
14.960750852607163
-2.2639351913281516
-8.489431470312216
-18.32611688715971
6.774384694117934
-14.048296638044802
2.3485631995463336
-0.754007003881366
-5.588932621728224
-1.4731677278224673
0.7345609552221113
-8.930883152063416
13.173496298625615
-18.335658761717724
-19.44509944169312
10.59621379384636
0.27062662803135495
18.379075554346883
12.73128356881714
19.359469038477194
8.410521995867839
-19.103400043137512
-19.899127345510582
9.104955450042311
16.949136930064995
-19.509981921567498
13.170354523964981
14.27809807544832
14.05392735586048
-13.00299662805263
4.390355450046833
12.86183141984629
-19.15343656986877
8.776929421701794
-5.808444716590193
-9.181973251096768
-10.318864209159111
-14.48809872864318
-6.838158727948791
-18.55813706623325
-17.45038569041754
-11.09836926219268
12.168250657801622
-4.9167174336379595
-15.146666701794441
-17.617290239474478
9.215417512211644
-8.890904538071428
-4.9258299568846375
2.59290136540298
-6.774188291020717
18.36662511765931
3.4742937532139067
12.255459727314665
-19.540093918425153
-16.710416665090435
3.54218324963497
-18.137428261427708
15.088412053427234
1.1020328007040128
-1.5591774727434426
5.935429064380962
-13.967666501170356
-4.347491682458466
-19.179840556702974
-6.09834796880088
9.800800707730186
19.105168122187244
16.860887735455087
10.032546144210915
1.1893291799012893
-16.31227348568714
10.65836470899886
-5.423589199387058
-4.71917050947798
11.465830920661059
13.08931208264287
-4.237938341061941
18.829938460646098
-8.411450173021752
-4.447118748061399
2.8688788571870205
-7.78779423609031
-4.037253111507013
-4.6439599487613705
-16.064795217353524
-13.738154815485704
-0.5048358658262622
18.920631452747706
0.8291735216342673
-16.335165715822022
-13.767690527829547
6.289123789273599
5.1715634477551795
7.5020633466913935
12.82454778213868
-3.5189651921742993
-8.724664545178364
-6.865530244142089
-13.97205710200459
-17.043903807479104
10.367535681446228
-10.518263436637302
-6.806386992860558
-14.595844176943235
-16.5447654065966
-16.513036805618192
0.20794218509676554
-9.703979541159429
15.362838407106622
8.609931291289122
16.349748136804095
11.958873195983308
-4.259392875608658
-16.262753736368715
-3.0138744599714897
-17.751439628503427
7.124603163159769
-2.2940223952869587
2.7265505114881847
-5.445762644138096
9.621445311672886
-5.67703510690758
-2.4347601101106022
4.621061887328288
-1.8658029003812828
7.288465358504695
-8.125168461573358
-7.352476125977319
-0.7310452370060219
10.694754870285117
-15.308156593700847
-17.704738705259917
6.788025709680426
3.513571303094327
-1.3093652920405248
-2.5983341435494367
-5.729381621967393
-9.038492209764106
0.4570631067419981
15.536904677425852
-14.522934709574532
13.48990448788291
0.3142778671048809
-11.925335296799865
-10.607907743101443
0.1288030288652493
18.810073006500744
-3.8191575720688
14.905989087787418
-12.197692309282523
-6.8098605188745776
13.167613111995607
-6.483607622594839
-15.953647380766828
12.312344260989839
19.09792775062578
8.80511306405095
-6.010540573792191
3.7038104218864767
7.5645099644417755
-8.378348903789368
-17.442952575925567
17.93291615539075
-12.756046766788156
0.6504905814840569
-14.625514686943442
1.229971544007988
-15.78179663929825
17.680706312870186
-6.2330569999979435
-17.538197710763647
0.46337277620126116
3.8003306308250906
-18.790777364741036
-19.539943062041665
6.0859939864752945
7.3913239012765395
9.552306490588258
-13.109743012183902
-18.76791881222388
-16.21962826343149
8.554372417243606
-17.348634579854107
6.340120628389094
12.580837439248029
-13.790454496020672
12.764788695493493
-12.003619490828378
-7.180481814114206
-5.128531571410605
2.0142304609443613
2.10743290761593
-11.880649665378936
-9.222679516900794
19.53191624217292
-15.538046437098822
4.9325167526910505
-1.5914201463783968
12.032197336558468
-15.479082300205187
-1.490947527812061
2.87255565158852
6.226410276023245
6.892649294442261
4.5007763615095016
5.630605134356344
-3.069337932200856
10.832214434156022
4.196089755301351
17.370458766945617
-15.033785863601658
4.5991826514649645
-15.441357728565816
16.015601863474423
-7.11625177057423
14.678388864991696
5.906380332407949
-7.062086475129373
14.525251618763043
-16.797171055500307
-5.437640093370209
-8.454498612414154
15.291210955357116
-5.901933512549679
-3.9737007904049477
7.59038489422376
1.9439400823359243
2.0482227040563536
-19.036723379356705
13.086420514750031
13.477408004087806
10.50726486240982
5.094483110161391
11.829297710416387
-4.13057361227224
6.399313206661425
-15.913809489421574
1.2108662358968942
-4.667648000005812
-10.46983890813603
-15.934893818369522
8.159211887967047
-6.296732237133202
-15.928311471064639
-5.408403060665741
0.1130991277343476
-7.485210295893561
6.476522644094729
-13.255899308969639
-10.306850281761442
11.03026392795465
-5.383383495039071
3.4762422905126478
12.64506096263679
-16.505162711409884
-18.378999629453357
5.607575922816
-1.8190553166027392
11.45698503502829
13.922259184880652
-16.08425179952072
-6.169353916580146
-17.739542712162
15.648523389760044
5.933898322592071
-3.2225729803713286
11.172246993226516
-4.308015541983234
5.566882291183241
9.887914016428951
-10.422537405086958
-17.561447657670172
13.496843206768382
17.536482761205804
15.325140085188181
10.188423004406289
0.12936366526353638
3.6446171663188345
-13.680950289958504
-17.73481796063726
-14.886599258305635
-18.106565895867668
-7.777627500335944
7.527401943099289
11.19792960961589
19.567226981170236
-13.548374554742288
-11.162015326623589
-15.632618802860549
-18.30600418535886
15.243813779942556
14.157177226170397
-16.654758552308717
-8.488523941122676
-0.2521712154836422
-10.43923603660527
-0.18099442976182445
2.5656510810841517
17.756925487035858
-12.944247287260584
8.312374339357731
-19.727839117752403
-17.05800639275153
-15.8396783975974
-15.352216549664139
-16.524482280397315
10.576058959836896
-12.662757232298834
0.7492718556850733
14.298579831143641
14.707366628940981
-7.8229731112562195
-0.6090811826399225
-18.96723325443171
-1.3502725195151655
-0.32957812552636057
-7.17839135491602
-4.409764995116237
-16.105974533925085
17.905023828774354
12.26688271752299
-9.436596109304825
-13.903122209648423
14.236961113234642
-17.13605710282943
18.55341647701166
-6.382523288062707
-12.188226244616471
13.212234549165231
-5.360790221921189
6.270146111099098
9.931886951707959
-1.7571383715356212
4.64179044870405
-6.790224476857638
15.465103233959482
-2.324501026280217
-6.883835044972084
14.02359994031589
14.614717112785968
-15.592496613885064
-8.892362070729881
19.34307767906199
-18.550603432898754
-14.619327155230923
-8.026578055723661
-9.25916263192763
18.328027868774072
-15.788149713907472
-1.3562062998181403
9.706666686611864
10.463852615966491
-5.891006250933932
-13.85607132242268
-0.9446651394419661
5.368939544834895
-16.816443970081764
-6.612311935445273
15.721840570208386
-3.67079450085955
-11.063229850821408
-13.576265160295073
-19.163114595039744
-4.457905425426576
-19.58885426823826
0.3658623732108559
18.18129438749584
19.386105450929648
-2.2675626798359616
14.991635730495474
1.889272504563337
15.44035756674048
-3.347345883813915
13.10725546894075
7.486675715846612
7.614332716715445
-15.567380645189356
16.662088197816544
-19.247638416665204
9.395227371503509
19.90420698764192
-14.245714918297976
8.836128113182777
12.878343264154552
19.42479243980675
19.884265405481486
15.166343090510559
-10.261637223904735
-12.664997774831747
-2.397217312242944
2.8597548104028014
-19.04598169181634
-0.8009554510931309
4.0699939496422175
-10.085649310100134
12.983289302003755
-17.245464239347967
-9.25294071923432
6.231593132727575
-2.364932156746683
18.74845368898236
7.003274026909061
-8.437927119683577
11.050460522524183
0.6595102706224694
-9.05677758316572
19.054037905452873
16.705289899111108
-15.519114823774673
12.268059689451789
-11.488989468907892
11.235216764405944
-18.81325319326155
10.62769536078321
6.348000090025554
-11.60477078358753
4.756827559503073
-8.186150691939712
8.027348832842925
7.861658434417226
19.722411739876293
-18.37016372777734
15.005713840631223
-19.365595480663703
14.72073340307454
-5.950904775200453
-6.56533757202611
-10.286657639213846
-3.530280724305097
15.53177007013771
-13.496171268475742
13.283100169079482
17.24139386848988
-9.05231198216828
-8.0906991770994
13.373693741231165
-5.262459253180634
-7.739461798798747
16.534419003580517
0.930189125330088
19.827623939724425
15.83911959865469
-16.99034511447515
12.005428998373354
6.972301857814486
-10.484870550282377
10.333766918562812
11.865339653926057
-15.760504017381013
-19.43369249943205
17.178895274779258
3.0743863836860967
12.357017505176785
18.500321696093103
-2.673695600029397
-0.2579785808599375
-4.073825108789318
-16.34488454979154
4.594893947815763
6.390471832942346
-9.053133137416562
-4.152478828389565
9.420762765132661
0.15511077973823717
-3.8468087609931416
-13.08875382805887
2.58314805296083
18.059507997469005
8.953797158346674
-15.568024494548798
-8.653783312130336
17.7386359825541
-16.53990369714194
5.932995339230022
1.537684511237515
8.05304597630451
16.20220335018866
-2.8438847765740114
-7.174774771857875
17.971068643377556
5.621239583177786
4.031415575433819
9.481182560297938
-14.790897975245457
13.153133739034587
6.84238724927738
6.544261817002344
7.764883781895406
2.7654557947010083
-8.49954701167205
18.269186925591555
10.474315428297437
16.047823311233046
-2.082998612202516
11.26839354962798
11.46393804965891
17.64905558515445
16.813790504360725
-13.488322613534498
-1.1122242202759551
-2.6642962574830875
13.789618293770175
-6.1109127601614475
1.413118090497676
5.178610905648917
-6.138460089337446
-4.233254026684845
18.374179432612685
-11.013825599440526
6.786620057357734
7.4398856636251445
-11.558324262533626
6.032162169957253
19.868122611915965
-7.394023279540072
4.429686624348982
-19.585270885507825
14.022130792190957
-4.568631751534159
6.984873734302358
-1.2370283742763917
-9.368035255359718
-5.767751165838009
5.59957865908585
10.286555613240331
11.44578981361984
-16.936559473140072
-8.583745378883364
-15.85848679536503
12.060194144600004
-7.213456314007054
0.3043604576915584
-12.178806561240844
-8.338070788832518
6.165896842736458
9.268071975358492
6.488925433737446
-11.48692041936513
-14.496128503664888
1.6391854735859503
19.6847512894061
-10.14657584146466
-19.010654978239803
15.990828829951091
15.170725427161912
0.03585181144543981
-14.9779662015535
7.231145197689507
-13.308321773827739
-10.854455938413583
-15.352777452499758
18.648784457353706
11.89210757105451
-11.870907430930263
-6.95956419699896
-4.196689666003852
-16.922475536014755
7.739623202812254
7.46727947094913
11.79638309866423
19.825722308077054
-2.3920532738996947
16.384345745269734
-2.315368422262381
-17.09457071248309
-8.934761090795465
-17.294114343648076
-7.380482889158756
18.465635728082475
12.220428300953685
11.527819171269577
-8.103848963508483
-11.221939165281697
1.511761789657207
11.56479490137368
-1.6272236752166727
9.140779655722497
8.62283982918995
-7.403280132475555
7.6782914899565995
8.332466653236725
5.879540850660796
-4.723596907170805
-17.945620357982715
13.471986315275778
3.8464199510860837
-11.819040248371584
-5.311813679000839
-5.298260615085383
-0.7679643942549497
-11.912309121220282
7.916593133325872
6.662338878552852
13.972973401857793
4.1812824279401575
-9.053419369843972
-6.811590278559683
17.96452826932294
-0.3438524195128352
3.6224410330986316
-8.772775305252667
-5.368153880789631
19.498538653836903
2.4569374703497218
-5.43320445126338
16.64890040700155
10.491427865784999
-17.497850070614763
-1.9262487681810327
9.215724904067457
13.031838435471627
11.600835207360987
-10.531228556635895
-14.007271390364323
-6.0144758494534045
-10.934765601994041
-10.87045177664065
7.516976221013113
18.24308569927527
2.2416735098123617
16.736621798874594
10.682002501549135
-14.481559270735485
-12.038600170195233
16.491510452253443
13.723828196888647
7.977840617405715
-10.659186574593665
7.197787859373715
3.0153817141619896
-0.957737780327502
-9.12254862229872
17.37277382647352
-19.483746547262122
-0.27505985371757546
-13.16784621170012
-6.469262488835298
15.836805653534825
2.4555334473020807
8.385524339760998
9.469934353655102
-3.460648855311838
6.83643126512678
-14.322008057713242
-15.18203926878222
11.912678166910574
-11.680029864887516
16.53508543422842
8.848363804472697
-13.58066970971096
-15.08024377100368
0.23130043769590714
15.383755431998665
-12.734864256172212
-3.100116044783409
0.5765354594367302
4.187236884059992
12.109873776624418
-10.193939178684461
-14.043176218427487
-9.460992612197966
17.895072427555966
0.009971640603314569
-7.509258531287495
-12.358724511840716
-14.932417536371814
-17.87519227251434
13.896636307583158
-0.8565533714693458
-3.793203833734143
4.304902615711725
15.54913302791276
11.293019780751116
1.801444080277605
14.577977250580858
-11.835274927983125
6.900335210896152
10.141974315734458
-6.934184687723635
0.907399920254143
17.812922862804882
-11.776290138287543
-2.346409363552983
9.239007219880282
-6.463503073885795
-7.013855274075777
-1.1963333394777074
1.3275688329955813
4.69810452769757
-17.173528754842348
1.4616855247649099
-17.47458801827047
6.35062265739861
19.997989591331496
-19.417975528653166
-17.481957956972796
0.05453360400423435
-16.75251107594564
-12.634738719136159
-17.530902818164353
-10.263139914624198
-10.192189648945643
0.48928798387277794
8.721377215733938
-15.740795532563183
-7.614046035300138
-17.616046638523237
-1.8674139552731859
12.766165292801219
0.8312704159875217
-0.8858309425137136
-19.539115270898325
12.822207252568283
-16.46670074265835
13.12088418902956
11.309225255051501
14.414815330828958
4.55430237555559
1.2696587774810695
10.137383855943689
4.268862816451513
5.409663392379628
-12.23169810338847
-18.946743243076764
15.088133290651228
-10.835333325742923
2.831361822036918
6.824782039998681
6.64768897068436
-4.7486536827898504
19.342334666561158
11.388451942340726
-3.903127507543296
-8.889997537550315
-17.20154917891574
-19.612029668105247
14.322246322357337
-13.422986817503357
5.517788148472604
10.36804803388588
-15.777044306679722
9.033014825570753
-19.104771424504648
5.795822289106994
-13.14719060965479
-13.31968580865722
4.121299421968043
-12.380288007335608
-2.4765420050737355
19.302048643601857
15.477143336817534
14.655128975519894
-16.60424659394447
2.6281326439510693
-4.976056731684446
0.1751777113707078
-5.7057944800379445
-4.7309715418493745
9.701706111843357
-7.020886816716132
-6.866069179100499
17.007174114923764
-12.778717114107184
-0.49409324602711635
-5.965598036552194
15.304179594658784
8.122023901165822
-1.2138298626983186
3.3082623550408456
-14.340592125627957
-18.307877086128897
-13.791291985164381
-18.744516618386918
16.54678599013448
-18.765125944643316
1.7469889778305294
-11.689527810513788
13.272904704137346
-10.510374587955189
-16.532150964914266
17.422152918333687
-3.446685736311643
-10.532263090868192
-3.0155987289986363
7.743543280165817
13.235076139397322
19.557288587538174
-8.116596251764626
6.954839763279615
7.266918915801199
1.4165018931693965
-15.395992203214096
5.588324968001004
-17.010869014704816
-19.16908467110158
9.598367131035953
-5.391673470761766
13.757507275508644
-16.169176977234265
-4.342655249980197
0.9209658352541155
4.370534159712122
15.82398069133614
-12.184526884219471
17.72686471160644
-4.048051720324786
0.09795391088508865
-19.176582757478137
-14.792329403327603
10.289090794836248
-19.028663835641836
11.812678083038474
1.2240457620388092
-16.614558534664727
-15.8083026798016
-19.866864203138892
0.6946822280069256
1.2200262153117905
-16.481823788966015
15.006123647274975
4.128236923567535
-16.997564749804674
-15.746151188336487
8.470528623237247
-5.130529647368181
-4.931704104151088
-3.346666923751979
-8.45039268388662
13.851511447918327
16.258141351623948
3.0053439343397024
-8.1907407272138
-18.337194630325477
-10.535764571249002
7.957946261066759
8.312812828945702
4.129793219796024
-19.33822499633991
-7.1612887896158774
-2.358799465892428
-11.886100354676348
-3.5162284429314425
-16.85856780669157
-0.5674188360115231
-5.537720138454304
1.1798464789478125
-5.247641024548834
17.206822149132158
-3.0339437155284834
-0.8282689561803309
-19.455272882922902
4.050371945834421
-11.565784272322471
17.59052539997611
18.529953671941442
-4.375706998658853
1.5012244651310915
-0.5372514394880668
-15.989062008369444
-5.482858675987563
19.439113500821094
8.120205684596996
16.24450452560469
3.802820378182883
-0.4843048887325523
11.299509384384876
-19.589149170595462
-3.764612839158154
-13.416459350582217
-13.856740367772126
-8.660724319978335
11.427357889462392
9.530618888086497
2.4792812995941027
-18.506764668156407
5.595060946490676
10.430175940050827
4.290945632905327
-13.270111749790878
-1.0157899700271464
-16.247894769274147
1.0037279855564272
-11.782847656249412
-15.57135278799333
18.53039663675932
-6.050170428098674
14.934000691878346
-18.77589774640694
4.772027906321213
11.820147066451298
-12.308922011933898
17.95593999017499
0.17799408487791624
18.140595075777284
-13.822675863380645
-3.9848145143491465
-0.7455315435883989
-13.876154731414063
7.63624731088413
-11.819261668680735
-5.112638724508152
-4.748522216760037
3.0483604836025258
-4.973871520508126
19.18355270265628
-6.5739948459130115
-6.166369771693878
-15.920886238728311
-16.389634423474465
-0.7913417969340344
3.6115927205588463
-10.451178391719033
3.7983705094645117
-1.7879345080907925
-1.4051689645001346
18.262680403254457
-19.283695966255316
-2.665105690918729
3.0124668459198958
13.028170416500195
-11.892164457383373
-4.194223451126176
13.828667763957974
12.100960838525289
-3.6838312545710323
9.851036423936037
0.8125489817975122
0.7238168943195831
4.86715493213417
-11.319686555449824
4.523530358145166
-18.311041535597674
-12.673773148373492
14.934195150348685
-19.845187803104753
-5.398322034116134
18.16586533566386
-15.969027072192002
-15.246841193724862
-4.341807223483439
2.9700904268027912
-15.945336685459477
-7.944982786056354
0.5365393012154911
-6.763468691672717
9.524208195570722
4.024157782239172
4.259952217545187
-19.724457926392773
-14.369615651137554
12.688184381044486
14.6641780748582
-2.893174422078431
-0.8002934026666928
11.306713443187249
-7.804835747487097
10.951380862174652
-7.048649624457607
-0.49917372933521165
16.576380501855674
8.233949861058242
-7.809309955009605
13.532174622679761
1.4255013442364373
-14.709233105737841
-4.007894385580656
16.416877645021103
16.072900057770667
6.094801493420263
1.860420310357629
8.936128182593137
-10.30719960705306
-19.816702539673514
15.905848991449012
-12.706039803388967
11.591298052416871
-10.688632939400957
-17.955046998162917
0.4702155820272651
3.5002021914704287
-18.58682092015198
-4.02818723681599
10.452019992645152
-14.496063595548318
-16.70214542879674
-2.029566972040392
-13.44500314947143
3.0090734058290707
-17.18091484296839
1.4822067087316384
10.435950087028264
12.584825359248121
5.405676744802047
18.588110662228218
12.791064105806363
-9.611823901584131
-18.42162300681769
-16.301429675761945
-15.266456639255095
-0.684603914772083
-3.9727375769303777
-12.335853190832644
-11.516904924174774
-16.023219132503392
11.0448159103335
8.373468742154966
-17.73365920865352
2.757671889550231
-15.027779876133177
-14.227620519998059
2.033975568278983
10.583704425687909
-1.9259487687822414
1.1890573384632042
-9.069191203640802
-14.398416782951728
-4.018173213885845
-6.646495786573471
-14.873726209088849
-1.6334373786479297
-1.550750807865775
14.389339499262633
-17.8824003509655
-6.791493776460399
-12.551375067457053
-8.891294969398981
-17.410985072929467
-15.113663161142306
1.8640121396647515
-17.634970770404514
-1.2175618121374434
3.8903346641944765
-14.735460563455618
-4.092459312073217
-15.478748548004852
16.824845200276485
-14.040475869271813
-10.197770669873446
-3.0027248416988783
-2.839355876980541
19.058016984700366
3.513609333758396
12.171893847817863
-17.152341497189543
16.29281179370716
-19.694317372298432
-4.06492277172616
15.121040491457066
0.33355446755773954
13.983978185668533
-8.599336447570538
-1.7634963290683174
2.3894596002545683
-18.00627700720149
-1.8116075758329977
-10.995402074010343
-18.432235905245676
9.440168645642416
-11.94716339912624
-18.486748432913018
-14.969042848854372
-15.899526577304798
0.32198479201395
-3.247718449292556
8.670491768430978
-2.0175008124187563
18.053919673555512
-11.155660251041706
-11.478137998545126
-4.43607456857983
14.092452925396309
-12.094416401232415
-14.397749884444831
14.867091235068202
0.0423175402053424
-12.330871080961234
-12.618443488386601
-10.988884041931488
-6.189721120946663
-12.564247014716923
1.3345040906688475
-1.002530035941426
-14.936458696352037
14.808221379515814
3.9686069240427813
-13.764133863899817
11.551790287638816
4.223547412986566
-15.071918363604947
10.771922521164655
8.16195822560583
16.971539405362314
5.721312316774206
7.824649120014552
19.692550525863204
0.9055030950957885
-6.080058912362865
-2.18881045712768
-2.731190861310271
-17.832771409454764
18.756007518305054
0.9162681521447134
1.756957446677788
5.4655753215085525
-17.38891299669778
8.485093617738684
-8.89825869563091
-14.217645351785158
-12.952088453409853
12.453690369419704
19.52713041566085
8.410481472598587
9.752917596236244
-0.3644708169564339
-2.3639528993188996
2.816748719462577
-13.324086060883854
-8.222564832309903
3.680722676941368
2.572788599301017
12.305570801089175
11.485746230368427
-2.1259826694933714
-13.802562284328094
-13.19265829743317
16.462385831019432
2.3030547593725927
3.8563981971693018
10.90353100750541
9.04217095105998
10.646665582470408
12.872498723178253
-13.145023299838163
6.354316984291959
18.701890782050555
-14.032891034554993
15.444731235286739
-1.3608061065364296
5.778959539647012
-13.96746906444655
-9.873410217758067
5.743222168591615
-7.454230454234603
8.323791471851344
15.557199120427299
-13.411333881627353
-16.65632954091768
-19.418528971914238
-14.438683221085672
8.968093100675887
-10.178375921908032
-16.27000543457776
0.202221674154206
-19.38669396704395
4.766676355884066
-0.5018806816744039
-17.458131215295616
-8.959895258423195
-9.963569181400022
4.536888744261908
-15.077441345983637
12.515877242323796
-15.329803179564493
-19.102774611321646
-16.890799984534258
-7.651028138746568
11.229056188638857
0.08199651713735534
7.642274661465148
-15.189017232201252
-0.07246136638817546
4.757401435416281
0.3108956389537241
10.333103227938459
-2.584213837971461
-2.000338982324614
-1.4539714631981546
7.189015761243226
4.721016170632673
-7.338700783607933
-11.329776330391525
-2.586970176693221
1.203553825001201
-13.721094452992446
-16.088796338576607
15.253999918225183
3.392939729125377
-1.61406624166748
-2.3856391321550454
6.914434530907233
-8.35029476858358
1.5204286170757513
-5.072037345980291
11.61047931777582
6.782445935359789
-1.9476635668225661
-17.184488474443356
6.822300376038719
-17.699615971986926
16.919682234577472
-12.840945885896877
-6.20912570528696
-17.006312035700233
17.05343114085362
-1.2118861515573442
-19.55795217959391
-14.248550234487972
-3.04166662657137
6.419241040592457
4.158978494270823
12.658356670042203
-9.598489593761684
4.793449618885649
-14.554935761597893
6.890249956880897
7.35390674110014
1.8643562353232177
7.493794067585089
7.266647400953801
-5.768651904593973
-7.800893029473803
12.070489452157545
2.4546235755986956
-2.3057890567427286
-14.93688017230654
6.65985325236187
-12.920024584397641
-11.91351807870027
1.4556619953717274
-14.430028971246237
-16.699657677420458
12.647998031525262
-17.57963057608118
-17.31363227600758
-16.028738806101074
16.160836110415417
-18.212799540931165
14.179792209777816
-18.357891875919606
1.0274548050162124
-0.8811236839008849
-14.250932733009432
-16.13086670589402
-14.333857692941411
-1.8714201291454273
-10.574905170655393
6.078931978954799
12.661505978564442
10.194689793541048
11.634475004407964
3.75523907619446
10.046492331888256
17.0604848650597
-14.030254297931574
-13.906486483077982
-9.521099713793939
-8.25626818748615
-5.427923587449444
7.853439296746814
15.077879933294795
5.2335968881714265
15.570605624198436
17.114414764535923
12.965535544550008
8.240092711200596
-9.815293233548923
10.25652838339981
13.361142853727202
18.023824201279346
13.117511901091277
2.941506446562915
8.591876622225673
-13.488608316770474
-11.421824497130881
14.770858685963034
14.156850494853586
8.785995308356096
-1.5158066240794845
-8.195285217918222
7.331456482224397
-10.42375087352788
-1.4223531962913611
-9.029983239644345
11.992787975451225
16.539332925083023
-7.464300702176271
-2.3993482067052305
19.635973627330095
-3.1607569718694606
1.19381953339008
8.161187980759763
1.6336817122899205
-15.838995252369678
-17.774368341413584
0.8450486508825215
1.248080579715758
10.658020698932525
8.528738609075582
-3.74259164817191
-14.22949959574729
13.726171978912667
0.6206625541095114
-3.6272168757315058
0.5848582085811351
11.476733341322166
13.143432962670765
-13.592044346560993
-2.0932597032652858
0.9843278120616787
-19.116495597572968
0.36717941313654023
5.390043381377772
16.931269063803597
-7.003401952430771
-19.141318196703402
-18.374888666939263
-18.25486627870594
7.313879909771138
0.5946340994082391
-14.602255768853073
6.118980677391583
0.24048446389397427
-17.865227718717374
-3.5033663523174283
-12.676206814985758
-8.298777496034662
11.331117861247606
2.422868893733959
13.52922497212252
0.5803981275555401
-10.96513345083427
9.575530071101635
-4.410021323113353
19.175028834319498
-15.767199117874737
-0.7211624692915954
-0.5242801060833848
4.631685296147836
-0.46919350412702343
12.177015863309109
15.57083971649677
11.640488353446848
3.9296274469818826
13.948504631455307
2.0003482021737327
-3.081698065849139
19.3747641128867
-7.493018267214705
16.192012263087648
-0.06807584921930143
2.0669965294395283
-10.800239375780736
18.476459785869565
2.022075180545656
17.83020322029384
4.521200948308955
-5.818555091744763
6.545788206401802
16.30690265138263
18.77853487068422
10.739812409213737
-4.862449475929683
-19.81260827888496
-2.4399112484440444
4.215442076199292
-12.714660710045433
-6.673844685623763
7.880346070292944
-19.41679618319789
8.288174700240475
17.795682300795853
-19.50537995661985
16.990920510154737
-11.594079553616332
4.050462679085598
-2.0449865999569212
-9.807258767294048
-11.75034284097583
-2.957123592008948
-2.65031964873517
11.610749377604574
10.168323283623714
19.887403405438683
14.830227406521466
-7.9854632521258075
7.333384663650957
-3.0081000736667534
-6.71358311122952
14.519429405777878
-14.038699512107463
-0.7519454493624842
-2.5052280688471456
-7.802030008781937
-15.769229325074367
3.797581958837295
-19.495507571341335
-19.489745313375572
-5.5119840054689195
3.7823908267056225
19.805628301956993
4.432166620899562
3.130889206643907
-6.796897998882834
-2.675592403473832
-11.343563636531835
15.577726477024697
-4.357340558647142
-12.938246020848787
-14.161082236297261
-5.875414177108599
15.196012437964164
19.152952438948574
10.069328575517172
6.311141611242242
18.865645085077148
-16.152371126443605
-19.56134466530346
-17.45519962646069
-2.0916332390893224
9.181948187586372
-19.889389171678744
-15.201016043942449
-16.128026622687393
9.19150904083931
-1.9843281577637981
5.482921128222923
-1.53285097371732
-11.42986685970913
15.367037826440104
19.423703050884697
-2.608642421618434
17.3165064634114
-9.843370152425246
5.6408117992899705
1.4348031842752391
-7.277437153807128
13.46618739887041
-18.893418902896336
4.46984032390127
0.5646311828770152
6.509009721225848
14.337268229062204
-17.807985367489962
12.956077024638503
-1.7135451021274122
1.4823505958134646
-4.770033999417089
-2.4148596847211863
-2.4517074438731044
-18.72180700885646
16.049500808725988
-8.417316144810751
-14.625005750018332
-2.21651342929416
1.0587583320365397
-12.668888872078758
14.476492477822347
11.697785776439712
-15.997148567702615
4.771517602981628
-11.94726053285538
-0.4335280416772562
2.253122878358589
-15.10095045304816
-7.54578826227981
7.006717917502925
-15.913905610097467
16.85457872950841
4.022908507559201
-4.583130078403222
1.8917479136549389
1.8462606976962945
0.604732460221534
14.57730501145948
-9.349937311308757
3.9445309901300085
6.782374684421363
-9.035578223433177
0.17619777344494025
-4.471292498879329
-10.882353853250585
12.053651588446733
-1.613776245535771
-11.83992838752788
15.740011558841708
6.498294230168948
-19.542437550115167
11.354255378077426
5.309387140889484
17.588488826358592
-2.663083252564107
-7.1629662561697
8.935093458995201
-10.105211611779952
13.130020767739424
-16.790477892062825
9.152474279897099
-17.436115007400804
-11.59069163609022
-14.358814533337565
-9.04947641035864
-15.02749239773205
-3.209475844186077
5.313618604858238
-8.469692277335819
6.279523131430228
-11.034980879362664
7.580857761084225
-7.3737986607214
8.008793280080205
17.33543770567382
14.185589453678368
0.5680196332450649
-13.921305992151595
6.968967479367102
0.9206282341337655
15.956440316477057
-14.888055227757423
-16.564761508474966
7.524986013254672
-4.298137048410116
-3.3978602697418445
-7.752775561721688
-0.2071700038863895
-6.738322762659772
-13.58619896718583
18.93341389974306
-13.280845981051641
-3.5868706692709154
-7.528305803159041
-15.360852211444115
5.5335362914238715
-7.779101486445352
2.4639368988763763
-17.138787932945686
8.168392872120236
15.732327278549036
-18.042470509271418
-6.411447477578957
-7.663321524276014
-17.638799642641942
-17.44556845038963
16.127422737193434
-8.483723183364855
14.22381988653293
-7.462861583361438
7.125552025594608
-3.8450967032238808
1.1348360294530657
-0.6820577044864393
-10.152456388018356
5.2891175397389105
-0.7321756564843405
-14.081717941280898
15.50925669669332
14.097019253532935
-2.442095070395144
-11.569204734277857
11.515410087810043
1.399246376359912
-6.145463318885621
14.200281235610795
-14.908490572378419
3.4921551745095947
13.245901797661446
-18.311475907871532
-2.095454520852627
-5.1637629677357175
-12.465976561306483
18.417218195752966
3.0401627797524498
6.1927657446967
3.624200443050025
-8.547197227218458
-7.696365964086747
3.032916104014017
-17.22121443552713
2.138024154120302
-0.7328972715203648
-13.532125556503537
-9.306255927029685
-2.8272906430804845
17.660742869541686
9.719415387424789
-0.09091912796220925
19.170283857718402
-10.669445394380066
13.479664370475241
-15.542953290889105
-8.553429916347689
-5.349433249102095
-1.0890663903098776
6.546155485693546
-0.03892091081742066
-17.387800351801836
15.693773668015169
-8.827057021742055
-4.1229511219149195
-19.11743100348705
-8.85399279375072
17.10067565115491
-10.234942603369639
-18.428418014522634
11.439382774835614
-12.093230835915762
16.735901860627415
-16.47967298400017
19.00452239234854
-10.50145098191523
19.408453041874473
5.882097518478755
-3.5933933514506897
7.693845812901287
18.1360421672885
13.786409813300672
-15.757020546294452
-17.235741857073737
3.144843199998615
-12.444268033192337
-7.290550809737146
-9.54038644359851
-18.908340492668408
18.6564944971147
13.303435154286213
1.5768710646144797
-8.469640040478001
4.759368353777738
-11.686198120434561
12.85539054210831
2.835297790137478
16.5467712236942
-6.065662331803981
-0.1516666638781743
10.599307537679046
-6.413760490131196
10.45000471472866
16.41309317613117
16.10949399683608
18.46097108683339
-6.069507739978043
-12.374830785069001
-13.925257762986547
-19.234400825778756
18.823568903508175
2.1305955896252335
-3.995339794559925
-8.028200239879668
-5.7894895703947
-12.470550548451564
3.0036107133532894
-1.6294146183713956
16.24844309623144
-13.081582586915248
-13.775326014231148
16.315969955149576
10.863973198389786
2.003552381481434
2.3870794174848484
9.233203205270723
-19.410986418199563
7.730788956121902
2.2141868862547867
-17.937591158367816
17.059633906025915
-2.9983911211834524
18.670769999331945
19.342170423888184
10.345217005865102
10.246110563710033
-3.2708789969604837
14.351942949250166
4.893630408418979
-14.855877780079085
-17.767180355603372
-8.14751748513487
-16.013991819840093
-7.625789122612709
7.231378985011503
-18.911102318181918
-4.577178936957015
-12.179523811678518
-18.20809652636747
-6.627597997220299
7.9244155760673465
-4.966163189523002
16.533869126714308
-1.2884194197333727
3.034712823242117
-12.525961839692723
-5.351909568803075
16.283263014847293
18.84869281734173
11.959538958104009
-1.2402165026376935
-19.63472842955916
13.180773859753842
-11.818214968198063
15.590056637498648
18.050337208780867
-19.52544972327425
-10.751986351665156
-4.173994794471568
-9.111270961826573
-1.681025156848328
-15.64001639113676
2.0435099816953226
-2.775098660200456
-2.0242308440457855
17.71385838534342
-17.653439030011718
6.574209854808014
18.935626035367903
-5.178453090652351
-11.235975263957055
-2.8170656858323184
-8.678978951196314
19.293254956933424
-12.825840762116961
5.5826736250899565
-5.827554922078457
-14.74075221925987
13.002005360984576
-4.420682321392304
4.716902370157655
9.718424660732708
9.33483121018422
18.75844031607562
0.2256876594019097
18.940618896610808
16.0219449876939
15.872882177982127
10.628166012339761
-19.854354222026423
-0.5449059718604587
-19.292451844369282
8.522870244259828
-1.3126050245372411
-0.6046689239662975
1.796611574790962
3.509191798080316
10.761818134372675
-3.256005052910332
18.89165587150272
-9.61358458368787
-8.873428531482311
-17.89953407336988
0.34838256240237797
6.064697120397508
2.299787620389999
-19.41561854446509
-15.374107113172396
-2.6225201056295013
14.886461225920698
12.903248877555143
-18.181634872017245
16.573491493806436
-1.6879320399076363
-5.732282700010751
-13.083479061166322
-10.297931080190196
-7.095273734657766
1.745566354141058
-8.206506249578753
-9.48181859015719
6.129637169332209
-15.600929066958319
-7.186927546725247
10.52444003972969
3.283384563454163
12.442127178917694
-16.964968759649302
-3.965648676155368
-16.67032698534698
2.044224751866082
19.4445166247736
3.4976716270180255
-5.1374410205057295
-9.609009301466823
13.884054326506082
11.160169240344349
15.01301568478047
-11.293506398738632
17.338266536154045
-14.415562694187255
-3.966112653779451
-13.50588024633745
-19.168392636578545
-1.7821997128354674
1.884709016563825
15.510304465977796
-16.397270481544556
4.500115998977009
4.657363389838103
16.68725181019437
6.7452982296639235
-15.432949069422284
1.6203611665185562
14.907100118795086
-3.00952826779087
-5.8274326356924355
10.608634235958746
19.434138303344213
4.971631086392371
12.096922400861644
-14.842162803241962
-8.182349069232924
17.243273055267906
-11.041308040157677
-1.7268634087143369
0.020640146164421225
9.147200804957816
10.628699946011558
-5.516406127517119
15.17057241905836
18.01894739672501
10.589873001868302
-3.365964927186912
-17.70860103505853
7.003018910065748
10.51054112753964
5.74509139986646
3.6811744752435587
-14.229366706531824
11.772321591514885
1.5373208734343002
11.350214170082516
-7.4124708763025815
9.845402862967315
-14.546317560773257
-4.361975150864206
-6.068356013977665
-10.880708673432133
-15.606450476292505
-12.693679931241103
-0.5455836854085838
-19.516370546023598
-16.32715337997717
-14.94338573629606
2.000429907054805
5.011718364544571
-4.583151087915516
-14.91691827304573
4.065572154635401
5.858927870217595
1.6063482385657721
-10.141368483787723
-4.891290405801838
-2.9723292046365124
-17.440681569973833
-0.05842960831601829
0.6165386297559223
1.1333603803149153
3.6943283615022366
-12.42431121662522
7.955248993283661
1.1349666428300154
19.738765205719325
-2.247805714396346
-4.154372650207776
18.93943058405376
-3.6610218721456356
-7.473184157885356
-18.46027254086316
7.1393066440332476
-1.6573580006569983
-5.524197379699466
-12.20712325408667
-9.517090181551424
-5.688919043331278
-7.443604225023318
-12.236957559132495
-19.36884577025467
1.238468499046622
15.6996085700262
4.166248978596286
16.23855287321063
-17.435617027438877
4.675400207164607
5.868766120266219
7.734619167124109
1.8431477448802056
-0.30237112577667347
-14.281149837423865
-0.2836027839290942
19.63423144216737
-7.200291996675121
-12.006169400624671
-9.478339076359958
-10.099454421768463
8.375318645670752
7.39860980285053
-8.266708367341247
0.7609622186400244
17.11408177061773
-17.518823846579078
12.122526698350711
6.730171448259945
7.575899584981045
11.348571041798259
-8.397486382423057
-18.757053587475376
16.293112514812464
-17.0647930836097
-11.055122841779745
3.8601130079317194
-2.8976550120965214
-0.6523238355168282
13.106866113209563
-17.69581876039151
-1.0770957477244103
3.2596337068945367
-18.044924826515512
4.993684152024969
18.840113921278657
-4.642982584335083
-0.6500544147258438
5.01904074713357
12.714759383986525
7.019571166277849
14.513466251516903
19.21290217945662
4.81897684837897
2.2392356450412656
15.996645284097085
10.179204345171641
10.451737672199858
-18.94162433984304
-6.5376789420029
-7.385810162127683
-13.015490085049258
9.582475270039716
7.295578508053264
9.750274166550032
-11.03376775214802
-12.780605701071872
16.648643658924904
17.964023654438513
1.636938840447172
11.76363761313544
19.24729842025235
15.470009240010405
-18.059591917111675
-4.456600861735689
10.74468628064135
-17.71964515981409
12.078604619957382
8.65880103611266
-13.52595478402554
-13.440493141467549
9.529340083241642
-3.5528017451989413
-18.54537034748571
-15.125768457572256
-2.3446829344638296
-16.683074947714594
9.022860620921879
-14.846775487892163
-18.477373613483046
-12.164947287922425
-9.564689764188383
-2.1767424981150754
15.436513168204527
4.104324734171044
-4.829080101786932
-10.590124118294465
-16.909371788173484
19.124426623483572
-5.544981945216758
-8.571903824119055
14.932076483452803
-12.12410863122026
6.905574077178848
3.024727072777054
12.900828063245669
19.976018235257357
-13.8290436392347
10.08040441402403
-5.168450229805565
10.600324230017314
11.070493793190149
-14.23194872469335
-10.342746667108207
-16.879802989284613
-2.5208549071634714
8.238653488028639
8.050842504647552
8.909427178841362
15.077194302847822
15.895675064945529
-7.09751658613197
-18.450197984216015
17.419576496078697
-3.4384415433510256
16.037679841489556
19.671160918488567
11.792052523456476
5.804527485435067
-2.1547228546920927
4.046867882436494
14.866574187464309
5.083205957373636
-17.595616744678814
15.420809305161775
-5.5330204392265525
-12.202143181526433
-9.163857886079256
8.483764702539773
6.89517675209569
4.423826124643988
4.148648689914278
-12.353792290861648
14.937482656797386
16.887856860527606
-13.52301744172927
-7.877931630106595
10.94027652432245
-18.77091167694067
16.471358286050545
14.765832509770085
4.701241030372238
17.871024813518837
0.5367538173791075
-19.934931442893653
-4.137286274592288
-8.127348836198802
-11.72724539676354
7.957201722427897
-17.434387556063427
9.464743337049669
8.2053080819062
14.743426135683237
-5.440597851087947
-6.006232085549685
-2.7965813172614276
0.5608286521674728
11.5813118874194
-12.978811664385042
-15.931216835862356
9.08994883171296
-16.49225563331789
-5.955862805507714
16.31534553715042
9.031368015614358
-14.20115217953044
15.414412144535916
-6.275993300609333
-17.318238271964468
4.305267097014919
-13.684836842595551
-7.914485926103762
-9.91191125635436
1.9580230937174825
10.7004829627984
9.532466424612359
-8.024953269132208
-6.765576613157695
2.2694529372390946
-12.888437452108583
4.39608189251593
8.660362345126838
2.069599678797527
14.71928248134099
12.669040002374523
-5.522964803880033
-2.8816906113236413
-8.835977711967612
3.055283507617979
8.333170334579968
-19.09078742879107
-16.595339583301573
-17.28701381361422
12.08739650624267
-12.917266419924815
0.06332818704192533
11.083451918897484
-5.783038539779696
-14.513083528303472
16.017997471704952
-14.765914163200078
5.825799491086027
13.872194131343797
10.732348579461409
16.412282548877826
-2.006800984945585
12.584974581436505
-7.223021084803808
3.056034331372235
11.429498369184895
-19.944307464900405
-8.173951749850495
-3.1560625333418066
-6.373564054471181
11.228678968122708
19.290747088707853
3.4854964669481774
17.02524665295543
2.0790654907986514
-4.814686120880438
0.33005496601200335
-18.492869418377996
5.149850497205286
-15.654464017035746
6.033438375830631
10.37147392610731
-14.776081636649128
15.51320562583679
19.703896166746347
17.031812418435507
13.497010740068802
1.296600596723966
6.296258811458916
-8.917925832953078
-15.037309912479998
13.906984370513236
7.587248712285131
7.321679314388987
8.280764230430307
19.596574131309616
-6.040413962470135
18.05131719747053
15.286923266449293
-4.799658886075878
12.085366326290561
-14.809080644865489
-9.307295979737331
-9.604432343022712
12.033310856230358
-5.999948992412216
0.4623152441767431
-13.737271187170634
5.26570963230505
-19.168038304528526
-0.3041788473882576
17.016013523065965
17.582470659661794
-11.817020246019275
-0.015849165885004624
17.06979769569803
-16.615613604482323
-15.963833939803976
4.75211847697647
-19.08974131201074
-8.698388217949704
-6.0727298859195145
8.145116661773024
-5.460194077392115
16.14068759701025
-1.5513314016812174
11.184277760071502
-2.2480027052341534
19.646412847612254
10.388317342208339
14.458898605580941
19.943003272296316
-14.922455177153804
-1.8325761351556125
12.899444558035114
-7.231877110827156
-11.083278747136834
4.273193173629441
12.447327577933997
-12.487430257859767
-8.761215924372522
-14.01786479721206
-16.47728228696842
-5.084022257370009
3.17962169344851
-15.493396545040481
-7.405070868289382
12.122474938686757
-5.467837821726382
12.125132538830663
-16.50274889001526
-9.959494098735359
-3.8807425887838747
19.680430036419267
-17.153101533309616
1.781584021974318
-12.101986145174365
10.636797565924493
-8.960766119342441
7.617763757425379
5.039561219979433
8.372147424221605
3.587903712152503
-19.808744730825435
11.694112739913454
-7.338960521649479
-17.591539461356334
8.503157309475728
7.688710669620832
-4.182632843404139
-19.49128503112086
10.576260115699398
-6.076931151001293
-8.754639906889224
-4.400916904488001
12.09690180042898
-19.035694550345408
7.739827263166919
-13.087622652586543
0.10892177446518758
6.091357472747031
5.199290086490063
-2.850443745109949
-14.333742441767367
9.672580115692146
18.176850627723063
-6.076032843884995
-14.945611382838102
-9.325306986200488
-18.772075364244433
-17.114724697325148
-11.79139013699034
-13.384668847227704
11.287402751898924
7.608799465956885
18.7042142021875
-12.703955131273279
17.242528726722277
8.362936662416583
-0.32119276403537356
9.47728782395718
-1.158340431826712
-11.94867102145119
7.263905853711968
4.18292414351437
-7.13330510206017
-17.293207594887754
-10.336197873711894
15.20424497361391
-19.596842566160944
-19.398484372395544
16.42745896661804
-8.565043879189256
-7.443138952874758
-10.428279536473744
10.213788020591942
-11.738716810511601
6.238964572701825
0.6402773165506943
9.46006448504885
-16.62332937355677
18.948293353120697
2.0133233890811013
-7.433425473879689
3.343822008054431
-14.441394075929539
-17.559308942479834
-12.10443412614592
-1.9471302433733193
-13.864181100122375
6.24218240447895
-15.596381846221995
-17.72988671450579
14.605518971557323
-19.087970549002527
9.843292294337513
1.5363134039000101
-9.958997103774895
18.495156709569038
-9.588229443134995
-15.204263936595934
14.90925853271218
16.794271517017833
-7.718088588334098
-5.196395198178539
2.1901789541849865
16.606392737438618
2.252910137465701
18.026064313922397
-18.64642909120237
4.364385593720272
12.76657325812144
2.333395824131358
-7.7437132398212825
-3.3074244132506045
17.66741279673061
-9.666860547302702
-11.596599138329434
-2.0558394804612554
-17.0821941153212
-10.104787809139498
-8.237327007087018
-3.6981311094252654
0.39200935520720037
17.958968869603147
7.92737453514512
12.083973385483056
-18.781057263767607
11.098901862573353
1.4767797540862517
-7.268364500531362
-10.853109181426976
7.284800944523333
6.282949466657243
-7.0916345817183135
-19.53622175745585
-2.761818399809375
3.757995932982432
13.759402320351356
0.4783515703214718
13.635858502354992
16.34134779260875
-2.8416772677136635
-6.8506548839186685
12.046625605809702
17.82904749604817
8.622983707295791
1.2193362946968413
5.946666617694959
2.8591078249205495
-10.305451145098733
10.140309103253951
-3.9629253935502184
-7.436089338033298
18.333274319288726
-7.803406210494872
-18.82889491075572
10.794333713279613
-15.768632196138249
13.730510332103506
11.609171910767309
18.35573738305397
-15.193845986856257
-4.86245336276513
13.02555738344249
9.63051988858416
-16.638085876811587
-7.863774958753442
3.9919688619143727
-18.224906918925647
16.732869266207118
-5.291544506474612
11.782947907985381
-19.747636203132764
1.7746767533856165
-8.380806526317093
4.464771034051843
9.023999088602842
19.32159513619589
-1.728602791723123
6.763601753955083
-11.738865559904749
-5.599067937135356
-14.044049553429968
16.448039165141658
10.26985708772822
-19.833079082350608
4.575522155643107
6.91886294627901
-14.983533480816241
18.450247889155982
15.808819367172077
17.379045136377577
-9.44783147147595
-13.520284748941265
18.283690700562524
-5.935864516334778
13.150647260119413
-12.045001825420805
9.351558324467529
-18.826157196106166
-8.906836591932809
14.000828300602386
6.218902423483851
-2.3843945838498115
13.6952604027638
9.144289723744293
-3.238312570856756
-4.609531427540791
-6.159087308278458
2.3563609821703935
-6.940523210763988
7.421800327026272
-17.152795862811885
-2.8834256005294954
14.29549552463613
17.353350650452583
13.214659094924606
-19.805936131691677
19.68671604152179
-2.8116278010176785
1.8982028920951244
-13.39036468253886
-12.619838931278085
12.560771296924322
3.2090746067153617
9.688855693791325
11.670231921674457
-9.77903120456312
-9.335208215041648
-0.28294491881921857
-13.465310839308188
-13.227660661098328
-6.663086855657895
-19.51686345068034
13.20991610481483
11.622281127675063
-2.8438417552104944
17.609153913761936
-4.335014632270493
12.143497391437535
-3.4620401887646466
19.024751706190855
-11.92784254874288
-15.840533752729336
-13.04129134636263
4.894406236155593
6.487638549330974
-5.821993177693168
-19.968472114242463
-6.903891371096783
-17.5197400939689
-4.919805628557313
-5.32811404798105
-1.95831404495841
-18.522837073831777
5.132659373175521
-19.4164093668212
-4.776675315232861
-7.2053563605458635
16.652099982681875
5.870199897666421
4.713994813834272
-11.044784855116262
6.982007177783736
-15.986600558239314
-1.5223785134439716
-12.654086321967583
16.571256579864567
17.815692687306296
-4.078790237091461
-3.971617622771781
-13.901762694675131
7.100585511327601
16.914518100496352
13.49599301381312
18.703255618531315
11.468222520559344
4.937882039176024
-9.19250768803844
17.10381384358837
-1.5483897292652529
-17.692270776016116
-11.348609406075742
-4.36612716053688
-11.377545785636332
-10.728060100640398
16.627183538656652
18.060356895661826
13.709810754440682
-2.2437767861704145
17.00194399544675
-16.81653181034782
0.34905172667649254
-12.27363913599461
3.0316642833084906
0.7451466687952504
-17.24307401958095
4.7130533557444885
-10.107278642007515
-5.083902935278832
-15.753795235111948
1.2736139667030812
9.497884031807327
-11.919339380859144
-13.44687925055451
12.742844370003738
18.278644239425844
13.662717217975583
2.5716628621739623
13.813317850875876
-15.607599481309112
-1.7929848362640683
15.98618217399953
19.911820875129166
-16.332514905062624
3.1886730254522497
8.92372291607957
-0.19494272254238254
17.111979343255364
6.846142265668913
8.691198414656164
11.013270136868812
0.9037489311149471
-3.547923525944057
-14.649076133243447
12.275071912768524
-2.849760583788637
18.211368392186586
-3.3027394477878147
-11.627052195156779
2.5125160415466716
-15.26113463793262
11.270975833846933
-0.02747014519612634
7.6746990026774
-15.794355408342717
-11.48098997608216
-1.089128298663983
12.135932381409212
4.091333781182151
6.54858281419104
19.46536411946591
17.79456111957937
13.152778679584202
-3.9964912242325212
13.027899167116345
1.3871174283984224
-10.6151506703014
-0.14057772986598138
-15.023928777204185
-7.638346995648462
-9.279449807677613
-10.024847016688451
4.241136553068472
-3.3002560016257796
-2.01090751971142
13.57612118385363
10.700486404440312
11.997030608194525
-8.960228294117112
0.22622816003802626
16.618394486944055
-3.385356524690202
-16.3411092851033
7.44066240664495
17.967242385143663
-7.561011034377545
11.91461804201461
-7.919912649683969
-15.643858994929648
17.35665636810124
16.888025737182993
7.031553217105433
17.776553734521535
6.22905270972236
-10.532966827519928
6.286590941530129
15.494459921035876
5.633295013950644
19.964919195144418
-16.393135096762688
18.26043803934892
6.488608265296577
-16.950455567981724
6.507587577065927
-9.580027439847555
-3.817007363281718
-5.8365245352396045
-12.000617204832675
-1.81692052348048
-2.678921485053202
17.194652617839964
13.26642849671817
1.163386977725061
6.025571367807494
18.170370803243976
-18.544733883395995
-4.1322822813183215
-6.272986942690121
-0.4318432015422111
18.2150467792708
-12.157469568766267
11.516227303720687
14.766468540307962
8.508536973864619
-4.894747576332277
-15.837436071654238
-0.40641544258578577
-18.179663176315376
12.819890227620725
7.499894335218084
7.822142996257231
-11.528386212411913
-11.053877742825424
-11.686039055270028
-6.450371443543332
-16.65199905308528
-1.7713669502720997
-2.792847660334438
-7.626995231911668
-17.23648554010935
-2.9892458470304426
10.233834054869938
-13.521812507808182
-13.506345857776338
-17.034307302174895
15.127583824832463
12.50342008352311
10.726251482359608
-9.617276331535752
1.789789465421837
18.362249081514598
-1.5115124964488658
15.262139042936667
13.243517769761972
-11.225800846737414
-8.770296378785666
-4.054251803434132
-15.179033895077914
19.737764549173924
-7.148286722193372
-3.9415370310202675
14.256960626282748
12.518044571204506
8.854921956416266
18.023798745884214
-10.931585294218591
19.239737136221386
-4.190843717072434
2.535940120338811
-13.16264939037806
-4.2008855243376875
-14.088386660398239
-9.812156103967219
4.517759286873634
-15.430041900813457
-1.370769938773691
7.385128931536528
13.314177001067279
11.11271863152573
-2.3686777254689133
-4.952416404974901
-11.869147688466853
-1.2981563152781632
-14.695764348993144
-18.572606720984073
-7.439791061712601
1.7605440857499346
5.788727626116504
-11.238475023951274
-13.846547190265106
-9.595651653830721
15.923774782811492
-8.206396345877476
6.2256467387190355
-18.360385692239134
-2.657168461445629
7.3415525699046
8.580401547761479
-6.0779070336496375
6.0112646825647715
-0.400684138876759
2.003255275239578
-4.73963210554912
5.620029881718878
12.784370839592484
16.95488350802708
18.43988163238285
-6.435162369238942
9.158117250739998
12.397927147728879
-10.668995541708103
0.4961761963207145
9.855692403127733
9.23635282055342
-5.644884032378513
-12.176793805515928
13.26166859995682
-2.8134949627796892
-4.695372870959499
-10.289718885065792
-0.8829228512072831
-12.29242476211233
10.939863505557849
-12.58943353820591
9.305391378584773
13.088308458523457
-17.99698914021375
-13.863440204880586
-6.286656299491051
15.958913345186772
4.963335847708855
-11.225712794048967
4.864777399261268
-7.84557425824949
-15.013205437810804
17.41462554162615
13.218807604534895
0.161576829773594
5.457013079869078
9.465560720837153
-0.7078995115485078
19.135331223609533
-2.56426685555466
15.950499388123205
8.060962587671536
-9.493698671270154
-6.2428306397013245
-7.221279652015404
-5.957045987593123
-3.310323709003029
-13.590042989901306
-6.474729080668595
-8.35749326872001
14.768499643002038
1.6488498250368124
6.506657832200297
-8.295578675565105
2.453104680470343
-19.426403354258458
-5.482428083538187
-14.84746456592623
18.833598358484053
16.066915823866687
-1.3704914596086546
17.923910320245888
19.262314365893488
10.222715460169777
-4.162614739594254
-0.4847027117406064
12.895692545443687
-1.2376461932831475
-10.194183187241155
14.870112596699634
12.105538210432776
-18.529677800330436
-4.903383300425389
15.771895813870657
3.6373599349084493
-13.6773302948425
-10.04803065735755
16.806870551177973
16.76121663821207
1.5161895316414977
1.951245670548598
-16.571316091877947
15.57563068039589
-3.050191392059041
7.719300416880749
17.44721027887875
5.247665197404636
-3.9695822167702524
-0.9007083534931866
9.839353417107887
-15.697001616927494
-3.7809654306454874
8.273780450419686
13.154233448052835
-12.53049713513629
-10.534001676713665
-19.58423304572797
-16.702319081127502
9.466154251985476
-15.739620668487987
15.909399820902465
6.9952444699749705
-0.005843050440695663
-17.221707036705695
-14.248265426038088
-11.0507198755402
-5.651777451006236
-13.002470860641534
11.913129964575603
19.696723578315613
8.355732797830328
-11.327693421883517
-3.4465749868410676
17.31162478276947
5.888710914008616
-4.991259765032915
8.361143717462799
-18.806763985930974
10.128088320490491
8.6241869437473
6.768067992575247
15.997906273162215
9.255611258108335
-0.8864746383986599
15.27661518924279
12.324253668720345
2.635689516188986
-15.288765630605745
1.280450836091088
19.294808432300783
-0.34954536052465457
-5.454731385135073
17.021488498496858
-19.048948802657964
-3.218390932956602
1.1266149954924316
-17.875204827901868
4.3509146838236425
-0.22425113776021632
-5.605140544959944
-18.1085950690564
-0.9605114211396142
0.9093002511998876
17.743593136690016
-3.9920188921510515
-7.949382677030069
-0.1465331483185608
-7.796772171280782
14.726889505362351
12.694009729451786
9.280616864645932
10.914262444108367
18.31827935042395
16.98639869813151
12.374750742636081
-2.8841893288446983
8.281663948207903
18.6744486215713
-3.70964069689089
15.946848534240289
-15.992611694686186
1.27210236985335
-3.7622626494087115
6.685301721480663
-12.349691338755608
19.325829480167208
-12.833683940073897
8.095898430768926
-17.069003010527616
-3.250506372373785
2.682551555962821
-0.6699659415591732
17.1884660791293
5.69529971078612
-16.264370969840186
-3.2147013412243233
-8.72589337703971
17.896535884633245
15.61749278389118
-9.375229882006849
-17.291729851772143
-0.6626273133596285
-2.9571729829138818
10.048440764648191
7.89564075454998
7.175005554620991
-9.548606274836455
18.721913213492996
-17.875813833567683
-2.058118055970077
-19.296878973595067
14.606158647664742
7.00423691063218
-5.574974264347322
7.380907681769479
-18.108920814275816
9.201526403272275
16.184725135097196
-9.73420829814673
11.715150054020064
-2.694085135646638
-11.272394932168378
0.5951283079939031
15.63221045130615
-13.694415314356974
18.842126768617447
-11.150195684365421
9.946530541874694
13.992442134612055
2.495946211910372
-1.4416755312948268
8.206359102604814
16.240158506410687
7.679971165701346
-12.014928358267616
-19.122207914462663
19.589532678318207
18.60296867899632
15.60575878014913
-15.854983285940634
18.915390458781864
-18.29440136730951
-8.448215614481217
8.64336695485926
-7.210853445037957
1.7209408001211557
-5.628154483761968
10.578313571258768
-15.549173887618508
14.274383239547738
-4.878420738783689
-7.547281069028653
9.812961956143393
1.446967957024512
-9.178711990544567
15.898544325223327
7.431044549379237
-8.299945187643578
17.90058000201371
-3.2622386748481134
-11.797860523444132
5.005667042960123
1.7929783277572078
12.90961599995294
2.488473198808144
8.603727444705157
-16.66077575176555
-17.908712956761534
-7.502932688814784
-5.431025689482713
-3.9659797618391863
-7.771590060082939
-3.4075958324833735
-9.981175454266538
-18.46878967339942
14.487971871261351
14.265665435453975
8.457393788307904
0.2967317480426601
10.12377097353269
14.885779006193516
18.438442093598994
-7.248284280828505
-19.004851718608528
-17.521521081405158
16.200204322948444
-0.7634547872170643
-10.717878603488838
2.6208543867413567
13.858122607934618
-12.334299463970385
8.600219262729421
5.201950829163607
7.654171103383987
16.049527071268542
10.866475859550896
19.10758464005984
-5.515102787281393
-8.509368697717829
1.2153998026657078
1.6887060008563353
-6.691863184707504
-2.3414664757325063
4.402947838810171
-10.0955706515576
3.95514786299573
-11.544960785792448
1.0603544255687183
3.062242387532301
-3.805922408148426
-2.170012100463495
8.292739554796569
-12.883245525180351
-17.889945548378886
-5.335659555789153
-0.5249955208421611
-10.333421817128423
-19.404799851139757
-5.974716005523465
3.3980269705482513
-12.908119170003918
-9.62083111277706
4.719933669222172
4.907101362586971
-16.863827952727917
18.147326815264336
13.11644189335982
-3.3896470659011655
15.18235034400908
17.10881525297625
-11.368619855808703
8.68451223574889
-15.660449286260967
17.001529385508015
-4.413008813400236
2.5928473884791288
5.691206587505736
15.204032586313744
17.72465594750571
5.784958328604031
19.76072653674806
19.146044148446677
12.536072212564534
-10.885331678381554
-5.285827077722555
15.820388508682832
13.712708451536358
-12.475729538827395
19.520958136290744
-11.620343153545182
3.4844394393655804
5.851202197651887
-16.781029194725406
-12.711222423246609
-0.36406220422768953
19.88331581881357
11.799603223666253
19.00983024314546
9.029542407243586
10.803301603281078
7.544382728551465
-13.398366057556137
-2.2922907305976565
-14.119986706034439
-1.3871323680177916
-16.187809230869906
-16.094538294916635
-6.6242585276298005
-13.73692716335507
10.495671220052458
14.206887641103812
-19.938382733904987
-18.233191542465082
-7.894434306580003
1.367529209592334
-13.448317223277474
-7.474461289497626
12.906697448538196
3.0286924522417067
-7.960914097097703
-18.110689095420746
-5.03182417583254
-14.778629643681832
15.74023898703112
14.10596402035744
-7.464419161161153
16.64707710778793
-9.041304974545827
-14.88657164322924
8.357561767755683
13.850958216195565
-6.966246484679894
-3.1799073559111264
-6.771257319262819
15.463416829809631
-14.79975444064484
14.550689143743924
-3.9046168446292953
2.5110743446476107
16.008430850337675
17.63813957349238
-11.562535846653272
-17.570328990520615
4.206437790661411
-1.547442072855599
8.050736348662412
-7.895408486610114
-7.488348888167632
-19.689885651561987
13.251657647800002
-0.16964621783806422
-15.126855641347472
-7.637558512901471
0.6195616747373514
-9.641100807273686
-10.573075635807045
14.229040161664834
16.23690024297713
16.745952054761005
7.221434968768456
-1.2320321295392453
10.318109259069928
8.761870516744278
6.029941647405668
-3.5085653692652166
-11.406844049112784
0.20375341379885015
8.16755950906764
8.750386656294118
2.9328911062378964
-18.059914506600755
-12.160059378316891
18.56789870555407
12.512414759304633
-18.536926856261246
17.976645963670748
-8.76623135079405
14.206151901299343
-16.048473526140942
-15.399161821569187
1.7770125907774705
13.831511289858526
-10.290283787974808
-4.629752426864663
10.072050286403048
-11.433946095138836
19.602881228271357
0.9382596332815041
10.035318036506506
17.9081648488998
5.17913403597905
-19.497381550781085
-17.089022368024875
9.129490397373559
-12.026095247291643
5.290335945859482
17.275064277777908
3.8630880309542484
-8.678636445705692
-2.987262812215718
-14.412916022739118
-18.81471449775129
-12.341628797779016
13.555322771112131
16.74376821735857
-9.216445877255444
17.1361519268307
2.991918698221994
8.782794087404735
18.135640673147122
-8.682239197392839
7.032957411906992
-10.569652193169667
13.398055750760264
14.353132960126999
15.988692536005942
7.030579840176841
8.331510185922912
-14.211709430244547
18.822987140383376
15.209166758077572
-12.70928756908367
8.595297759443593
-18.00628650201887
5.387015261516716
19.18106912796607
16.36585099063896
3.7773829693334413
16.076710380481863
2.2200969516002225
14.339480083003679
16.525449547817196
17.5441128555091
-10.22436673483286
-14.335578265924532
-11.113063697550674
12.595358023814683
-12.023365931251465
5.028984253932087
-4.054714483696301
7.968944332705643
-12.446067499018048
-15.584011638648661
16.798063295926212
6.835623350972099
-9.69986542898475
-11.290624997174238
-3.369237934001191
11.161281350638692
4.049723103054529
11.701743504620438
4.555546977621777
-6.628051493207163
18.105164714015842
-1.5884826270021222
-7.896890820746112
15.459623391868298
16.426085628985582
11.95159697604291
0.06746285025041487
12.85751377534752
-1.2060267541184615
-3.162340225658813
-0.48124857636196694
-15.791867941747144
-17.58338697913105
16.16663909398131
15.848536861074429
8.964110281871235
1.4818594227956723
-14.276849572442982
3.381594689928008
-0.5546139007568058
-16.79100468044666
11.24529705167604
-4.10820979247716
-12.268442507834209
-13.918840947660271
-1.4345340769999702
7.6882984318515355
13.99939820523555
-7.325516747892271
-19.128653374380992
-18.95022732828913
14.518143939076708
-4.88930328664415
5.0728101797098155
-12.607463583136207
5.422874514846413
-5.097115785822922
-8.243454242608381
-16.48318515874061
-9.879749757890668
-4.259631043037224
-5.561856790286095
14.394318995188286
-19.587016582475965
10.897309370203402
-17.061720632851905
17.84960734095366
-0.7115111178252747
-17.356435095487804
-15.004712204460509
-12.85751123948267
-15.835954216869617
4.270287377690231
4.744651407967968
12.043370257434972
-18.28840820888587
-16.938989717865006
12.807936766512206
5.129304205196959
7.276046011324677
2.815078355133057
19.895044934235344
-11.32393112439619
-5.7387956324479426
7.123902581602572
0.3976838209002551
9.746782402620898
5.084724305427759
14.08530646235591
-9.315123323941009
3.1260957656962844
4.468331319309037
-1.565959514393981
10.572895456587084
14.679857484784897
5.899489790336297
6.985000821392774
8.604139168562707
-14.785221855778566
-18.16315932001015
-2.0607135433870916
-15.442032128700816
-7.654365888905964
-4.103779215204938
-19.085910581920157
10.716899882961357
18.838029597368163
-11.618170616533178
-7.404295100666767
10.21049314177057
10.688869012829421
-1.1096646180828458
-17.008204387775475
2.438837508651865
8.524124257789726
4.998792187333837
0.7797280039755847
-11.481874939379049
18.62526410090468
13.339281038986975
-14.740852757303426
3.2515121062195647
-1.2497174735919891
-8.883798809929434
-6.742112668089053
-16.38519535755514
4.914677225511191
17.84391942901783
10.966813533066457
8.926420213865374
-5.668385080578879
0.7881204676345099
-16.267824045471468
4.08262700527569
-0.43654828596349304
-17.260145228148964
-2.779719189206176
-7.740941338304443
9.530526501290012
14.793538418626838
-19.155525876269763
3.2341067919101327
-7.226586041437205
-10.338745633696202
12.96961476179689
-7.076450025987633
-4.958469567194982
-19.07969433327664
10.920643491006384
15.041101496501511
18.727599763937825
-12.850025694318013
-19.19055103364456
13.52277613805348
-19.70880573402221
-13.313461068462562
3.090334798130357
18.345334649560115
8.727109312589608
5.832165698223509
9.722982967970498
1.3345042310585313
8.455747918111996
13.510991174382838
5.336027339522353
-3.499960717327987
-11.968624489868663
-19.3342650142553
-11.729171573915785
-4.82150635636685
19.55794538933131
-2.0142420766586753
-7.510723732218029
15.25301118957308
-13.823302435387252
-8.353305689034073
0.7974728301734402
12.7504650843305
17.231895862548555
-1.8311136730736344
-2.5673437861169965
8.494825669233887
-12.399745184796643
-1.7488036361670432
0.21455429874323784
3.5166417258632237
1.4698911560850583
1.226806919400019
2.438708709859437
13.588117910997582
11.883853788199893
-13.148111413816256
-1.3988340797223096
-2.7868820139818027
-5.619575437811196
8.372487791029329
-3.5690606571525443
-4.951055793607848
-13.334653034224342
2.0864254735911416
-11.254883795928272
-15.598792289041983
17.346511442085642
10.042879470650764
2.5741485503846775
-4.78846001746156
-12.634533801779808
4.632658659248587
-6.406020518654408
1.3015617105206019
-19.63371045924366
-3.2067857120517047
15.073631669100912
-4.4173168718154585
-0.0689862780092767
13.121669641622809
16.002899371025542
17.54234349781916
13.91691861335076
8.17561820849603
2.658680546008494
6.022414751145419
6.900757004543582
9.553740711058442
17.3566016977663
-12.12352340073528
-0.505381033312954
-3.4492373392226128
14.635394157116309
-8.31006980612897
17.661608502517268
-5.819614790092595
9.071190258492493
-1.4738456101774702
-0.014347275342423416
8.942678635226024
-13.91864777517796
1.7971705086287244
19.54905048321072
14.446096754532356
8.819355536102208
-13.237951543499493
16.966313059760246
11.959157528690241
3.5474959774688095
-18.11995760809856
-2.273037365650552
15.361183209897263
16.524526746783593
11.864008591109943
-1.322416648881326
1.8697710902896318
5.396020188516346
-8.708705437872183
11.814825792352984
-0.7355635760499339
8.23846192997022
-4.010381912769105
-2.0687795443166976
-16.02880677095562
3.8829303471672034
6.346468955187426
-9.352840240140715
-6.901182625013167
-5.762696619116898
1.358554771886201
2.988915869027622
0.19545874494212967
-3.688415757589844
16.6760064338752
-11.547110800199668
-8.138001492978981
7.658059372234014
18.181273437441092
0.7170955664437848
2.6801045937420227
12.660751370048274
-14.153008600232617
12.900163584207355
-13.784456208023212
2.3331484932365143
-16.241563168909924
4.215536538927136
5.313823537431759
-5.958984106462118
-5.128798016748455
-15.962649760225261
-2.5124574582727703
1.4068233024105368
-4.945616388250604
-9.321585252076003
13.193826548816112
17.2156585139695
18.9685104161208
-10.649610676254571
18.91351811397994
11.852096997398238
-3.8754705018535063
3.5236281864304217
7.366445770193014
-1.703883325239758
-18.09178924705875
-3.984589206736004
-14.564380759217457
-9.80810764519525
-9.590824301325469
-1.7543261239333603
1.4567357083402719
-4.846734194882632
-0.3850165655493889
11.700379243395787
-16.338413367009995
4.629593507512521
-19.79089128994529
16.449698544874863
2.866167712125982
-2.69307167201033
-12.45990348666246
16.09592731878383
16.45492080244746
-8.654847221560637
-7.336955799268763
16.994937335707654
-3.6019853613522876
4.737975317267775
-1.91767061051452
14.246014016231996
-14.130999511583294
-3.3070883939727125
3.660442725577603
12.493997461027568
-13.176953024771558
-16.684660962015915
-16.51831859028651
12.365173754577327
-7.838469229694276
7.640566943768778
-2.5881098422899207
17.762085725771954
-7.529598855786297
-7.173962413787308
7.826288475593607
-15.550942054036136
-12.72001869685312
5.333950682755809
2.41193011989699
3.1281632530037413
-7.29674304041434
-2.52878379038507
-17.502785563718998
-15.589169847558114
4.039714465332661
-2.328498252534331
14.883632783391548
-17.429518258687047
-15.692566269348447
-4.564579167809985
5.360787595574212
17.997403924183374
14.901470097441504
-2.783935740277119
3.477209440743305
-0.041099753096773384
19.28727363931135
-10.595889822890463
-11.687773906562242
6.323691895310777
-16.985068730753227
14.600229715224025
5.839424881122717
-3.288582469180433
-10.932833329550334
-0.7495129843988657
4.830613749012308
-15.832168764594261
-13.834550929564614
3.3875853654485795
-17.627794478501286
-4.352567560686671
-12.692087945877208
-16.198422857260763
8.63759912504175
17.643548742112614
-12.200646439511162
8.620570930565176
12.67826192015221
-15.721266697664351
-4.911679431646663
-2.6289262992575217
-17.18861765609384
-8.212088520017758
18.64288383765085
-2.3623876800391344
17.821508473907073
-14.38344052983509
-7.3614818152848684
-5.371823708361049
2.115007914501689
15.381477333649755
-3.554261678850512
-14.468755568293883
2.533311198394653
-17.758787691818224
14.385993399035712
14.820170444038041
-17.12443707590583
-1.491660615562182
-5.849804994127492
14.586054566644634
-15.479133118861213
-16.774133178566434
15.937998014615765
7.162864380270811
-1.5859796073877774
-14.411100863641582
7.907686500261903
-11.371203547143871
-7.137383501493391
-1.157978318357209
-1.5634379317205713
-6.364157949260152
-8.989405746650752
7.8223657470215
-13.785992873255095
-9.568039864755509
-12.983849796483806
13.660168844138667
-0.9773425031899023
-14.304206634082274
-9.162490853891875
12.278540847770202
15.11927078479642
-8.176660986940934
-15.653054840996381
1.3493510998370297
-6.534460550642844
13.109985753393218
16.170085671416608
-13.010033372443655
4.069296472075035
-16.045190939348807
6.413932291941862
-6.2309056492581725
-17.986138012580597
-16.561047977960683
0.37660759225345686
-4.239862980172724
-11.924228702848891
-18.383500417624067
-8.338887148203874
-15.93049889604874
13.668388903659647
6.083113863096923
3.8672422869505922
-6.616882859902189
-0.5097154096625474
-17.207904714771928
2.809475909776687
7.304604827845939
10.310112998452517
13.786342802047152
6.466122312081922
-19.484663633481226
0.13992055677466908
5.17427082742957
-12.083327389744074
19.133574168474624
18.921973320481335
10.465391566572965
18.3379065363262
17.703896559154423
19.925461248601643
-19.055704309745032
0.6372830415409538
15.915741498076862
14.963487998574692
13.121166318778535
11.725865534791083
19.62438502317024
2.169047638920585
-5.295819560627848
-18.368781094857564
-15.75204646763602
-0.025260004561008742
-15.08414538588957
13.802833762923193
-19.109015587807715
16.379828938585497
-6.530788442956311
-9.597101485336324
-14.621158139016032
-4.827873202530206
1.1679636879160071
-0.11132167666398374
-9.460404429369046
-6.30208758811056
13.156379475427407
-9.196318018307522
-6.384603872971407
-10.48569144326365
5.402081224493614
-17.50791097005183
14.737567332214269
12.544804575952988
9.676397130712534
16.291985858783697
-4.169802560926513
18.821145832675214
-6.485754073160939
2.4403071509847933
16.795681110602565
1.3257155889715797
-2.6941954245955344
-5.8165441704440735
-5.7279957432532935
0.5693555280198161
-1.9186962344734937
-5.025510689530673
-9.905305146794321
-6.6440636132189255
-14.260057198549557
11.167051344174737
-11.324817828961056
-1.2410450713934118
-14.894530599117681
-9.08989052879576
-17.713750089356246
9.843945976200384
13.224632836906459
-1.787271946983033
2.6644791014746296
8.137006017269044
-19.52936576015611
16.77630665932127
-18.10994875764349
-9.89119251713153
-0.922596602340839
10.162698795502756
3.3468900598808276
-17.224213577664035
-5.997497510964331
1.8344705696519057
-11.64291629878547
15.072763042455783
-3.860492367501422
-7.1059058217578475
-4.740020577006412
10.827413333137827
-15.970779166135479
-12.415781712697612
2.3636590763183953
-11.635487822356083
-19.103963008653054
9.408107692376554
7.007689908401549
3.130781147530218
6.595536009537639
-5.310408140580375
3.1708984662953874
-11.949580115464048
-2.1913773715191596
-18.315894929308072
17.25391121676939
-3.720568214928946
-18.22553135182243
-0.6146355662098557
-6.401795381107149
-9.839742054084684
8.17190671466031
0.1571436046338519
-7.635044291323837
-3.3824996967782397
11.545941170934316
-8.205709534068856
7.306928635106978
-15.022437159878216
10.604668299268663
-18.743090549305464
-18.970354498873625
10.224269531680058
10.606749963708069
12.311284146325164
18.49214004276044
-13.991234655287919
-8.36772975332272
-18.868845461318987
-6.190593414384455
-11.200175813041625
-15.866421608905137
18.02934162952949
19.700066920711528
-7.4939542301212025
10.512744464220269
15.593956118996147
11.02474328540253
-15.948169027497894
6.158073614899614
11.50096255862211
-11.556570477069709
-17.066418620040945
-15.533751377997472
7.031818768913208
-2.3884375016426027
8.801063333296458
-16.87326370652036
6.13592977296517
0.1044351502763945
8.692337300816796
-1.2171594809474051
-10.81012237186683
5.562685945804805
-18.09637986174135
11.380507652410692
15.480104203269065
-9.940085003812058
-12.502645226462782
3.4814154983490084
5.476370446446989
-0.6247665485253471
-7.418165607571243
-6.931206039727623
11.378530741588683
18.42156162338466
4.673100371065807
-17.722400440836562
19.301602028431176
0.3646130601161488
-0.9703417491490818
15.14513178560049
5.703228268372818
10.070229532179987
10.865251602271755
-4.291375233702839
-3.5416484543740445
-3.302973034236377
11.614952394101365
9.576497463111252
-5.213118145813663
16.05977441221509
-10.116591485108897
19.550054085107185
4.556558521635306
-5.28878479205666
-4.719331942090053
-8.335310882700103
7.02536852563447
17.374923052425757
4.643740580645215
16.574683035693127
-4.683938198613259
-9.806977647539341
2.72824206384027
11.432174790600467
-18.429030763742244
-7.509962898982714
19.52034471130049
-16.978790330286927
12.528514858633024
-7.223031230919004
-4.5989351812398915
-15.735560409774948
9.646194801172076
-5.099120701131149
-5.059117961614849
13.874825042467613
0.7854111989077097
-10.516963618299716
-7.002050726584619
-18.02888805554598
-3.996541780030096
14.034664136677563
3.7056020048569422
-17.008303787104055
0.43029873018385345
-11.965143667490485
10.406462510159471
-13.728724542304969
-6.126771214153326
-15.571962951582154
1.3766706296531268
-5.321863920859666
-17.209658243757396
17.41904610792379
9.51956657747563
-18.93799554836749
19.9222381546318
1.388716156740518
4.894589189360971
-7.598559409137483
-17.54923059987916
-3.5570191583952457
18.797183557181533
11.067879764075556
13.8597614910679
13.372755141127499
3.743249043628932
9.040347938655469
-2.427200556413336
-1.599356028936473
-15.345982284891466
-9.966420159483192
-8.566808167101915
-14.533826263914822
19.03830730995717
-0.19928589094919147
14.581058031848386
17.07186615151226
13.048273823751387
16.659233412752982
3.00581749666863
17.053074317075072
-19.341376788506448
-2.201268635105656
-6.741720959596197
-4.580290273498013
0.029223828462544787
2.273050546268305
-5.7541728586192065
-3.0694894526720375
-13.51226205563461
5.517539401208538
-15.436287812970741
2.9437435681720316
9.016341193438148
-15.057941072675462
-3.213808714993153
-0.7037662202668855
-7.16982404448725
8.14779076283125
18.142827154443452
12.52029683939098
15.144598741148243
-17.28865601277491
10.8163537459391
-2.8952339851735616
-2.6716680534389994
11.521513512841981
19.66612210235492
-11.47599029025879
3.969738489508167
14.023937667058178
18.043627957946157
-10.755484747303239
0.029447619445850393
-6.3387827094037075
-9.17288207543573
-16.77291814808364
9.961407452048935
11.530200046149155
-14.007108269078369
-6.755971089056354
-2.770188706419134
-11.281922905578398
-10.432996691489404
9.54665642635176
-4.334212378722215
-1.0473268215335132
7.138887304792565
1.9137642695334733
9.154874366292262
12.217560065569224
-10.811957797511798
13.23332923699597
-10.445508176259928
9.874312582245967
2.7074669514944247
-9.7102024494031
18.0811099475169
4.499900988043123
8.329309923892147
-17.955831556098346
19.76025628668286
0.9963991827165941
2.3325879744113287
1.1743034959914134
-7.818808573938295
13.001561587676278
-10.14972052077491
11.996331507398349
-5.95865510322518
12.202579027265607
0.7161124636044569
0.7793873106889748
-13.681668892681955
-0.20059923613860065
-9.055043488521001
16.573606659554223
10.93877172101859
9.90070691215304
-12.352744861284473
7.786239021402764
-2.8674501473244227
-13.501816090690157
9.704852077710811
14.012773038314165
-14.61610763969829
-19.238209434347358
0.8852816983323208
-19.834931082597898
-12.805055008403574
-3.3144043081517154
-7.226176566496729
9.373901392912082
-12.092905779403843
16.8547979344362
-1.737984529542004
5.252490998563815
-14.381578773214567
-17.832981250791647
-5.552756586041223
7.610608859788837
11.558233111300037
18.265680499097336
-1.576807325065424
-19.705641130373643
2.886674753239422
17.290909041602454
-1.5645601445694268
-17.216535591026847
-5.41945993790263
9.624256985309465
-0.6877314088918318
7.791004209587321
18.954976247642165
11.032337163293981
10.029085643297798
-9.286253470858048
13.683420862508036
0.5164807500205448
-6.153350718505969
15.014720117323755
16.22017713332908
12.438945237654565
-4.859310316360537
-15.5727837834318
7.484539893072974
12.69366541406832
-10.430063350433919
3.88964681473918
-7.814577029350623
-9.90215494327552
-2.565002502902871
11.394535775524574
11.958070440506926
18.73953357200147
0.7934902189027184
-19.21151164858673
-2.988255244467144
13.439408877967807
15.365082932539067
10.285737159676497
9.732274777621846
11.372152671244102
-15.417525433947311
-2.734246967907815
-1.2156198442542596
12.873911224734691
2.622032234909252
-17.38793286419449
-7.613566578295403
-11.459124619191723
-18.09798971578287
11.48219648814036
-3.49938599337397
3.402138609373541
-11.251153752230074
-14.74755916579149
-19.193821702235173
11.17751527051876
0.5058294790885824
6.9086900902393324
-19.50692058502206
6.772136862391772
8.83692979809571
5.880746466227528
13.716842977713249
-8.938068395445665
-11.097757035052762
-18.171890014455812
12.0517993088719
-3.5731173564071668
-0.6585815177224674
-9.81289629229304
3.5130918529119555
-3.1294676060981317
5.864333798507069
17.251407327210288
3.657770295500807
-9.904942645413843
-6.8435735078227555
9.655264345118589
-11.840464821221914
-0.3058229505949228
12.688683404379915
15.765648805002343
-14.43965237742566
19.395591183174034
16.370052877781013
18.07690903941632
7.923615659733258
-0.5842889096970296
11.899330763506605
3.9479683746591263
11.106293522240893
-9.953609216809705
-11.806087793882512
-8.779069311859029
10.661924093910681
4.294397542687811
11.97191485321348
8.044250238014389
6.8392458602560495
0.052385685599446674
4.102060072879141
-7.284584784368944
8.328123454501302
17.391060348056314
2.26333773431989
-13.472672126925778
0.8618856855860031
7.5595004455429695
6.991246925644976
6.913995450065876
-15.55811258469333
0.23486866343544577
16.059829356920233
-2.7873084807538575
-16.466246401145703
1.0434312877771958
-16.950155592406368
-3.4462110568974893
-11.391728150713124
-10.75799335326769
5.017479985784988
4.106089233511344
12.041446608349162
-7.84500375335166
-7.4432227711628585
-2.5449845437611565
6.115307721212094
8.18999569913144
-12.35732192232733
10.168038344157981
-2.5464338094118304
14.097399141041379
-16.261815088958155
9.726652087645931
-5.937117022436338
11.76894241926993
-16.26298382253834
6.633359125537446
3.6370725504673764
17.955998292887273
3.946824143148234
-3.573472007654882
-13.76707640596775
-7.915711631400404
7.160769322113524
4.306295793540137
18.426342801422038
-15.35843671775272
-15.017366513469842
-13.937379825675723
-5.661272321012575
-13.275196907946816
16.281507687037006
-17.34275423566077
14.42335854094199
-13.118382794250852
9.505699296256594
0.8827548813951545
5.735620372483314
16.664390239873356
7.642344591049621
-6.8734666130940845
7.183007306175341
6.459025