0.8677911252718289
-11.166892742533228
13.572756428182089
-2.9683886119975575
-7.009294039183951
-3.981721247264719
-0.7618702494872984
-7.853600427447249
1.3519225605722518
-1.6037924422145942
-15.194107095301606
12.547742221621789
-13.862884598309684
-17.751502502816475
3.8395902976500693
3.9150015042254758
-4.667183476957195
-8.358210644338104
9.705827626448244
11.42722198370273
3.2905368172233054
-19.070198656110634
17.266874707208338
6.50164542556757
12.869554379444573
17.74297865304142
5.281103928113687
12.023141027594185
-17.847512186248395
-3.5820979096170937
13.406807752110247
-6.403412115886917
-5.549645432562711
-9.992263576952327
9.359906800007924
10.458489297173074
-15.556177488226446
5.811467017222739
-8.427373007298549
9.348163285968916
6.742366096068512
2.4891040165569436
-16.069785068557962
-17.095441721432614
-0.4442595956679867
9.683445632726531
-18.857481370031017
19.150215666882275
-8.835431411885967
-7.359569113537994
-0.25562411206585267
6.428046519772195
-4.095859135177244
15.012714642225625
-12.761933468677128
4.65211413197337
6.559939041434927
-16.671839858305127
-8.898342671418987
-2.25722589971528
-15.820178283391119
13.745777001814112
7.589935581240855
4.738012311626335
13.111082269844673
8.997763145100546
-3.3953368122650147
4.781570883513638
-13.12045346417098
-17.147855918446467
8.32383429469725
-4.873432868641867
6.176516312447813
5.343668293858499
12.947719490523568
-4.927541129815456
-2.521478081493001
-18.664446038274626
6.613541011789721
11.972421850385121
-3.946952306901622
15.63275173870609
1.1306242676161737
-15.791161156972588
-3.9235249369913063
-18.5523223487775
12.311584416679096
1.3778341824546523
-12.633836646438166
-4.416530678401935
-3.9216481871289908
-18.11848022727505
4.675564212626103
5.36815269915326
-7.159228468188248
-6.787495408406489
11.315866413896458
-7.297169702681945
-11.084080268083195
-4.656343565696449
9.923983257076394
-17.062634803883583
12.576593237997862
-15.910518348354486
4.526950738182784
-3.257500220899953
2.3552139919423674
18.49126098367855
2.7129449353905173
-9.58290278221762
-19.22509290007328
14.342862227596328
14.323820985344412
9.91513200062153
-19.203893834940967
17.26661712363368
-0.0752530801007012
19.517984894839884
1.6730365676053474
-9.403980471637489
13.42816410534936
-3.3123043743722747
18.497872897494723
11.701568106872102
13.356391845874349
-4.2335886983157565
10.963163003318304
17.302319582685726
2.083140845320017
14.536764597276601
0.15501339724812624
-17.77531731084086
12.847242668368018
-17.583308202982767
-1.9445486968076509
-8.558846357448036
-19.937568906553707
-8.962713454282213
13.662762503820971
-11.953543853509295
-4.080796447885572
10.082830411599673
9.222456771942408
13.592405640182363
-14.577385432303078
1.0605403907885531
-3.831355234492058
-6.012833343160228
-3.6050447108483823
-7.716602141001676
-19.930470517988375
-6.1766646367209255
-15.34456962346237
13.858784632039075
-1.7217695477078152
-18.265731451434167
-4.049815543321614
-0.5632513281296241
-11.872394551126098
0.8843695897742698
-6.722176245245514
-4.442127999228944
12.636903660639447
-19.50163559481084
3.585037001698133
12.673926832469775
3.8533501359231472
16.513548027316432
5.630131015921592
10.702476620909959
-6.38440660441146
-8.776042028485715
-14.321950611262334
13.215868883725733
16.449545578492717
6.778057782878875
1.5633355404088718
-8.960603780643282
-4.182690505554261
-15.209110591577524
-1.5411972143080845
1.9636982904820783
17.062738924981048
13.271353617457734
-5.101201634193465
17.53102856219668
17.289674971375383
1.5284730022392665
4.075088590768448
-4.742630331267041
0.9358523107078831
19.650440801325388
5.887563162536594
-7.648631349242034
-19.986509512202986
-7.4204885695294145
-19.26961034489554
-8.98190219041371
13.09299949344495
6.5266877621179695
-1.4102999591898957
18.128797018989175
-19.89441676053806
-0.20658704774115577
2.5189611006352663
-18.26487790962465
-16.428203319863435
4.402959469583898
10.714732680284072
-18.264041693539326
8.79309193921047
9.183577638302303
19.438248204302823
-1.4726919313668603
-1.3071299134014893
-15.357072638817666
4.467052875616545
-2.1556976993404255
-18.93951332853866
9.490385154061194
-0.3140166828511539
16.670084156922805
-15.344662468567126
-17.80227535883832
17.983784649681247
13.815411542382108
-13.093782743728113
3.3997713334838267
1.7402161344012548
-6.902817666111986
-13.904657834771768
-8.934361356357643
-1.375889640734819
5.594826521129583
19.53777099015899
2.361413546847281
-19.13704624247057
3.5640036878753776
-16.139262842717336
10.675727997273281
7.613695713132465
10.703704554504228
-1.7503751288598934
-1.4763914963554647
-9.558878727482485
-16.669486365844506
13.911250648195704
-14.233158974322935
-2.221284678549825
-0.5343758279780388
9.871332730601328
-11.711641797002228
19.131041367802133
-17.05858712448062
-13.483026792683752
10.56000047833962
-1.9090230622016513
-3.4735638334064376
5.820609266013626
4.13057093586335
15.833054412420552
13.656752025502414
-16.53850930981845
-10.656225571714204
-3.6135920991603783
13.077400429351258
-11.602028339770918
13.27798109703022
-13.171448935991483
15.470122561592746
18.93630494172973
7.05024331174257
8.642543911032664
9.497610303430815
13.819131988741503
-0.8115406853062339
-3.8674949652314723
16.504318732773122
-18.961674073157823
8.052194916249888
4.775509158881203
15.896437615764548
10.458058723450169
3.5671504147172755
-5.923354222293046
9.600338062367019
1.5846120795757273
-0.3871242885179704
-14.068289126973355
15.300508363141631
-19.738531908222182
-8.07920958783852
-3.2154285581021895
-18.888043900291915
-6.92445288895672
-16.4086360272867
11.120185925647238
-11.059043798751539
14.527009203733307
-10.356987193289694
-11.166090232886878
-9.138518206422477
1.0300377438376138
19.329062135139395
4.081348029431595
2.347139675357223
6.9294708693556615
-9.444048267081753
-7.798634459718038
16.619581159510446
-0.523927045745797
-18.71036283745347
2.631724704796703
-7.4302362802752455
-2.3164866739426415
1.8367750428095775
-16.071883878431045
-13.494806265879777
9.108290975641108
-2.0797714625955166
-8.556755648432448
-6.5369268413166814
-3.034135597593
-6.239594275735584
11.133808056484433
16.807156204081345
14.239014689000975
16.927549542972017
-13.139519247401608
16.73715141236896
-16.574372534549752
-16.56158278070986
-2.999782688368363
12.344446271941003
3.316111207497812
3.5086411087544853
-10.923799637173005
-11.392778748827062
-14.445427534688475
-10.559786412731121
13.835735525982798
2.620309986832332
16.847692142311857
-15.350848089521133
-3.609119345509338
19.792160803978703
-1.9668923962207288
-7.394479244084625
3.177300751099928
-10.340220697396196
10.362402504174145
-16.223425969530357
-4.878368589688954
0.518727341125139
-9.28236533934069
10.772267322176749
0.9501462319932195
-11.907698071691723
-19.115006872241466
2.488607692205157
-11.10108726705998
10.069055906901987
-4.73910704413672
5.959802710421698
1.244385310861805
7.743958908927393
6.185708482438969
9.603227998064973
-6.253597812145117
13.848033697345443
1.443906150145395
0.39352827770543186
5.270007909235083
-8.764157836311202
4.087040388749482
-0.9869917855868771
-8.662973217280516
-4.6424516637295365
-0.650632473575179
11.167072787752463
-5.939847499699344
18.856603237052816
6.846321070447203
0.9118979025459737
-14.51624251079599
-0.32320648980548583
4.769229143587243
4.748641676548992
18.691812582387243
10.630792699658382
-14.891891742917691
-5.553778806537654
19.232209857201113
11.398421674295761
-14.92997063204918
-2.2808560479224695
-0.1883279656314194
10.27694256477708
-10.893483252866428
-18.38294021851624
-8.071146152589787
5.039042308569609
18.267407189985867
9.48231800190252
0.893353127476864
-18.542928418676574
2.9055234789316096
18.044061801887068
-15.586481334288438
17.46352569713587
-19.6795027412268
-8.327234862738791
11.143003113348819
-16.359333077078805
-18.109883802409303
-8.031075978086427
2.1920355748375613
10.847654455620596
17.58611243212593
13.088482505738696
-0.07993681775534256
-5.043922455183193
-14.56495517080441
2.954688610773175
8.422624499992388
7.024612142477842
16.30306737479541
16.695690407554252
7.98671629017155
-2.8111895163336413
-5.8347909016424495
7.760759441355383
-2.7213242763980574
-18.924700645560616
10.277261027410205
-19.754967375301334
0.5669641068873013
5.150267113831127
-17.42137158531377
-11.766098889426463
-6.602024557872067
-7.285235173111314
8.348767797708408
-12.530555282541345
-7.426685815525168
-12.35332528383279
-2.5181555694352085
5.020192759175536
5.233939205589728
-8.078312154110897
9.238884407678235
8.672401984461349
-9.684891530738753
-13.576105662061222
16.952625805035794
-7.980842768877094
12.82780195177046
-14.916333223637306
-18.67343079421117
-1.132165366950197
-5.863570325536935
-13.996012468516073
17.184314929848227
0.4476814386783765
18.90217139196143
-0.11396872609313391
-5.7768102261136
-2.8558931697430836
1.6011352838446804
-7.028872450596587
-9.020109016910492
12.074691754014452
-17.62372468128966
-6.180617539533344
-12.440919593513984
-11.157463390746823
-15.42610520639978
14.44145253738916
6.08221406823159
1.1702699779979966
-15.768954295542116
-7.168806266437553
-1.938680653772881
12.387948232022538
3.832941516946864
-19.462433649887167
-17.120047098979335
-12.946464912174115
18.806832667966248
8.06222929094195
-3.625925478344211
8.102177016389067
13.615422672015896
-17.17544806672347
-16.41661732568803
12.421899455274811
-16.7024460604026
-2.853298453524321
-9.441630958648318
11.450307158319738
-17.230831032560022
-17.596670547657244
18.749169665591168
-19.079367961482625
10.863758003144603
1.655987297022584
-11.970931284298295
0.6995240354529315
2.898808034187507
-8.44709909008563
16.557614038981527
-9.208378347142649
-3.705153326699424
17.113792778821356
-8.335161436618893
-3.6301246261859355
-15.714943991217382
-7.132405197332524
-19.79268366965304
11.146162796719153
-1.5731357278895715
2.9737635686553965
16.977953377245335
19.814532376959583
16.98476271274201
7.283075141750373
8.455608653586964
-6.533151133608882
-4.001148326137439
-7.722714506631746
10.108872192859085
-18.748683303579142
12.917308924597705
15.771158888239128
19.994176024942995
-7.7090907085891835
5.5353793594895535
-19.01471348170405
16.149118923634482
-4.455300827169953
8.030175051465491
10.683235653612904
13.467656691420459
-16.955759542695347
19.952526125039633
16.767837833326233
0.42540794796275705
18.243302740381772
-17.33059044854944
-9.49757450957744
-12.706502979497877
0.4418059898393665
5.848043202643915
-19.962574194354783
16.81627284558668
-5.06729979684815
-13.908035300466262
-1.597188847495822
17.33412992740351
-19.228330579164567
19.30106289479953
12.710209433550048
15.988602977211642
4.867904332583297
-10.861913639289082
9.775033779327089
-5.685750542466685
2.4231384933177225
3.6732459423078723
-18.134733817490968
2.8714818535873867
10.245042834493368
10.74480713532273
2.4104632009924387
10.084868238731545
1.0630333221874508
-1.6931510927105293
-2.0438549538902535
-14.927308718365865
-13.472342869459876
18.491171061927332
7.528001820590404
16.5094684834092
2.046654507531464
11.377648109145557
-10.516369525531108
1.631370485019481
3.0025941598077246
16.905569245250383
18.263927868951257
-2.751904893377862
-3.894745135518125
6.562559322753376
19.37099104147042
-8.113202288870207
8.6089453964034
-8.146927908410095
-2.629618108067376
-17.718046520435358
-5.708968926996466
14.268241583313255
-6.105172681105749
-9.617375272362917
-4.327392671851445
-0.5201805532317216
15.202721244779184
13.053422118349005
-9.312632222344245
-12.018334123689973
-15.90290581383757
-1.5487440430355512
13.66226870352017
-5.294251356960222
-0.0719178498716957
12.178498936369003
-10.07640340527944
-17.586882418628015
-18.911023688142706
-13.020502386898244
-9.810259089305902
-7.654942239312712
1.037982179677254
14.717245753295785
12.843410666937238
-8.756733249883872
-5.619480459103556
10.414877041871925
-7.223902966094453
-17.864704616337544
6.535630220379865
-6.552728857335595
7.795296504651283
-19.33821069889366
-5.186798622149901
-5.3740991840922625
9.227264239538133
-17.752054596281567
15.209092830417553
-1.5229220015978768
13.703349067091573
-13.997303668126296
19.409449066648136
-0.2182668257038074
-13.630226770797869
-16.01686748923219
-1.7534431081020152
16.459063245370686
15.828064283954028
-13.86702146548419
11.518551907673228
-4.674613792046154
9.109365470000512
16.63515843209754
8.53509760767291
13.219427587802322
-17.492996511489753
-1.7148327969959567
18.251441007709673
5.291204305295217
-2.2611559224600057
17.81396315835483
-3.509363181620806
-7.323891267600061
0.8179750974654354
18.54725998107672
1.0369555319686405
13.924465831958187
-10.057751046508209
-3.5100058747430154
-14.45212698733345
3.709860260748737
6.674159146575654
-17.8774557070429
-13.995965638667474
17.87030427732965
-17.36175414667702
19.41197719480514
-12.307284040231718
-12.950775458429028
9.368074991175568
3.8942163918761636
-16.186233608055222
-11.752509603004198
-1.6180063204072965
19.025170924954487
-1.4165107077634111
16.442357005148658
10.013707735322829
13.367007484045608
19.73630749231743
-15.848234239379755
-14.89583135761201
7.691876980109843
2.120931835362015
-12.976408301142053
-17.529768812498915
18.26279960509484
11.026093336776075
-2.6080273693648834
14.00560860593869
-12.9155294068934
-9.615355012646173
16.1204928242825
-0.7716540888464962
-12.348283893577063
-6.407646880085419
6.423261741636701
-19.433883069115645
2.739742279906544
2.067727742240283
1.3738700344343684
-15.395830064713305
-19.28659520533841
-7.418367911820978
-2.985263486828977
-3.456844810090626
8.508219592227086
-8.332323317997044
1.8303137715840059
-11.702998370260156
2.94597773180206
1.3011384837098596
1.256846061086211
-7.366854908003862
19.9670279035019
5.0618542580061785
-3.9900375565389155
14.01955245225119
-13.675686856228545
-13.983158310878544
4.530167781024311
-14.970211972030691
-8.41744685417066
-14.64600887190398
4.928961548189477
10.77933535708933
-2.4544075054486783
17.165728543226393
3.832240623458347
-19.485629821918778
-16.878046087432722
-4.234246561277688
-6.936822034801175
19.547313701333948
-2.619894940906491
18.168966875068193
-14.856909596136646
-0.6974170262830697
1.419905071907202
-12.428270372809953
-5.965020035395119
17.835434468961985
-2.5690524236475554
11.338630898667926
7.533165716902541
-17.44033113861848
3.616023063422084
-4.1989388397129055
-0.6420236920522591
5.07416363772975
-19.878447512477496
1.0831632282634764
-13.060409333986236
0.3534788620992444
-4.8662422989859735
-11.27653914100399
12.319914704218256
-2.4538278418608392
-15.37676292055091
13.348744864631058
14.95401489458336
1.922364048348225
-10.594060055141007
7.891113492272957
2.271321227299179
9.210912777421495
-7.382896398774124
3.109253461043508
0.3412193336247107
-14.687434747801404
12.84635708243848
-0.33568350585279205
-11.86576693823859
11.459458960899301
-4.571095238812157
15.54125107315837
7.7462877094928295
-14.821703083966916
-2.3341672483362075
-9.56955360843017
-6.190532770921035
-14.472081496676319
19.869726748725334
7.918973314507426
-4.214045799716292
10.828434227444102
-14.143037997461793
0.5241895013152664
12.904556895193757
8.467800491608209
-13.683711224790013
19.432381651452133
-10.64457440198801
-7.354165988043043
-8.741127769454549
10.634393082515182
3.022917806846685
-12.905895967696068
-9.58483216423405
12.016302120939905
3.4158064034118922
-14.782016509495527
5.2904703909451385
13.206608928073955
-12.733891468375354
-0.35712915196549844
-11.37941701422224
-1.1271848515775282
-16.09875270773092
-2.2170774975579555
19.70182487119436
-2.3453757647878106
12.94171703562077
14.71514117602269
1.4177892048803855
-18.297404269222753
3.8663361636616536
-14.13975022031384
-18.522838181834356
-14.876050489093018
4.949243678657016
0.8568959555501756
16.985761882010948
3.4874779312346362
-5.202440090314454
5.429527005835652
15.237640356680544
9.579649052704923
-9.908411731910146
12.561401615208752
-6.915792662975164
-7.243507394206766
14.768349492126667
-8.263464443486406
19.416990210626906
7.556376471558739
-12.279825871880048
5.671918432181869
1.9428555246211872
5.153904105852117
18.802925678955013
17.40186671547295
2.0852996359691502
3.545039254146115
15.157693940181318
5.8184943941021885
-4.181610971366876
19.407240020702716
12.303379835051935
-0.378119239519048
7.782499039297544
3.9435467860876763
2.449101512039931
4.093342668137385
-10.704170569608626
6.513573228216142
15.387142601314551
8.548342008177173
6.29526725339176
-3.198743897841684
-2.5485368933324146
-10.959952609521588
2.5730737825463024
-14.320816140400963
7.179152536193367
14.913321662456418
0.019425847590245127
-17.722240861900556
19.598441971929212
2.1675796632299154
-10.322851722029807
-17.06564839636224
-4.065378626469776
-0.564529525619303
-15.732446100881607
17.58169566441873
-0.8444670039067894
-16.63066017136468
12.315145676728669
13.0243999968162
-0.5170803006645599
7.792880236280951
-15.03705128796392
16.963542865736656
10.557583635015853
15.976808546873002
8.660894699782592
11.877338699207872
7.380504394789096
7.6875744720024315
-1.0517860313985103
16.307976763684643
-14.892188889580877
2.7402156709408487
-16.286447232958817
-13.44181788481099
-2.4363845270832627
6.3325845286690665
12.975454463036257
-12.290748641544251
-0.36413750862973515
9.2533242102494
-7.7379907095420375
-3.517824965584083
9.939526402012294
1.169710701065128
17.961709107759333
5.620200280112755
16.219888359295638
6.6090464205683865
-4.227253093319625
10.637539108633142
10.005058512864274
12.7874122773691
5.296600971544159
-2.361566300270354
-1.4413652580825875
-14.42977093352499
-14.367158689964995
-15.434807247471234
-12.7986418182219
18.623265896263376
-4.607027193807692
13.914984822385314
1.8686821739741433
14.942406567495006
-2.121133890924977
15.206186596236819
-6.675306533137725
-13.323058464129701
6.724788265240772
1.794112024406914
17.084917829540636
6.308239807292718
14.944439451808975
-7.472438014991955
-14.322305981212796
10.372555437978036
12.407520571371904
-2.9845953435978565
-14.40874997617394
-6.875111973600356
17.641494061194038
-19.87517091183772
10.681987453977662
18.639315278809363
-10.378681240128813
-5.3506447366423515
6.286201401716411
-1.714817566046566
-2.703724904106931
-15.882236873608884
2.235270697239507
3.2512787155629788
2.1661749184010937
6.3579521126243606
-19.899193578243953
-17.9815825067098
-15.225344412483235
-6.460750133668917
1.1581512909913343
12.39622934513531
0.11850904377558535
8.68813298791683
-12.425294867567779
7.996240688771927
-11.03167809911322
-10.901855745564863
18.6963835188442
-10.732313067276742
0.7631597784904542
14.080106884453187
10.569106838417724
-14.44336360803305
11.07008234155494
-12.237278040343318
19.980087130336756
-1.3151741601217495
7.253898570121752
5.788213126804376
-5.118085205790749
-0.8666692792856736
-4.993551963957641
-11.265459839851847
6.4116691540991155
-2.533353982270299
1.4133532493188703
7.802126377832121
-14.963797425658525
-1.0393150104667228
-13.075522176022293
12.142068948041896
-8.683935198915211
5.879583844823962
-15.35646931976653
-1.5246115712504213
4.314288991134667
14.659158064847169
-16.342236441540756
7.737436072918889
-6.963614116106029
1.029763960349328
17.67052354456255
-19.761949215416607
16.746481041914024
-2.5581308108568344
4.007335659032712
-2.6002032545431817
5.181782874120241
3.9035099602281136
6.080910893608781
-5.387765901854401
-8.331545483573937
-17.43204169581785
8.181611020001807
-7.993097138541776
-16.49482832652557
17.61830154031729
-4.391409401102262
-4.531125078001153
16.719187982968286
9.904487842880954
-7.0025155119641305
19.362978857108438
-16.970951014488524
18.023565474793187
2.9276702785574216
16.082290738742955
4.009285475422367
-8.982096768863848
7.02849633502813
3.8545223662996193
8.998732013149066
6.788334995023227
-12.674273085029878
-2.1189613872495237
0.48782265477696285
1.796596141912552
-13.29557648321404
-13.083338915287168
-16.08095929348924
-3.3933612026025486
15.9428768698859
19.30480972879304
7.644660062900019
11.098469763273773
-9.37682023019784
4.9131410900529175
9.932889041088938
3.994590226871047
17.819918673821142
17.964787049138266
-12.402306058536464
4.884819296428418
17.14391499282526
-7.124851989489294
7.725777267873305
-17.020637505790045
-9.881130309232384
-11.729274041771077
9.36428156623208
-14.590039482708587
15.243486025654093
2.9837219108737685
-9.46155121748843
-18.801643306830687
16.508544041223168
1.7967871315751829
-12.774434710174116
16.210079732775938
-3.174700376961738
3.3364413603874823
-15.118665287223688
-16.008112355662906
1.1425966711100415
18.879001630520357
10.041382087059503
5.9973948801154755
9.978855994733419
19.969484506258517
-5.648629834599145
14.656227255184305
2.6290526046752873
3.084649590993859
17.10702364146846
15.609370820811698
-3.659000708924811
-7.979064633755728
-16.471466370077966
-16.35510329965324
-11.008468453379706
4.0719326885379985
-6.88132955889194
-7.926596027914812
-15.33130711590002
17.587293505069887
-0.37514119003589386
-8.498701941847383
-15.187844615931105
-9.4479740444093
10.615078698286098
10.404760670242737
-7.071740542899105
17.972794767757343
8.52064184752221
-17.727022495981753
7.079315226556297
5.539994845506072
-8.648124998774701
-6.226904235012611
8.099580143781807
-16.22398602209945
10.911775820407978
14.022550303495365
-0.2489079568884911
-17.036460252514296
-13.686553850573201
-7.581701205793831
15.81787250077359
14.359866158501433
-14.267143117882757
-2.774657534331002
19.921913618748178
13.06340779602752
-2.33478299308409
-15.17343365697872
19.151358850858465
14.630736765230445
5.516267894853225
6.669846412925757
13.269610607671503
6.190484619620499
-16.282874400253192
14.929783393688396
-11.05757707472586
8.803572594037888
-11.828636045811031
15.250367095663144
16.18028731518865
-5.249989802682556
-13.609682432372377
-18.233317694100904
19.065172977497973
3.917540738643215
-2.9542022905894996
14.226921604286133
6.044509027081368
-6.744402299549774
-4.3383207040728635
15.43649388699209
3.996023223353191
-3.152965641602208
16.773680585125817
0.11481544653360842
-2.6525348487384335
6.090963044761146
-8.133645155894381
0.5864019775369975
0.23783586375273558
-9.193632716262222
13.08433149110158
13.529771037975266
1.5702992831041307
5.464114020497206
-19.50279159853914
-15.099919063923405
11.861145351412056
2.4550946170653667
-11.500041762377556
-0.4899828580659751
-16.175152644558363
1.1166572511641775
-6.454688198940435
-15.022629494279226
9.282459403328094
18.886234046619577
8.246523972347788
-19.697363816384872
-10.95662660708831
-19.262361957116497
2.7068412877403105
-14.86850180438038
6.891649264987091
-14.696833864017647
13.346619883196084
-10.738785042096177
4.318083512709734
-12.647795666499677
-18.266047464244743
-12.036084617964704
-8.529962038368506
9.923055674126392
18.426310451359797
4.608345966345727
10.42200139871634
2.5074312263538268
-4.0221479843341434
-14.162850730009122
7.206004871109176
14.312424874790302
0.6309448106544835
-11.120831685511057
-13.253417192302916
-14.303009011362446
10.8509612970926
-2.322612606964892
-11.108869799844499
-2.521091193183107
-17.537702693095433
14.706506744434023
12.007135854055633
-10.000865626389558
13.866230603097215
8.601644286470737
-14.259314730434237
-17.539926352332408
5.516569445044468
0.0485132589939532
6.192186441893085
19.448364065569443
-13.965203766207527
5.688483186931627
-1.4900181921833564
-10.988561914220556
18.4408962611464
-3.946972477671139
-2.5405959401451703
-8.48736351737946
-19.3303751529028
3.540018968260572
-17.900028561310283
-13.64098006063998
-1.5365698219836759
-11.38217376584108
-2.6585925370747923
7.6567882366709625
15.143039163782966
7.29969153877169
8.76039339543716
4.765640505155673
-2.1381435437114895
-16.683773329294738
-12.15117953276835
-17.57095102040949
-17.053717351588915
-8.327215999963933
11.300711056162022
6.428765863264736
-9.157960437950209
-19.651605952234846
12.415313529256473
5.509475330585506
10.27827256379901
13.03161724059349
1.9284213229890241
-6.218462467832065
6.714301304149508
-0.3131208063105859
-12.775830611605667
16.49090918737835
4.914595181956372
16.749617360013303
15.706687310150052
-17.421258651703234
-16.690329370387097
12.285690435934711
-15.413423304621778
2.4037076443331955
-10.144304525084866
-15.09051009803359
-19.561289595631255
5.494106523507579
-9.983877350089756
1.0637148182530183
16.646538495078083
8.780545727475815
9.999619570775376
-13.931454170452797
9.078233359044688
12.374161809358462
3.8607309276371957
-6.611051856135731
11.670010426290013
-7.84316913519568
18.011678073455883
15.343233695143333
-16.546238039698686
5.612517182841664
16.62139356709168
-8.65978638935378
-18.645782484097083
-19.578132183076082
5.8512957408719934
4.207544502277457
15.146612038077699
15.882650662002561
-7.240141797307892
-9.700292061464753
-5.876935095474408
14.99524750155173
-15.382779889269166
18.59087263575448
-7.453024801799518
9.391585792791272
-9.887533878389846
-6.062170621572909
4.107774064357777
-4.226536421382541
-8.49701439761191
-16.85690231206516
15.959287555117747
-17.745525638204306
12.762477550729926
13.060490536719463
-13.963248432904933
1.6689852695517082
-19.304877440895222
4.92634717734542
14.090588564975697
6.801788032988799
16.16922528193112
3.0238594777872407
-1.9804391051875214
-1.3356525629933813
-6.365015730289745
-17.9868079090944
19.36706180115884
15.544962500465218
10.743559151252036
-11.934221703800345
-6.567738294073791
-2.109893524004921
11.474311325048614
-13.512829910757759
-11.244680383274485
-6.645198971992015
10.432987387803333
-16.957159224016003
12.07551705624892
-18.46172991769435
-3.2222684477713237
-3.39645486421713
-17.036957588378545
-5.636410240736144
-8.403902114964295
-16.700268752583696
10.027231720611638
8.648850722932817
12.716875643973644
-18.674410070886772
17.60785425153523
-15.096341626506709
4.025071855789712
15.65037805948677
9.140434711105335
10.976340673047801
2.3382660088637124
-13.827799299160265
-7.737820248469699
-18.490092916162126
-8.56324316397933
-11.143885951973015
9.43939953683909
-13.030861729604002
-7.219871911239517
-3.4718050740635995
-8.021155644679979
17.311457926763303
-15.779923613237576
-15.52153212468486
-1.5422364070860048
-19.44060378186123
-9.559236810255678
13.120177599679373
-6.753938379341328
-8.11804722732286
-1.7795856463549633
-12.130322154060224
-1.748541717006475
-4.974436074424094
16.14821873262113
16.06557757830656
-9.069064058309074
-17.46933812237636
4.183885782298773
8.16421837747027
15.08542134635178
-7.777583642239282
4.9487449330212385
12.6614497792336
-3.8245223388283733
19.35883069063935
-16.19687968877445
0.9534169409075659
-11.78430304000662
-17.742128584099873
-1.7235006485063131
-5.371744276923266
3.5815710151599767
1.4031125427850135
-7.108237499930219
-9.235116486289483
-10.675927407954727
-19.733585335176734
-2.7283007784668882
-16.118627202996997
-9.627401885991226
9.68480142143898
-15.436744683722225
8.510776562914387
9.757588645234673
-5.701005487778543
1.8950209000251377
3.995456503930548
-11.664785732287882
-8.946122529853437
-0.3200699655160868
4.304049212341056
15.367076729671801
-14.825041712610956
-10.73642988924783
17.18661487117935
-5.452650363793348
12.360551320959857
-0.059071681178707536
-0.701416432558922
-15.409897758175717
2.2977244243661055
4.830499335847037
-8.776231208309122
9.29451614904156
-6.283787315291175
13.677313493932132
5.768482941933723
-12.382043441386191
-19.80416976567549
5.733821285060678
-1.5418602806058992
-16.970452157226973
-11.264331770475478
6.318726119990579
11.942375098181088
-14.26913545635179
1.5470363221221248
15.915727420464222
14.79352333169652
-13.386686152692278
5.081390588482044
-1.5997790400803567
-15.817396193808285
-16.644265166652893
-18.669346079122118
-4.983765629511364
12.92005557026581
14.071232275656527
-0.13347280517746185
1.279495793810625
4.452446868173897
18.93565335606486
16.97310332667748
-12.605953712140572
-7.309873948283322
-9.340063582941106
2.9830790198523545
-12.111373144262085
-12.427668798631736
-13.85594528463196
18.59215558395028
-16.222235731316772
-6.600807361694084
10.084100973612664
-17.799415661191603
-1.2800097536997583
-12.964276754813365
12.785578820386206
3.5272683781929004
4.218993809090069
-8.057399130721677
-8.46638225745231
-15.29319258631232
-3.387409503502539
-15.299337109220762
7.4737805811576585
8.42100139716593
-2.6044901179245095
-19.040351995074268
-12.821971674876274
5.412743069079067
13.255279696264402
3.6092151672947317
-8.070071869848974
-14.294768323275978
1.4792556388273823
-17.416537963791193
6.856954007459642
14.76424629765097
-7.061048978169286
3.5144353807920723
17.512238100815935
14.146642418378669
4.717232109737548
-1.6723146924515504
15.446982993783877
-2.4931957661232893
-14.451110990867729
4.990083992776167
-18.599880109049153
11.613104739802726
7.424787080421975
3.615525224524756
11.469467816122823
17.96296674286848
8.63201567105503
7.2601611243024635
-17.911876068437795
-2.9669383549286437
-15.456354540054127
14.904143390985453
-9.655170778880695
16.512343730452756
-10.086037409577578
-10.58302114941069
2.4634760282154744
10.129311721888396
14.740723968075244
-8.233524522585633
8.850517952136915
12.313627000037094
18.82536044170248
-12.837244355416377
12.772410520037404
15.44828637887688
11.220803713870808
3.0822073617993304
-1.3630454429703285
10.417529581969212
7.459963097207577
-2.5278033415983785
10.40947086217286
-4.653615276906184
13.76469563723154
-0.8330106955028249
4.838009108492258
13.55906463726867
9.330357039358944
-19.883776237233064
19.57975689407523
16.29683845821819
12.110471302689191
-5.750129906118687
-7.825820580782462
-12.968686453405649
11.84673932779723
-16.49756301970975
-4.977053259711139
10.072103641096113
-1.264707885707523
0.6979424986897129
1.8432800701785155
15.74892231258525
12.828806607586884
2.573308828428491
16.246089745152673
9.988710513747012
13.209090812223899
10.559418307675678
6.262224709415168
-6.601777013502197
1.3304694709314155
-17.048558479226188
-18.411507485197546
-0.1537589205296328
-2.7669410531806733
-6.794367059344655
-2.2233112038112637
-0.07879479283353774
-5.6165373359102055
-13.883737601392752
13.928003691680814
0.7060516047374392
-6.462720267911104
18.440298941194804
-13.610667484577332
-2.034131404798444
-11.064650965558712
-14.699119687227302
-11.397288746419907
-10.582393309249039
-19.923862522668394
14.63723296990814
7.71771355935849
-15.519413272141072
-13.929803352189074
-10.276907292225413
-3.4312914304755218
-4.773502123451374
14.392222701095164
-0.40196056097007826
1.2551808579443815
-16.181398283191037
-1.8162953758601894
-19.46189591103689
13.014867569359353
8.158409888076719
18.77313793994795
-15.205125771162052
8.109847870483215
4.9507701121413845
4.144697870174898
4.307968340390843
-12.118240134099963
-9.913910783490882
15.567351337506857
6.650928593419472
13.10562736319325
19.150157298098122
-3.71500874951424
15.466143879764417
2.6793293745768842
-12.853966789261122
17.41000787706814
8.658108888495619
-9.51055552654498
-3.51022455810417
6.250156750595032
-8.05781062413875
-3.566419372731886
0.7212333236462598
-19.783794638838547
-1.1334284611537058
1.7990571787880896
-0.44232095234214697
10.568900879482108
12.629468014400999
-12.534432642999086
-16.841418343368897
2.2064313626948895
-18.72510544350169
-15.205920725040713
17.41943977775992
16.282276427373432
11.432480986876325
-1.0066055140595935
-9.797458651090336
6.628864832388217
17.672420372622895
-4.425392664081379
-7.562217278684805
16.29839782701825
2.6074994904288573
4.028768265675588
5.910085719163398
-12.341289906990136
7.022183330669446
-14.075840987087354
18.329401803613074
12.874918673870184
19.235416279086593
-18.990122303071185
14.909516360129501
-9.28340495458206
-9.305817786440604
-11.416420335795475
-12.1474562782221
-0.5224400183704958
3.4772480308814657
-10.690100624029487
-1.545245250515059
16.216780785136145
16.383499471635723
-17.06633135103339
10.76847708201263
-10.707338561143832
-10.79421085423316
-16.58220541232648
9.048578985361072
0.8625337195275335
-4.323420552791525
9.665531116818116
-11.747351477630614
-19.07534302452058
11.263927374586927
-1.499681394403531
6.837199785393835
-9.040963082913978
2.990108056358018
6.049042347146454
-5.138632056712247
-11.787379278011576
6.829082510804568
-18.02814740942161
-2.861061957489799
12.457974570373644
15.309464195609507
10.448861132834608
-4.237150164697855
-3.3331541573716272
-17.65233235541904
-13.872581588946318
13.589288516638156
6.00650821737494
6.7921421661217
1.7516425577163162
-17.411446059750592
18.38347780480656
-10.747478480168354
-2.5597091782476546
-3.8131050095386954
18.816687895211388
-1.6685543841096262
-8.333804895939982
17.729442851273483
-13.550029328957361
-12.794185761712281
19.1889425090868
10.949435082855707
-13.72718619610672
10.463386764980275
-18.43865410596978
6.3564021092587275
7.087234437952894
17.620709573828265
-15.245853663334842
-3.1598998373970453
17.630697646781975
-5.2266958089211215
-2.7863868690472806
-19.541481789228428
5.9062251242464505
14.538206583876352
-1.9454606380229613
0.8646334997356533
15.938355822016405
-18.117798390233233
9.845413522989098
0.6918040272708197
-1.7352535892597771
5.92518597275663
-7.440268281061142
-9.083389735780623
15.290791864247844
-18.303232427960662
-3.450254273017592
-19.753284892177795
8.57737554688875
19.10915298685942
-9.552576009969869
18.613413492794564
1.39936338791874
10.405194973200405
2.1247283537068284
13.899726635567731
14.947633862721972
-9.277427899988586
-15.817356170813742
-0.8291806020742314
13.292249607434847
5.9393683475658285
-18.966001602687278
-19.37265607139626
-2.984423553753196
-8.43291424475202
-12.117401255512208
0.3335499971727707
8.366979885146144
-13.146773676831081
8.47765126995293
-10.929954559599992
13.679101515243907
1.0116983252354288
15.05847662901283
-6.5204279436701675
-0.9585012660486214
-5.718206477569986
-16.93795853831815
18.288806618602983
-8.923590051469997
10.8088760973651
-8.130974812356403
-13.041366285754155
-9.052998399859082
15.491117792618134
-0.5266332563528238
-7.412971638201178
0.6804230689396285
-0.9906911658697659
5.303320677629575
-16.246386325160238
-15.773201872389734
14.812536815418056
5.4679410778028625
-10.081994640333
19.867531248336647
4.905920957149725
19.836294039048184
10.936617745872134
11.30917728426692
-12.24518667986949
18.148038749555568
16.55092435844572
8.42586832086188
-17.696856623967218
-17.035060019250775
-17.000597208581784
6.847659566399926
13.782080738634107
15.3294513139641
-14.133070920243656
-18.44329263831462
19.272988006543102
7.5536793440047525
-17.633637627445545
15.84728324512524
6.407670225581082
-16.717592309808587
-14.477189838287963
-6.578417143541229
13.686366129600856
-15.278846033995297
-19.465834142474712
-12.390428832101964
4.02848153257267
4.114436853368062
7.416689452811177
-9.323931365525633
1.2605009968571537
-10.098727422066789
2.2539852770733013
-8.205052863973856
-18.059425029364565
11.015785091708459
11.677649213927111
-16.733514825868237
4.176956232975151
-2.8347780163568785
15.198415139951038
-2.618524919714705
-2.5670947200685745
14.613032125536392
10.9039036114537
4.490871585632412
4.228899877368985
3.8673313398287448
-7.646696831044757
-15.021424683600934
-12.813718760651987
-19.158599207447622
-17.661607558041112
3.6176486655127036
-11.085925960158338
14.932888046209733
17.91475404452845
-0.7812389214979731
10.50563274021978
15.37232006504258
-10.8389102155465
16.840547210876707
0.6086497726057019
-11.319214792620249
-6.265029982692507
-6.071273352956004
-12.715564605217512
-0.9743468017903112
1.740061123187047
-2.7812903998266982
12.922359279190992
-5.610505211851496
6.685344476729028
0.3405244625971413
10.296197967648439
1.1206067803231576
8.669272061138859
-6.527609063800405
18.72639390931252
-13.529234105831893
2.01145108159405
14.129383738591834
6.554938207867487
-13.639566870631628
-2.915684899319576
-5.791764432313627
4.613185413966555
-10.532286701457894
18.64071102846473
-10.173174769119719
-4.809770146828413
8.842220988527131
-10.25684610303701
-4.520693360505511
-2.309800222588745
-19.882610154717018
5.482803518372332
8.926997953788238
7.220512868406317
-19.450640123357715
-10.702478259479552
12.200953420072878
11.880503550195275
14.900275954431976
18.655889801128907
-3.8073952544426923
-18.29990104198735
-19.857276266123634
-12.957348695610165
18.962185883068152
-2.8161044983435524
19.9916079517442
12.39642842684367
6.778737837176699
-3.3572398468568743
16.556481326784144
4.244453561987619
-16.887519623219553
-9.552530108729872
11.914388714773171
-16.90371622284998
9.929909178435125
-2.227193016979207
-4.910872765556293
7.334900412602131
6.8037650561554095
-14.557587042830416
-1.1335210557871065
-6.023310290446231
13.49083236038237
10.180914476885551
4.0690442261347854
1.4212116844472824
13.78084231355362
-7.7817033753463996
13.02943631069224
3.8645711273546652
14.946411662645659
-13.804642133969335
-2.2434368634105617
11.712746577845508
1.017386614525286
-5.6678873660909
4.093636325475366
-15.936388104817416
-14.823412076345548
-7.8749081270658685
-15.279018312135415
19.233409920973642
15.772168378555037
-16.052261704106
-10.57542376009161
-2.831328467688099
-10.88739138745428
-19.639007487976777
19.27113002576978
-4.344541463895233
11.458344494098153
-13.444085579555104
-3.5634141723009947
-8.072387268113514
4.263049947402013
15.08533609065546
-13.66197920948261
-19.076777512684956
4.934662985365257
-6.542341868078179
9.427552841023864
8.390485785391167
9.168002567240627
9.619592733108746
15.242261646746591
1.8904694050441364
14.109749076030269
-1.4826775306316655
9.539443821870364
1.8408072601540866
-16.743437663500007
13.505026102175279
-11.228730129626609
10.238544991297196
7.220600634524686
7.671072475268261
10.640102416844144
-19.423994345332588
-6.473372228416711
4.6646626263936675
-13.548264733686564
-18.458081518203066
-2.7485468852744077
0.38911317752412344
11.316950078422149
7.8460848698487595
13.937955596122379
-16.040926093950954
-1.8466359211372918
15.226345730662075
5.208491269028972
-11.62547241846466
-8.841512009672172
7.24108959162518
10.254350332900867
-2.8510198194042893
6.922393484895878
-18.500622135822425
-8.282578039322942
13.258197253230158
16.863469007273146
14.417812880973933
10.847227348087376
10.294212440586882
-1.8538037835268817
18.397224487418903
8.599727649212173
9.80976429364279
8.153136859907825
-16.075824222923785
-9.658604973038134
-8.783715645141186
4.899264374890414
13.092721968211386
2.1818667547542105
14.387052388117077
12.579664967010714
-6.8037630303586525
-17.92009432451179
-14.428350171712943
9.045526836764918
11.373989086982384
-18.2727971552084
10.81298697970346
-11.570966001713963
-1.193877998460195
-3.9022982895209566
6.231186959722951
6.393304619826061
8.621356202216074
6.41360310003828
-7.3370558338058345
5.682564400295615
-1.1494798996456623
0.9503878993080441
18.444358232556233
10.211537316202978
-10.962197820223075
6.579615118065703
6.748979577703722
1.8460997931604375
-11.14679856201124
-5.92514070243563
1.1457437543774631
-1.4747926565954756
19.803603067292983
12.929495257715715
8.227878095733566
15.491113349520631
1.0650620278011687
-10.163207435729454
8.570863108342074
17.98018651359608
-7.941622068370675
-0.16120984739803745
17.137631981668235
16.877644920693413
-5.3740058108046505
0.5133639414082296
-7.825999519094742
11.015755154989524
15.587118407563722
1.1844269709138473
10.728333547547106
-13.51688259709488
4.743807747898572
8.70582814525648
-11.494591590510176
18.678364969016485
12.796357197332767
-0.03547375893505489
12.375157335373657
0.15098663209982988
-3.6641927788440363
-8.439801311390553
9.726764532923546
6.881503579395805
-3.691971470219549
11.314668792124678
3.4859807166994656
-2.3449016644980425
-14.811899766159362
7.090477348073797
-13.213813571963291
-17.345170243953646
-4.733324188996356
-1.6003581565399614
12.41199304747709
3.5761127234498424
1.6702761073606354
5.529188999178849
14.756753250236542
10.81082808271271
-14.605132012169907
-10.606719855851354
-3.115676095793116
-8.402285248497545
-13.56792082996661
12.471040237585996
4.095961229871243
-12.08709374330969
5.385843713360252
8.306823952471206
2.20037460024286
13.084914910606834
11.758056837534426
10.10429769972129
-6.949258847517456
-16.351727505202895
3.8094938348538854
19.709078934494443
15.541028922125918
-8.831232561184933
8.37826665526757
-14.188152835018313
19.515220177764824
-13.94528905104275
3.4415891746928153
2.456403492595083
18.51587359345723
-8.65455081206417
2.2902002638667973
-18.036662661922925
-1.9904694861101788
-13.50549263481657
10.7078198699774
10.484420021417158
17.04344263559946
4.737267601723914
12.398390545417179
13.049699110665301
15.174145555985284
5.378746391727091
11.519410741279792
-16.076831881793943
-15.353720576956626
-11.014544879404454
1.9222151764426307
-19.61443279620586
-17.71066967938499
-12.462667281934955
-10.827133795948946
7.569333033679339
7.667410903860802
15.214094850980501
-7.088009440741775
-15.911929229959734
-7.7402855572644
5.315423111852123
1.2042545491305887
-5.453631508686666
-17.719827744659362
10.589652785669877
0.45613565764262987
11.894607780410702
-5.315044529018005
-14.714527658961707
-16.968667677862076
7.801697439843579
1.214702557189291
-10.38493778592449
-2.728757425659893
9.758105580709518
-3.0884886046649243
-2.283652715758965
16.349638033010557
8.202138996432243
-3.1668703667817866
-19.07153586298452
-16.227356816044114
3.161107117199471
13.130392836451449
10.415057288655692
-13.129610629760151
6.00245674591056
-8.41077960240841
11.24900298577969
10.777764217042318
-5.261286654463348
7.6446518473610965
-16.505770166950423
-15.875473933933435
-19.27671202115547
5.222234193553547
-16.907464563553543
-12.996867678337933
-11.834241842254198
7.294951119399016
-1.3510435284463753
0.33560561752971196
-19.944430044042534
-4.903188818548983
-7.175338977659656
-7.758840692547677
-2.1646194709463593
13.06723875668822
3.5438220597826415
-11.6807799172711
-14.251590867486584
19.511510746804824
-9.387103969464707
14.197917750642375
16.350270100757797
-14.028452325037195
-9.151311447612741
-2.350260071724005
4.733205486601264
-8.077007377517823
-18.639570332216287
-1.9175629361821045
14.444064162320316
19.833267058946007
-7.503031383178156
-18.858672077633432
-13.649028153450256
-14.571037320174653
16.242185634590307
19.079842758081284
-0.3172697782082814
-7.653523284450966
19.24715150654697
13.876494113113289
-11.37451325992263
-2.236848608512542
-12.164120611964728
19.096314099590572
13.89490041269756
14.016890822089522
16.103047073598766
-15.001046194622685
11.875657297457956
-12.04255103508848
-6.395355289890695
-17.41308868155178
-4.686782094464581
3.8682014173387635
-5.031509061547666
-5.815307014780062
0.049245678392498604
-6.6703729205067575
15.88758815694797
7.826207220539256
2.4362715402271107
0.23788716670958365
2.2146839275290553
-17.348264780854432
-4.249701015520833
19.2950214885279
19.12556067541952
10.075822210740984
-19.373437709041088
-18.19176108211465
13.460318212952622
-1.598861218865018
-12.674419997586558
7.605946343636639
10.427989457197846
12.436201754075157
-7.819760688948275
7.238704922695444
-5.947270787646591
12.096815651249592
2.8293773185065696
-4.2706504562662
17.16964896314331
-4.742610504309837
10.411371686749362
-6.224457691051818
-17.261871191070746
-9.12990729786815
8.571907317703989
-16.668984892057782
4.944072897656323
3.352483148799127
-6.916100619135349
-10.426956505065643
14.641439043808248
-7.956267734318612
17.35489332494364
13.109808921885488
-15.10875503531345
0.8601893717922771
2.8604505706593244
-19.27640320455857
7.3457548361632234
-1.9211428614253414
-2.020827538654384
17.750405556360306
5.058917582549448
11.267213392306573
2.406257741219889
-5.248483370099546
-6.735134277079613
-13.945535180482933
2.4657647621282344
-7.8926946133544575
4.42139678604935
12.476404213116965
8.463368254052014
-13.690438226774152
-2.499895665199972
-15.028598739745869
-17.401202854664774
2.1409672660386505
7.977596834081126
-14.480772522251453
12.24016213528288
-8.091558645448721
7.490351085255249
-0.964226148188736
-9.744945488049632
-14.721843639853173
16.330408997917033
11.174487653319073
6.750132586322863
-3.355321459152691
-12.572039070664376
18.34559044654757
-15.82103308223001
-13.703221290703445
8.383234996413023
5.471044992852676
16.226916000834755
12.616599623449254
7.416304543886788
-18.01911461479337
10.378473555970938
4.040732784414786
-0.8544236682135207
16.327568655968804
14.35051887793336
-7.211559151936967
4.735545177159338
-18.62856237093578
-4.98497254688111
-4.376707082596912
-8.854118062141211
6.67818091340898
15.229384340268666
-19.030120733192813
10.848488353475545
16.38516555590359
-15.41256292790984
1.885490735231869
14.342534912760684
-13.658163455770218
-12.677376003615697
-18.21926241256078
15.75040047230815
11.780108363144564
-16.11575618856572
-18.62595400035272
-18.9185812796281
-7.928730357745017
-14.844505479454323
12.884423680675468
-18.541380203645122
-18.92431542701774
17.614079189511067
8.313444113701458
-11.031118994161062
4.910442753006144
1.223082982101495
-0.6194019577752314
-14.005097890651204
-19.177293270248057
4.4841591012195
15.671324854082364
12.510125231307143
-11.116921315523722
12.789780903731675
-10.34884950294681
9.922872928702567
-18.71613056927717
-14.669728841336918
-7.744150407324714
-1.2264480145962793
19.001086638225708
-19.89484355694074
10.121564997269672
5.981690794441398
-17.207835008747224
-1.9165866211859885
-16.154306804315194
-19.753521738135667
-16.69658621168843
-11.90109898629894
-18.16076295685739
3.54111401229941
-8.923373711958913
19.127600979226898
-10.226075304104345
-8.178947312590243
-1.4482961190756818
0.15541746215365748
-19.067718107334187
6.813726023601205
4.9603307714868805
14.970934093974044
8.988901469013989
-4.739225823543265
-7.892552812282814
1.6071773962485238
3.7293272173325356
16.127313456096253
-2.5946180671310337
17.329628099271538
-14.989846383719572
-1.908248439034061
-11.505760924605699
-15.55498779981531
-14.900130872639012
0.7024933217854965
4.8525148020728714
0.188537623115149
9.28579399106233
-19.30031713079265
5.570618533058287
8.74435686420636
-1.862529492756412
-1.1147551226958328
-1.5104159161931676
-18.688281810916003
8.38159139650282
-3.273562631550618
9.946506272161997
11.510112091310912
-14.90406476956261
1.0903330238184914
-8.8217274542524
-14.88937902984707
-3.2749863629553424
17.161225495445855
1.330565529174315
0.2818569992918114
-9.570367677778178
1.5581677242267915
-6.537978980997114
-2.0044550894196718
-4.902495267506932
7.546355154417924
-14.60412972333315
11.421377184831396
-18.901856174207335
7.274627575981192
8.217879141757827
8.65951823230738
-5.659353068223449
1.3895388834723121
17.553380024803836
3.5923025857533233
11.692965615360084
0.6191743138155843
-15.30013842467456
-2.35609819023432
8.970258103916755
15.14452578917868
13.980033559150087
6.50759674238849
2.9520144593488453
-9.86028334079883
-19.899457868040784
2.021214192622427
3.9531626989623305
9.982937174324338
6.793472292283408
-4.648203603364465
-6.73454703390842
6.035215698100451
2.4213962499655537
9.474566662471279
-18.351148960242078
1.1036018805276449
13.663925123853979
-13.74035594328209
-16.61618805337566
13.006049960649165
-14.643755771792769
-0.5840728119838303
5.561056830413193
16.383755548170456
-1.4592977213183147
-7.664229836388973
11.78239986658767
-8.947391419657752
-11.999111218522573
10.379296405276847
-3.230382341905454
4.41170052923518
-8.72297239180341
-11.59914786270313
-10.63358546628102
-10.466728632682951
8.511328416557053
19.96354239522806
3.6504587679327827
-2.9264482896776336
-3.1306535146563945
-13.189418296452114
10.298118721826768
-17.250159136812396
2.962689853893469
-1.4709480999616602
11.366503405631633
-9.267403916695521
-19.948748588744717
11.553975094811108
18.241172176019475
-10.311639214456125
-5.619975385315495
3.818773684440707
-4.476743177612423
-8.687993481539698
-6.996352693689003
15.326932865535952
-11.840283456052777
5.738311234456358
8.166962643506366
1.0124601153419697
-13.71427662840777
4.7122978987549615
16.356924913081208
10.901828261583766
-11.01265091208723
-10.76725901139267
15.09162599381898
-12.881292868428073
14.43470920442207
5.700125923613154
-14.380389039084026
5.957189291374174
0.9701946538265815
-9.267994495343142
-7.9713853131112025
-7.38182331928205
18.71266427092786
-11.240152396992777
-11.024112770856362
6.5806358985941635
18.818078484209437
18.27631672527916
-5.554193429124394
-9.765471813802504
-18.099969930232433
18.05366093067712
10.778533862346752
9.67428641722741
10.803638415282322
4.149989379045845
17.937308087938717
9.237653694075139
6.230243132328891
-6.5865308222400785
-16.05386622283468
-5.819998690937108
11.954808040979984
12.275874281420599
-10.217968493111664
-0.7403213469798651
1.9422285822479566
-6.323856089607759
-8.518558244444474
14.927218538134923
2.7878014090008527
-9.150811400455439
-5.542437385807144
15.189302497383224
18.677775172971543
-9.438921651443803
11.596117198744412
-1.228903154989407
2.584490769555174
-13.545364604075951
-8.33861425298474
-6.024943992626541
-19.172041674852878
-4.272135484576998
19.91574729850622
7.722025867713803
0.43480942894093744
-14.055321650608764
17.51011018167908
8.645879190922408
-8.97358113102559
15.865468298403904
14.426324806075456
-7.8467107058371965
-10.464355684182687
9.6237839047409
12.685559674187544
10.030419480023149
3.6566726885242744
9.490258222034878
-13.332459836117735
0.5331055863150169
-3.640049475649903
19.01387971980308
-13.410712140641143
-15.150654427992588
12.569069126882283
19.310178593964345
-16.051147831832637
-5.0499041541050325
-16.108994975474573
-13.273897254999385
13.536738006420812
-13.873312069334066
-0.9283415765729863
11.286241807452114
-19.75642768064308
2.227456816404249
2.476001566980578
-6.62839233587996
0.2880001818718334
-7.685481619791311
-3.198048953712682
-12.150667754064095
6.500561407362721
-16.199568690134313
-15.079685368417866
-6.439832106822795
12.609252913855734
-7.628656765398652
9.45604116760597
12.2305079508874
2.4446448836277312
-15.217573501678498
0.10573118133903137
3.7352137409644683
16.943742375529574
8.128178680053594
-15.583121744682863
6.889545487222879
-1.9319242184724672
4.073214960042002
-8.145768624231007
-14.13897953939621
-8.165919113144685
-5.54749717798825
10.194704643544547
-8.444701263207467
-9.163976349502963
11.719845438063203
-9.925173075738467
-5.166851881359937
-4.320301470431055
1.639609067706754
-13.236202898258922
-9.979951900895806
9.127965279884847
6.518829471029068
-5.2925369192906935
-19.051048491638802
-0.2095068545366452
-1.9137705578640194
12.464811877135041
7.640409870718404
6.97147259509347
3.20846988366684
2.129763407495883
-13.158862446078379
-17.400882526951378
16.446498260127818
16.88231335754314
-9.39172366904733
-10.383708930967789
-8.76503378558587
-3.2425743712159907
-8.014120801950778
-13.967205919170587
1.5704765087131847
14.141750657311825
8.672839168486803
-3.087604616216627
-9.03900812900337
-5.484339628931391
-10.71298209221434
-19.704438663050226
-3.548157900876461
-19.58328748336261
-19.958779686867622
2.9768996335455427
1.7996617081433506
19.735566933966318
13.225010383988995
-2.5601515994293678
-10.047983594693065
-3.2633734911830423
10.07628066431229
-11.842604552120948
-2.9828080366636343
0.12085267808900113
7.06752260001349
-13.997285808986565
19.108690217677335
-4.169024657093029
14.054093943042723
3.4758500227738693
1.9859240627206987
1.7073693683204318
4.39200598487869
-19.959853244592665
2.5964065057696644
15.757153219909902
-7.101268341708348
-13.377859660285552
-11.319228544456102
2.5316248441904357
14.167664593639422
5.999057530038137
18.54256097273356
-15.513797699691612
-15.912465304387382
10.591277110936758
-16.25089594893966
14.990564145586404
-13.844478739443996
4.749215070513326
-18.380890751012224
-15.887250855443082
0.25974721946280965
-6.070306452545783
17.967180479149185
-19.3176351169079
12.657053148375745
-10.367395743104435
-17.731946290649645
-6.550217902899579
-10.940717855730039
17.804845711853503
-1.8031059809544914
10.342509601519964
14.052202626134076
-5.765238355550565
12.552325322935012
7.500976042187027
-14.511096923083597
-19.04465621357655
17.806816075974027
8.626263530798447
-7.332226186964732
-12.491930984693639
-17.195399573494527
8.859531443691289
-9.631543703734051
15.036268115665095
-11.50916261424479
-19.826424056365177
9.263416257893095
-0.75733269126669
-13.814628969900564
-14.26537235039364
4.082924889251668
0.977620415051895
2.6529313416114206
8.517887654222235
-5.2358885091516285
19.98764176067538
6.956650646314486
-2.057814354979609
16.490751689509466
-7.5884705821305865
-11.933631840875684
-11.570797666411753
19.98271708426708
13.090880072645746
-16.97977434118567
-3.9871756437142167
16.429043689759283
12.113659811602353
9.285300012824464
18.488717296610908
17.288099595486514
-13.998716929762525
-1.9983432909310963
-4.852311590922916
-14.162390563168978
-1.9737479952069634
11.528226424267597
18.435098370276172
-8.778370482103588
-11.931166293531907
-17.23506088865647
-6.268910643386892
-11.250235040307892
-4.684384894077311
7.1805921665395225
-8.241737290285407
0.44725569118652686
-2.5811536904588763
-2.8712681154958055
3.835664683841813
-4.3841869543089995
-0.33982593187126753
16.83099786604334
7.006459765614302
-5.34985550898838
-9.367173560207437
-15.035391309033294
2.426330670301901
-19.293368049560485
-6.229295372178472
4.643775215485526
-0.3279151448290989
6.972326314754138
10.366145782843944
11.406768452240506
3.2379669042857095
13.69660428847996
4.227195093136338
3.505743094208942
13.555429346311172
-14.418257191192033
4.500552132612398
18.72308315474403
-2.0441470797898518
-16.253053510453377
-19.13218092999021
3.162542144624844
14.99193253212723
14.290122683656747
-11.835234088577828
-4.571401251179562
6.754860953121042
16.59189849452737
-4.092202602328303
1.5568044936575518
11.95345438513975
10.08626716479844
-11.749554536990892
15.538135327520031
17.900211018584223
-19.99457371790898
7.6997553166788535
15.596807666854772
4.4443928650821505
-6.262045266455075
-4.093873089804539
-8.880990953716035
-8.316890649372205
16.352041863359325
-19.659054044812805
3.154069719220651
19.817989416656225
16.370699236070266
-6.311678781226217
19.203053064160237
5.477533772086396
-15.952248485532792
-14.106091328728603
-5.773144729633755
11.653249728415037
-10.302046322555247
5.7542764867244465
-6.6115154348566065
-19.132081412248134
1.162878208796407
-9.770761874686489
2.5143929631830275
-11.772833390268328
-18.357689590464258
17.815873613063246
-12.73960283294208
8.997395625875253
9.797019599733446
3.984845368572124
9.081907756028528
17.46858424305578
4.232421502279919
-0.1388009176221061
12.857749416925415
-11.696245830284555
-10.588314837556538
-3.2591949119969534
17.776566979234573
-9.943054785161966
8.126544916040011
-19.86068233912393
-6.632252973638169
-5.914844255216284
12.076126415774063
9.89578355906039
0.8948795219943904
-8.177371912218682
9.373728680037772
9.333024501149438
9.328358954388847
-3.807511052536931
-4.9998160503169675
18.52367803644568
15.633009043617392
12.814910935088292
3.8940409804456557
-7.090260837925996
-5.278184233222198
-16.463291067151097
-12.901342366591507
11.874160546129609
9.884615285919935
-1.1430222563134222
-4.025988169659588
14.023490148367003
-18.957551711958484
14.654269392445784
18.024760689065147
2.219373248759638
-10.502844315034157
18.560924263297878
0.6074061036386667
14.635605226844582
15.482520283267895
-2.8399826107704698
5.0930095867736895
0.7811636485949549
16.38948187393376
7.748177457128701
-4.083188645323004
15.282491353753052
-4.475540145790045
16.40128530528562
2.5215607683337105
10.99427714429913
-7.580625086352191
10.976626370872772
-10.348969613639474
-4.992967454022796
-18.941578972076833
-11.502554940323147
10.100731272821083
0.6129051432841379
-6.336068787894341
-12.43858532324916
-9.336256959715495
17.961281476514955
13.70568069403464
4.437465877258511
10.221405539992311
-14.955394645760958
11.169828135225433
-5.035634335051489
8.322170318060746
-4.228339989647289
2.5057400993327015
18.20389946089628
-5.899617350718525
14.51167792473661
-17.07758359610657
-10.368881451323695
-4.994496635636434
19.950918753061615
-12.219971031643215
-1.3658389573844616
-18.583576358204734
-9.622432524323582
11.791643897586269
15.063806792632946
-17.023464899875712
-12.460816581271343
-1.2499617598159034
6.522099503561343
-17.51542781139028
11.265377949871386
-5.161113965545848
-10.70416600910657
-15.195050224749851
12.853703551350705
-3.1775263908970643
-15.557681678978451
19.447895050779216
-19.79601099326551
-16.62195441834983
0.5113068754580397
9.695087541933987
-1.5691100446675996
-15.874090540324278
9.081324062790934
-13.886397896493392
7.091818237262078
-6.5117504084584965
-12.050188839646019
14.213188715963632
2.025658605167191
-15.251652071623782
14.623502276131013
10.740622324849731
16.51805871267092
2.1238871304551665
-6.752065605763082
-2.7928116044364444
-13.260649581791863
16.380750423058508
-19.231762100680065
13.712291249431644
-13.151474738255132
-9.072670151418656
-15.450321585004133
4.996377369909737
-5.715147973431831
12.406416636997363
-10.068527115305193
0.08783454657698542
10.463804492781538
18.108852935987343
12.554033702137836
17.841524684181834
-18.22864384285094
17.40820371296406
-3.130636587619996
3.76335052928129
12.611484261710117
-3.0720693877907763
17.010411537958603
-15.669259407770536
-5.409895238655601
2.7005450925389987
-13.238684735535365
-13.077763235310776
18.817730654458686
10.12950732798948
5.1663479129302985
18.657028349859964
-18.708969692398952
-6.095726565876895
-11.131456590488874
-13.343830488622327
2.4531551215138876
15.182193118311574
-12.37911921475511
18.578333323415293
-3.8437145326654267
-8.377458868517135
9.304489668902335
4.317080625797232
-12.853615297868428
18.03730158881161
0.7809291973466514
15.6375141800739
5.148597260525033
-10.917377743977532
18.254035570995335
12.211067115978423
18.6446323049596
-17.02790493161157
-18.231107060162696
16.798198753842264
17.638927702562725
-7.509467880530067
16.32448551863765
11.581776541181277
-11.668415737068596
-4.968826371450907
16.642296838046867
10.647475884798713
4.226852103277913
15.577296571537559
0.7688470419973434
-1.8933043113122778
-17.83283861809437
16.548632506510017
-7.821577827840699
-10.770783481470229
-1.2657073390780127
-9.99599745172723
2.3463400884751024
2.5827754318027587
13.442554805443613
-0.941005476041564
-1.1836617093720392
-19.898148586820067
-5.0388195756514556
-0.4012362447854585
-14.435569620781079
-11.938170347633559
-10.974886115631236
10.657522500275661
6.062810935062579
5.6032273544437246
0.8484006103489037
-11.330628289804512
-10.719304771963088
0.5729572462546102
11.651709228683657
18.122455587535832
-0.779978032925186
-13.989418118918188
-8.199417085761871
10.583673758738612
8.986742330113259
-6.145205535291325
-17.080788154225218
13.861676581059875
3.3004027297005614
11.809358887908893
-6.830105956722798
11.307100858287864
-3.4676642136769615
-1.982882447152022
-14.987129979137976
1.456219203264702
10.55887521416571
1.0953275008499297
-19.831562441807286
13.958154315315383
-8.075975505355405
10.57954846957034
-14.899878361807364
-12.737920431296711
12.228475385448185
-10.016691749910617
-3.7118072373502784
9.360142374916425
-8.74889278956179
-12.863905357601642
-12.54305229223791
18.365468733159275
14.986924361572335
-3.707447210644954
4.055316247478341
-3.94344886410234
6.6059173080930655
11.000884422401853
18.63503100787853
-6.9342236730104325
-2.6608503798345566
17.083894570185542
-19.46491738697249
18.24970136917041
-10.276619190331925
-12.124409495368962
2.8090836777381156
-6.687484729848574
19.26645540192814
-12.751760910217378
5.213599730392396
-9.639215846090995
6.774912885418654
7.7565406079755235
-16.140855797202235
1.9070656092794955
-14.066358000032885
-18.522579390348927
-0.9194501428381443
-13.358752117155479
-6.1827856747519085
11.666374567752385
-1.5915782475767486
-13.871536175917702
3.1789700792742472
19.31007323104138
14.858633888011227
7.2262286399343765
-17.524602340834416
4.42160210011053
-15.373763945667957
-11.662634765040698
7.032301852249773
-0.13087911919422268
10.94901286561921
1.6184712143849538
-4.401338477803263
17.66493759501124
-9.787733448680696
12.15296776835902
-5.0371380574476134
3.940803833177739
-0.12938421977127135
-0.6994694406178539
-2.517909679210444
17.585834566937073
14.912599352914924
3.4066995608252206
17.608157097569404
7.345142195895566
-1.0905944312807847
4.581220417117446
17.61844714159055
13.08645974009243
-10.468831793753694
7.468832908756596
13.616788245963548
12.565949206584747
12.21852144442422
-9.412311472279637
-1.449115813460299
-11.26698620464079
-8.864201912954988
2.7477899393572898
-2.247143667615422
17.54362145972189
-5.701453753276336
7.276480930109951
-9.379179068380687
-7.440195761277796
2.9022676517559347
14.634794299706819
-2.847058384636192
-5.560740086292286
-13.58176327960781
-11.65331095385782
-4.455793528446531
0.9463460479738472
-16.061470340075278
-18.28068131147195
-6.583520679187163
8.294376633849716
19.528250039517715
11.784574071834815
-8.356232809213772
9.97714982996505
-19.069991175821457
1.0079243649494458
16.01550505011614
-15.925245963798371
18.482009997977976
-13.295910912832433
-0.5813523082006036
-18.521365223179778
0.923592811633597
9.91373671808022
-11.555961682366327
15.982263613654567
15.642902266943743
-5.125723475299505
16.70173004148183
-2.203952192992915
-6.781550568958412
-14.097248696101321
-8.40076224281615
-10.530220802649154
9.066728832324454
4.741584780522107
-0.1022411671907939
-10.480893227652569
-10.76071133896396
14.5421878549502
9.385171267963951
4.80658858758947
17.95836690407696
7.4263471622208215
-14.667980595887444
5.544631654120067
6.039097919895724
-19.247274451120862
-15.13558996653864
0.30256379381144427
-1.523097017827638
-4.73528524970591
13.119735115820625
11.478859326157203
-10.881862201780311
-11.207887825262848
2.0300946298759044
-12.433382708075476
-16.745452438762808
8.4799955202012
19.61952560402208
15.935165587471388
-8.185962549119289
-3.459475644584323
10.840448181537042
-8.077300504942517
15.277295616343103
4.968543020079288
5.476674471528398
-12.612946427722104
15.276860598228609
-10.058957710926748
12.719359588987487
11.448233164021833
-11.2105626986536
3.304910618601731
16.937493995551705
-17.229538741028726
15.76533980065053
12.842149216116809
7.863673054818271
8.642430815598402
-16.146968868702565
6.188114776469966
-1.1427369275123027
-14.342912591183165
-8.796840760585312
-11.267719104543815
-8.421116847378322
6.654649537949236
6.266320793413556
-10.191517726813718
6.343261614737621
-18.54496490395232
11.053432047039443
10.077901125402189
-13.08065936870297
-4.425338669551952
-6.519185663957433
19.03099348223479
1.6693126503639846
-7.179314434116005
-19.27710630122143
9.986872173166333
2.5668017803386256
-10.1173970985332
-9.022232522840516
-14.21842171814629
12.892525872863942
8.460670188796708
12.973134122832434
18.993578709725647
16.78482521628918
3.562648817013386
19.329571512419122
9.43623746602253
-4.266219096584667
5.903113651795138
-4.327038740529838
10.234841252944985
17.160508465578005
-18.714142470827216
-15.479989195695412
-4.085488576892633
10.787953337231354
6.964007929075102
9.631635815079754
12.278435284903317
3.7713572494058596
-10.847323852824587
-8.74293881354534
-4.599565125040922
-10.09282181019518
1.1619722243228878
10.000497259088668
-1.7393046560288816
12.393284788859923
-3.5916733242241747
2.3562889403186382
-11.290272983801422
-17.10588293201254
12.266623555288064
15.973138602758105
10.237940079588334
17.357322006002164
-3.4061157290924946
-6.222674615089749
-12.990525531254358
-3.4827606399884488
-5.63391854445992
18.99738587183294
18.232978066384618
17.527240111544458
5.458373286348017
-17.589753182748957
18.67995132010543
-5.655147004048837
8.607487780239538
-19.039151447145922
5.692305357540178
-4.202176992806228
13.1552548692924
-11.980853556982606
14.681356765836654
-12.987009861639232
9.811970392529204
-11.463556403285505
13.924241556491836
1.1045514879505731
9.873039460425144
-19.240965280379267
-7.498346272935322
-19.279421950975237
5.990828955391407
9.703059726739923
-8.807717264065392
6.467654548550893
-1.0489228421459416
-2.1512846144787545
13.906707765475701
2.540171265065446
19.1105634285531
4.508131670004957
-17.927046089105918
4.826647717078345
15.585816096013474
18.38818710527115
-19.768880936473487
9.320607864145437
-18.950941965999867
-8.337088670134726
19.179837099986003
-12.22050728723136
17.411074783551385
-4.8283796003658175
-17.278197932304906
4.0514811963911725
-5.595315539421716
11.59841772004565
-11.402865478802076
6.003707368457157
-2.3037991408651237
-0.38841202782893447
2.341350675700866
-11.487923198421308
-10.4420611806983
16.954511021820046
-2.3697010619500887
-6.641978238111964
7.589019386239748
4.110747601692552
6.986156799840053
-5.930711089408023
-1.2481702452657686
9.705996757327426
-0.6572010358823412
17.409588153196722
-14.074344839544718
-14.023458513763117
1.4644995329769195
15.363324636607139
-9.693691030072698
4.106835879555394
-9.11461324121829
-2.5337123646799142
-14.672091624530758
16.501604808288235
6.1557944044398525
-11.129041939087614
-4.537375621587714
8.086046683804039
8.979097581941673
-16.551380276380936
12.499300173839849
17.38729220981743
-9.351163702998395
8.208420106308427
16.37456927006302
10.696106889422893
19.316713975168526
1.1296303991630268
14.41253850711422
-5.3636933667330755
6.386898605120127
3.8422390233259804
-6.240653065031605
-3.0499351838788122
3.8959675239306755
12.351327816359422
10.811912629733484
19.01053527920284
-6.298338722220382
-10.869641477709706
15.225680244993896
17.93684760427682
-14.603735497912309
-16.83344663960337
17.08894785761329
7.840712120484326
-15.322794456545301
7.423641838682894
-19.493803421270556
-11.371806562100101
-13.660148500590337
0.278912880748841
-2.986467773618152
-5.834696825964571
-3.58082040121171
-3.734166327352227
-4.919523775771104
19.41545010126668
-0.5585869796284584
-1.7141058766545854
-15.463452444009956
7.90708393883105
1.656220827303791
6.03498756360063
6.642455172466516
16.575669965325282
-11.90301609271286
7.000245310726907
9.6054435741123
6.656935771330566
14.102169490611097
-3.1463751874909853
10.948450871485935
1.00905733360635
9.277757473327043
18.871856054671724
12.85670376702862
-5.324971752990741
3.787381426384975
4.9006401975838365
0.7240763964106058
-9.395022861523099
5.504114586205745
9.271876951842547
-5.911543788179486
-19.968483804662476
2.7953232206972203
14.230710650100576
-3.0121984941106135
12.89788747578099
-9.443289690256545
8.558876020470471
17.260763001086936
10.083092978294847
13.116935428758978
-9.70187812533764
-17.827060765214032
-17.963788723101196
5.150584398868411
-14.79012240071433
-12.472464687149806
-8.128312761006597
-0.46596256762110855
-13.151125138564744
-10.389911232015674
-6.816422445513016
16.78967287121811
17.87298311886274
3.8263670431699524
3.467968026152761
-17.449142767566485
7.454774089791197
-10.363388997972699
6.406978486330161
-2.039816797642086
-14.031466219035131
-14.483750598982809
7.2327043979776136
9.569853264838898
13.780830175963636
5.728693677953601
-4.898950767211549
-16.389683260284357
-3.7269955387606544
15.776280213720455
4.22093219013766
4.332580078965091
2.646449612360996
16.523849362596984
-14.89746835775108
6.488082402349477
16.96168162933619
-13.142253295200641
-13.598676389067919
4.587987380607306
7.948534814265717
5.190995886962696
9.52738317846427
2.3216903537453675
3.425740694793433
-19.839206574714076
13.333451280460153
4.30624482817813
12.586999253932383
-7.41659282579311
-17.934857591254257
12.347902634895334
-1.6022746652231703
9.324499790336503
-11.173572931018455
-12.154579494487967
-7.564343348668189
-11.662239093286985
-0.11735009884345615
2.610990725762875
-19.279754283748744
-2.0704585669389317
8.221685237175933
-11.506495530585102
-16.876542265075756
8.121026041484644
-12.253727322265595
-4.287176783066631
-3.5674217658330996
19.577497797954976
-8.983568147511889
-9.147108969258543
-14.878349510766547
-7.537075025762023
-9.897137584623085
-6.245062613565819
11.450768896886455
1.5374350104406886
10.26029380564205
3.2505599977519104
1.2996831432297995
-11.455401359680234
-3.6185930171556713
-0.3513107661082735
-14.243284396225038
2.131533449980317
-11.674000935146829
-16.576350202484544
-10.722180145820799
6.898073828199664
-10.839704943049306
9.158805272033291
6.144043507353185
-4.182153345613875
14.705261851194273
1.7877371807441875
-6.540944732171665
3.511292930155257
18.85016371341868
-1.5902898880850422
-5.733405480851403
-10.082896171346425
10.440882657729436
-2.7053286515408175
-4.10825896550001
-9.002861177607695
6.0249066879334165
1.9409064313051125
-18.923253839406197
-13.236319228886583
8.846987276261125
7.993777219556506
-4.381439772722796
-1.5665767722989123
11.5745301497724
4.589989577654286
7.571569610741847
16.26020673501806
19.8427940717705
2.107752421528456
-11.541487518829996
14.217010262431266
10.011844231359028
10.314026928860361
-19.88180899093838
1.4518299160774397
-18.685268848319133
-0.25285743453007115
-0.37531080649972637
-18.11401115175083
-16.691420405827625
-14.655022300146596
13.02021174745807
-12.343790694167204
12.288056920615709
-9.199290034533917
10.15856473859575
-16.126168152101297
-12.603995522459401
2.702444993301711
-8.387187990851697
-8.31427368534957
-11.970180536535103
8.546409448142892
-9.090312380260016
17.162797152731045
-18.14553467388624
0.7580990683065316
6.3367143177971705
-5.829917390980901
1.380589955095516
0.7575916118113568
-6.40626225313027
-16.554476139662523
17.725565189468035
11.989185875020212
16.96333048477647
-10.051269024101565
-3.7849195185254203
17.16647111984652
-14.69776158043084
3.9737296678144745
-12.997491434940528
-14.801505742735221
10.013614758236184
7.3465257091963565
9.236124013095104
-4.52944223759709
8.399430418555752
4.20107464474334
2.962309244096339
6.363226454069345
-3.259249745036442
-15.963232442160166
2.3271178165207687
-7.748963207503916
12.653405208423088
10.916715254131859
19.58044045210653
12.349620744914816
-2.936299590933121
-19.250564445729232
-6.810082352831595
-19.823317395790422
-19.977354671847237
-5.881649356243003
6.5212749656278
19.164531725920575
19.19891399915882
17.152887317513084
1.835142843304567
8.165659152153566
-5.5460785381695175
-11.504416259809993
3.6313516453019616
-0.3981970775113872
19.931834617210882
7.138646959546939
-5.10943292184772
-11.967336193121723
2.891854766654376
-11.570463443063979
16.62197925924842
-8.165329438820068
-10.818588174810984
7.694213853146266
-17.793383638112175
-6.135888747716095
-16.121926776032662
1.2496753237162785
16.14240083428207
-15.742588180101556
-7.702338149374356
16.930244198535092
17.55928286378549
12.530127817526704
18.400194593431593
2.0951393453146103
11.11935511618956
12.122501468874518
-8.716525010744917
12.309089089098741
-15.324807568759464
11.341416675705997
15.055171142323395
-1.6349377626473256
-7.660741614200575
-4.817704501550688
-10.340069569265683
-14.490462702777567
-10.051172321022728
4.68099687822615
-19.514477507850284
-16.837105856596814
-2.4264893321487158
-10.220929952729598
-1.1534428462908686
9.346213384321697
-0.30962325274784774
-15.699040805224529
-0.538257460097455
8.456417898710047
8.479460883338309
18.148316392867308
12.252696833841057
-6.7452524204482565
17.6549930739996
10.6680683648774
1.5130874740925826
-9.199329001890977
6.874232035169182
15.365135894951692
-10.162440533239216
-1.858523502983644
6.568870421666354
9.691737166428076
7.908534555975095
16.070894445662887
-12.34573661822655
7.496828304051316
10.813430919170699
-8.052650646661466
8.953815790197108
2.876105793700109
-3.9702786843816114
11.119806938848285
10.20089259673184
6.467038644826374
-2.4881104542993313
9.779879582599754
-2.5687462588105845
4.668096010138406
11.406335995269178
-18.465636941305682
8.973100569233111
7.729344005886286
10.560918305507208
-19.82726323897705
-10.632820304003406
14.915830717345507
13.626174933146011
-14.886083411149205
2.9903459808908863
-11.016160839864476
11.55585430020951
13.793936220736818
-6.3514900134902685
14.395926750218514
13.774985892721716
-5.055544748777535
16.807682799900732
-10.872970868616889
19.097664284435673
-7.684298163661465
17.82342906974084
-2.4478949584100285
-14.30151083734434
4.254291409114401
-1.1345082752372946
-16.406780675033584
9.45248328424277
9.58155879892363
-15.819226500937592
-5.177678972617308
10.454995431786894
-17.64212308534575
8.678788542416047
9.298319415954222
-1.0202628863193937
16.728741595760575
-9.584566341850591
-15.556164068592647
10.739321519038263
-18.166149777457026
3.7114266923339656
-0.6995369504052604
9.236434514849673
12.15033561266555
11.5577412778215
-10.01935171779973
18.25027607318681
10.778226953111073
7.200987121104745
-19.924743600216935
-6.7732028038744385
0.5999005631772611
-6.349433075583381
-7.567194361518252
9.03668849328389
11.050138639255806
-9.245891862241544
9.448918111017104
-10.267788068703867
3.805861007982294
-16.050258614158437
9.738268389964002
-8.183530732807078
-2.2510699694621685
-17.85083822539029
0.41389007369831887
8.01601665407717
-14.94639350061723
17.88849479352347
18.29878649765665
-11.495950246449667
0.8067471367258889
-7.882777211324786
12.773992606000839
-16.429472120024847
15.195978576608503
4.322567342922476
-17.663041305048065
12.94297243944294
-9.141322888871443
16.617969611342488
10.132995721388113
11.487923006911373
-19.39102614659951
-16.222998207827466
-5.625991966256144
15.167219321666671
4.796579110950514
-5.357369786609798
-15.137119975061344
10.128828909984648
15.116727419853454
-5.097249567719015
11.327408