18.911215393810487
-10.836329117789187
7.082220238326528
-11.351689933159129
15.929475561900368
-3.039053445684811
19.755134738724394
12.56303724098074
3.146790983628943
19.488815559223298
-13.251410193394936
-13.969563629891649
12.171851023181446
7.916898336616512
-5.574291054733337
0.3728293726396501
-8.654667391207331
-2.966910269643588
19.21237825042467
-5.281030429636576
-1.4128495722575387
7.1528540242652525
9.053092883246478
-5.776422730174264
10.426489402583499
-15.168136981861192
-17.106913331311407
1.3238981847672058
-1.4408256121789975
-9.597049648819409
-8.357975922551635
6.574267229212776
-12.916684193139613
6.801359639760808
7.096365025160061
1.6378228113514908
4.228712820263393
6.362629511268366
8.431557469561575
2.3871821054612354
-15.998633675514
-12.987614126158613
-11.354379175551482
-0.11931275158222476
17.324441950169323
-13.632077953223668
19.408592299074186
13.841945206005839
10.334445605085474
-19.127016548291422
-4.627359437326902
0.9059459408015478
11.63214922873193
-13.86990502821632
-14.742956149641229
9.904178000931807
-17.5327023214794
13.333165572612941
-14.944980102881559
-6.639776182710296
19.330354886808422
19.75825977815606
13.422347788093766
-18.468383774877037
16.25932366896734
-2.944910432585779
3.522682152153468
3.030988871567061
-11.419843465084645
4.6595047977324064
-11.63733584162657
0.4686566144018478
-12.156882244438183
-18.203256808405722
3.7182148057302946
10.007632585279651
-2.033330436372328
13.068272569136916
3.9400213345235855
15.722577634598892
-11.326744777981004
5.0932670700379745
1.2589052259040727
10.64718307844053
-18.070250886820606
-6.905754879616527
16.72123141804122
-0.251854653286383
-11.944107256013229
6.619613053343983
14.250973806447064
1.8332505177942515
-13.822607277506908
8.391656188160297
5.795300875481871
19.963460440570444
-10.879746256867122
-18.35416208410389
13.955290276768793
-0.34543704018559396
3.6238239392131675
-11.335743263002813
2.159867247404179
3.739148473325468
-0.4317583895874435
-15.377262540498489
-14.34564928227418
11.14374812621529
-19.531354568242733
-5.1036983234786995
-8.907985445399639
-17.438580911108744
13.276165058223008
-19.870454359831076
-8.520043661607364
-2.216978454757367
5.165291223751282
-10.927529256620208
-17.119360835371324
-14.421713080777927
9.814259076893642
-17.338036156507293
4.12082371716231
-10.92992224684366
-19.61065639624579
-7.35786679035483
-7.667058421468894
1.0174049934293734
16.232285821216735
7.230516810674192
-1.4303696268988766
11.48914052828001
6.270214926720158
0.6125945852596004
3.162213414745956
-10.641319188377093
14.151131606116337
-10.63476409029311
-2.0363625777891095
6.859641054200974
12.265439299188003
18.43981698131185
-11.76956124107772
-10.893334193245504
17.478172403462807
-12.058099783209073
-7.66254469235558
5.41716918104391
-0.3052821156102503
-19.85316489926617
-9.160784048999368
10.170164279027642
6.581037613055113
-10.900935437948753
-11.576386123012057
-16.48128599223952
-0.9517007688222634
4.526230546770588
0.9952340520790237
-2.0109977912434616
-7.308625248554602
-18.51448513371507
13.849092358384738
11.858804200020394
7.54575466822142
-6.344541813529432
-11.252106869920464
-7.671928047099637
9.108562382457936
9.540868801106988
-2.776949736990698
-4.3718734316513075
-0.4017459453355272
10.44465836947684
-17.39609249645173
-17.859902478321843
-0.7397235242048197
8.477316956205307
-19.201845259608
14.26564918149814
-2.615593415021216
11.0369698214604
4.4973002091854255
17.358872649863116
8.461087868015603
4.240602021919813
-4.318758630082584
13.627648774069854
-19.309536633388902
16.025470986453968
-18.66673730137435
4.980867442321134
17.346994871784858
5.1622536952903815
16.674129275855933
-19.06693541347881
-2.1495019813785596
-19.847955456629464
9.228513775984656
-19.591824587629215
18.348500800509896
3.4014745268698476
14.425979518852408
15.162464693158
19.67458301122803
8.473917140001564
-2.7145466845956108
4.833983816633225
18.097528433693583
-6.2494651053622
-10.367140921196615
5.035893836764341
8.044893765513091
-1.8331124475814704
-3.4297464462735405
-15.872866128852138
-17.964714852516646
-1.4227057978238733
19.344878891179796
19.59233036535759
19.22312764590353
14.945071337377122
14.168533009259761
-17.035676328209295
8.5123512849974
-17.377061184921793
13.338432810217128
3.1071083336544447
2.4761597312554606
-15.58888267237116
-6.932427253794572
10.521421657608443
-14.179633267264942
5.621792830063864
-6.643161312633081
15.037102566357106
15.71106158767573
-14.010879269656282
16.012306745870106
2.478050150724762
0.24505408632814607
18.516540862318365
-13.53111746430864
8.511091012441586
-19.306864801520852
-6.967623978385884
5.69861417680098
-15.76939374079557
2.575328431241495
7.674726774680703
8.002294618753858
9.915261728975615
11.573622095597681
-18.508469401914027
7.837251166069148
10.81889991579908
5.212658231640049
-6.929007320043382
-15.338472972628239
2.423893544792449
-3.730415435274523
-13.65433609578389
6.525280634141684
-13.69760779035316
-17.61311493882495
14.196756844641833
5.768827506720953
8.421773949138188
7.259212889555297
16.019305140055458
16.93572445857116
8.438926716308146
12.983763487126659
3.306676280871148
-6.065609628691128
-16.20944799869582
-14.046463198045203
-9.932271473366301
12.085469738502603
-12.81896178979656
14.026746254205413
6.4834982537281896
4.558894130523644
3.5700129279428516
-1.7051778606439711
6.649945217531371
11.826770581858245
7.761896197318308
-10.997324798223357
-0.727462278359635
5.585446589833538
3.4926040695254486
0.8396223257430364
-9.977584327126534
12.911264260898704
17.48374041895913
14.718715792558363
-0.7893482270490253
-2.5916266662778753
5.251091907121662
7.4111365503929605
-5.978120250293619
4.045488202324499
8.411761139341934
6.180129390362641
15.05931293714336
12.899546216105605
-18.370132523806433
4.002492626089037
13.458519130631792
14.203394325416639
18.192382619846164
-1.2539700880339737
-7.504103341237496
1.949971946855534
4.890365079382018
-8.98227968514611
5.70029201301422
-15.645993265368308
4.15834402138611
-2.2305237781552947
12.628154602954154
-17.99190319132988
-10.01769245206499
-13.600914048477456
-6.544026004744055
16.635545197927506
-17.064077108319267
-5.060643385599178
-15.53298175644576
-12.247640508597243
5.840887115830732
-3.6763833529852263
13.165038394133568
-10.754314747184655
9.081194982274347
-11.45246767626183
-1.8193215939601473
-12.833068429606191
15.931082564215089
5.00066768577307
-18.197794103274493
-10.021660844491596
-11.418953756982608
-16.54458258612535
8.14155434259009
-4.196323616885413
10.990348487571183
12.023337406952969
8.379368006810488
12.93530824107355
17.517366804605324
9.174466842687853
-19.74825401018422
18.378721680142874
10.282850045372935
-1.058869678793414
-10.780551328443044
5.1171536374002216
3.7946368131790678
14.284243804567112
-0.6107926739126839
1.9798684689205786
-2.7130142875555983
12.777730831272436
-9.014825427541208
17.59975833966157
-9.660641915069599
19.565940411497344
8.985351463332378
13.897185796125825
-6.394805336001621
-5.421665294342471
5.629285806197895
-1.0681796184776644
5.3653225708798615
7.06749175830765
17.26587566745564
-16.83546220901979
13.194305400470064
-10.560120122924461
0.4062433739046938
-7.4421501146386415
14.364987887674012
0.3254589282087359
-13.043823269877684
7.916898166002419
-10.434837445058394
3.3361196713332504
-4.082533772877923
13.043924179035528
-2.9187802049932934
4.944821252143715
2.5792765670136575
-13.6484253320906
6.913897220293414
-6.849675698493435
17.480537331288815
-16.57723511179976
-1.221441142825288
-3.5414750714151175
1.824748896860232
-0.9015981491159373
-16.7708352195828
-9.80384207364196
-10.857031692003671
19.87622422023871
-13.356563542128153
-1.7028421741381408
5.486070583559751
-5.717879081694726
0.1476873767101381
-15.097876297039225
-7.050050599647651
2.329888980798657
-9.036738188477425
6.749501590348007
13.562915660837852
-2.782140805484783
16.108029584112302
8.875898512747309
10.898427192487112
11.739856111602855
-12.133850552256394
-17.153524696215868
11.950439659578226
-5.156349095999753
19.201040950138747
4.944498663526492
-12.774459837248816
11.796982318963522
7.037285174536091
-3.307356345145564
11.883747252411485
8.34432200783684
-18.922343361625998
-15.821405048286241
17.91062084688614
11.616229226985524
16.922417336219382
1.0951591731328705
-1.3315387566038552
12.377374925919959
19.733067371488737
-12.617414085936742
-14.750683492129589
14.78294831437416
4.044764708241381
13.88367583484029
-15.290126193378285
-10.927882485313809
-16.772680275570664
14.078620980664716
1.5430733353309058
17.856425283317563
-10.829739722645439
-2.5349750570110174
-4.872144490777931
-3.883813889181347
-16.595154908136106
-3.512107304921358
16.661683684495642
-17.147298573024855
-12.453544149884479
-2.6064795560289546
-13.904761865575942
-16.831702512665846
11.43099889138966
16.63713816298751
5.224239344950526
-9.165798824329965
8.175917919298175
-3.524804125454949
14.550544582536034
-0.1782136147649318
9.784268509229367
11.081662183254984
7.753763212631377
-5.543729166433042
-9.972681888958448
-3.8102715186669016
-3.6418168454118103
-16.67076039473811
11.020766278365102
-14.084564326737885
-2.101491981558361
5.477365712447092
4.934138312171438
-13.933714338298948
13.88922957095636
-5.045060574826676
18.866462559883495
-4.084725010003156
3.2879112795374645
3.2251171892673227
9.853573635296172
-18.193385504123647
-13.960923771190945
-5.275517900043937
14.224753387976847
-9.419550903551599
-16.91003407062109
13.560004320518622
-8.096256423748303
-9.769702361092754
-12.323550599614585
-3.7147600926406845
-12.47623239831416
-12.995500270570556
-19.74083495879226
5.208522180758575
19.985475607139584
-2.6701828146088005
-3.378338413452802
-12.401076822440725
-11.111294565669226
15.025933677778987
-1.5206731244290381
0.4238203372325877
-4.809467751378737
-4.112137490155785
-18.932663910264218
3.5156990977809777
12.575077542555562
-15.393503983245274
-6.7218090930395356
-13.03583280967791
-0.4719493303164839
6.74699544406209
-17.40646260238404
-5.544994126684157
-15.470489042419736
13.551745434689764
-9.564606231308893
6.501570233729467
-6.640718506411606
15.860651773429979
7.292555513327201
2.383787583638295
19.417659192457172
-16.429908917125815
-0.4817614236509513
-12.994517527628776
-8.321092665439359
-8.231741544594296
-5.891332340541009
7.213242010035156
4.891117387161195
-18.326760095497324
-9.360343609354942
-16.415747711698437
-1.1480907798330051
-7.987296965656867
15.46012745864622
-12.560427722125983
2.4137954729417324
-2.8083604112148777
-8.655765425917883
13.557815620309732
-19.894705891582177
3.935479983019796
-17.125427874763076
-14.060244939939412
15.28240975082209
-11.04068833942975
9.667632599241173
11.320623166239244
-12.678062328254542
1.178151033942246
0.48690981352343243
1.7881406620691997
6.029755741617638
4.520328050171976
5.690317252568491
-7.8600057725207115
6.5719883830906625
10.55476758546886
5.48677333004715
-10.66053030763527
-2.110608074992818
1.9073405260911898
-9.150075383782692
-14.64986218895767
6.911759232449906
10.79550885647857
16.783182236855573
-16.79348975312887
-0.12040333917346402
2.1100489315877837
-5.763993294975522
15.845442338228352
3.4225721577177772
-5.070043619387953
-12.519506456543677
-13.615783875501513
9.44711128309768
1.8103718091977044
-14.863993216527467
5.901616011985055
-16.465616547099383
13.720270774076063
-4.862760430645006
6.025787678485241
14.363090060797788
0.5341291069544454
-6.633982859407679
15.494273778584741
-0.7321886813699265
0.6947981627007458
-11.577460164014308
13.16206569798451
16.56068672838441
-8.371774234992081
7.729734163211624
-10.882651591009186
16.442075903538097
-5.350120997675258
-7.996498475547579
-6.578678986738087
19.00257136470551
15.341710726365903
0.164089646478498
6.533037993388291
8.893273404058188
16.314416983405884
-7.666696887725077
-17.971918328766442
16.174109029143352
-13.50630569979058
2.496298999751126
-18.982280584359202
-6.01854858197289
10.613735660348329
6.003036728537875
16.134101629938037
11.722765024815974
19.510045627081908
12.1182223548061
14.637026458794729
-5.883736458326485
-8.597440895428047
-2.092342491426372
11.47834314114671
7.722953868490045
-4.830429175733304
-18.555427346728347
17.55515167154995
-10.919516345967516
1.8220805060937515
14.26747482475976
2.4931531175707633
-10.468403728114112
-5.918256974153028
-9.016928023744097
-3.5196504709840255
18.237217765068728
15.375978270179253
0.27652094110609937
13.671605652999133
17.53770830861231
5.068077302497844
-19.00687742622308
-12.016765305964281
-15.16982253748193
18.020241850988732
-7.846249113873771
-5.288261106768646
-15.88227791544016
-18.893770209870727
17.922136937440314
-5.587655987131775
-12.236525853285617
14.814242004200594
7.499954037121395
-4.277387096144075
5.5079237638780825
-17.63738530713612
15.188605730140004
-17.11266675356743
-8.941035406527952
13.460616705223536
18.907458562507465
-8.810780325413742
-16.643989602312892
-4.680040011330053
-6.129516022844207
-0.07899523843413192
-2.1597333951297912
18.494210929667105
13.021148996434839
-19.528116931051645
11.864230215728018
-11.860231210491987
10.677440663163242
-10.2036682225201
17.808550783704703
-10.570381918758684
-18.431305978231872
4.748806954214718
-12.488041518861106
9.69318927026739
4.123481064508901
5.816270749765515
10.38907411708838
-0.9600599968562946
-8.964352068787843
-10.225232942291203
13.280450421590032
-10.104093664408413
-4.234291123875259
8.282742686157537
-15.339803227684069
-3.939538783180577
-17.83677382919827
-1.0554425189858172
-18.64665221691913
7.897465103584018
14.5735724035558
-4.085210709837398
-11.298889978536462
-16.9480294459905
9.790592702362943
9.207602044207203
4.3425798578707315
-11.545277786714667
-3.4095727853414672
13.612573496035203
-13.787505752586346
-9.29833112902716
8.16234339071654
4.723144935633698
5.776162306360028
-3.836352158308486
13.91554572059809
3.329194483138764
-7.190141582178512
17.408721039370505
-15.704184720755748
-17.31800465411986
-6.113928384779053
4.471408812239709
4.219280926262655
2.235918624197172
-0.24714499713832438
-0.6745219132658136
17.671210194737178
1.748566042862901
-12.26769223132592
-13.092448062243633
-19.95968206322782
-5.737456233417685
-10.65428165742404
3.414470652475007
2.235682433769668
-0.48724616376421537
15.170254272154779
-5.095321039388718
-18.52840881883583
12.027310325997995
8.001292555787124
-8.396028390896792
18.303796630984472
5.988328985599935
11.118537398572883
7.649676994127553
11.284026324189398
-9.371648528851576
11.257181588768745
-6.577002761984474
-3.4217017363631683
19.599025314277853
14.893018401194198
10.128858510615405
3.225802709537163
11.622299412611117
-1.3110981133134736
3.5828427375318306
-19.974214299165844
10.67383343089428
6.01617302671329
-6.545404183037103
10.069965731082018
10.883853566467362
15.832426905317782
-19.724895998119475
-5.684950296071634
5.324957282995122
14.623811667000297
13.946587922024591
-0.005336377787664048
-5.680331765760837
-0.2593235178147104
17.803216191493945
11.671209967994692
10.689928125031749
2.6170494821737904
8.627124442292686
-2.917306362219769
-17.19578615040819
-1.695797528751438
10.394506059844982
0.8416788340597705
-12.407577810131801
-18.141161454218523
3.960212013959268
-12.112920466521096
-19.81284507933686
11.22364920759901
-6.904005990597767
-5.058082391600664
13.600915884540512
17.094073877709107
4.80373213932188
-8.084632794636292
13.28836510194931
-3.399447455535846
11.8596421324021
-4.809264299750424
-17.497947783840672
-14.009209812637287
-19.454787718358354
-15.577419847888624
-2.1688802637747813
1.256372370037326
9.133672041105918
9.152806575130295
1.8539819891226372
-1.103699585075674
17.835984503299002
14.073933901085354
17.23880715584039
-13.739004870035236
-0.7691589637341139
-2.0575174438359802
5.919173072694402
1.590237178007257
10.153663864658032
3.778412845284965
12.15509795688672
-3.1743542125637774
-1.9598545327805859
7.127193841596082
19.55357081905089
-13.403881753036696
13.306696267640795
13.289120930429618
8.682958025498841
-12.766107725461818
-2.3747851733416994
7.346425152833582
-17.468387126005055
8.33568253030176
-15.282278514630514
13.030393399858823
16.669577877603146
11.53450931220462
19.981909022650683
-15.5377623884787
8.065802202232938
2.861753627273078
16.6483036917938
-11.676924545434048
-11.202187220772615
18.348949801097802
-17.34150885544439
-8.693286542642934
8.66777678902583
-6.447732157388387
10.362126963736344
-16.03998972476603
11.888447008032479
-7.391685504435287
-2.696459222934635
15.829706305092913
0.8061831875793644
-12.72216856410357
-13.367976440854704
10.532792026562674
16.839834943859344
-0.6997095044293147
12.54465286070242
6.744074080426582
16.58779528658271
-5.862595515243232
-7.440678475668729
2.138946590368498
-15.853627258917516
18.897112897023682
-5.25776790253901
19.792350806914683
-9.602538093233273
19.66743091801534
16.57266242775222
-15.041418798569035
-1.2528383652287225
9.375702847390578
-7.571063092433889
-6.098567299812387
18.582879718854798
9.254394700023909
16.95308949899475
-6.6255018353995965
-4.549196368893682
-11.678369742502973
5.80281384561447
10.528590430720946
0.8859994731452723
6.081326354100838
2.9911095539409516
-11.503561898493215
8.143371374469417
-0.0985650504685438
-19.493953280698936
10.35157423553807
8.621301680157206
1.9909168231608412
-11.57696714359731
7.562964372442416
12.59418214071053
7.599000530520112
10.548883173359954
-8.86237809753502
-11.439664799164891
18.798369299711567
2.4908101795581175
-11.600470521138222
13.61948783501748
2.9761901779552424
17.02889652965262
3.181825264488829
9.235311756385407
8.246712738354944
-10.569860061961794
0.6092190638810422
-10.661837521946875
-12.211816201487524
-18.55000497609818
10.798611604256692
4.578014312301253
-16.60277743190564
-3.016709797818443
-18.83284589349641
-1.0712925082270104
7.153602869266081
-12.729687825903087
-17.111376373447232
14.806410500396609
9.748399673282528
-16.642937664319728
16.062154054565013
11.21473195314719
-5.302251088555451
-9.107847495113223
4.609973881107518
2.1668893830930145
1.1833635951927164
9.065331154784417
19.185327470667517
16.55394328608576
1.625444641199337
-18.564082112158772
14.688599558322323
-8.511881642106317
-12.09487779908712
9.649222082070402
0.81791053925037
17.140100785862067
13.817753597150933
-8.207636656925636
19.012831976819598
9.794368017837613
-15.5292761124986
0.5817457920741447
-16.12522575027012
19.111071091115484
-16.923319434958692
-0.373668777168227
6.301165011583247
17.679178443448876
-11.934721983335281
-8.631818066315393
14.034507156670799
-7.549078040540103
2.9287993734620024
19.941872992292453
-14.833953932566892
9.123160800808193
-2.20779489032493
-1.9149454692837722
-9.775892342433465
14.344440573781661
18.74083309591078
-2.502335114147705
-13.073796560989885
10.271451512691225
15.65679861899428
-17.820195688088013
-6.118136206869993
-4.335547932360084
-14.03032600847531
-2.549426513119709
-0.7975502594372301
-4.7876315670504646
-13.112238876335391
-15.888299969685749
3.310126729235222
8.835318250332513
-1.5869280460176896
1.722368556187618
3.3840008075545924
17.308742500918086
-2.65659513312837
-8.150787675588123
-0.7915359413542831
13.873202074302355
-4.84366161722788
-5.369829043843843
-11.557063102294784
-16.85844467187458
19.86958264580477
10.472952488657867
16.998199455196968
-9.140680958862113
-14.247930339402801
9.748798804718696
-15.260629042332802
7.228716259981574
-2.2306723954928067
2.10331299941139
0.54320880614247
15.60091353478456
10.668801175558986
13.945259636950816
-15.595264250159282
5.995211185037409
-15.073344444160938
-5.612775192774237
1.7101991877970804
10.12443846719922
6.222740522038066
-15.96793662883282
13.957096023559544
8.767021089108695
10.163392007320866
-12.687359239485417
-7.9678676957355385
-4.474074243609065
-19.639564020383848
-2.2378632434653234
-18.25244649069683
8.484966092875673
17.341087111246466
9.684672003247655
7.257292013661733
18.299536457774302
10.533621535306963
-13.03758178506541
-16.0110745377102
-0.438817285862104
-12.42746068966408
8.665643003803979
9.779814398595214
-5.613726030022995
14.143801800931428
-7.762193016207171
-10.35859732249435
12.671308699091234
-13.095923991288885
9.016278182560832
19.661037189554094
9.640497015751862
3.6245914150498457
-16.752606870669386
11.780842074812945
4.223120443640184
-4.5710783484663775
1.6384388133158438
10.388993764628584
13.456734638829971
18.66235872546271
3.826731941914467
-0.14982955473549708
8.994388500566654
18.645813462766846
0.24937094506947588
-14.259417912615815
18.43102498280865
17.08747579615236
2.615831611375242
13.050356902974578
11.987496776072227
2.6786873779008182
-11.105717362147747
-17.174223802611024
3.654298264808368
18.662667562355118
11.213847147077992
-7.444146410133531
-15.287239584571314
9.013384195124754
13.471795143577303
9.432843415913634
-2.767495994981509
-1.8426811021451819
-14.703309007306862
7.834060813548337
17.513875437016523
-4.939682723658132
-8.127118546777744
9.303102774920596
-0.41990087765344697
5.7374646652303305
-14.128749510968216
-1.664197949266434
-8.122320997928355
13.936951766441211
2.218960824252587
-14.233162772081847
-2.324195997846836
13.801754954460968
16.30428120280562
17.748372925913685
-17.82420710490516
-16.94625457097854
-17.71603077161592
7.545273080985254
15.084270059944586
-17.34345321260403
18.16017759501331
-11.627484898676364
10.100413305739316
-0.21590269779720472
3.165108500866541
-15.334490248277323
-6.849909404481043
6.492968991561035
13.880937192153368
11.472777199604703
-1.8524226290228718
-19.16447014948698
7.327319700196568
17.540778965191677
-8.839746563281077
-9.654820012945354
-16.247986518887053
16.052202561379872
9.653018801973214
19.974814914047137
-17.953221634527104
-5.102239908910612
-9.266089260092825
14.19036038747511
-1.930393415885085
8.149718865758274
11.828918563339869
16.65238228358063
5.4671829213081935
-7.674703057473309
-14.455682274204191
-3.2829838178506634
15.695235927450973
-9.49538916872803
-18.11026015471727
-5.507533430408547
2.7065189300267853
-5.439377243442337
3.424059743193183
-13.132815917282112
12.513674971483283
7.159132319246687
2.9377344571084336
-13.61925832119978
-6.210920586957403
13.330699854610032
-2.9630378604875816
0.21827383330414563
-11.677226195773578
-6.499108466437477
5.61221893490179
16.860567782214517
7.372326804206239
5.061520586514984
-5.584806085451053
17.8356513398372
2.841033686189995
4.760748793780252
17.737564253115792
13.503458690918094
-9.362805172989086
3.9207737820793085
0.5426672658902909
-9.584201016402126
-17.98653077520942
-4.5506415187367555
1.152467597426142
0.02718334325848204
-15.690962757881106
-10.493459471231272
-8.262426652642167
12.59038797805588
4.600278976446059
-4.742929216674309
-18.168260255629857
-18.5104500554684
-15.45318124926637
1.4751335157903824
-0.228678823750176
-7.400450623887096
0.4192142337077627
13.031924604518146
-13.50731091688004
13.863742720057893
-0.5654072467345905
6.2991892328627195
-5.222790559945011
-16.5596478641857
6.9818182194320855
17.514447651412524
-19.710099042134818
-7.95830367271904
-6.023932848902277
-8.138432078844202
16.779500866993473
5.0850881631626486
-8.536248794377276
-14.21054017212024
-16.00502316015822
9.319652176063443
-16.153356168993106
5.89967649067556
15.11650900093634
-3.952172073826482
-9.732698914119066
11.830040573650571
-11.8475406622413
-8.442822775719021
-15.342262715944411
16.014002622325535
-7.604661261069854
-4.008038938930408
-10.58726591646597
0.7853632954583958
-10.497303998010349
1.923344715123637
-0.9877023397175186
-7.749176554100853
-12.202022858260225
5.9639100461446795
-18.65865272414768
0.45248824213877725
-11.233365610090873
9.849926513452182
-8.827815131851589
1.6216566058188455
17.388640775704722
15.161006738136116
-4.198340418287607
4.345241717316259
0.8124390762168687
5.250797724502739
1.7782056836194613
8.240607089809547
-7.364144522018062
-10.892910945396054
-1.592262369361002
-9.429942250625633
7.979758250889173
-13.983725070392508
-5.732575479546075
-1.6140677814955815
-7.7128144946674215
14.757321447806
-11.491330417735561
-5.367171817393652
16.459967594147145
-0.23701854715583437
-17.051796623850805
-12.078005568512967
19.965213745866485
4.185640018894951
14.018390959447927
-2.8183162351078828
1.534792886796943
-19.817839728059624
0.5761613326235882
0.10018369467893962
-11.159356899618619
-8.369026388437511
-5.433120909782643
-14.026982508490558
6.078873078486147
2.847565172665977
13.300150872882902
-14.631601842721484
7.738663243508206
-4.8751411184883295
3.961897184989308
-3.753880332851761
0.7705329677032289
-1.1064296074981819
13.750090671097006
-19.287325765145248
13.147159781428243
-11.071136260647867
-12.390151571685447
-17.010164353325724
13.176214617804277
11.408841512133648
-18.441371291068695
4.137774864938706
-3.349328158237519
8.409406678501593
11.171097698435158
-0.9586970883663781
6.012589066180119
-17.621877856663843
-17.808175518576014
15.052409615981247
0.05993479392477852
-3.822674564065288
-2.104753392179795
12.698468967095813
-17.313741880764745
-1.8318214762325589
-14.630720111326676
10.123222933263104
7.885474223290917
10.255480138780175
-8.28303652111745
-7.655335903844698
-8.202363905428234
-8.843247095689186
15.424882237620487
-9.036015795829645
-13.483725370910044
-7.6274255099804265
-2.731320803688668
5.708685313452925
-6.068082569657513
-5.0398892415769545
-13.946254562799748
6.954669435836664
-17.755440006351805
1.206137674193556
-16.42112837214984
-17.879938433672553
-6.060460776881058
16.23874552705641
-15.55703619376882
-16.26266612817929
9.035212930573117
8.637673642365385
-10.177646980615748
-18.970302903025022
18.163247027658272
6.055024188821317
-6.250113113275852
7.3547689790883375
10.282971671934312
0.9555838217438577
-17.173325996714127
-16.899448155357653
5.48412362987218
12.290341685000378
-10.340955652037476
11.796290068863936
3.0306027424419355
-17.53185030614749
-0.9221278753612907
16.687620850245416
-18.69833830912167
-16.558596237711424
-12.282614898836668
6.089012447419332
-4.078732167797137
-1.1654045938169233
5.256121360918456
16.137359139732133
8.093910592859967
-4.691848157015194
9.415593446188993
6.872870255798329
15.153835746714812
9.903167664626878
9.388293026623554
14.897205312038565
-6.334102677174446
6.206858535793401
14.612892075946291
-0.1768438894419404
6.518703682642034
-9.015251273489655
6.3971575004834875
5.655640564387767
-16.42425529835291
-8.60241853285244
-12.467466055450718
-10.044336085305488
13.867388444697767
-17.04332711907452
-19.397433383456864
15.975796267537255
-16.932140068724458
9.088563427804704
-5.634392975370645
15.233820308104868
-13.625285431675223
12.742926484766116
-19.637804834800754
5.306547571152109
4.1312983695448615
16.13058729344708
-10.22753413054696
-15.058547006605876
-12.523026932774659
2.8961823937519355
15.511761907679748
-9.524947235141852
-9.364970846108807
-19.19019221044855
14.703640790894646
18.120191979951613
-9.297380323817768
-0.9521598876931705
0.24329265713462433
19.806567115923045
-8.086946001413597
19.285540952420924
-5.7573121858301946
18.146276634945508
6.911292141096489
-2.02321077758263
-19.859724354126598
-6.107220982009567
0.29265335427762196
-16.314655536244004
-12.412394980000908
13.557087017878267
2.526095091667763
-17.60073798914027
12.877096484821273
-4.073428541106647
7.564177012865983
15.14719788392258
-12.915105899940901
14.045381340664626
17.166018524166077
4.380388011800363
5.874329464108051
-10.18292699724646
16.465562145295706
-6.680853192050918
1.6900234108023682
9.074959450960773
-11.289874816903964
13.566274522505843
-5.946930259778922
1.9090563873676842
3.113267488852376
-16.78053703357591
4.407986097244056
-11.949748146396932
-8.141219021002154
0.47003768173422245
17.61132663532412
-17.791158311589548
18.540109058606063
-12.357860991493123
-3.6490103012087474
-18.641962484145314
-3.06456624624321
-14.234490962537745
9.181680936161921
13.258592345475329
-10.878819447587254
4.172095542267222
-19.08944674170051
9.36453054067703
-9.494743359481319
4.374432447302816
-0.15396225054296053
-17.471930103268946
-5.542767274173585
15.573951084222749
-19.930909946276007
-15.402155142320986
7.58244382062265
13.872880299629323
-16.29624367749897
-18.16909694043829
-11.242204427965547
15.906804191943323
-6.650293230536564
-2.399084563039473
-6.310159386465264
9.655324284030897
-14.390188977140523
-14.643417144668582
16.01094416622675
-2.6941204609997556
-7.246118220736051
-2.914165404421425
-15.86192045793033
15.817412838883556
10.751958438461973
2.5934763016466356
14.231227995915177
-17.087916339877346
1.027028566525292
-4.726021270307914
2.326041873030782
-10.036042403673676
18.533598291517194
18.820754091495573
-11.440433506033294
-17.343115159073356
11.199145686109407
3.654859778743173
7.7326753576915905
-1.4311051271251074
-10.269188642672717
-9.78153400602376
6.838545762312151
-18.778172413771152
10.685003889166403
14.95821526324135
7.131796447010558
-11.074568945075075
12.341079618121576
3.0396610167780906
12.032358384362837
13.64879380722001
1.362207024905313
-13.389050010735781
-13.378660491833863
14.497032578655663
-12.022654538397575
-15.387995602998892
8.571394747657731
-0.5878488172019019
10.034281143113244
4.087825884037176
15.497887627430842
-7.840700310805762
7.5564979987568
-5.559087375430378
-12.356007437268612
-4.088507025785123
-18.45521076579104
-13.091887748470938
-12.230378029790234
-18.905399456679902
19.557772079711924
-7.656711455320103
-5.062327863429372
-0.844328742310072
-11.234137146184139
5.197428581079301
-4.15278154340227
12.164437675398993
-8.437580300549271
4.5867077027514895
9.347179601199684
4.617319508286041
16.39740477421313
3.802204416143894
19.636248943416085
2.036839460174427
0.9485954800195948
-12.883565316310165
-7.621866457251718
17.244233852794146
14.535834800473943
-17.065099721734146
-13.133327361026925
-10.380327462850008
-5.473766825113371
5.9253170893679155
-3.5096841822564038
19.46502097384971
-7.1977671219025385
11.438807160452896
-1.1191574222030098
-3.212259248341219
12.767522777650797
-1.9870469984362593
-1.7736596522390222
2.7305730531042656
-2.278778313387093
11.380358765169678
7.210664201179494
-16.20374984930973
10.629376550766047
7.91398901235479
-14.883052926558648
-5.169878592868331
-16.55114323072674
16.311288870220594
10.29921771649093
-14.766399539772706
11.779339880376941
-11.192699817795862
-10.68220711796208
15.03963127765789
-17.580157285542665
0.32577860946332393
-18.70330754384732
9.703173347436742
1.107667565305949
-16.20840035382464
8.604594512242329
-17.705080017708447
-7.618956321061589
17.78952155016278
6.206946386306214
6.934133279266732
12.17416262420948
-9.345726306707153
-3.2438805371440402
1.7917078898769567
19.18609701105467
-14.083037715177245
-7.317485866694717
-6.843049348082083
-17.777076700558577
9.970286383517603
-16.889066263174332
-8.708882001985344
19.97814271098474
-14.927563411073095
0.44136584789353606
12.342386001894504
15.720564378391472
-4.4217029385596085
-16.434591800909825
5.004834076528432
11.153255646121547
15.16551771821564
1.970434392068718
1.5836430168878124
8.287049865117304
10.430897946165189
-9.256114926618935
11.505861347074855
-17.220412383270634
-13.769688919239291
-9.207315194957442
-13.934237710062082
-1.6994870909049133
-10.916000486067192
-2.3764290582930485
-19.569445294976127
-15.959722580750633
-2.1033875174104786
12.51319794621277
19.47261918581942
11.617002329228395
1.6114675768958975
14.36295939972797
-10.395973970599952
16.637029946492405
-5.286252513140074
-17.97563740450535
17.442584742382003
-7.661733116236933
13.506531066789186
-9.657723390707936
19.049580994019635
2.533780678493848
-18.425089571260802
-17.85089201680386
18.552331532555172
11.474366542492113
8.18831007629786
7.723153720702818
-1.5058881690200145
18.58847153225453
1.8109987649907566
7.95355594665844
1.364907997307256
3.705898411096097
1.7735837850865792
13.152076502768281
0.39128797599342136
-14.358515575954094
13.090253556839919
-0.8486669048712017
10.268241903472557
-6.47542363965389
7.243961105074376
8.901329519918818
-12.28184346854552
14.186887768185649
-0.09270106897001895
17.506722171568946
-16.02797543298506
1.5673705887824951
17.38607136923965
-0.9817186659727959
18.86600616075598
-3.694605587484304
-1.6399982079933224
-5.72457050324453
-16.256137217407097
0.07023597551772198
-16.512290884047687
-11.371208570789335
-17.004192487964126
-11.780812503477605
6.892261249809767
6.442606264567978
-3.0178193566152984
6.879873317603117
-0.5978333037958663
-13.397593719522213
-6.203875047280722
-6.7272050170174325
3.0221713025388155
-7.997217272107919
4.532649711167771
-10.275660632500067
13.540284917040466
4.362864585666362
7.470286350359018
-13.923416623277198
16.623546585946045
1.4578443799745315
13.855189075359021
-14.138990643394855
7.954546179155507
0.2541407920041081
-19.01355864502034
-17.396927456054307
-10.362529982616874
7.498627596590019
-0.8450065441849262
2.672381751187366
-15.346849839214553
12.936515564599127
9.888800145658028
-8.284815121787862
-7.742462645243982
-13.29033168452398
17.54375159449544
10.801784402727979
-4.608377442202581
0.7963878799336932
-17.974250459371092
0.07283335614335584
-16.93413371476092
6.793308323337843
-12.441887471642659
19.343840956049654
6.275300391467798
-19.05555741434938
-10.129437527803677
-10.644342040273788
-16.466300764492544
15.839505242359458
-15.891851380091605
-9.55671653745477
9.420964221830197
-6.396185100431797
10.887975748281221
-6.547487562956263
5.7304203883023135
1.9371469437358932
15.58273701652643
4.041011536360273
-16.390032920930977
13.710580887405158
12.833145338650816
-8.793019566247406
-12.957015929062363
-11.236678326496264
14.74787827273503
-3.3973721405434745
-19.92455776228635
-10.794160531598877
-16.421632112659644
-6.256544347056433
-14.711134870323349
-6.816334875122365
1.7650626816822097
1.7411387348065972
-19.873758127245953
-8.608099050836945
-11.20188255633009
-3.132770177415509
2.4535045579297687
10.170960640276661
18.69423288106266
0.4692397758010749
-8.465895540253605
-17.09893454782471
1.8441166027539033
17.870317505914628
15.408784338917933
-19.252932419416425
18.25196508967958
-6.693253570514814
-11.683087505901607
-18.533347731287087
-2.0113549208795547
-13.843076398573642
-11.03622515103523
-1.625995051299629
-2.7679308087342136
4.7735233389317635
-6.600164330027244
-9.459741803736485
11.43491246179568
-5.685075175746736
11.613123734546726
5.452860278217763
-19.10421486126357
12.944981169162297
19.163320559350375
-4.011346793222405
18.383794080730254
11.279076193417321
-19.87417781179834
9.633063447238076
-19.620140594680407
-10.500674932323818
16.661877691251384
-2.0266105937781695
-5.007825876137527
12.495023741122928
8.929144532577492
-7.303136021497881
-2.722393755726543
15.886959012172916
-13.093652180673757
-18.279141523121872
-18.050925188712764
9.13920581925234
-13.287613070894473
-12.393946408729391
-4.468509101153725
16.43531734120492
2.4375216725186633
-9.42099091315515
-14.601420691348066
9.432924111900086
-1.4618375823671528
16.382690102930333
-14.52016595223617
8.52297538918874
7.484525522638613
13.862465802468648
16.64686920290955
19.940824081974085
5.045719241244662
5.634227070223986
-0.5458769086558348
-6.302078012552439
-19.83801541509849
15.38964085689301
15.392212290382695
14.43783108203003
0.5424192252232771
18.753060535899365
-7.836783887743897
-18.58842548973317
-11.764846001303969
-6.737587407966657
4.003223231553527
-7.4041039725641475
11.29442997151233
0.7216686457669539
1.6451304360495023
10.791660278552424
15.301558641968178
2.0380015330960646
-7.276132774293259
-18.506859076775815
10.879746712460083
-10.718715666875113
-6.172605852046576
-15.156964934864234
-14.423460472445274
12.546819631553731
-19.297264382189727
16.034753752827704
3.0276161886101676
19.37322444224202
-0.38814421729147597
4.771286269551037
16.579896492274734
-9.96804012662805
-15.667834268150699
-5.212269694220408
-8.540626642106304
1.7803835712627922
7.954029226575315
8.082038968589202
7.710021919590872
13.880749556990764
-1.7441678677742978
-11.27774068336552
1.5865694535259252
17.33015959967645
-18.4564098648096
16.720153179239162
-17.09431401223201
-19.184322749368448
8.958894809539718
18.83565639976939
12.973162883133547
4.182429168399398
15.934762974475014
-4.074240127673857
-2.381806661641672
-1.7966701674757672
2.489792781660995
2.566495917364172
12.167656038933998
12.36062603263656
-2.853795425983847
19.32208171912918
18.812597614385368
-18.630052245227425
2.98454645295341
10.150506133053359
-0.05228741511544399
-5.925844429999575
-12.72398683323065
7.221599329555911
-16.981071898915722
6.217951344768068
-4.548487620796209
-15.222085978572753
17.677530928164302
-18.349784334079754
-0.6372223394041328
13.919724419017129
-11.641987309732912
-18.73548622947316
9.491062786776677
-16.726875232014372
13.143317897362536
10.535353755154198
7.961230768923482
-14.33724376960396
3.678774527360691
9.120376987585125
6.367290689788085
15.337659795879276
0.8096247950615023
-6.452043726003467
6.2358154088921935
7.961038228331599
-10.362153104938034
-16.885659802263206
10.59290452092586
-1.7821660099082308
0.9102891261924064
-16.632117170795663
-13.27280450265302
-9.925808238037174
-2.579987214046188
17.777070397662847
1.1868048252843657
15.540271804212765
-14.07815781700291
-7.425893933089188
-16.480416902975517
-19.49002695049227
-17.11923979576047
13.40630362310388
7.755074693108956
19.678811389686935
-10.693136795720593
2.7720201190692784
-2.16754995632758
12.646430524633416
-4.347514985027271
-19.25504603175872
-7.881182276674799
-7.803144274801937
-3.5285218665874716
10.956795828378127
0.8096102815190989
-3.8347673888203246
-4.2470414754081265
-0.6663834176392278
-16.023279954379483
13.440630120160371
0.40351525058251525
6.828892612534602
-15.440127497263628
-16.59138772492782
8.104899441705506
9.605731624768431
8.260389310340276
-17.569749460803767
-1.298046628617353
14.794903533657084
-3.5291537490218943
2.31825022971503
-11.116645788357706
16.14958879494486
-4.523350845946208
18.657520974881557
1.1627407494980773
-13.401754975115479
1.1247404757104285
17.189834975405013
-3.6356568563141494
-3.3695892646044854
-6.228944176933391
11.515500690684583
10.563581011314778
12.78026042278995
-17.84007310343604
0.7158467696241644
5.21465131896241
-9.969664941905712
1.9735206895337853
11.130213109948226
17.42947720211702
-13.980907909402745
-15.05589733336179
5.183170239288678
18.047779963994145
17.995450345466672
-10.23879402475188
4.938507511655736
12.059649540535638
14.80795282603453
8.764919629986139
16.916593073768666
4.3922000315080645
-13.883790404743287
-1.5031735656465557
-19.257403838176113
1.4302011581115934
-17.177996737999575
-16.382124183101716
15.234502041135599
-2.6372437144937564
9.886929019940645
-8.113371154699331
5.042859921779307
13.306252424638828
-8.272101345267648
11.960020021306605
16.099629703790264
-3.2219077986062743
-1.073961992503115
-2.0588962601423013
17.02289109001319
-16.05578549331506
-13.052221152795077
-1.566161293277176
-13.44261159296126
6.759319370806654
4.883775062111081
-16.42347868762497
15.583976314122822
8.76761118508825
1.9410800173600649
7.233193127310731
-0.3308231224896332
-10.06515614423411
-19.06452148481953
16.9942504961677
14.52761388620813
-6.980590084941598
-12.902222510094617
-11.813010999816761
14.996022518257007
4.783841910786684
-5.786585166483661
17.87129628996007
-5.118476920437116
14.469072611576806
10.632945016055345
-10.970810121015347
-15.04638128310821
-6.883841913443479
6.919245431846967
-15.266060398810065
10.183290327594921
5.341757610030889
4.503547536052292
-5.892419256448935
8.677209141146935
-19.376816402067888
-8.59314510973408
-6.456198877076357
-15.969206483894972
9.456575615883946
18.700231817141642
4.483892538542346
2.3383513526144775
-12.364213002969265
12.130693220945233
7.732577226708624
12.180482894376766
7.840436842730732
5.231838922467176
16.209584155842357
6.780564096400063
-10.280218343319007
11.571660757864372
7.225865223872489
-19.27497081329452
8.075645928717108
-12.381070723064331
-1.6724803645827961
13.885287528694043
-14.198306054588926
13.637319885027026
-0.3760485291329232
0.004462574924282592
-4.4616659882537135
3.8160995878584387
7.126347008378833
-18.610713604950032
16.272174283616764
-6.878675623329391
0.9463395828512411
1.6690139432613833
15.96455237840864
-5.717600704077622
-2.682354225256386
-0.3763385769452583
8.500142796208692
-19.570661461710685
11.676497894505474
-11.303901062568848
-10.449226961180349
-2.8588718649716363
3.6110952223460338
19.285891319434988
-5.370058463233862
18.182953397598254
11.907565754225338
-6.572533852752498
-7.104562510266366
-16.34266607410078
-3.062927657439168
14.12025574051345
-15.855492099264081
4.216280961816906
-14.812081581964494
18.84710084062222
19.878629441953194
-10.371596773547545
-15.423211066835094
19.100930561618966
-10.707676149899253
5.265700133389892
-7.144848042911608
4.6325767060715926
-1.8834749768160535
10.58819605319841
15.44523095786473
4.346626889547007
-4.838933459535326
-0.9692664555203514
-18.362341450130707
6.020203319298801
19.289318873234237
11.488841357105247
13.495150223372676
6.682334835343035
5.577632725206769
3.622660174833605
11.125056917385905
1.2723009309327793
-11.854538729264643
13.757873873379786
-13.5407178323841
-8.071924931196248
-3.8005500227353473
11.678109575437947
-12.010251585046374
5.782188566922123
14.314773255786413
5.982263459507724
0.20506036822638052
4.451839395842917
4.086980704638133
-3.701878268898888
0.39857805537878477
18.9969372636195
5.899263504882867
15.611734468123743
4.429606215406395
14.427977071087362
-3.9867523995152077
16.081601871843667
1.7392827327870073
-19.152751065456606
18.51065157870726
-10.084702882308282
-2.1280411007905187
-6.750177092630185
-2.5340393222515942
9.016577191111633
14.60442228423399
0.6690829087203021
-13.148821808062321
6.188061989934866
2.649049895419573
7.708539786856324
11.07239370115498
6.225666280940338
10.743190333364069
8.612385733800302
16.510575496594967
1.9776319739928425
12.66910437275174
6.24343883968173
17.96692929114193
-2.792166113082935
-1.534381707754342
12.254401616581838
-1.6707060556134579
4.505510286433825
4.826103505184744
-4.001943905876434
16.303672459881213
4.767177655726108
-8.595144673344524
-16.705607556551143
15.55151943920169
-0.010657794511331531
-9.762664628026894
6.288126927544404
-13.610902460389887
8.39467536988666
14.275912072196675
-0.3690442712347384
-10.635145105197243
1.8237525346133339
1.3579599128231443
10.429064844476287
13.591541986210629
-13.95069077210291
-3.1183750606408047
8.587961264849213
-17.4040537985576
6.04407470457982
7.533517084130764
13.941462393322574
8.193877718664112
-16.684312395103884
-10.04906935124271
-1.4987490845633147
7.032904290160438
15.922235869788693
-4.508597732072026
13.801057994244374
3.988612527137832
-4.277226055176717
11.384301354798492
-2.0797166270216465
4.1990770179195
15.689858621028854
10.629203925978686
-16.757621482517912
14.31424056784909
-11.78099244078318
1.3351935641466994
18.66252756130538
-0.3794716354959675
18.88118107492138
-0.7463436318538186
-7.979975331500109
0.5999514306936327
-15.751374233750814
6.384736243362656
-18.50482123543095
13.272327154207034
4.419856468135961
8.285640962344317
-0.7125181386712285
-15.340365599711916
-7.112860910064267
12.408885176658075
-0.2320856427446394
6.701935259353657
-2.3370475555406216
18.219043389784048
9.192198809027833
-19.17172188187939
-16.01924120510436
17.904993637354416
13.601927155816057
6.345847001000688
8.329700195623197
5.875916262154455
-2.735212296760988
14.989897279522637
8.302957632448575
-9.272246033594357
6.558281657280528
1.6114326557692777
-2.3492916510446875
8.213008285235578
3.0010262439368915
-12.962426825392136
-4.5406065425294315
6.52698571633508
12.451552612747328
-17.281643091717953
9.249164389966545
14.90631497071358
8.237284713467332
12.27846583103939
-6.968223279525185
2.3256824762821964
-10.627633730671683
16.75479965917988
16.028339637503215
1.0562171538484257
7.407490743612467
9.323079277163462
-9.679857863855936
-8.723061015818718
-5.9097093412926185
18.78174471653751
-15.247122396837414
-8.863693800447233
-18.247215076906404
16.814751621044174
-5.8068407806987565
11.235338571300083
-12.175369089974986
-1.6990741575825936
-12.492029889690421
-15.489612342706604
-15.265679182597967
-8.173398457798179
-13.871920879316946
-12.722366859741022
4.635425572141159
2.5091631597868336
0.9014171686784707
0.9930530441484535
-15.404437199170893
5.272130504204306
7.606925603403532
12.735390547476591
10.096811144536552
17.313161916640148
-6.883234366954705
-9.055085328940692
-5.254091626590771
8.314291779878445
3.10273464759916
6.094595716136681
-12.972766222423523
-8.096683968149826
-12.540515321779644
-1.9030161812065138
-8.932414210277738
6.9004724575282665
-7.429441631500907
-5.092376257265169
-19.829102684748776
9.921803235870502
-18.77102947133657
-8.848674786266768
11.85107683276604
-11.332826341543951
18.876842936641978
-17.786822003117898
-15.77065490412302
14.815438818599226
15.703548513996274
-13.703517300485677
-18.023566657122927
10.955047709118478
15.200787891618852
17.901238030028182
-6.669016824540531
-8.815024200851278
13.070446991625033
-9.857814373012257
-7.805661556471527
-9.140679646900146
-1.3137313419121632
-16.04885580725461
-14.380596253732305
-3.1725456267099545
7.590689937519002
-3.9646519177258135
-4.43400645885475
-10.995416061040842
-11.881599765153812
-6.221570389748008
-11.76919409966612
-7.152490202871844
7.056520434641097
-19.01651082384795
-12.626922376088498
-9.353907870301207
-11.763301645505893
-10.328164229958716
17.054884816903538
-7.832579510151586
6.988920942857906
9.803478668162068
1.9594871358906083
-15.244046167689431
2.350088306732765
-10.010624770165158
-4.704154473654661
18.23006983125621
-12.136649110858029
-8.987910348033669
18.797303842525473
0.07798498650571162
8.215117371983752
6.608626251391783
8.425326927447312
8.136806798594872
-6.085210546633819
19.010851613876433
12.151730470812545
11.029427360396582
-7.958731828657317
8.039023695673894
-3.545167349952436
11.09589706314598
-6.853005667252109
12.533962433192912
15.980502218672655
-8.807010107519089
15.80608747157595
-13.101627200755548
-8.11216959120841
9.243254992236647
10.451020570592636
-19.21870161194986
-1.5942218855111534
9.538448981746946
15.81371581816456
17.5001092026585
5.699338093092052
-1.6920093086277035
5.9881810382948615
18.967582276234978
-14.078699753379333
17.79152397224955
10.871888267033711
-18.411547974268707
-16.772003465999134
1.064012306118567
-15.631451565938775
5.538709153853901
-19.01312907344397
-13.510163408078565
3.496066362449671
18.793450842874947
-15.777137215137849
-11.842965400279528
-17.981855153102636
-14.120032826685538
18.079338290627405
-8.332685945999376
-13.986319889936656
-15.29881194336351
-8.901029129750363
5.596697071965217
-4.073869713427607
-9.578960841405717
9.30905692526514
5.262378112073314
1.1679329420558204
-19.41967936737473
-10.67012123206859
-19.032719219354163
2.583888197445553
7.387136815958783
12.689438561329489
19.198611966656415
-10.71533378094848
-8.265356974347252
2.3472458011172037
-19.121594446456616
18.82794532776346
2.905570152716269
3.4432681248473713
19.43308982027476
2.119405652728151
-12.619549329485888
4.2423840148101135
6.990006994852305
-12.997780229627978
-8.499060818397544
-16.092874758722765
2.0945443897814933
10.329992005156285
9.679356106474497
-4.23434645307875
-5.493898421710757
-0.13693864822059965
12.127593525271976
-7.293582703038929
5.895631891507609
-19.18135228291789
-14.501799090326468
11.814276395724285
-8.76600536846395
-7.323738664230888
-1.1292750305543606
-6.877752139116513
-18.213072670845172
2.673023420497195
15.644293034194064
-11.388168725217426
-12.085096282764498
-15.554420068910723
7.550676401839404
-17.03251009480779
-18.894861604722628
9.02945338149766
-0.589424777039433
12.31737037891412
8.664869379038464
15.644069296861801
2.044576511670961
-16.202458046074053
10.180452035691374
-3.378173323971268
13.978161973366895
-6.431028801189527
2.821458972611204
14.297440632146106
13.0354652346862
-3.025420025513835
10.248251231146277
9.992541608328068
-16.437440496414215
7.513600505196884
-6.980359909406136
8.14610663076612
6.279821034424646
-16.73245416642112
13.87571152768161
12.373823188768775
7.414401010629238
-15.28238922461101
-17.50172613791751
-9.677815252205463
-8.079435697927554
-15.797149871658673
15.991192707011344
17.137560360523224
-8.169025952194623
19.73368346138949
12.35434317232545
-9.334384188777506
-8.090151235619999
-14.293766344508176
11.136145935781979
2.2236092597906563
2.1347882399158102
14.403573549438875
-3.748680488147045
-19.066770569354063
-1.0132433536673169
1.3027796797168065
-16.471538971584046
-13.235758788082652
-6.933425980651355
13.923632398452995
-14.357564381459973
-8.462977139286952
-13.477377685112044
16.24447583389707
12.564418980374768
1.0714597518678275
16.55564965128172
-13.695514860490663
-4.057490047082402
-8.656528808258933
9.591361866878394
16.139239134078593
-7.234192132181159
-17.508948653245795
-9.13113302351135
-15.875226995490461
10.876341428834536
-4.727900553031628
-18.295839571599085
-17.270099733348324
19.519096047658493
-11.633331019026368
3.2085228990875834
-3.234213229100831
6.426258943057739
-19.198704343481403
-5.260497673863785
-4.821284375067897
14.947169482720469
-19.315192095298688
0.22089047692364616
-11.080463060462296
19.945375842695178
18.76420986888747
3.283297908307283
2.6689782981471843
-2.7342204143192887
-18.97141821676271
19.672404442566872
1.1456226738545467
7.8323205713587
-2.855400748095441
-12.923210604866
-16.710212240164104
4.739787011833897
-3.96088026576151
-19.422377199811653
9.123854284442452
13.565398395152542
4.05234897965633
-6.896036205878001
-19.705146586253505
9.411354794577278
-12.864991307997823
13.339505238179122
-7.64673994168251
8.894546628488314
-18.986416175798514
-1.357621057988684
-17.222460360209073
-7.072775084356389
-5.5417733756074625
1.9636996135189122
15.089927029626779
12.135897039999278
-15.307657005051789
-6.773957608753211
-0.7796016039522442
17.422098568007925
5.460339108425849
7.264552075355837
16.482277682241325
-17.32383143203982
2.2291938227032304
6.999791327212463
11.890799817882108
12.687684625127119
-15.685582355536493
-12.725484335087147
15.438658536056828
-10.059418414138648
-1.8899596646372956
-1.3732758152821098
-5.21965954691388
-10.0626255488195
-4.835492613479243
17.750468421329295
-17.22151707009022
14.10673381240165
9.97042891857205
-1.958171396856656
18.23010546672598
6.482739190789616
6.119153829530731
-8.820538646028231
-18.87716465075789
-9.015883498717269
1.3961456543004687
19.253938448210533
10.50393193459573
13.378839650857238
13.811307816636237
10.291529305876885
-14.469532670705467
6.661655619744636
-3.040550118665756
3.204231617567821
-15.637931169373264
9.901392898513393
16.95873081738477
-2.818312785001904
16.842444429919404
19.613999815076696
-2.9205435325838955
-19.18238193003542
-2.9330071738232313
8.306758280156995
-0.06268535590384872
14.057818756144613
-2.4194370629492177
11.511338377099001
-7.575561821244943
8.269814517364612
13.13189811493072
-6.574964306271195
15.84335437465431
5.998096129050047
-8.000023884653062
-15.909482383629673
10.23473856131687
-2.415296660735798
-4.019671202533509
18.139859141589973
13.985741763439286
14.019215539694713
-19.55182046848916
-9.091498668174482
13.065144696247387
18.860632993259053
5.283582392600113
-8.831112267732752
14.703518608507402
-5.538946338565118
12.515275792521805
4.942525047259423
-1.0111739886553686
19.761553719227642
9.867668001949035
-8.87588067494622
8.061998186868436
-8.567737907380618
-8.221189639637112
4.70808393609726
3.4718914059088455
-10.531342676464712
-5.865403825649862
-1.3343819406671606
4.913483102267712
-4.698936334624557
19.924110824574626
1.1406840607916457
7.876746094371935
11.468664689555762
7.248341396309744
-18.05492468259995
-18.070590524936993
-16.201511352523653
2.5010862513636134
-14.39810569649885
-14.250620275645316
-8.873827508797639
3.230797159775971
15.424394924036207
-10.409391307692264
-2.2571460514089345
-6.6144445716738645
16.593138503073035
7.167349502031527
15.676107416684516
7.999447246944889
8.079223866741255
-3.322061649217183
-15.487279448482703
-9.767366347303854
-9.483139197059764
5.368316860220702
-3.0789998947785655
5.350497061091737
-10.3606452217341
16.77212890322953
-1.0132966102146668
12.006145393899779
-11.055728253457225
-17.776079773257045
6.097628074319971
12.679951885589347
18.45799188519348
1.0959668726600995
-17.930591959409238
15.856137358085384
8.0626374811259
9.943346486146666
-7.023719851114286
7.688883948529259
-13.96887645025771
-5.718170658277595
-7.410840639601805
9.061429610435429
-1.6119721346726763
14.79770941501259
-1.8303371432304445
12.61757769603107
7.695984481903885
3.442950384442245
-11.964846011026552
5.947835565269223
-15.020021284291287
11.486437836910582
3.2749081715529194
-8.360429126642966
-12.183753538452397
18.524711027573588
15.53632514173055
13.83682367923106
-9.42531014303865
-11.790006500305639
3.941291110145304
18.602336050359696
-14.874569994777072
0.3228649493411879
19.115105846541518
-3.5091633704335656
9.17191491758566
5.025883168266407
6.153080644960571
2.270648224273806
-7.559021711328594
10.263014387208429
5.362393623202429
14.871255518177989
15.033094713804282
-0.6651109640261588
-10.171940098911847
8.175734186688178
-6.5396087902647935
-13.060458754506366
-12.93175172590599
-9.927766402605629
-15.036461346324334
-12.671876641001942
7.694956870785894
6.400002952021275
-19.065407694560427
-15.566765997099186
0.719753112076404
-10.889425531040494
17.052978875072576
-8.149053264462678
6.715696574651204
-7.479007464984573
-6.360357465343768
14.87287994936554
-5.044963051706173
-3.418287681767339
-12.650884434696735
-7.629037675855667
-16.372848635028497
-12.721899125096087
5.5749637032802255
5.698500877824699
17.5411178096748
8.724366862221181
-18.221647569931427
-9.652353944396088
11.928585190375802
16.352188665286334
-18.05637720140733
-9.193680058712545
-6.704375556765566
14.631470289304161
16.87950384056461
-15.319806724110476
-7.272332333048684
-9.887748774377307
3.847963663159252
0.7161918114420409
17.862630090073424
11.644806747716359
16.337541994626797
-19.55489942787367
-17.89190713639929
9.875452667275457
-13.420916436143502
-16.451953554998052
5.892765877630932
15.74052206065759
-2.820726709675583
-3.0641972687602745
10.44652592813334
18.206334502554107
17.53537115115168
16.889187305310905
-13.623040715176792
-11.239341363935246
-6.548460009755681
-16.467055571546826
8.128687385094238
-14.261640894659774
10.310148208757433
-9.645768321824253
3.403136698936553
10.80021270202922
-2.62953565254794
-6.206051553466576
6.147070379530373
2.615874006783031
-5.9353474965699995
-12.495578669238183
-17.850621907999628
12.443233489268486
-11.194261372867338
-15.140839712147809
-17.440021915076667
18.4074017799325
-3.3068354693571678
-6.5708820149832015
-4.441424943108556
-8.765880613396742
-3.8473016192100005
-7.572892468818889
-9.938995150309884
-6.950419022047711
-3.738552689239061
-15.70969298219914
-13.387020274868382
16.664859661404932
-10.33916476005118
18.90039754386938
-11.796371899558649
-6.979580964103821
13.438053576421261
17.536818235260647
-11.396899906061503
19.41913053294249
-2.834289784127453
6.3193020597225456
18.1764387175812
-10.696435857808254
-19.765845977832946
-12.003657411632034
11.1068883263396
-19.678655941981987
-5.5148014746036935
-2.703825051821191
14.776658788140992
-4.712950106604218
-6.892058903748852
-1.0547271725307006
-4.12955421108264
13.90516413002527
9.968801913049894
-9.721975741994054
-14.033810223245858
13.543023729706448
19.874576667658935
15.229112868190747
17.291673167178473
-10.551562540472474
-4.390201155754969
-7.144493823398953
0.3620673874834992
-3.2995193061398744
16.768042177223883
18.076169735756608
12.920839869550107
-17.784030556225282
8.066122871925536
1.430242334318784
3.696893780205663
-14.280972723315797
5.7759838951696985
15.578318048012704
13.335352762381298
-4.025266311317196
-17.90757731931576
-0.7711180462947596
9.247651435388736
-17.451064464973673
-12.177943796100536
1.4985191789893015
1.4494940174473996
-19.268165697177523
7.2345656911921665
9.635294388619293
-14.516429051779983
8.295016764483272
12.094039571224961
-15.92130891949489
3.742873561915264
-4.533851459339653
19.832940486569242
-18.276016046005097
-10.317665708877165
15.414484550737704
3.535235071295773
13.065117289945164
17.1529340298966
17.4230719632464
19.565791170213735
0.15707597623015346
-13.115396388589119
-0.9384692064423561
-11.920562569535855
19.30711404438587
-1.3057278364517053
-9.310076989569502
19.11511565924915
-17.25304648638822
2.4578310093786087
7.255211748797596
15.184056064511424
13.934563601012393
18.616445318073637
-3.91055192664885
6.991804423444329
1.170368544324898
-5.924230122656864
9.126739491088713
-16.882404553998484
-15.4764466784933
4.923367345969915
11.260901105786449
14.721169010538517
17.226364527990356
12.272020475402826
-1.1621588254570447
-0.22837600007490977
12.003142507059167
-5.440220554480263
15.181355778591112
7.288450654790125
15.409845891516348
1.3506989999191106
2.808818468447136
7.4026135154200645
15.110342506585631
-8.666949907594713
-3.154442107342202
4.09041046615522
-2.0553077752771998
3.9956477463776743
-0.8034169898381549
-2.706942749674461
-14.043005220879031
5.86862441707682
-3.428287284504247
-18.187670701566198
2.4394857585600427
-10.746399225903382
-18.65134323461838
8.077646698078333
-16.310463723045068
-12.249731613577275
-9.667602764479408
18.38565658363494
-10.933089119241032
-0.9288310239611199
7.578067208432451
18.04523290313157
-10.093490475630013
6.931770251676383
-12.106296360793216
5.141414104228996
10.160353961772334
-7.281402554325904
0.10114813474216078
10.382949288008675
5.6465532289665035
-17.07718584503781
5.4119426410271885
-2.2749337179740294
-4.42214152016469
1.7405164268698314
-9.887141495055246
5.089912384233024
-4.781817636853818
3.615158311762741
-4.793586097869698
-6.745057721804981
8.091497911135193
-14.033440242472231
16.617817831523595
1.637953701649053
19.412022469852126
-17.728612570815912
-4.363658214542614
16.063959311191184
10.210177331672703
-13.096958784925313
-3.1121897430548415
-6.5375942237303555
-0.49247815933409456
-2.921081575726099
-19.11050028691635
14.161606078269969
-14.927343992936883
-11.776194411561836
-16.15394410811652
12.739219827182765
-15.444451824530505
6.1530132632606005
-14.304109033691681
11.516336447610286
-3.55045869835412
-18.51471879109252
15.961074854931795
-19.259640244789725
11.831174101596776
15.997422552905654
2.9126050662423424
17.08810566398232
-12.494445001601434
-2.4956328783637503
-15.590504832732602
-13.187000588515145
16.102103798286784
3.8803868270152932
-3.8902853856902624
-7.317240547165795
19.02086373598995
-14.67669002435179
-13.635529527218221
-18.884530306233856
-4.662555300404719
-4.848184542193032
-5.383518368167044
2.1513529431231113
9.745239989494529
5.3338463455036305
5.101715122389201
-18.38480423982189
13.526115442416298
13.782621220991338
-4.962687173858207
-12.685277994305547
14.501385480356774
-15.9334150478871
17.810978125511056
11.333220028031988
9.77090893322994
8.154647252304287
-4.237929520304151
16.133419422122202
-12.205629130108013
1.36840224002869
19.10203127113877
-4.766946247755852
-12.715758738691104
11.925902120161439
11.036548695923955
16.77608097912718
-9.080697517735409
-16.966073557630523
-18.80864768450155
-15.648124927635294
-3.291403228594554
-17.984286950791052
-3.6030883137314937
-16.85158697990974
12.053447113408133
11.878966415005607
-17.90284863053629
9.898939467680648
-16.67758101403824
18.93070922056279
8.821999280549644
-18.041474485434854
0.21858627005748232
18.33863616238557
-4.0307068557604495
3.0117809982498756
1.4652324719031604
-14.211338452256133
5.653030298419452
17.10241227359203
4.647740923218812
7.2304275989522395
-12.477507016122438
4.777411981816542
-19.20534650728246
-11.865575512606089
19.5312110774558
-17.95015838305169
-10.418031292776252
19.107209213532073
-16.074818251528225
-2.3110361516789197
16.46584851944342
-11.331338784062295
13.446035924600636
17.523454927570775
-17.91731927835262
8.854751619471422
-1.2597855230032025
-1.7467917109758737
8.977351267657404
-2.1025160584697176
-14.316360938025824
19.092231870920287
3.6400250982483513
16.304609132410327
-10.653387307953587
-14.567742674774426
-9.764439553073046
0.38297608307878406
-13.3004077427174
-5.545713431866384
17.230094440721004
16.586503647052183
19.50738706475662
12.829064299838684
8.196003824492838
7.257409945141788
-14.205402804465264
-10.79012645802569
4.113273871470113
7.498898379257884
-3.041070701080784
14.137852499184447
19.463479284174795
-7.011675171083279
15.249044156198707
-16.17590836942354
5.093937940556987
-13.749588698165907
18.390189079044397
2.3329908965368205
0.7708001540795628
17.849637142961654
17.388159338388917
7.06749429616201
3.027092912751236
-9.528632005831321
-11.790984926669307
9.890948543296542
-7.4759415381125685
14.309674382661754
9.588933995997952
15.367281022724768
9.572502038682089
18.281194684907817
-0.2089492149099783
2.6866302914990285
-19.90263223500305
-9.517613769915414
-14.610555683661355
-15.207296577124962
-19.701678585311925
-5.60917858831559
1.7834725616833111
14.345143887297688
8.334043600973228
-3.2269201316770655
13.460564199497213
13.879306033348335
18.46311209911225
-7.0168146494530745
-9.19244666119781
-16.0112854506368
16.80954542379652
-7.137471347273369
-2.1673125480356994
12.982768824431261
5.523558073260123
13.038651613002983
1.5892053230321466
-12.357286366114417
10.647114583538723
-0.23624981863708427
-5.743667060890626
11.693627211990503
19.538135278376856
-13.84538378397071
3.0333947761835276
-17.148187312681248
11.372189332294575
2.8682330638944435
6.716950783858927
-3.972477031403262
13.966897048447237
13.762042333935234
6.074439424574635
5.984618273457279
-19.623814884486027
-7.8416911972117465
10.76637523501146
-3.3048013231347895
3.843986987666824
3.90460555019704
-0.2720794430379243
-11.587715005559955
-6.954026334299872
18.908733061259746
6.66789696283622
8.837372112083255
-17.095681291108463
-4.340142300038892
13.842102257341523
13.799702543890085
16.284802924159933
-0.6621843636373193
-9.906011553554528
-2.0625487040661525
-11.35770640192236
2.743631794941056
-11.93945783771673
-2.539964961322152
-2.4908150132533393
-9.062621342950168
-17.588163796823117
-3.961066544446812
13.352033003484998
11.97097896586548
-10.575409812832302
-8.321313370757881
4.841187218798986
-19.546746248164194
-17.875818851970216
-11.67429739689294
17.228941903755747
13.382205689726142
-4.680705776493635
8.074255677502414
-2.4443120968152634
-4.404902702179584
5.548265237267131
-5.890634116095885
18.26262451777167
4.771255377369336
-7.111080763398867
18.13153554155602
-0.4428887247784843
17.74394919990374
-17.616578254784784
-15.45213888844675
-8.634095831760824
-15.232126785875408
19.959404848683818
-14.763692077982228
10.271752283231152
-18.66415238388801
-12.1421465288465
6.71048377870267
-18.206233290822826
7.640265368894855
11.752926031599713
5.950905906204195
-1.402585181162209
2.1740980482771732
13.914931692883485
3.4661047059000047
-5.616704043489991
-17.99520477624636
-10.6637039641797
-12.76654116164119
5.84304359626751
-5.945840748877469
18.830019004030383
-5.1488066988323755
-10.733930778156724
-14.30399130393254
-3.7593547784505503
5.73053786828849
5.515497041322966
-14.710506085767188
1.9386676575909831
-12.323643427552087
11.626634455812166
-10.484376289877027
5.216998102940366
6.067358981974344
-1.7273552542863442
10.111711781712952
-2.3063249233117418
4.591476800758066
19.141529504213175
-10.48363864240121
-12.762665502648431
-2.0318888865593934
0.6312149516532486
-11.486974006367326
9.740299700510402
1.7953581488252084
6.816530027210899
7.363931909226498
-10.979246286278617
-17.25774363163028
-14.984687196836695
-19.928259676341153
-11.719952204575526
-8.97350428635515
-18.72028260770304
-18.50171004273183
3.59033072666508
14.68813732395634
9.759266197905756
8.966013444579197
4.379602745266084
12.809312667130811
-5.545134206611904
-2.497311076145337
-3.7445464835389757
-2.9660253803504517
-10.376046958642355
-0.897898359260715
-10.272370445837794
17.307219554761616
-19.17304281360972
-18.98887172426338
15.65017833951017
4.772456418478043
-2.6149164221048835
0.7792199357831784
9.215652114649238
-10.895359309986654
15.261457066355597
-5.788788800140097
-13.969415843801611
-17.955542360918002
18.386337029451852
7.617220781382397
-12.489229297038182
13.23324641871406
-3.292135199565955
-4.922042929288338
-17.16053370836147
-2.8587409782092195
3.465309265864395
-15.630696478075494
-1.4638698659898708
-17.685870361452906
3.3449904976657905
-11.780782228065254
-3.6992839356427787
8.793159179987565
9.19617236566041
-19.074737478220335
1.7945177348869912
-15.952189277503216
-2.569744249533514
-5.253733048934972
-12.01327147928497
12.266762275752058
-2.6304273201419903
14.167455355046407
-4.418548218993701
-13.807345552829062
3.514360877060895
14.487222906193985
-16.18636307857777
-18.862983273323437
17.452166308021276
11.746177738810392
-14.115240347128392
-4.443147826114924
-13.91679510453586
-14.203778200463567
-2.3516677979292346
19.94938793316328
8.376946567809366
12.82833748438025
-18.8684795336394
-19.998330383945117
-19.53760505905237
-10.737435211309613
-4.517256600933802
7.431099196690912
-8.800751920281606
2.086308232079844
18.20557217587279
-10.736522119468606
-14.746983904299542
-18.48615100348934
-15.961682203933334
-8.3151306999811
-2.903968248460295
-15.416986371758977
0.0678454056980442
3.482535035483494
-9.880010670782454
19.40618400161857
17.787222827021246
10.349833593664677
-15.446866575048537
0.923910951162263
12.26531572112686
-10.670229459363917
4.847187104028407
19.35109709620643
1.2919679106744582
-6.5684832275268015
6.551706818365346
8.450429552476038
-13.348889996478439
0.09199886346825892
-2.1541283163968927
0.8686557007513649
-0.35109170049765126
-18.988119333767774
-5.806840209089659
6.301907737908117
-15.644213240731833
-13.608818073821887
-18.284997193256558
10.418401704557382
12.901764738815999
-4.124294909147821
18.928362951897164
18.86397456242213
0.0319671277114324
-13.320445380849296
11.405908469089582
-13.78649761049708
2.9683383263288405
-5.205807321426956
0.7771303233592164
1.3612706008619213
-9.160765096791913
0.1523964110361149
-6.253208875988676
-6.918920194594804
-10.531872329322841
5.584556498333562
-16.52714526255007
11.553262455800983
19.271579184037442
0.6516854519825799
17.69303262105958
-5.331346810373216
-13.45778609616319
16.360547237104385
-3.561746040428954
12.258281539949536
-19.55941449300965
-4.662253111011019
-14.565504233881907
-12.836269427469373
-14.34659569188224
-14.53805816560347
15.099555022244445
9.923244109156833
-5.083635404310677
-6.1177654772791215
-1.3922225346926318
-6.241546035095752
16.007310846991068
-12.748046699461426
19.57424460092436
-15.035804629784595
13.426800081761002
3.409650427686085
4.507778994369577
-12.57488879962704
-18.74480989272168
-11.586331816524641
-5.92316109889142
-19.14263848729615
16.637647692332187
-19.838325874200695
-13.478019157862846
-8.437973691597648
3.381127974108029
-2.149242002368158
-15.565410165668215
-3.38445535919686
1.1973658874757795
-16.238924706268193
-5.891775346983078
-1.369516687189659
17.392615457287853
-14.397320647584628
-7.1786853026767705
-13.52213140636021
-8.056014395467162
5.704493282352608
12.34499362973159
17.814135629230982
19.275626188278224
-3.229650265249127
-8.057361963914843
-5.625745944931522
8.692698803444216
0.5886571405505201
15.376121420199865
6.118594037410876
-10.469675928675493
-16.86909608030524
0.9654839085462825
2.8636653005887496
-10.594107503729159
-19.602034712371914
16.462018929125378
2.434860654472498
-12.79645341418448
1.271522346771885
19.229084634744254
13.306487258544387
-4.468384944748012
-9.738123604325182
-13.956588758470026
12.012295137141287
1.0369842642327853
-17.652821097582674
-14.871316358116884
-6.607850257311814
16.539311983799195
9.415153869907162
-5.313755806964785
12.063287646611116
-11.626297419336762
-15.190844682774408
-0.34159420536541774
-6.563961161418778
13.669326889798434
2.4611649791916754
17.864483832500582
5.82616098247491
11.505358783444887
-13.092835005865364
11.895056507904187
6.6480510929289665
2.5779473724922752
-8.606223226140912
1.5268970632246592
-11.182611049563928
13.821676274938888
-0.18898431987541642
19.801519980485402
12.966239234636596
0.3917113739006268
-17.036306859563997
-17.107237167206982
-5.884041340992283
-0.31713870532857413
1.873401812652105
16.326337868500104
-7.459061252755941
2.290402868299278
17.5282466938219
10.651586120347112
-6.609491656248
-14.322110354332999
-19.91382586798001
18.03446732320058
14.1158692421942
19.77039409653065
1.5051367359062695
12.273291728557282
-6.826260227929293
14.943858761619552
-10.423244401724215
7.270343527534031
15.928584120825661
-17.68490532222507
0.6715129583247474
7.739170527813574
3.2227663088949434
1.2521922363317906
-18.023374140128364
-7.3595358445033945
7.9976595057735125
-11.696374470363441
-3.3574866190499932
15.705618661067533
-18.33178643774189
-3.1903635415151577
10.975383555678214
-8.146583096206093
-17.648223816971313
19.854455104532676
-8.133645117049975
-4.697303905340631
1.3922170252087653
9.049075220744022
15.62213732620468
-18.008109719570434
-4.323807274327782
17.80538884773094
10.671631091319522
-6.391477899119163
2.676569725388269
-15.072627198989439
7.9070875239562675
-12.733991394719549
15.143163602896188
-12.986257142604462
11.130464504474467
-5.875387235327558
8.766862681018711
-9.104750189561859
9.392625063643841
-18.870624597129584
-4.069257002375233
-9.025681105848387
17.183606865574646
10.187933089890812
9.45945121407987
-14.487749241846682
15.066191168216037
-7.884745896044624
-13.500987745392973
2.230179187151208
-1.7912712254651666
-0.32296084711893513
-2.9096712441684076
3.752712093167247
1.5793971654076664
-4.698319685378301
6.035249152625507
8.147293859479952
19.56426947758886
-13.128986622175347
6.55905415637751
-15.137684121573272
19.972286804855862
-14.231546528032508
2.1601153692220905
0.05946757722437823
-18.50168648919866
4.18729833525013
19.959160269467667
15.218874079487342
-3.9432493135364446
-15.469692424282746
-10.382238224594147
19.52174688488629
-4.997096851026379
12.961531928461461
-14.929575547248044
4.731077639393746
15.952113561187211
-17.695760838524638
-5.748600266657885
1.933135903491376
15.968526840375077
19.107523912723856
-10.934300576377103
-3.069319620837799
-0.6278312284474943
-1.6643630867339425
-3.100545385004388
7.987153758407768
-8.711222776624897
15.19566817348499
-16.755576327066983
-16.945931131334664
18.563852892436813
6.976841744473489
-6.465192729281393
-14.123399786157954
-9.722072613511559
3.088487281031558
-7.11373822449449
1.7211844909397342
2.261153234881764
-19.365177795970972
15.585564491026467
11.731707032314276
-3.6288736439079763
-16.643417703953443
14.860523187081952
-15.833508505088684
2.7502099147016033
1.3082544829457419
-6.103281849946178
-19.26137043420839
4.129486818429243
-17.075245042542548
-8.617280419377217
-9.508548325718152
13.13072448701869
-19.10946749442499
10.529691512326703
-2.3285591202290163
-17.460021790524504
18.534201978798393
-2.961967508460525
1.7027443832856122
-1.8058981060130748
7.300252570574571
-1.5000652351329755
19.74259400439542
5.905763065793003
-14.507875360777103
4.120275076253954
-10.635759693984514
-16.48374070201448
-0.9210101007878571
-9.108479131943117
17.887046835732946
7.020370095981292
16.077721475006435
-12.289174826454659
-18.74807433572159
9.763389707576021
-12.642730342526844
5.931032916510333
3.7742464250210546
-4.904289296646262
14.234545864429194
-5.229489796495429
18.28417358877799
-18.408110455276624
6.231156070166179
-1.8875511352104581
-3.791994001367165
-10.687230042189855
-14.670008327199584
-9.149777255801194
-0.711948237317884
-16.6946026894343
-15.242146684490177
7.145087943681592
-14.671777107168221
-0.3641093000996811
1.3581470403452442
-19.256922080589792
2.1962390312441826
12.450836144171411
14.830133362147741
5.052214588799835
16.654198675090555
8.447931454694299
12.046825053116294
15.580060566706813
-18.45884970655501
-2.2742034864438736
-6.168749404220254
-10.477222615660393
16.16566263393264
16.8190999196432
14.16340570708649
-11.836756826557888
-12.215102691474002
-0.6927261331809973
-13.76678403792666
-16.372553012991048
-10.701516854484122
-11.096517654946014
1.8654423222306384
18.116410969980812
19.693446488386606
14.700005250325958
9.851666340000186
9.787361911732468
-7.081889330864826
13.776566951154663
1.407372963996103
10.246725145910922
4.290279642830765
-2.003010833812958
16.15634983210296
5.1992779842455725
-4.54921856165277
-13.853494304859492
17.37852057361745
-12.05696329465158
9.437361387812608
-16.72409824103144
-10.475100396241475
-17.109337539223173
-19.603343372080495
-0.419267788547252
-4.3242085118136195
5.063238213017097
13.763041310190843
-5.272896142672376
16.151314286613633
-11.56570778916683
12.212504026748526
-7.902122347703621
-0.6549925630855071
7.1852803045497495
-12.751637758032999
-6.608516146099177
-9.776456001159875
-16.438037890472025
-0.40780664246124587
-11.048602827127807
14.779404356321201
6.433442386138196
-4.589624865131739
15.792232114416194
13.721909820379167
-1.0519428111820694
-13.223158868124788
3.537775933983177
19.071534218322768
-19.994548999742932
-6.0514687360325645
-6.058200361403433
6.569030094256924
6.842794623963307
11.250282544022777
-9.712307823913031
-3.766678972314889
2.214718248379736
-10.185678716584569
14.217354641182695
-2.9663995328635124
2.0447776135728972
1.776848763496389
-8.923520316516868
-15.725800793889974
-4.013868089006284
18.730107415934945
1.3845291876790533
-4.600594469073256
-7.837639840219776
8.21985234673512
-3.7485200743249862
-16.706542905944232
-6.912265083124861
-9.887561140909353
8.909938252618836
-5.271343172190193
3.9939453131133043
-2.5938303652816685
-2.2252372536187437
10.506692599888762
-11.662944154490278
-13.999272815969483
4.074083483126827
-0.7184328776176763
9.798866340172317
-8.124554962991937
-5.131235707525189
12.556061349085851
-12.090618898996865
-3.660631230969873
2.892852602769757
-3.8472669508447694
-13.445024701016077
-2.6269854337705603
-8.647921950473524
3.3456187528814176
17.731281517591967
-2.8254715092346387
3.217189845235442
12.77270943396622
19.24606677208839
-5.977178910232258
-14.621612502917447
-10.11050713346609
1.473202450548822
5.163885547389604
12.298938387438945
-18.098507751678937
18.086802669671023
9.556071677511294
-18.8583590987257
8.075836558608739
13.593507658199705
3.1249159662688015
-10.424254394856426
5.3476817836855695
-16.712250549013802
16.6172265457771
17.401274709300203
-5.304118138642618
19.688130898746678
7.56926039435109
-0.6174284907034853
-15.569110960067189
11.219413016338091
3.2403803086352596
-2.769391479415045
-3.01935762288155
-13.82791008552957
2.3107494548307272
-2.578177095438935
14.132729445758955
-16.44317454572931
14.642403816801078
-12.180892555134832
-15.969603387013844
8.207763203747767
-15.952766940730339
11.35760747125962
-7.820888180956054
-14.986307190795607
-13.886230374371591
5.569240074777962
-1.8327882771492732
-3.2208341420971287
-1.5453423167295277
-14.546186414211073
-0.075245168967637
-1.8245299122381873
-9.079284509652755
-5.545750710016515
8.855347853450777
12.626024749636919
-14.608828909375182
0.08072220619321868
11.385620577000722
-7.780511849413845
18.7586270375271
-15.340762475086006
15.028801352591302
0.7467046005204452
-10.583252915974475
3.219338243735635
3.5719727123007914
1.7683060874879253
-2.963530916655131
13.232314678684773
-12.277491426685124
5.634237293155611
-15.00569099045132
5.7684409491381246
12.11435687353277
-15.32407681875782
17.6418757253023
17.961647889815197
-0.9010664442840799
-10.193735777039151
-2.543778994691934
3.241204222021228
15.448166428478551
-7.2251370855413555
-7.002992628693416
0.7248573989192479
-14.890014236257798
-9.207764537578026
-8.18624855995926
14.931952658886935
-3.1760929602372343
15.01625569158017
2.7489713992379734
-1.0148068679904938
19.256903254097153
-17.537202977594696
0.30195589216221563
15.378338042341
-2.163590834649227
10.101541698540665
-14.019477137857749
0.11526934828005508
16.196624581220817
2.287106957092682
9.822730307037322
-16.565571698915306
-11.363838190912873
-2.117589607943856
-10.050388284491394
-0.6032614955108961
-18.150102849763247
18.061420716592757
9.916893671244026
-11.925033411486808
0.36081688132893674
12.726927165659148
0.34544683001956145
-2.1557371238449754
16.02451868917491
4.872179968265648
-16.01732900319144
-5.4942722769885535
-12.903572468816167
-0.08777801274957397
-2.9092675472311385
4.113575701137464
-0.38038795421449834
19.327518854155144
0.42130080103804346
-5.305739511090245
-7.242684915682624
-4.7967900906800445
15.903503186611502
-14.093974168727726
5.699011771160961
15.14512675640259
-12.707057584030164
-15.180699172959775
6.508768176015742
-7.657596419547934
0.6359741715925438
0.14697627585130846
-12.073827415773595
-8.37799259800624
14.16023168426397
15.875193461257751
-16.33256332798661
9.96894763091198
-17.557087484657387
-16.88649449374497
-9.215278464710819
17.301190850565405
-10.448108422407012
10.901220700341526
8.332480708376977
-6.219935001333257
-9.092834890878812
16.44541139591957
-4.969355002053387
19.180508104221296
11.373628025434076
-11.935384347227336
-0.42810942045218425
-1.3074811350829982
1.3149628371486344
5.656798269951466
-14.149995806258895
-4.1178774506131965
14.806150739439268
-1.7382751572368669
18.357790615322962
-5.230153057143184
-3.4330758553169005
-11.202461345804586
-3.551281160586747
-14.182423177178665
-5.686241219264279
-14.184486159835918
13.314424485498442
6.684007030452655
-8.761940265448462
-18.30474690819262
-1.4290151612353341
-9.96698454285973
10.744924081531227
-12.09101069548658
-4.364367388823238
-5.1715736530282275
7.617132305989728
13.925938682425738
-14.7627255555913
1.4438560375227674
8.1716754202337
10.881817816772461
2.2044186784104696
-8.46764326863498
-0.8856775394582357
-12.376080899602933
0.7107866264188978
-13.36958298940791
-6.772649101109582
1.5506134219754202
8.619466832153037
-9.330083666829662
-9.153561143352729
2.159391183150472
-6.0943087937263165
-14.031253345479584
1.4418739471873963
-8.597603111020288
18.476024548521096
-4.086720237044785
-14.888767982643248
-6.607463887133447
-16.672629248748486
18.07474135499583
4.115683626798997
16.291270694153873
-9.787306411769752
0.9025751435398064
-13.07160672389989
0.6960829705080052
-7.009390046280867
8.22171841471939
8.095571589898864
12.563830978681494
-4.266815150299706
18.033306840984537
-13.505687513669109
-13.295399890968742
16.440899677884488
6.51904311533961
-16.05254541090126
6.6487007157972755
11.58780684126014
9.370106303079243
18.359105612745374
-4.561717611550193
-17.634837325596582
2.1035194626804774
-16.25010618455483
-10.841106323456483
2.1957966856534767
-3.4240525603625827
-18.815908700903986
0.22986953181475656
-11.213108412886207
-13.48994887454607
16.20024739496418
-12.293389608583318
15.389809941020744
18.268601993628543
-10.248680341054701
6.694234407158241
2.5769912343251065
6.835214103365633
-0.33536055094683803
8.046863596264792
-8.482896372508453
-6.0511675917434715
17.37067128960225
-13.069663583449831
-13.586559854061747
-6.50578365053601
11.603594085215022
15.119859772956666
-6.855626824054699
13.875972493148659
-7.098644822509215
15.033196553066169
-19.127975973728173
-10.701689150531584
17.360077958503126
5.820629965105077
13.578438151486026
2.893936005598153
-12.540494174782616
-0.37158217864833887
7.309222510706764
8.28983373364309
-0.6878976212851207
-0.20301740683579794
2.0430435827148727
-2.2154333164548916
-15.82710897577269
3.5919974276178337
15.934340525026379
-6.565381702805002
12.164888591413082
13.995451559951576
-14.130085808145072
0.9845643417950853
17.274505994800265
-14.081590554878684
-1.8789407192689076
-15.226757396297979
-15.478504095876664
-16.406944874066355
-11.731760840954045
-11.646041074582447
-5.8331933485572485
-7.166453843250844
-3.375449918152796
-14.011518720057436
-4.7450594025293125
16.29595874655594
16.807037511326087
-10.641367895936034
-4.835025386343187
-19.746378200632897
17.482129371075594
-17.319509375040877
3.9727510002578192
-1.7465739933364688
-13.81070877651073
19.74386615020437
-17.853220438788192
-18.795418723886257
17.727030001359857
0.4264133235044767
1.0299368730089071
-1.791182296853961
16.23582427697253
6.132458555617141
14.413346309833457
-5.708353129275338
13.660379503894028
-11.266983534231771
16.7808371595275
19.364895990977374
-13.694309936538804
-9.172567241577138
9.508201661828714
2.505833193329291
5.406693533876368
9.577714065800865
-12.592049930241732
13.879277814843277
-2.711194574036078
-19.031190220987494
7.868850707839687
-16.730059767259426
16.300444439229423
3.120062561511933
10.293963497317943
-0.8291359482250016
-0.23295869067400687
15.722487915521938
17.592060132372502
-10.431448447737331
5.990183621580108
-0.09962807186195377
17.19198373339595
-1.6605627824290679
-17.771592588236814
-9.510794535933131
13.772353592812983
-5.210122739200088
-17.93829407349203
-9.846678447096156
15.847621655404772
1.4308909588037757
-0.11891850402829007
17.058459201282446
5.826941629015941
-10.287889421775978
17.304413448952374
7.936220344122027
-17.068338540616136
-9.538885346046936
7.167962008071299
-4.153218611394042
12.304674221834787
-2.9989238792259556
-13.799058004571837
5.093098789526632
14.627972067006269
7.679385334917551
-1.2041994566646537
14.175866504803118
-7.80915289032761
12.246090596148008
-1.8713786276439883
-19.744348261867238
19.34182755398046
12.75427422901187
-12.63618023078035
-0.9877571401650087
14.204638404387651
-14.33686600782706
-6.680976635306628
12.295209683597733
-3.9185150097854624
-3.940909244624354
-13.071079854379523
8.85836974916597
11.227291093434157
8.61026084091467
5.522395528121187
17.69130895669381
-3.0653550513214753
13.651551926266379
-6.352875309639643
16.847909371580286
0.6314169569191463
-15.347817370509812
12.44428310018813
18.955242616778712
-17.83119180930893
9.192604384869647
0.0702082694777495
5.071658801722769
-14.762651574611008
-12.100779210563246
-11.00241618902241
-14.392388628920273
17.003192941644812
-1.1175755998232937
17.469488390864846
-11.631005820731218
16.248483732459135
-15.990283466720427
-14.233116528739762
-0.9847906567906435
-13.63152053243883
-2.4251576104824437
-19.6050291086401
-3.481733864796986
-5.109776749231552
-3.261538208244854
-13.837073778240502
-16.42226649014447
19.860026672473737
15.29842708332368
17.985327395353885
-8.61401409886588
-5.608435293317564
2.064344047332
17.02937313591066
8.212164203960803
6.01919708786528
12.815641442782201
-3.525959535194353
16.59803954425567
-14.287988406319695
-11.60145654167148
17.636495087078636
10.176682437643734
1.0227216885359738
-12.335777456917224
1.3455964487505696
10.725439425378966
11.188996458123125
-19.95952040105572
9.993125316964445
-8.20648793148106
3.48482914357211
18.556754957505184
11.036441901895614
-6.804179745718848
-5.8223173440447304
-14.487501145127686
-13.153136068420878
2.3315598536423643
14.512383773536243
11.658687334808246
-0.11626803701975774
9.267235617314299
18.800281269636116
-6.550383223264076
17.384850657732663
15.71015058581228
-6.682677905189145
-18.169105964086274
-12.12134776715267
17.614581779421677
12.110851122309498
0.8470062339242155
3.0764465754394266
3.4639235671330546
7.119214212357182
-14.450800034043812
2.4368292915751795
-16.20446496185274
-13.77929462656482
13.192171014868663
5.658123438443351
-0.27321019173390226
-6.4912249944387135
7.994480226687738
18.239066842586737
-15.674335170836304
14.056013411717835
-8.241356086843975
-6.6562932405768915
0.379607765737763
9.75955115444236
4.710812061416007
-10.555466342318368
-6.181763102382384
8.55291903219985
-13.27699949175042
-3.9829882996904757
-19.677426798700175
6.051128278171937
0.5850677838887783
-2.9295949591947235
-9.045214714824317
17.79608732951681
3.5837780940154644
-10.423783126039803
-3.256804159026771
-17.95138141498431
-4.201173483061087
-13.993847638981784
4.707934936643426
13.771890770335219
-1.6156298149195756
0.7327192921460544
-15.80780609016157
-8.69325378588604
6.1778668391835545
2.279615393977444
6.116550235045501
0.4051698969057327
10.487922531372796
-12.36347531293982
-9.710648566418069
6.458790642538439
-18.89799678567984
7.384393849194719
-17.79346631259708
-11.050971249701966
3.3704519811574905
10.317100965207292
1.9478955131484597
13.514648942887277
-18.642432875131032
0.005799679393717838
10.278889601039111
-19.973441909084837
4.240277263428418
15.244261216131036
13.359438237118937
13.496555412974558
-0.8554513206913192
-12.453760215022927
19.208664581862706
11.32665688223032
-7.599976571993881
-6.668118829387751
-9.220042595919985
12.475882480288142
4.733348821945761
-9.745064897145062
11.855040412940895
-9.759055963240968
18.287132106943055
-5.952482624225661
-4.783906489122272
-2.1362048295068874
6.417621822345048
2.030327933122816
5.304843787894207
4.366417896586622
15.048148524663134
12.799794991633895
16.45986185124562
15.929930644702452
2.627301426599537
17.596886119464784
-10.991819571634945
15.055306508245046
13.136221616654318
10.311248111000076
-9.77665854797301
-11.612595506001693
-11.982498782540363
11.94779808609685
-8.569070348389545
2.170857118043436
16.60672007466173
-16.92027984982397
-14.885756784109848
14.97681870446727
6.237622684926521
-4.297276316982494
-10.702283952774243
-3.4834890063676127
-5.410500345133208
15.375163183192527
-0.7257277053687687
8.066911473211281
-2.7759892102457506
3.3339192184699726
-13.37354800366699
-4.895804022846647
14.697235510646976
14.162833832972154
-19.659354103294774
-12.10649612000218
2.777431594247787
1.6979588836163906
-4.869885271367265
11.71759354513355
13.505060326838375
6.301297048900885
13.133740060501928
-4.209001779119102
5.313189663600394
10.984434413864857
-2.5923524463747327
-2.781822063896726
3.328137290636761
-14.860807543121886
16.623749939872503
6.65565393845629
15.432224575058761
3.234430327568589
-8.662321733519502
13.890489097099142
-13.349763896702406
19.264411760651107
-0.5036708004550192
14.629007763839098
13.230722311052268
-6.686840478550945
16.44250717828868
16.407652483003147
11.446423704693803
13.83525301785238
17.274520108901633
-4.09250995131643
11.398896470475922
-14.773296697642898
12.934872113208733
8.244467182948156
-1.1042939943732364
12.51232846177976
3.895784557216686
3.878252534708224
-16.72371825608197
-17.40920996442467
-6.6365890270072505
14.631306395438521
10.162632745029509
-18.50334509942303
-2.223917862405024
-11.934531185656283
14.245245674117704
-4.52049230625688
5.800596369415171
-5.184397970314723
-10.112374332808276
-1.564001963226378
7.477347108858048
15.443148102399618
-16.271275929758822
5.0691873764081095
9.07913390186923
-12.695330421278426
-19.477165606572775
-19.63174976240586
6.319592071758414
6.044408916838826
0.3784049999605834
-19.031735732927014
16.985403003090845
7.725353326975153
3.4619634182010195
-4.060198144603785
-17.653340419081456
4.005911315936292
-10.122579987837042
6.068467630013572
-18.223545652944
-0.8014470636101549
9.217111147628245
8.423664360427235
8.009721250555025
0.12418189676346358
15.848105876053317
11.001512259056092
0.4308000582655751
-5.332044159358823
-0.3692709787091957
-15.952532192771693
-12.959635432104468
-18.05301935805002
11.764001726246839
4.452941053072852
-16.428167125878325
-18.994346843350375
-11.174415184462738
7.130435264266893
3.5922466191632516
-14.051229941821495
-17.522625290232156
-13.603276959557133
1.812755965399635
-19.185427394419527
-15.926906357481446
-6.0485570904042305
-9.027433865844072
15.411470816741385
-8.503477369686635
5.469044876908281
5.3891632782559675
10.756897474450877
12.068350116781822
-19.63229954849679
-4.706167654318776
18.407001242886395
8.026654357657065
6.5936921402792805
-0.10747323444808998
15.038640314658693
-4.969977781916404
-14.125658383370947
19.867208679960548
-14.647768254102239
1.0389798793847582
-13.06736131827484
13.448266138790963
12.623398774367757
12.400743643717618
19.805173853909594
13.720953342788526
-13.673006500030356
3.9883071851295995
-10.502700351099069
-5.151972807148329
7.437820836326598
15.854453261342812
1.871242226603048
9.855738479447751
-11.612024223127833
-7.487544663563801
-0.07625737740358929
-18.823676584004897
7.277902816413189
8.499130304123721
-16.394704051365643
-17.96504074063393
-18.80726903314258
-18.800037430243894
11.882247756069514
15.120816376613185
14.513965015480558
12.24912492722347
1.545516862964817
-19.60090667983746
11.696594387254017
-14.93098791724261
-16.796931054701055
2.8006749474944144
5.176726607140608
-11.706753029315266
-9.589869953760344
-10.62254564570052
-17.489288346340295
5.812641645228776
-17.560486829776586
-3.7002491749893025
8.253784829914927
4.148151049506083
5.035462365015498
17.771740016889026
10.897059384462139
-8.584362517527847
10.029892291724337
10.466248179228032
-15.720388338146684
19.793055099694506
11.167072996345254
5.409341586391587
7.904624926510216
-6.370967959881186
11.999339935208027
18.200738073924647
-14.256209244659592
14.883206823069052
-19.604425323290332
-12.308724798184949
-17.427109171682194
-1.993346301445115
10.149734663427907
4.427654397487274
9.389918803735412
-12.29149196032834
-6.393132436139233
10.231306935038518
1.4894255927324664
-1.541055989507207
-15.3356333469263
-1.0730152131245134
14.065427987367173
3.0315655300877467
-2.5647653692429273
-1.3939675727023797
3.9157297382210388
-15.357882073425703
-5.6704719012760485
10.758537695889046
18.939451646610472
-19.90690426550811
-13.455156978961913
12.016037426846943
5.810724654015576
15.194810337998192
-1.0691547764944858
5.95285961360927
12.438828925018086
-19.46687187502097
-14.61784151777171
18.075977689975097
4.724241584748192
6.417997138660816
-17.919807807647203
16.174277944999595
-10.956750322304929
-19.572920816329102
-18.318203866238676
16.396840181944086
6.655794614653864
3.123788968349004
12.308502407294526
18.619034481620403
5.171790304241387
6.2421808465803785
0.11258465986072608
18.33787120275951
3.7102148986266705
-2.7164868904832105
11.76072852192953
-3.6632102702718257
-5.28058618979542
-5.151856482906219
8.19394661901471
-11.967194730664588
-17.482462109216996
-10.667136682502933
15.268090282248089
7.044102871280259
-0.32642443000585075
7.94962923830829
8.49505058765072
9.371132853257357
-5.890159911240049
2.14263322553154
-17.663714644409744
-2.3002308159072626
10.870511766666123
-9.801749670883112
-15.284336147543414
3.8352709679361396
12.273943542717774
15.546988048959498
-17.250730808805933
-16.060817429223132
-9.981181404087689
-15.417076258574372
-15.213921069979142
5.151778617779129
-3.2324815509971003
-1.7429727597092821
-1.3746652068082987
8.025883757840262
12.059697816179295
9.823664037023573
4.6917540503581705
-3.0445030100437442
-3.380051543144763
10.62560701706138
-15.133365837660136
11.12198128306002
-17.219663282179113
-6.749926919972227
0.36483249665406703
3.78571514370158
2.485450116736132
11.969050137318629
8.127686011418543
10.064435106668604
-16.827354240080336
13.125657193587415
9.115355645161461
-5.474708090608482
-1.9437973026959163
16.353593134594576
7.001211395346836
-2.9054152649083846
8.1581319266345
12.477158259401577
-14.651066895819845
-2.8042155515956395
9.345065742587426
6.982126184997778
-1.4528697770097132
18.340836810518113
-4.835375244030828
9.366667260400654
-10.597464981487846
0.6090695445085998
-3.4395927482749684
3.387713846309662
3.803169872013271
13.036143485833634
-11.144374421118703
2.82115749058881
-12.235286336922439
-12.930547161632173
-2.7403677927179046
-15.51119703651655
-17.491481415709394
-6.861997587765355
8.702427783134588
16.271636631547587
-7.19596077316587
-17.47232083138242
-0.6517825903913135
-3.197920361368908
3.2380795879254087
-16.40534674491819
-15.35333729052784
9.423682090512688
-3.0751266835187607
3.540234187724284
11.64792372944654
-8.005511522700978
5.675267858539399
1.4157063364182818
-12.336446099145446
-2.8288660467211244
7.464653709516973
4.840310020066205
-4.880785812741252
-5.957787406121039
-14.255428824455683
3.786935693055508
-9.609566658309646
19.552081661988893
18.783993285472484
-18.739278063682963
-14.552143555479876
6.491708474995441
-14.589063998272653
13.405761741524636
11.25201997712324
-1.0720103160738503
-2.4926503274474427
0.8630152275448175
17.960348138125738
13.795985037270142
18.526807172281195
-8.88650241572067
3.2850988493383895
-10.782400712599998
19.519345341738465
15.892030757882594
-16.629367566166255
19.305714282957915
9.050123321398505
-10.751057280969016
-11.709056213978254
-15.787921024742806
7.282210025536596
12.691901854672835
-1.5194155630090442
-1.4357839596789645
-9.424134145694127
-16.268243250278513
-5.879848094916454
17.774128845773383
-19.69224356922638
-17.776109647204777
15.475340404131472
-17.442451197417277
11.121962574773384
9.253998843397074
5.691541125654844
-5.086423210016978
18.759167220801906
-1.5916740154933393
-18.634191411292726
1.9913932849198481
19.09772537057443
-9.408687590322721
3.6928002081286238
2.8380121090599353
1.5808346595742506
3.8716658211751245
-18.258546624515965
6.14456030019182
-17.72653686046481
-7.397270224320351
-7.915081033504666
7.533559731228635
2.4941418847544163
-5.205914072895968
-1.1556034402921291
-3.926430989933408
6.271581597406403
-2.5768026801008332
18.224128488099637
-3.551970417895692
12.619993434023819
4.4764149591520805
-19.62077805125899
-16.114116784017554
-16.302161871962404
-19.791171209659197
-4.323121614338238
13.409585121967694
15.800081263619823
1.3466607148814127
-15.028226444026211
-6.299791379363171
-5.867833273890351
7.758848882594496
10.784284393561883
12.082155823679052
-3.305949051732572
19.041861966660612
13.680873271786552
14.811510982573111
8.125822295678997
15.227765839645542
-15.892381197148953
12.503192822818313
-12.809634051691013
19.889763236504358
-11.847375395069179
-2.981003610344189
11.97298212213807
-15.034173697155735
-6.2498888192966096
-13.51110467058061
-12.05143038361173
-10.85534990583987
8.552472846420486
-10.203216537401545
17.780427488328186
19.1458042645993
12.000459927893402
14.753428125477875
-3.741724860793738
-12.419611455043471
17.747892818309047
-4.776397801853891
-10.353463945883536
-15.080108037157661
7.521470399478716
-9.730388101466483
-8.648317901538526
8.306653773861129
-18.345610676289162
2.4013737931851225
10.578976503014388
4.343536386336588
8.129823528392897
6.452778130390385
0.10562465034155366
-0.3651858500576495
2.274358981207577
-18.983135558156587
-18.68023017884657
6.233486273230827
11.391276098773872
7.5759695294085425
-12.63999967724233
-4.282171820916453
-7.48974049994413
-12.91999841457689
-3.6010230060313795
2.7252499414145746
-18.016693232008905
0.5829796294594374
-13.76287425388842
-6.571617657234835
-3.5990797721828613
-9.618214874151846
-17.675924366060794
6.236389636451843
-11.63549224049686
-2.2321315468031315
-14.262822096771206
8.807242627360875
-13.846051080905042
10.03225161052773
-9.13212685399984
6.05532661734248
-6.548419208285644
-8.355129971057774
-16.187316955885095
1.395428039811101
9.574945167682422
3.3042049663156448
-17.564358166762602
-9.838399841968943
4.897618523317163
8.80504470173273
-13.074413818575742
-12.331481469091056
19.335765732249087
-7.596378671695106
-14.348392147761535
-5.51129704895696
11.267873100207527
17.079482748198778
-18.267895148040232
14.813190738099479
16.008231152252733
-0.914347301231416
-18.508931154015258
-4.766194798036608
19.310574106612826
-15.555639215565762
-0.5912237424852442
16.189309087327864
-19.54624315796248
19.16956426294
-2.2058512733360978
-2.153206686968531
2.2605018442093225
-8.537887692613722
3.0611199232885085
3.353441267099928
6.45313871212036
-15.945848309357412
3.139284528342724
-13.766691331934155
8.318362854670912
-17.898144108844043
-1.5783334729879108
2.8981432483595597
0.29029070291704784
-8.179674417814233
15.097659889124074
18.94224151905582
3.812232248220951
-18.689250007634364
19.641449320064908
3.9037223286243083
-15.004558487552412
9.630447276826153
-1.6898560761192236
17.923370285700585
-13.999983414936201
8.969542322106001
17.82337236949487
-4.267980155859924
-10.060604761018418
-7.150196876804413
7.928548307978474
-18.511527574957366
-4.032676482628572
-3.569963994292337
-16.487929488427714
9.845488608738144
-5.322673887065692
-4.394509503900128
-19.810934999246875
17.321007753575394
-19.453379420049565
7.624037464099985
17.755543691298413
0.3736272333081949
-4.783163162711643
16.58471272574129
17.760617198966386
7.624814489160357
15.282217308040828
9.304935975203268
-19.080591980080307
-1.7570773689669181
12.227706857183847
-13.325890051702745
7.085881042507065
1.4269813062580674
-4.2202451996630685
17.847438894994113
9.854984720442456
7.74758860291843
9.915475077453138
-15.821411719070113
-10.553067740277605
-15.720878504708168
10.50672870585171
-15.459125418637289
-13.712784541900698
4.037571426361705
-8.760827780397147
-19.999827169091265
-14.26491263583288
4.836845987464979
-4.048420077151359
-0.5188215819688864
-3.991851570229823
-4.301528694020229
12.287054191679097
-12.136354699756854
-11.161748508980128
0.07809977678666513
-13.669761008356943
-15.20345443718723
16.662544037530893
-2.7443861211606873
-10.8705559624926
-11.232880655346662
-6.14324789315984
-12.287591110832313
0.3610957768202425
3.7270938758496506
-13.258120324418128
-17.826527743896932
-0.9482138767041306
-5.817515034983526
-12.055069701098704
-15.257811337511523
5.980650845613891
-12.154591513745721
12.533425045709564
-1.367412973187303
-3.671740907894261
-17.982318918916572
-6.116964833121452
0.11052470085864385
7.628493200101346
-19.017500434195426
9.824453019667786
18.0621950428649
0.5588966072301851
17.809917240129508
-7.052308941545791
10.973139233944181
-2.2779890079911382
3.7655747105438024
-2.053740940641827
-18.98316262424718
5.852185720033376
15.973348608269752
19.361389873730516
13.414630727210223
4.606221945810578
-11.571942884114446
15.188683578174967
17.133590616221426
15.734949708040126
13.08146594805963
0.9260863302395208
-14.773118574266157
-5.837226512379861
-2.195470101