5.485841760883051
16.943881772220536
-17.569436806396578
19.339973449493087
13.541948194233896
7.507527358147009
8.793095067152429
-3.335747569533414
-12.60892816038579
-4.875423053104363
13.328951434765614
5.174865515273659
14.554076461623808
-9.583554389796394
-16.360970868490924
3.637744834163172
-16.932858723359573
-4.845803554468638
-12.450674387891922
6.740385791313123
13.0070222773087
19.852219558288937
11.083912520462324
8.884492228652661
-12.12686277488389
8.244926814661714
14.083246812605239
3.4042086235486657
-3.2890228373940467
-11.637936242632193
2.740169460064287
15.63828946273923
3.4950504018713637
14.89463393666884
-8.861252988057359
-3.7790316028687307
5.624584470988175
14.337693512312981
15.711347377783497
4.874651523867328
-11.23593863137085
-15.372379064664315
-8.971269363154288
15.937053233821118
11.959498465377784
-3.292780283999541
-0.5576074855286066
0.3527826235238436
2.7853988523834907
-6.920349682833859
-1.4951383684870088
-1.9112961202023762
-6.075805732389959
-1.139477681362461
-13.816017914454708
-17.713512430429645
-0.63268199918625
-1.4850732205499213
19.426468003420155
-1.5439136555953468
6.0489688143807925
2.917353211219954
7.7980968599758285
-9.849605376575576
14.377358996803537
-10.610899067214973
10.764685877886503
10.675889259595586
-5.9184841713731196
-3.1149251134684874
-10.023126713133834
-18.563474145781647
-3.6566238614764934
2.0698445843985347
-9.602976113075208
-4.562742872047089
-0.9274444640278503
7.0323592365284995
13.91674823852884
17.84548661159984
1.4069223507705502
18.916976602035717
-12.468698220900244
-0.46612982880620635
12.22924364914558
-19.254740788236933
-3.5441708223385433
15.04316238504444
-16.095764801648393
2.7632948005042195
-0.8568208567095006
-4.218445856146694
-4.335634419307631
14.706687032006123
5.378191624155988
1.0285240529274056
11.345333777747584
11.792248124497299
-17.831533764162085
9.33421728399773
-3.213104731037518
-6.431207651544355
12.753049944272767
8.116230461493743
13.156557787696684
-11.28791862515325
19.539144032800813
8.622770509687431
-5.428384283755436
7.531124275517502
17.074083005096668
-16.53387689166479
4.860676906412298
4.362133041618257
3.020127994522248
-17.80658132277603
-5.701046964730146
7.8331866695660715
-7.489892403850327
-1.0827613393623317
-6.841186969144255
19.235405250264705
-15.047804490902958
-16.76206419522733
17.512334572849042
-8.65909393568642
-7.208432671743701
17.057691836155634
-17.49231068715941
-17.65205465445705
-9.73118301095559
-3.2917507468319727
7.653441854456947
4.214615908763829
17.098368787533417
19.115450770716514
-0.9782403251841778
9.542808123618688
6.893525292632496
-5.124607466663367
-6.219569003988932
-14.670811879304274
-18.385149996312855
15.298802609976953
18.30876757827739
1.1816553676896682
-3.4986197544459188
17.16137986338981
-3.8346025149356286
-19.81804902400235
5.787712685700225
-4.371607458457092
-5.31054631996447
5.097209300184325
-4.5922526520912434
9.730291488209804
-13.687148778770094
14.58116059309424
-6.747301576214721
-1.633603190105525
-12.989433118420038
12.12501986584558
13.95962296486968
17.227971276842176
9.581890771625652
0.295304874429128
-15.122820313177222
5.2136143509112145
15.892823607296648
-5.980971459581408
-5.3659023235885925
-9.701665772058439
-13.293974445380258
-6.923399584108708
-9.969850030105189
-4.629676190560627
-1.617281096759097
15.119495915607239
-11.544605201556482
-9.3344351656202
10.509393232647582
4.253169171726491
-1.0655780271884474
9.909051129654692
19.564641239398917
-0.007688316683420737
17.977891292008877
-4.334192189254544
1.8533619197899576
-1.3478025167422274
4.136844470932907
-17.21790874458103
1.817183540600663
3.9914843119917336
17.672696812450063
19.29452967258384
17.668357073710396
-17.99703833831028
-7.242016821346645
19.597637240633517
2.7472574536433854
-7.386593341060653
8.75418969489558
13.562946766767624
-8.012254367640566
-3.1863880798987445
4.141425269247591
4.22677182937036
6.9855202953124405
11.043466484841101
-19.948807067796544
-17.209407279955062
-3.1322432234637105
-17.551845685023068
-8.209060999552435
5.797527736388915
-16.169705820647856
7.624537672061123
15.553536913344544
16.36434541197184
-14.376710253065163
5.482242738727109
-5.974353129568449
6.3768271144625714
-14.621961738585828
15.414446437730675
12.529209611684273
-19.990877473384167
-4.094187367695014
9.373962002802962
15.754940020680685
-10.234670808930835
9.320311523177153
17.50523098361871
14.678257610226602
16.255918394707507
-2.928509815124695
-1.4361222908850664
8.425632385190358
-0.567265264335024
-10.76246537497807
10.218796670891944
-19.03308952154717
18.11536435994934
5.281102146812788
7.918490840037272
-15.396562116852145
-2.9479098686602327
-2.9812479445292475
-4.345588610025262
19.961931525652226
4.709483342081981
-1.24238605342493
15.502867155907488
-6.305048154724391
2.5052507360397485
15.621453409867485
-12.412965045305558
19.328781052657632
-13.964008875720255
18.697598704699004
3.1436283716040414
11.450083062624099
8.23359500873309
-8.731141293837696
17.406747396828955
3.2277555957754878
-8.220897883852118
-10.689492543261224
5.418679552636657
-11.619088742923246
6.051216464175329
1.3774174800305445
-4.207080954024258
-10.519695888193613
0.7412351938084996
19.90985995872701
0.3030855937564141
1.940557940310761
-16.3030952006992
-5.7894648426199815
-5.571989852084794
-8.637280953338141
-6.731086777075937
-4.0995389711002375
17.22548485382405
0.8336012974227529
-12.754310752251016
-9.107047708914923
-1.743493659804841
-6.688048271654861
-8.454969764908174
5.036140213979337
-8.056692728399067
-13.30498078137785
9.438830990021543
-3.8304664874772314
-6.564038819913861
-1.728446008509323
-2.838561842286449
11.427338533632568
-9.71741556862094
-4.770668153909048
-6.90840600654068
3.7205072180932888
11.695509429614127
7.112556366538186
4.901026299648976
-6.0801941484738755
11.03958921960491
14.079397463149078
15.251828304662396
3.857060356221904
16.40360634043902
-19.970791708070237
-19.552947910224642
-19.43495535989086
-0.7552940593735222
-14.079228055859314
-5.707069619617462
14.150759064757047
9.649782679168784
7.049923892620104
-16.39383786861679
-16.23764842368063
-14.44987207617726
-11.134469953455506
-6.387464924704744
14.311112993909532
-6.722368565115207
-5.162912642920535
14.354617842917435
16.90761117376563
2.303644590097093
12.359050269819093
-8.450763928825502
-10.673675039127337
-1.429647698063338
14.451676087771602
10.376577396087576
8.142259499936998
5.983728827194273
1.7259104546229835
-11.384550227099353
13.622080277289783
17.136626998278516
-8.940220943677954
-9.92376814848608
13.682043649371948
9.839807794854536
14.02729453793593
-8.663636307365522
0.1763232488459785
-13.4546753821574
-14.188399523852834
18.219578933242218
-11.369040831769986
17.126804733508095
14.510391751396774
-4.477014222246529
-17.04465348385037
-16.061800142651194
9.864775286185736
-13.547585990703826
2.1949902795434895
6.884769627668092
-16.624305347803507
2.0823418054687473
4.007259990217811
11.449852060194612
6.879737925604449
9.324525739045058
-11.930081371734715
16.249710555376232
14.049061111815895
5.690899712090356
-11.730586531295263
-8.59421637806542
-7.755707397976263
13.371980443108747
6.841362191172667
-7.072938805828217
-10.07222437457441
-3.5997276087582932
-1.6870177781510236
13.650821038074639
17.14290157581273
-8.594647349940061
-7.494948348730572
4.788202491231381
-18.525042809791582
-15.575365713975318
4.460853164293592
12.275084700218791
-13.513901869122122
-4.2190315123296465
-11.814704397606501
-11.7764846315348
2.630189026315332
-3.606228529316514
10.695403179404515
-12.01119671486444
7.287868709130564
5.032250413671264
2.555845265254778
4.015124311663385
-1.17185785583791
4.1043828339641095
-8.998477716386457
-5.068409725832073
-12.560110375868598
-7.4071511823175165
13.910905899753928
-5.023547386959958
7.98214807330417
-7.921517929308703
15.702352220992552
15.565334729419234
-8.150179182056693
-0.3664415191429349
-19.864669819782634
-4.204975486764205
-5.973288961486624
1.8082315794906947
-11.765097027210647
-3.190037147047576
-4.188094221904688
-16.284864238930574
-5.547421096659457
17.321026598933507
8.333800960803952
-14.512136966120135
-16.406238276645595
-2.5565176107823184
18.15841825614264
-19.54370669969442
-19.352438969991816
-9.33717547791943
13.220420278254565
15.989819943721976
15.851191641888192
11.796603440902555
-9.600159044972582
6.235089436075786
7.405325487209776
1.7102925633757167
3.544779156921507
-18.090493797375675
3.157034438049017
11.774848365317155
6.558146300753975
0.2169474641991478
-6.6661630118721416
-13.102037966425005
9.124437913148341
14.25288909568237
-2.0054124902057104
-6.250895838124952
-13.372524531553186
5.223361333183391
-12.456355739675683
-8.656307871974974
6.668799720076166
13.211091532834907
15.68879051987632
15.440930878626475
14.284160337550787
-6.914546963329959
9.119951245437523
-12.46913775176762
-8.338294871521438
13.2628366387979
-1.265073623400113
-13.86118073058527
1.359901241531439
16.880836895907308
2.498025195593378
18.599228191463546
7.010370384763796
10.256306606129439
-10.855109606689837
-12.654038984834317
7.327345414039964
-19.032087513492456
13.400385636276233
-10.431833870212781
18.70232626583683
-1.101219525277216
-6.403508229229523
11.129057394654257
-7.842872787881339
-16.382964961448074
-2.800797799029773
-3.982090900589167
-0.5883632137747732
2.3959925013545273
-11.066427251434238
-9.155266590891449
6.658986099033953
-18.61712635659935
15.213624363421431
-16.566034570000944
9.421868459205456
-17.299886852096016
11.280170512334365
-9.776715516713947
-19.510302642486593
11.87605185507038
-3.762180392578543
16.925105206560517
-15.88661083052552
-8.370698209495298
0.4665108441619523
-4.857759214048599
-15.717415055871937
9.331279840488623
-7.6381317337499866
8.887915771799172
-6.512255099990277
17.174744175665147
-8.249153765613876
9.897685402840093
-18.06792874114855
-10.181375126764337
-15.392400696429638
9.625250693515959
-4.491003985441919
-5.068922594773454
16.603745587491673
-2.7336674393901745
10.274967514365013
17.014797569214693
19.254421465165564
-19.301948681617695
-0.5421485197063411
7.422025976540169
2.310557636871984
-2.197380991953885
-10.975054301096776
-10.355907444911047
17.195568272842124
18.250802353157177
-19.560647977405203
-7.100990642756212
-10.286924583075155
-10.235819778050072
-0.6263866838798648
-17.397691616940886
3.6276149404007825
3.499162266053549
-14.582546262238495
14.229441099493883
-11.087979916123501
14.464158638136517
9.268725541911664
-8.211202788087384
9.713218170980422
13.138991420876934
-13.936920083763766
18.455123456065337
6.250118639413223
-1.1294270887981739
7.123873068911706
-8.42861382013606
13.198554899709073
-1.1839252484891887
12.279495569482549
-6.205927443612405
12.507915956984583
2.093060497226112
16.79317532699619
-4.147679547510679
-16.950618094126668
-11.73546450219832
-15.871655712367057
-1.2517153591265924
-1.3756550764938247
-9.426711913456284
6.699181610557751
3.7223592577724034
-12.005022882513611
-1.7546101540252401
-9.154261007570765
8.11037112065241
-3.851777176279583
17.045767498111616
-0.05615218995144744
-0.5492112915743164
-11.195283342229501
-4.025120185455911
9.945201407274094
-16.430759145732207
14.997120577992561
-8.439134028975467
13.930260301029492
-0.3625063533643882
-5.3749567672976095
8.688678461295169
-18.13245935236886
-5.34417368491949
-19.452492723015396
-2.8795367966794885
-7.818922867910327
17.169548130107295
1.922573279417147
19.067141157493353
-17.548554575252908
3.305707137600539
1.98538971120756
-3.0638365781631123
2.923694204340613
17.72020079292978
13.305077995110835
1.3799994205492752
-13.923218833762645
11.988996473883251
10.111035098570113
1.3367310884360677
2.8892608531458883
-19.215152384445414
-7.422702202960171
-11.835789452109552
-8.968781962228508
-16.139035803108793
9.345699057632842
-18.51316505139581
-16.095995878801123
0.16090820230174074
-0.8534734649395581
-14.688159714243604
-9.952520360682119
14.77854185990904
8.740051681065111
-17.745162494831025
-15.469482486050769
-6.45508972067371
0.4739835208433334
-10.353204539443638
-2.038153028313495
-12.750679513801813
13.653475866108856
1.697269918549729
-15.040637946779704
7.6418091465405205
-16.16625026596786
-7.510818827231031
-18.780258415137347
-17.575186646938192
-10.77195398746007
-1.5212796990447295
0.7247616493551519
-4.907614983331907
-8.134718474385028
-19.102091718541487
18.587727561928205
0.8958074125655457
-7.832502432376792
-19.638545995895118
11.413165921461928
-2.6994679794093486
2.148546841152662
-4.403931579623883
1.2496498156197333
3.108571862294358
-10.376729654011761
9.59712048795485
7.117969773167342
-10.553410734353994
-14.140111610653783
-8.823054618187829
9.58080718024917
-18.2967425226829
-3.7644900566487713
0.8414023608235937
13.895465306176838
-11.933857761357181
9.366165680640993
12.646443157251767
10.151430870571808
11.819533759260622
13.154745674429563
-11.885454050014523
5.676320656407768
4.836703953448712
14.510040883291822
19.322767828772584
3.8234535065824993
-6.226573969998057
-18.0334793227491
8.434016620134948
1.2356973822475794
-2.10609485475576
15.961173187061554
-1.807402140840427
11.646354355712404
17.338342145049303
16.205414449235562
-0.11036134895722327
6.141482719882234
-19.647627588506626
-3.9477174948267333
-12.79224982019279
-11.716518257250254
-17.886026046402655
18.1723151654082
-7.857926589574626
-19.092044470889288
5.75480867137129
2.5307882882399753
5.910892891907498
13.938232187920931
14.121647698381672
6.834071073345246
14.552165206987702
-13.88265212218184
-1.0828887939993983
3.876167837481873
-9.942150474662101
3.516060973642908
0.6026235122791306
16.388481264816093
-5.63597108507166
13.22806487111118
-15.801129343234166
17.036309591215662
15.965605374983284
0.9092538092660583
-16.549337245186095
-13.2258991316877
-15.854240956766134
3.5292480276048543
-4.602104756431835
17.103955360708184
-14.330857230387352
-1.2474688834314804
2.7997237156384003
-4.721404365841471
-9.331640868019315
17.789730263988744
-3.1458151846813642
-1.0140383959386376
-2.7383664653168793
-9.796598289041341
5.903632581031026
-11.57910520724677
19.939457241149434
-14.385600408481828
-5.104174227094159
-4.4174991965017085
3.782291015119185
11.233598275304985
0.5899416578753005
12.516730131032375
7.328949997840446
-4.760586151843157
-17.88968611886476
9.637652378082315
-5.1105165947506705
9.132032385314872
-3.1688863480296767
18.495568885289146
-12.115021630153024
1.6867416944630342
14.258502436873577
16.05950938644027
-11.023419036378819
-12.812984259749442
-12.362350720646784
4.794730698495748
14.437497117373269
16.26199611298994
-19.052276712266917
14.784583558870928
-10.867780106417078
-4.079628040176576
9.792634798323764
19.64095345087103
19.74731900114768
-18.826065552451595
3.3572954199807334
14.47935961358445
15.294477743328997
7.657658546690161
10.284356097698328
18.3356833350308
-6.149404070390867
15.763646706456463
-5.534271790965931
6.889506956333168
-8.409732992604333
7.095323678995371
19.12590198227354
11.924276228136499
-13.586995846103749
-17.58266362134961
-14.671844103555859
13.781847695649745
17.18918718379173
-16.756031018099627
-9.729074496194986
3.2113706193924756
7.712158476511135
13.527959378934803
10.471998660519795
-19.985906021155802
-17.12452598778978
-19.065912561762453
-14.182427297628632
12.767395017483935
-3.8210777706341617
-4.741735957058314
-0.09754787150059485
2.170616325744952
15.316111199932173
-11.761204924333537
19.80167257344361
7.985755760015039
-11.220689779834746
3.479503562146398
-15.01150144783059
2.586380399223991
-17.310881241328158
14.763904419892391
-6.077038655571577
-8.773523942786925
15.324851289041376
-7.1747161766932965
-9.450595731786105
-4.051328754599108
18.744648903706775
-16.385523370629407
-2.3708212040989665
-13.43606579983585
-16.083692031004023
9.247805037118596
-2.0801037186923423
0.7257391737915029
18.852535098120534
-9.883480155011233
3.4245944522785194
4.2115689078725715
17.200334782006415
16.971202136547852
-7.57081188685008
19.628269230900408
-18.300733811527422
-17.240260181845557
-16.909325767514293
11.241485883350872
11.762176054846776
16.03613892546783
-9.308325356188188
-19.772484954115335
-8.097452627568625
-4.6589243475647955
-7.948257661322051
7.866684854548694
9.920041746477835
3.218269116070079
-15.159415103625577
-3.2226948386904155
-4.735382924932159
-11.000070097953722
-19.299893845495486
9.216319322693963
-19.99067034277031
-0.05737201395763236
-6.169282887965441
0.13188173565803396
-16.29348836171484
4.630259046128661
10.680555093892437
-9.489760249067114
10.148630285060555
13.413388309854241
-0.45730282572640846
0.15259807929260916
12.534178422911005
-13.90028531709806
8.853826815390065
-1.2446279151953057
-16.818527214013514
-15.677044381068708
-16.68849885334744
-0.949824457356808
-7.453503226297137
-4.798459522884965
-18.664616072308128
16.014737834744047
-1.653808705476699
-17.57597035485995
5.530552161864829
9.478311122045255
0.3631655471407669
6.95121062412888
-15.583347615027172
-15.91077169791804
-6.185684502806431
12.319977491563819
-9.37881624969259
-11.674782157352226
8.843199961551388
5.888936459319719
18.91575016360565
10.773630672568338
0.6185271530547674
14.707411063315021
7.353942749352047
19.103111117756775
9.834652563602177
17.513300968337475
9.25955451865686
15.149687058451242
14.212616780445153
-3.2038159553225007
-6.844681255969363
19.792311622418346
-6.580106059563221
7.3089076127940515
-6.531386842149697
8.024670398773722
6.042596646474216
-19.572557263267583
2.270666019758245
-13.85462635161812
12.511808550960957
-8.80657572071787
12.286631877681714
-3.0507677355356506
2.4580317805026795
13.621550451669393
-6.9121935167981405
12.01365518528766
-12.96191643583776
-16.942893202333025
-16.40775032420485
15.856190891791904
8.920928074164646
-5.006499473285523
-5.701654322014221
-2.737722011697553
-18.454300489786814
-10.38512569685862
0.4102024184836175
-1.6544426705603428
-5.533902852797393
-12.43358168147148
13.699798669205848
-5.64288195153733
14.536672373175705
12.686416999139738
15.04807300820007
-11.019342747700591
6.698201361304314
7.002329930976124
-1.2331390484362394
1.398010938027209
1.277841870099195
-4.108458206729511
2.44067896213825
-7.331000655753591
4.702587115326736
-19.841384383221012
4.729086967560427
-10.712486403474436
4.700572617396055
6.381036441057223
-10.423746985706806
-6.864995038094266
6.456619466228055
-19.06424642835276
-6.21592111528229
-18.09416570716011
-17.376323170504065
-18.234790353125362
12.559383252554454
10.697248802749293
-1.320160587631559
10.292361493288205
12.941670924473087
-8.826958966178138
-1.503962109397257
10.804229086114837
14.509207981995118
15.304558530741112
-18.61594472804319
18.092358499778285
-13.716772407586216
-1.677526785909258
19.110953107856837
-1.9060137411269622
4.980191296965582
-2.217409417106566
4.5595417301491
10.604669580462172
-7.0309062878031625
-14.173953573896721
-3.5111885280902797
19.811770572518803
18.08639120528528
6.712729076463695
17.006394835149777
17.513486231326397
-17.569738921290327
-7.956224103780404
-10.986393342102318
4.435086009809027
1.940877134851057
-8.043119342620336
-18.828585224450812
-17.13697508157026
10.318875819028712
9.592127987428718
-13.237455921399214
14.97338369600213
16.081680175542907
-4.880903098825598
-0.4092591734207218
-0.2802956464988995
-9.568580776181172
-6.554891297489904
-6.633094026310298
4.944746443900037
-14.432531828094888
10.346956141170626
15.739902706397878
-6.478345584333471
8.832993136701202
-18.68276353046361
16.026059582015
19.896792192514226
8.757025861862871
7.919906130417527
2.2637948553818603
17.286529118543385
-13.137075887769637
-15.863346449623661
19.160985016126276
-14.443021071166733
3.03173082685462
-14.67384703721201
11.779429417606423
-0.3391378791314956
-7.551241229120427
19.501883965746835
3.4450140327776424
-2.009504186379388
-8.800023213710855
5.312547640017829
0.6334497342288223
1.006530039205309
7.887664048112217
10.882305271047127
-7.26552894186181
7.336028952223469
11.030224092922666
-19.425642152973616
8.734301172294483
11.70210423627459
11.71937208801274
-0.0112591617958131
-12.889380866294777
5.071624422818974
4.103219624361046
9.100309259850789
-19.17237948768022
0.9723675211979668
-0.6650207952370195
-17.85314467967688
7.1002549626196725
-14.070484608132837
-4.27837107064339
-12.767574859507572
19.663266665932092
-12.464717159145815
-2.5525981455702436
-13.166139430204185
-6.146251810699074
14.205689336552865
-6.156779093628813
7.249527941500457
-11.205074818446281
19.502079456098528
0.363705661785545
-1.8977185174664797
17.832917196504752
-1.2696302768282806
16.655858645198236
17.408394681954462
-2.0631446588896836
-3.928598264899364
-1.2371144154853582
8.58475977772649
13.490639560801057
4.483886914773375
11.709643812062076
9.677372286821356
-6.8111975295167895
-12.16857479768024
-2.8775378745036626
5.998374619995705
-19.759347900009647
-14.47645403018293
-16.16684544417438
-10.407591558243734
-6.287328549250111
-0.10290802112387354
4.416390690894005
9.785510724352587
14.209281694081426
-14.42421113607615
-4.665577586442836
-16.893614738471946
15.32241085016392
6.7582372259050025
-18.32848954403783
-3.3974192402053482
-0.04407027449550682
16.32731719707666
-0.4789456956308946
-10.897893719024157
10.399811294708176
7.411154131247294
9.138733582048939
9.727730010084919
-18.622597404161283
8.03007921830035
-12.35949740368266
8.780047571820159
-3.6034429508356993
-11.741569924311257
-16.11379390398213
16.680796307931224
17.351653290576202
-1.9681268926296624
-10.374734476698766
-9.977203086867483
3.8095762686919734
3.6593638509379325
-6.900818813184607
-8.637274019355413
-17.24336390053155
-10.970411182827654
-12.325537654570113
6.88107854034908
-11.826189990601112
12.583316688807571
-15.733316912753278
12.559707932580658
4.66625706252573
-10.228906076263202
-11.042871069553426
3.82848221712786
8.391190608929008
7.553711851995125
-6.42609737421385
17.29004925784784
-8.689812457198727
-7.113897896160655
7.250012386123252
-3.783334089872419
5.154800289371366
5.508929339801746
-9.60415849697939
1.34570591286732
-13.58176045641076
-10.007630777595358
-7.118085651256401
-6.343310671727021
15.150252262544662
-4.907307244640936
12.528826073740397
14.146610047092167
-3.3606628608804634
-14.317573150340692
4.6350335319365215
-16.615582460609474
-0.29232502447078446
5.709675583198866
18.25518470198881
-6.870398396617684
-5.048535038935004
-19.617756704547297
-4.100708355129704
10.1546017274486
-6.552504450816103
-10.681963686961883
14.602093182311052
-6.921340963840873
2.878100821314593
18.6995884611905
1.535263406468971
1.5473132178213724
-1.0271131556163091
-3.26156505482637
-6.303392571876788
-12.398012849363385
-3.5218374118524736
-7.987082585273226
4.87674168279808
8.887505244864123
10.464058517718282
-14.80989828443394
-15.971654557464138
-11.704012115945162
2.6390065399571654
4.125946981562002
-6.900592070930646
-19.247942922881194
14.890814385772948
-7.826080149116642
15.08405224893589
-13.774920520536789
1.4708664469437167
4.781683509524658
17.174805029480645
-3.5463093603352434
-3.0443562220440015
-6.160939232115595
7.981700785529991
14.30953271575207
19.23691096716864
9.614998759906094
8.31640364135972
15.188679516053504
18.427739000555803
-7.433632204905933
5.594760821320332
-13.625668433314795
-1.20151029515279
-8.522683654089121
5.750418236379499
-18.713769899366106
5.273945408860072
2.6147388050061977
-5.285180815293163
7.178148697002481
-2.769194787398842
4.469697867976006
3.179662375256772
-7.585774079300158
-12.540930359479905
2.3056315072641596
7.081336760191359
18.804979218893017
18.655053398100684
-19.162399187933488
-1.6730171991407516
5.529332867094823
-17.962620042796242
-0.15719232438766184
-12.370047854249924
-16.07308876058015
13.704723745323754
2.318103073977685
-19.734975316764313
-1.956295158701728
-11.548776742014066
11.345051037231496
14.916782096379542
-15.617329165944266
-13.086163119629205
-12.691718167956259
4.751950163686757
1.2087782188714016
-9.167934401620887
-14.52271674528479
19.68570737805259
-5.237053040804369
-5.30996202766957
15.733190822351077
9.523515747466277
3.041783347355839
-4.391797179686371
-16.566204167734643
16.723383279420403
-8.629367166289065
-19.475101888947925
3.7424760110078807
3.0656408690411716
13.810686826072455
-10.655216896769112
-6.966079377259199
5.923834940866911
14.039892088566504
7.4326887723847115
16.515209098805677
-14.929648611690487
-15.82714019418217
-3.3787819002665174
-11.303820273985234
-5.520946855209923
16.50710898595048
-1.101681358425882
-10.235132252183735
-8.267120538669923
9.37500898371237
-3.2681960765415496
14.571973814752958
16.114634554077753
-6.791214348547712
-1.9217429333504086
-12.047433777132778
0.13737907597705146
-15.755180891297256
-4.948571004894649
2.757507198818253
-15.64741984287327
-2.1868100769632335
7.074715484325207
-14.634203359531188
-6.317130439601799
10.465183021350242
19.916095367465033
10.13684115601751
5.5570253496461
-6.728141744771868
5.286958213633621
-0.057827518747323836
-9.080922904036676
18.233175183088242
-14.087321890400135
16.588977800246724
3.6323047422347514
-7.8343783959307025
13.74572018081507
2.597054807376299
-17.44365875701224
-18.788145836617595
-2.051992620198021
15.419655261707874
-6.901896982107063
-14.828949069607319
5.038002731880237
2.369316160969035
4.659764276328509
-2.185548687190572
-1.1825006929220727
-11.845395802096498
10.330036532761998
4.8847046555825635
16.209930821346546
-10.179322525394596
18.83334448514554
18.224349145518374
14.25960225653143
9.07441751135486
-15.068906061603645
-8.351163360276278
15.775310848502627
-18.856556333819327
-6.12023979291093
-16.545016232895744
1.508945677903636
-14.936869876293386
-9.064074438718798
-12.075157004024666
3.073642097109186
14.417575466318219
12.145104663614141
0.7773422245771684
12.437863607847248
16.888330279705215
-4.406132840464823
-17.417166665988976
11.864320365535317
-17.0823182417849
-16.1623947499946
2.041147414439962
15.402817816301592
2.181112820607524
-10.292607025091339
-6.174859182511895
-4.283533254341938
10.892817323621728
-2.8694348623722696
-18.504187128987624
-14.601029877430477
-15.723780516715777
-10.365768311417813
-4.725989479926508
-19.579367379353954
-13.94892056626993
-6.034333491012296
-6.338103197861301
14.312729980863438
8.145380000125122
11.731182443895719
19.57968104713035
-12.254079996137506
-7.6570607537479205
16.992750583834713
16.688507209908586
6.593758228644042
-3.778996438492925
4.159457549717512
12.000534868204028
14.456853659790696
-2.9174145410654226
4.495018936887906
12.243015866267193
3.3453686833442298
13.974848794314376
-9.297951796889471
-17.23762218383067
19.73507545348869
13.879612030999404
-13.61208662442226
-14.366372575823213
-9.994573883447067
-14.403033218984378
-1.8289534547426811
5.029421984027678
19.326207638374598
10.030458252885957
5.9444145579975185
-7.729530838698402
-11.992097390530066
11.037539464452514
-19.40761668781142
5.358908403382287
-13.413940722327386
11.011052680663415
18.62338524335312
-1.3793350705530436
16.926888547471712
5.130387735035473
-17.07006271861028
11.316373812169989
-10.001494797077871
14.469456305207828
4.41520483505554
-5.908456896187699
14.727659274518714
7.033677957554016
-9.75763940470947
6.251543209157944
0.5861494460637999
5.986346220600389
8.625074741282752
-17.20993815452363
-15.180489126328109
-6.27906758464805
-11.471101692438545
-7.129015674352207
3.147091478463576
2.363726458268328
5.048741870796448
-0.6894232078050848
3.0076486543145045
-9.146798624475014
0.5694807870422416
4.541712109734512
-18.428725961385247
-8.29899692766217
-19.865179915011947
2.061728301069074
11.451814370724808
14.760543733511014
-13.522651365146618
7.228767746099866
10.60076795581206
-7.7756210055719865
8.741809606964605
-11.915160954725778
3.4445526221906384
17.11379008787508
-2.856477731722439
-19.61979117404761
-15.435048495896325
15.17917408463547
7.4910207559673125
4.254997113053541
-15.711737779779998
-15.701890668372247
3.2361878638426376
-12.95463329774115
-5.663312057789035
9.656187076468619
8.572343421858392
7.358402269894526
3.23339509034129
18.465703665630407
7.531863590419718
19.501638428445126
10.742751253617794
10.018916333249695
17.442657686612222
1.0735340943019622
13.982327268796453
9.258925216304199
4.24582228426145
-15.101962990281601
-18.467560671014816
-13.321943678293927
-4.537499804358145
-16.067453925063756
12.861449191622185
18.167144181409604
-17.879567460757087
1.4989909331596074
-18.867395413147513
10.373125430683288
1.8947422783659107
-5.792461308638895
-10.78082160660269
12.751782997465241
2.434278882470373
-6.705236713494834
-14.38777539946165
15.828933386841044
-15.344732510267427
-4.119404392581597
-0.3185011785896066
19.362591681279746
13.665442467880908
15.929819850830242
-17.57756320201935
8.014268864638012
-2.615195814415351
-0.4416186921037557
-14.443177143822563
11.676434611113553
15.388935522738542
-19.298476801758426
-0.07683845339933981
-10.497850735186404
14.282495563161348
1.4280033055722683
-1.208449217654728
-6.289953750314972
12.809039880211188
10.182391477818378
-17.90084944651546
-19.10553494138386
0.011295650572019866
3.768712357643338
4.286974984798743
5.910539269743573
9.66094989761562
7.656313934128537
17.61571578663623
-15.665561771063974
0.50939178783457
6.849301176516839
-19.558580406582845
-19.392561397894248
-9.581835242258435
3.2693894080816364
0.8054041047004077
-10.301130942605873
16.010501960511682
2.2334559151611266
10.820461261150314
5.348016535408583
16.254063692556116
-7.182963492029382
18.63897758121942
19.455602888594925
-9.664720407113734
8.97303132486444
-7.5047947327038536
19.30546655626975
3.356517366615609
-9.157691811992038
3.0483194125480537
-5.385712527874444
-15.021953838766372
17.592503235808778
-8.80237791844095
4.427595971215624
12.336068310047047
-11.347397557648282
-19.16135338329774
7.469907553475977
1.8506080047080076
-17.4277858902777
-0.7064244148444772
18.786888866748185
-0.7023528762180433
-3.2030272489424405
7.966258732514486
17.584585708333634
-18.863249551789988
9.64382531706432
-4.962322768961904
6.458037849929958
13.666812180050123
-0.21894933293285135
3.3729890953891264
-3.6682514083382323
10.33209891033679
14.716026057207507
12.614376026408308
12.233667938377181
8.722450517513657
3.497527310828037
3.3319621462347904
-12.363742528883183
-11.859653279343183
3.510782155559859
-12.435465808915751
-8.905579896626833
13.66809771748028
1.4911232985150988
-16.612419413563735
11.52052088394866
-3.572562116389694
3.8305159446355717
6.042109600214388
-9.083942483503634
-5.373002293268986
17.58447476765778
10.950120554689391
-19.87755396592999
14.802718559596002
-10.169414917760236
3.7825006489762885
10.331347203255852
-3.770069795008304
12.912623144072853
-19.582468727254437
12.559005297360166
10.254285112663393
-16.257719736191184
7.174736477897028
12.157676312452203
9.190694067377464
6.231993350945487
13.541451151394092
1.0501106929991195
10.039305620152899
0.44918905953630883
-9.944759774480755
-8.500475266150431
-18.76729004506108
-17.61731651792932
6.877688044757583
-16.26222988795895
-9.145724150426684
8.281039737372584
15.696650443131553
-2.082413617019192
-11.04236705027584
7.334623195233156
12.672589985692817
19.954025038458155
-9.920865920016686
-13.727302802583225
16.705994963738192
17.781848629279445
-19.57238608420212
-4.276625698338945
5.907481609673905
-8.033952072194648
-8.85721896372154
5.117497711817567
5.4627040687774695
-1.3501327857885954
-11.072834296330969
-13.636640499457693
9.365898858193692
4.1312418607021755
-4.8900401662536765
5.365331043960481
-0.2644863475982362
-1.3906825374497416
-3.68149347727471
11.595257384037382
3.000848089160062
5.3600854126810304
19.89747025112348
-2.269615838590802
-4.0724461076619
11.15560988762477
17.11825453443241
-7.282898190479239
2.680408769782968
15.750280214365759
8.630754370645622
-9.130197381658292
10.152587314850603
-14.502810446172436
-14.81075048080875
-10.61030576068459
11.683534487825831
-9.976643750684957
-0.2839019512229797
-4.075110148269978
13.604305061256916
-10.529214897173645
18.79400524611028
-5.148202976237336
18.03821019085661
-15.464042516817385
12.559977635975898
-13.558015059131211
-17.78461321839992
5.173310308513656
-7.99004347234443
-6.142200525364672
15.684296075241036
9.313518271921957
-4.872897331099487
-10.598155455276386
-19.03639975705364
-0.6211346418170578
-2.9376327925215975
-18.11844652776127
3.3953724623349117
-16.08370385165515
-17.48699241516025
-16.304901721801045
0.5747860350863121
19.208799904366238
-10.66004418500453
17.505577397841208
-9.118637652446342
13.320814631756065
14.276193739405521
-11.359251839588968
12.459845542296009
4.119490573705473
9.791481988334198
19.563196118832657
1.0148908675519408
8.625195758774101
10.255294816261554
-5.852859262481296
-15.522846507978487
12.604955072579457
16.157952872456434
8.235230765000658
5.766044173672281
7.053619519488059
-7.002602804397338
-3.5539396543916766
15.331405806799033
-2.967642238690125
-0.06877064457185611
-14.008147425548154
15.29918485614644
15.168947298378335
-11.099545616555918
2.864002836824362
-4.411413614641088
5.9877039640331375
4.145137099478564
4.3246709632103375
-3.9197501283719447
-8.102156068404337
11.789792928603745
-4.744761414812952
-10.37028698325933
3.5646673452984565
2.499299927201875
0.8740750094184868
16.726401587932635
5.006408608551677
-6.917983600377466
1.9564138120664722
-1.3821524074792748
2.349266588360802
6.498646182289608
-17.827204657902836
-6.064755974503978
18.43070477915849
11.494622746652695
-5.342037574011908
2.4091931873713044
-12.830811855421192
-2.524621989120874
-11.287121129814155
-9.40783365881165
-11.231662086344878
11.782593847923767
-0.37371639875348706
-9.215067097291346
11.611503974781321
5.109850998361452
4.554970490747987
10.401610130283796
-8.644743438430709
-2.23588573682456
3.9403232768983543
2.517477617853867
17.36288608089373
-10.434863674222923
3.2253752335316577
-3.6536417864254105
-10.298821452940995
4.014162375974337
14.498794670072257
14.727852536832074
6.5994188163411
5.848809347196298
-9.7966395876402
15.900219279461368
-11.948702104295572
13.280219050404803
12.190698226718851
-14.13915304822809
16.0846329858524
0.5312897568007315
0.5003438432027494
-7.299462696654636
9.53666640967576
12.697484402379104
8.53114246025859
15.971913264900863
2.8827179123447912
-4.698521933090326
11.025991544909797
-15.900288786787765
17.421957080915277
-10.148004922761471
-17.941300137795878
-7.1339976736799215
-4.050312672278009
17.7082670627617
1.6054293441782335
-12.211861784427365
-17.16074137234628
16.76306824196886
14.341533562100274
8.485624869864623
-9.240495542264565
13.470672011819438
-13.982862372613983
3.387169729693671
-4.781331866340125
14.719326037551369
-2.9809808254164807
-6.194387051280724
5.822219961465525
-18.303389227033435
-1.234666794833423
-19.83462649727271
3.9875283683727822
1.6771002898450327
15.01286181758524
-8.399307704374571
-15.423033670595307
-9.35124855402709
-15.32740192763816
-13.260845617262005
16.26752631396353
5.14465391096461
-14.87887390621446
-4.839265524124045
-18.90111455925331
-12.77703114575342
17.09228096830104
-5.131379594454435
14.233499903501198
-7.201471742719292
6.683705337693784
1.9618717258391136
-6.434378121422682
7.149000493451794
9.443024203512287
2.6836233763265014
15.820967988991107
-12.947382385337317
11.32856956971392
16.004800985613215
18.012628229281226
-9.576553063931437
19.143769246976838
13.17528862210898
-3.8078935458057863
10.966578317374207
5.66001731902476
6.331719865429118
-0.9199572414993256
17.17425331195966
-18.512089133135966
-14.0104848478025
-9.02197270525372
16.09274152058679
11.577799618623658
15.338708370839754
10.1766663244174
8.839625052182434
10.044642364858895
-9.631975285625849
-15.044773814444126
5.182891466503339
6.952751427967332
-16.703767108463357
7.243668288712474
-13.03118559660442
4.786834744955911
6.817102197269833
-0.7601926609652381
-17.84245265618308
-18.740511564438926
19.187207418181565
-8.20684301834994
3.15101920195832
-1.9241828699455112
-16.82437003810344
-6.437701343561306
-9.48505751427339
0.21000781822374393
-17.558982206249585
12.437766122391388
-17.264421085379258
-13.323178505206776
-9.646892345992658
12.171968201306548
-16.58597099588873
-17.31432722617512
5.699459635298112
0.5236529492024786
18.806335830149237
5.634735603030386
-17.605821451654208
-0.9610290104036814
-4.918977740916418
-18.24243861312629
-1.6423756163674028
-2.5277115409215085
9.00028296449235
6.132608817437443
15.338953284813016
11.311126392364116
10.109363566725477
-14.865923707234225
-3.8307893830806563
-0.6942865277115402
3.282918698694253
18.191765746267002
-11.434926848430273
8.403362461865331
4.1515437276628155
0.31053238316641796
-6.531479652486794
-16.118357950083038
11.452024645657506
-12.844818090013908
-17.2845360601076
15.690481183425923
7.027839134909108
18.74085901694412
10.446259448661436
16.47853672165956
0.08866701776750219
19.8311218155636
4.51541115883769
-8.20844690790235
-17.10329423235738
14.551744206445221
14.77612626692435
2.6099136285050974
18.40717857146621
11.91136963767326
-15.589652311956206
16.51277713526683
-18.05925587884542
7.2871916253281945
-12.223255051711837
-0.34890578579177145
-4.583336275917244
-7.53793550481188
19.591896705381863
1.8462696874226552
7.825116290717261
7.957172367210422
-9.382297208532338
2.9757169913665713
-0.21759758005786267
8.35459455852233
1.6980643448975883
16.76485615324257
6.388022525211753
-16.2938996046491
-18.952285242800787
-2.886396785479782
8.565559350273581
9.685991882821334
5.527368241169338
6.264490578790873
-3.7944621741385163
0.10888109869675944
-5.495064443176769
-16.826190238215023
-2.760991891215827
-5.3614595733905155
-1.7026705200321466
-8.55806261865066
-4.165062260751933
15.167730212416984
-18.666896955655655
12.040338550234765
-13.427676872038186
-10.651633363778036
-10.1396274324159
19.272924268860045
-12.7868756199239
12.055140752447905
3.2034757356167667
19.61002040165389
-4.688225532661846
7.3339628345151695
-19.342010323291827
-1.0107707814638118
-8.713962859671183
2.5610284074170053
-18.951289832621498
-14.506256071903788
-5.8611460913074644
-1.8048428180947873
-6.818154858537939
-15.355020584876847
-0.8536564866162202
7.8341840443902235
19.223139525458443
4.849396470481551
-5.6750273108387095
14.519043932149536
-5.137846852624705
5.5178457561459915
-16.78518814852079
14.646787272896503
14.727756820761897
19.767937374735048
4.2017413941079305
17.825360353979093
11.278982189570126
-6.547720047253094
9.548754176050647
-11.82829043514606
7.981728200646057
-0.10365182579208465
4.790647182273421
15.564793827714574
-1.3234861969833176
-19.759039785015602
14.92186067979383
14.600724769845051
19.695750272667183
15.38382067717788
-10.102550757069801
-1.8453043224904349
5.937553962575144
16.193999170532727
-4.479775332700132
14.450281306759877
-11.168328364732997
-9.918355795914131
0.6171756617850974
0.3822057191783941
2.6162918057314677
17.38783327213345
-13.029428422380796
18.5428122417631
17.35536840356221
-2.3775880352737317
5.191620878313149
5.532516247331554
-7.190943410998667
-2.9557394185791708
-19.77915818547311
14.927139373324287
2.8762226483133375
12.912659177647946
-12.940608807760189
-15.473914525473447
-11.203256835338467
4.693587645926733
15.625876134157735
-7.141584048405614
-2.4716418399869475
-13.553080771791336
-18.571903979241732
14.584570746055498
10.891892093910002
5.832154502872562
-9.892079172975802
5.652961697404649
-8.414559134727607
-11.235608743431875
-11.997609264183806
-4.765211758616136
-1.405906257298696
-17.855911282258973
15.729675742868345
-17.92917123232042
12.255051842358078
11.857263524646182
-19.464226880370468
5.5723381106679355
12.100016477540393
6.32245691409495
15.798083590785382
12.541297244519484
-0.016002914850993477
2.9568195786839304
12.758723001468553
-17.772685218977074
15.922416793234405
-2.246088559650513
-14.854154207484482
1.2808353369552883
13.111766422410291
18.27945228917305
-3.821594404078027
-18.124459719943722
-12.570632915866028
10.99021283282092
-14.031727790732496
15.94732562978892
-18.99662245802262
-17.421191428455764
3.4927307170886053
5.973799250583518
-18.40831822557646
13.081982690283724
13.070741326808076
8.570002756801188
-10.985519293409736
16.08564655871006
-0.00850735622870502
3.1042493140560303
-11.886651596405011
-13.713530835559506
18.636507778863816
-11.413779590640974
7.03934981426049
-1.7832454565526454
-18.601561584915075
-19.299384643449372
7.310632718189467
9.94516595740636
-13.689583318479599
19.80690391833437
10.269077419176327
-1.7268696237272785
-8.62045770642129
-2.5614124309736397
-1.482722834173849
-7.68791761751193
9.648131297033778
-8.582992928367027
5.9713320200875195
10.863572459382695
-14.607162609873988
2.8673124980636224
-4.639721033462564
-10.398191104423944
-7.040501520550805
12.700903052086964
-5.588589841093757
-0.21271778572091193
-18.75995745223768
-16.126828809539433
-6.340452715215665
17.078745959309018
-17.800312966717257
15.38705427425127
1.416824223644749
10.878626096238445
-17.668901567530565
14.351150755982289
2.63610089664542
-3.6045705707477858
-3.710023117913611
-19.04549075375819
8.984477655916109
-15.319071635406427
-6.289088626247015
11.99770978673881
-9.391033891636722
8.030330959807948
-4.8118848653655455
-7.006645540518868
7.94587770379885
-9.79700943651617
12.621926999717516
5.73666924759365
-9.611279044355667
19.915235939927747
-18.168844733322707
-15.397374058065552
-14.357532350956731
10.626875788088537
-4.233028123297151
9.807178445292209
4.504090274190958
-2.448948407780989
5.644179745246987
-7.712937017575809
-12.763281333578824
6.532109151698933
17.40047684743449
12.554743786345469
-10.218879303851779
-14.839683627639001
5.027317583868694
-18.068012108314555
10.76495057571876
12.876856586819684
-6.977236560643174
17.771034289656612
6.837943476991203
-16.04622500685448
-0.32387762735851666
13.589470039405015
17.817080531344118
-2.562513796238825
17.272343234890386
-9.25643117714972
7.051913426694835
0.5931352191585688
-19.508426888409943
9.876745960074519
3.8003606997741386
2.4007054338836866
-14.36651433273051
13.4286374545364
-2.436034565241595
19.15345113416432
5.581713260077663
-7.56510705305287
-11.915896800124415
2.4705539845018905
0.226443987890093
1.8800046162479198
13.94496024434774
-12.544256424609799
-10.567989350733225
19.316709026450482
-18.801256945212316
-0.44312237014868217
10.284084771937057
5.632796155999969
15.783783176516515
-0.7916622104874769
-12.661107765797572
-9.97690567656087
12.043436013201038
-15.776966988499716
-18.90805549638182
16.259492625246892
-17.877104709078235
5.67346278754831
12.503292110918728
18.57874029208019
-13.591613217597516
-17.99877488658825
0.608155145018582
-17.21706290556638
12.839455253753513
-2.4345510796287684
15.190194955995949
-4.325919789792652
15.048858767712147
-1.5672670743775967
-11.549431077579722
-2.2781003582991772
-6.866212655879028
18.64455442173302
-19.990343493775757
-18.091833877092597
-14.229104646068462
-18.704747983313396
17.216470963578686
5.128916882715981
7.334260643701903
2.4606282161500346
1.2098591957364455
19.82883472946142
3.4388506761722404
-13.75748411782926
10.116172987902456
6.507867409452558
-2.2149345182267695
11.944360104487032
-8.220790620506877
-9.43945151759467
6.346278133024601
-11.825653019894592
5.577143622405437
-14.724572907428648
8.628032678581693
17.787813717012234
16.597287314436613
10.7183354025276
-18.648151572599193
16.994385268142686
-1.84875256471976
3.227567941353673
16.812870958981073
-9.728248142951742
-6.411206259499345
12.692278173885938
4.24398627614929
18.612580601878463
-17.324760425869705
-0.44532434921751474
10.908392573414922
1.6896692712624208
-1.9510974460117296
-14.742048828602062
-11.939669280248326
6.230300341291461
15.075858191344317
13.623223417458817
-3.0639604539348966
-4.8183165768948975
-18.393283548158376
-13.62334278951356
-3.9875755772696806
-19.732669618399335
-11.005135052193381
0.36162459360684807
-17.14903362514471
-12.742299237572631
15.907102190320614
-13.754334243095263
19.197266556593945
7.614255558858577
18.988290496988242
2.7575248439257685
-4.456419707275231
14.485519751447924
-5.9647950361425295
-4.622186064444453
11.830509813593299
-15.105362181408232
2.779689507638409
19.772587093399324
-3.6321087791734357
-3.7840451903061414
-11.959188829353753
-2.1985901228127176
4.814233538447855
4.524615187504093
-7.227051258043872
-1.0240989784549868
-16.11362869658382
4.373125282495479
-11.151815589794571
1.1058137619369006
-0.09370506983272264
11.44855612854808
-16.324460385483718
9.693324297473897
-12.513884321579415
16.664555891126234
17.019309807083324
18.934838401261743
-14.231958027785478
15.542890642441442
-7.945139534910748
-7.6738624269305955
1.6583467167308896
6.589104057495145
-3.2300680991856403
-18.1963720736921
10.500765767022294
-15.855635151077134
-13.271745433703463
10.100354739775455
18.57766725156469
19.082445643875616
18.053961345660866
8.394798357059734
-10.6861910712229
12.968669511828892
4.461942893504144
-5.4715585448320745
-19.90255224037299
19.330402687358756
18.54514147444526
12.199927168703304
-9.905505884386251
3.366486129899428
9.856888364479751
9.182051406349952
19.993726476564092
10.611147545672353
4.184391635066525
-4.800149855230828
8.995694421364938
-1.115806567884377
-10.672768116002015
-17.263975501994004
0.04957304610539026
11.201079881203814
19.833475707636595
-2.149189765819621
18.084769380006314
1.6662774171594172
-8.907619244806014
13.810309155636304
-8.199364837762415
5.541997112172975
16.993449145068453
9.040941783812183
-4.59328420500098
-8.529961166416399
11.987313544423461
-9.216355483560124
4.175018138610508
18.06853769307915
-7.856781588544553
-11.107473027481639
-8.312852586041647
-11.125583410738553
-14.811165463432484
-19.25056702866811
-0.8271464479207467
9.752079310703174
-3.217786561853707
7.268491865732706
4.516086910406962
9.791701876393645
15.304195470213301
18.84853078385656
4.193890990098907
16.993173485908166
-8.024227401640252
17.594251358961294
11.3473393592976
-0.8185489820659484
-19.39961514322167
-0.08078721636547925
7.8151391186525
-7.722123709407294
-17.771680152021872
8.856480611275963
-10.541346530834002
-3.262889786970298
-3.658960086044189
14.041068902241577
-14.897884915588966
17.923697317548687
-15.675833966504165
0.47891912182023333
-19.491227903659166
-6.9337561329657085
-5.559918353453037
-3.246355110324611
-3.3282227814447936
6.063756021016914
16.11068372869032
15.396687324416561
-3.2598987424066337
7.568933300568482
-11.014748520019019
-4.06547263104779
-14.3381394064191
6.411864234820371
9.775290869793842
-1.7565526219381056
13.096216568370501
8.860860125235735
-7.240057109344132
-11.949714961126823
14.227753503688454
-1.8444219006886264
-2.2392731498303675
-19.598398580659882
-14.94455782759446
-15.904322149121617
-16.907132708113053
-2.3068465259699025
-7.60014568645342
-19.171015981918135
18.442244781318237
-6.050719905579992
-3.4564834339694457
-5.53006655139173
1.8159202164424713
-14.541086850744271
-9.78652577687968
-18.462939673503442
10.54298153445685
11.951579959098218
4.047385353165225
-12.273122092414312
-15.169134635278429
17.48949388405626
-15.671163253723407
12.99661835206205
15.150942091160566
12.363411827293952
-6.817798840492353
-18.074317894077566
3.2133045988096995
-17.03915880204301
19.391406375269746
-12.224842239440425
-10.347408091375785
14.106767683118981
9.514307458014372
16.431855787900005
-11.610135322303549
2.294354898626846
-5.782486823409098
-9.481963167185526
-3.400019364222789
-16.215415194161146
-12.248244273284419
-11.649020810856019
-6.058088740867342
-12.687472785657752
-4.908768194223674
6.220836729630751
-6.1990287324324544
9.182862035718276
10.188997155741948
-0.050436159333465014
14.497023673798289
9.861743578792236
-18.278813513203964
-11.715717261767416
17.98169315804293
14.303020712166685
-19.31988759224149
2.442269728817344
-5.407298159907366
10.787727920403697
-14.454526289742159
-15.84931762706626
-4.2149364267684994
10.739231535762755
-14.345349021188962
-4.6271574952155525
-11.078363281935161
-16.426964980139935
7.299982129308514
6.672565806668295
15.62629004676397
10.22605683545762
-12.629093863079866
13.667682387735965
-6.7737784641748
18.21340364960208
3.325120552950466
4.192643171698791
1.6712201374206934
-16.875534973444417
12.022881902131907
-11.954828032918954
-18.734743185437676
9.953637874370116
11.861549438321642
-12.845738358271639
13.791965760765471
-2.5866434058817056
-6.183726229050354
8.069789687076842
1.8143593430089737
0.7392562500244395
-3.8735955605250254
12.724082096770339
16.805103796249078
-2.7951279349710276
11.304695788181341
-7.972941436594528
-10.688862395292094
-19.330317734411928
19.0484901148873
16.719415925805663
11.554520124057035
1.2316946195501721
17.74282223962262
-18.01983233033964
-16.180346165056136
3.6470258003772145
-2.50064133113473
-1.3883758417018157
2.8407813078604427
12.07161049614578
-8.313815626315261
16.28823206589213
10.183425815402323
12.602729007261146
19.877773133005007
16.59191876266759
12.209712733986628
11.863063241876077
-0.23258304876527447
6.1399497605207465
-9.361798036415841
0.261665311699236
-15.276994259529463
-3.41488711557205
-12.599793858106354
19.466499427356723
1.3433580402288605
19.22217385874611
7.404448256842304
0.10200323165665282
-6.763686571359301
14.105197496431074
-9.560154821469409
-14.257215578753373
-8.641782851728337
8.165432599023102
-13.858417009266857
2.947425715156381
4.580402348070336
7.708834959717883
-3.98758961303718
-0.27133255479717633
-8.609443522262957
19.284962271729988
5.7969226723531335
-10.686597172848536
17.098243034021287
-4.419747289243027
-11.89327417566811
16.556124288087624
12.286725224648734
3.8083680740243935
-13.375188750676998
-0.7828165967539391
-1.9016034793670968
4.725515756362707
-13.495632344218809
-14.190789645090117
12.869479448565876
4.729288791086084
-13.547398182278133
0.7902231804660929
0.05933690637679945
-13.185283879478416
19.152356105602635
12.096123260564895
11.169123774162308
0.07390893930643472
-6.309927382059751
-0.8569609575679458
-12.820096239579811
-5.709442192136095
-18.34465244995687
9.842340445749002
-10.55166347053634
4.480788896008349
-7.631219160820372
7.597015365469559
14.38408798346974
6.00444929772528
-19.070661665593196
4.075026845622002
-18.577226589079338
19.046053339712216
-8.905521145555158
-13.38234737630807
4.20962821872136
-19.23466803515079
16.539857350415453
16.686998887926293
-15.190134848532582
1.8824727944889865
-19.413749883046897
-0.9128454829609396
-13.538323986340778
-0.7069795986955008
-11.10763661511597
-10.18515712514596
-6.030161205131188
-6.527113724470679
6.454485919145519
-14.526358500811739
-10.031066307432667
-6.738450645476783
-2.9518724873701707
4.035812156477284
-13.981481339014184
14.049653727715366
2.4648906988978823
17.690775362353364
14.416237801069684
-5.178792162502894
-0.6795156772452344
-2.987976058926453
-13.416964966542162
-15.802961685602806
-9.61572758874016
1.4548113584857845
17.197289265066253
7.857259094161112
10.932166870398884
1.1704599174412245
-16.88564402884072
12.873815874560336
1.9171964408490147
18.897434521733587
-9.971490682753057
-9.699967954214287
7.185120008263574
-2.215439686786837
5.657541536557371
2.0308672185188
14.708321760052279
8.775465104708221
9.782782049875092
15.068163911007993
9.784610228918787
19.147142842447465
-12.229953027552236
-12.441536130388684
0.5602087859009757
1.3597055532805484
-7.905618865838253
-6.940410443227183
19.97131062471083
5.2268172786795475
4.279366195200186
-4.735978394396852
-2.165474107790857
11.021915432484679
-4.722205735778919
10.486546976153765
-14.845636811836926
9.38662314528855
16.918371506607585
3.723815203466163
6.724568904763316
-11.96958827904071
4.798142024365664
-10.803544130791929
18.39850735080723
-11.893824027635254
-7.903960263721967
-15.218770110131894
13.919569697331575
0.4322741965961896
-16.80731599446361
-18.120502029265708
16.321699454567785
-7.445075740270411
4.711151501118529
-19.425495640319454
-0.7722993808415879
-14.460267133982425
11.233193066780139
15.061729246349195
16.11524647888031
0.03200681745965284
8.783098057013355
11.004432171161977
-11.778297633849423
12.649209254599526
11.237023474936695
-9.50240816431406
6.4078972992417995
7.824444611209508
-16.79694254740726
17.37335620000959
10.861598224471006
18.46933846044456
18.960110422121964
-15.505171431820743
16.165826174498193
-17.95782322192067
1.5690163470278478
-3.467619077439924
11.77261800510366
9.154056396830413
12.273030221671128
8.579486623200154
-19.567583533768822
6.747258295182519
4.447736687614562
11.291570630306396
-15.79248084610506
-17.5720778071667
-6.282546930939699
14.002128765912751
-17.564178397189863
10.813741328291954
-8.737109519692595
4.029341669989289
-14.444700500758941
5.953082338037294
12.006421881874779
-14.656343282852164
-14.217928030891262
19.722759955742134
4.332400241486454
17.448776573843674
2.6906895558972224
14.51802443124025
14.962560537532319
-16.564026950639608
-9.909197874311438
8.976584911398096
19.34855903901792
0.7088695413525841
-13.782873850846622
-2.141589251674908
-16.799380785034252
-4.030806769638557
10.051096139596755
7.800778976378943
0.9455542658338061
7.9980763601321705
-9.741085546662989
-3.7911332271128693
3.0681202575828515
1.8500558519201071
12.993862679131908
3.487747268761087
-8.937407040354195
5.3679761847224015
-18.58906479802901
14.427525674892962
-8.396075183632398
-16.524133338612863
5.073921349247399
-3.7803490516560636
-3.9408275739160032
6.512501055465254
10.897784570904147
8.472588976067158
12.102135380511044
2.8115485423678166
-13.392989108481231
-15.26108759905875
1.4119123803257523
-2.7837272078429045
-8.41979994799203
12.08363775733379
-3.9432202070430407
-11.830560528242344
18.294942907909544
9.021854553801738
-2.799566547887906
-15.201422873632966
6.484754487263974
-8.759361980257111
17.438810332659834
-11.192468803280269
15.021848418984803
1.8224394017249388
12.01770153268236
-8.74986660218827
18.776003485765955
0.1942893127363412
0.5115877075105288
16.507713725822335
-19.294670646388692
18.915491862018968
8.209429400566293
6.86551060967831
7.5183241034125246
-5.407995566969097
8.394513330062424
1.503046220622977
-13.420974559808139
-19.884395831784897
12.071754224480351
-4.870453342346085
-10.769690178797804
-12.305449530175272
-15.143451877469527
8.473265012483449
18.518114417449596
10.228913893353038
2.2780308883850964
11.791849823453372
8.347678118214944
14.811649772407598
-18.520498888478375
-3.3122274750526017
-9.736808262454275
13.711003128036417
-9.024720218238098
4.316278484568787
-4.658587394775871
-10.959284324954414
10.160583443775423
7.632587119052047
6.904595825292148
12.294043991608675
18.332501534472485
-2.236289283451672
0.4938601639677529
-14.081459147471929
16.43752313441577
8.380649426878826
-11.298459632020567
-4.853838092166525
-2.9278424309364652
6.922877330835362
-19.688248754125635
9.16079777401691
-6.7990205211675345
9.887089477752973
2.4583569161926953
-3.8902993404036366
14.653309958765675
16.42388811661818
13.572807338749577
10.793547350971263
-13.38816756781438
9.705130808886544
6.824165284642923
-7.275599755994509
17.748745554456313
5.836389602781825
-17.488532423575688
-0.09189326824856181
5.102921163719984
-1.1769679251214207
6.207584540548993
-2.284540821616929
15.737103765775387
-13.2997457908337
15.083317981523379
-11.520349151741431
-13.685799917916475
12.538953848066406
7.046312250863387
-8.43910978528183
-17.06239376207819
-19.714050834275753
19.257845578583876
-1.3862757555852667
-9.84716850054562
-17.538411940890896
-7.1187560487252135
9.431554537986813
16.571560404432553
14.352476895001594
-8.457718951398263
17.094421957872747
-5.203119220401696
9.922222225000503
0.3694711579458101
14.635423689196642
4.424204383825646
3.2339678491541655
-12.35431467188533
6.134261195915304
-13.366460619797449
-9.30044025452952
-18.32244469703133
-2.784770357944627
4.068420962547879
14.345347590568998
13.874374007976755
2.743009181178113
0.26865712807225606
-15.86466156051765
-16.725493868197084
-3.98226489187007
-16.132136597727758
-18.271705137486563
-14.762221133836796
10.868636278038739
-12.20243424503174
-9.522972033953137
3.4764460909229236
-14.650464640779424
9.589791434774536
14.189739985572004
-8.688989396567939
-1.6282211653888865
-9.080012037692464
-13.126952069092606
-1.3488798894228964
-9.562252309784078
8.792990468780356
-17.021140953936644
9.709722472944957
-18.008676450680884
-1.2655271683466651
-16.423340575562477
-18.29152012427045
19.59175725785647
-7.458431975779938
17.14880771726928
-19.820885464978694
18.68834449374358
-9.116707340845771
-11.865508824791288
-4.697577321839063
-14.844210378424574
-19.073579228531106
10.935578841602378
17.4190489906655
6.9353175212984866
12.096718578877649
0.18661619263139784
-4.522422918866109
1.2044050950542662
-2.5749721754854207
14.141234451990556
8.768534877657036
-10.440808990983651
-2.280683902069647
-16.435300545691668
-7.641714261614535
-9.666008148203566
-4.0409995897542395
-14.640027087160249
-10.086355025667384
9.916876441965954
-14.988982480028493
-3.1844610064480285
-18.140812317511966
-18.048661172849222
-2.4309161349809827
9.12010755445538
-17.327147923337623
-5.674773638565496
8.890285500223701
-19.24500588925894
5.075427519097499
1.8500355889746523
-14.267744943422485
18.747268043584157
16.19009524480869
0.032521390595899646
14.925243410826312
19.665739457427136
-11.218189781365652
-13.421178996738998
-17.018140762236342
-1.793396415499771
-0.7330865264438984
11.70557513912616
-13.207099858044383
-11.431549134239267
-0.31282826808423536
3.0255596241752833
3.3136686240374686
17.552052708649327
18.543772247611635
-3.296231036216465
6.362373056551046
13.14828916869687
-1.0944114951327393
-0.2656767864259457
-5.956282426407613
8.261508700920764
-17.962489460624095
15.732869958378473
4.1183391074835995
17.16703562066764
2.395860139969951
1.4659127268384253
0.05811837607929249
2.146350728650212
-16.98277065892608
-6.185020689184601
-1.0379260482631096
-2.2400518220719867
4.717567150457704
-7.714843792739142
3.4202129970681696
14.028815995871405
6.925560226681377
-4.0099607566802185
-12.093356560857966
-5.607887586037968
10.011835541971713
-6.1564715907755705
5.065443989304583
-16.92516564665539
7.223531625066556
13.516851414621797
-1.0691103227384247
11.144605162602748
-12.994271384283508
2.6819307035251185
19.87579564781028
8.239025501566303
-15.295535376447877
-6.018076479207917
8.376752049632351
4.745430408318025
1.4937746605292368
-17.274764597932055
16.154443081668177
-11.773458837919621
4.692829758773147
-16.441746495032305
7.541918700894907
19.32363898082172
19.86203174541022
-16.918455585360196
-5.174044457886202
-9.208598875010733
-3.474234301495617
18.206857296012316
-18.192327298795266
6.030754990203356
7.7475078490342675
0.2551575998193343
11.899450034635528
5.946014696385859
-8.935584875081183
15.645119370680206
10.215297407283721
6.699050336458107
-15.370668503103833
3.1353484228861745
-3.7576674852154426
10.205259643062234
-18.895944149905645
-12.817742995103547
-9.507590406778789
-18.232041551157398
-10.722073859180572
13.446737172732838
5.075709202660683
-14.894289456239513
5.221042928592933
9.37781605188512
10.372359367700518
-18.88699104993608
-8.788702084480683
-16.933955437271152
12.504704207274365
2.1427895630947127
-8.782470346107743
13.041579411553563
-19.028102645428532
-10.010368400530627
-9.219669124877967
-11.198271107552081
5.779578088821324
19.47636921649749
9.936086005258481
-12.608025964527565
-15.793652513251812
8.491521175258828
8.060966055221762
-12.91917823867282
9.687191706441869
-10.729066130765567
4.345177050575192
10.239918799428299
-2.095968486360121
5.133516476811661
11.511616013173594
-17.254802863786757
10.986759262709356
0.4839165029478245
-4.583461041378181
14.569869291398263
11.163660182489629
-2.312273202996824
14.534653105133629
18.635157768983596
1.8498220910263257
19.336463284471087
4.105647692327395
8.497013442918085
6.880010022065264
2.131057630213043
-2.1356018863663024
1.3675434804784423
8.243624069870815
10.345954034986754
-8.552265819398688
-19.13247584243512
-14.448335319440728
-4.11701905431379
-1.3155810271111825
2.3205054029369556
6.7836096583830425
-5.843936886645782
15.626570604697434
3.3294524723369
-4.152447233589669
-19.113723485465016
10.880239846975496
-1.8891262267936213
13.55760304757758
-18.144063712432825
4.25697072526026
19.6085940804359
-18.079882592153588
-11.104898237337837
-7.50473666784918
-8.07700473689656
19.87498434115613
-2.2209467997355183
-6.4000441733095705
13.911065933245837
-17.262487300136762
-0.008284688276329888
-8.967363035554868
-0.16072722173515785
-19.18993253881467
-17.076969314597616
-2.4945985664800077
-11.78622110887298
-5.511975516340058
0.7062769477383988
4.296884018937281
14.804253765599562
16.360875481028728
14.17034691777608
-16.623492681935264
10.396250860139745
-17.1383956191183
18.12586472648259
9.220955262063786
5.869051285385289
-11.621325239467328
15.838917788983224
-3.827808754399811
13.100305050129641
-9.489077189087762
-1.6425684376035434
17.98146530641263
11.248971219569022
4.081310062214865
0.6689408038785984
-8.359715632696453
3.0648833761458363
4.586036805589316
1.8146024329546186
-3.6274997626360204
4.015818874752771
5.27155870189603
-14.315122819278955
6.3174607004906065
-18.77040969373942
0.6715864395739359
-10.19245249396807
-3.6947626497371147
14.984275147727878
-12.72343979160809
-13.950815968925063
13.695633912347333
-5.751176860096079
-5.692361073803443
6.629736575058356
-19.427970031605078
15.844619859649079
10.51034430413906
-3.424315255611539
1.22229892009317
9.279222915945248
-3.2007299334036823
-10.6819713027765
7.9221905507138715
14.973133150193512
18.117237306770846
16.085768466320225
-9.226664527532723
-4.9126808012784995
-7.255664177800121
16.502304729652508
12.560829275466908
14.482064774872711
-3.0890354818321555
12.688525160861694
4.698738885090513
-3.387072246019663
-1.6080533873622542
-13.920667158610547
-13.427308310257175
-13.757391523830446
15.28771522525183
-12.79169778106992
-5.66340309059119
-17.044442327874954
15.268087717200288
-11.404650682156614
2.1778207371538763
-5.626801430699411
8.771965176469383
-11.247103831134794
11.441082748570768
-13.547976318428695
13.395541648383613
-16.323636589338996
17.27866363652347
19.11547835171718
-18.42681702831459
-0.030781512384294274
14.189847240716347
-14.888336581823518
14.620803233951932
14.946196379461867
-12.858603217325623
10.481953724047347
-16.625534691628282
-9.637774930837551
-14.07010945015518
-17.718148391869907
17.91562177049334
5.3745091999963535
13.049723391392249
-5.211721790208163
16.8160173429972
7.731449714445368
-11.306705669574622
17.195566622600452
-13.63031075195571
-15.602020043051663
-12.125918678029496
-19.362611945917575
16.938512495001447
13.083947714560992
-6.622339941820945
-8.799641781756172
-3.382313695476171
19.982291729966335
-10.046439429319015
16.44897867875669
-10.598106297705243
10.107296637570915
15.963931354786283
-18.69419274946191
15.804847675168233
-17.86299205583446
-2.219837214521082
-10.093708954449916
-13.229974425352697
10.303108990187472
-17.852997089303777
-5.968083677636482
9.349470893108204
-5.040593967573885
2.1382647587794743
13.053438631385184
2.8777017158664293
-0.06510743019587295
-9.825637971270368
-5.42096135321624
-19.081284363269244
-6.692920394679502
-19.722248179690368
7.511167053785822
7.102093933580992
-3.6313889752104984
-6.748167338417236
-6.772229365244883
4.603145791842014
-19.09394997700657
9.548041507658507
-6.468992533597305
16.37504700260959
-18.784955564097206
18.879083614358628
7.439420350040756
-18.19188903213758
12.682216487338025
4.877935394113329
7.377147183781357
-18.399304013436776
12.823931682701023
17.122831670423707
-6.1125174208012965
-15.7957801156425
10.156103944948036
-0.7983595705469746
-7.103873236936371
-16.82715812311768
-6.667540633606768
13.602233426829137
6.609556151538207
10.246527136271851
-10.067190663908905
6.619900540573838
-4.421502912003387
-10.518394243962025
3.295339657254143
-13.281675988497504
0.1883968822228752
-16.14348829249167
18.52537693604762
13.17233675266165
-12.726709251336388
8.589630458172984
-1.19537961523055
11.636613889567325
5.035706511079251
3.449444793296472
10.21961329479688
-13.600176213151336
16.899142180498785
9.751814363430992
1.2637165374484063
-18.206764278798275
0.6026015133023179
-2.3207039453573586
-6.712186274028088
6.965985535195767
-6.466078658296986
13.312975642582224
-4.316499710316393
3.7500943786956
14.099811745072238
-18.80448468955332
4.128185093390755
9.013884307483213
-4.703210341273767
14.21740271110555
11.316390449434529
-6.635945887365526
7.159356078181904
19.66494565223193
17.324286513300443
-0.529377089751641
-2.746857196664081
-12.884501255260549
-6.131116381417062
1.3636155429547472
-3.838715439870004
-4.385270043799823
16.518424831292243
14.352550582951665
10.39135119468002
-12.985334725133697
14.567495160675598
12.73711170077047
-2.88171598639007
10.46614417592179
16.802389936550874
-3.717245164634612
13.238013631519095
-15.813098107552484
-0.6945768869195632
5.364394759265856
18.004599261248664
14.22642391370536
-13.65224913691424
3.475914961591524
17.633108525575324
1.3173357022896965
3.3108974993057174
7.098057250482039
17.66899783627411
-8.48138503011295
19.951934317615844
-19.059730398651936
18.78799354875428
-3.0193283251528626
10.388665481289582
1.1443905114813973
-0.8071599287445892
3.3738378965997526
8.330214569012394
15.940797990245052
-5.524884593886878
15.162326731224134
-11.25109412502776
16.118058611583386
18.966183813746092
-7.049838416357002
-4.3142016884290335
6.645046184265201
15.856718826889441
-9.85694890466207
-10.47133151846432
-17.123158515625278
12.796163515442302
-12.823039416745491
-19.93629021834492
-13.130920190115493
15.958428882819184
-4.166166356168347
-6.671583788771386
-1.8905882927711701
5.14167012091108
19.197464481990778
-5.274782067697213
-3.7773546336760013
-18.211285439727604
-18.70801819402981
2.103346995195757
-18.267471977356063
6.714786932405463
-13.807982053069532
7.823429627431469
2.2390434102797308
-1.2184806432400244
-18.061502542458033
-5.138729825365296
18.984852682694125
-15.652710584252825
0.17262521197495317
5.073025576320674
12.674332990560508
2.492903322176751
-14.947501585616013
-0.21916680060856208
-14.087669298260437
6.613156889682017
12.605002595468036
-18.5742143303491
19.204280543373294
12.080606995258222
5.538324317629769
0.6473600540327809
-1.1122762491029583
8.161195209907742
-4.794961416707029
18.71957054600803
-0.03241115889084156
16.741031462319093
14.959754368348584
5.666642389358792
-3.170728259019384
-14.14167926382043
9.935265355495705
-10.043156018996413
19.491735062927127
-7.508651135636452
-13.935493977517744
-19.842790597036156
4.45621332735897
-11.844428481664018
-5.9092502371980515
1.7702139678346356
-11.601738759361414
-15.837764530274017
-2.489400608326978
1.2953310781323353
-10.058332189784082
16.2890944433936
15.498171949698559
11.851819548084485
2.7914642614798453
-13.252794068319895
-4.179138084970035
-2.2399736161575454
-7.047618639143419
0.7018478166056674
-18.733436590491777
12.179387134330355
-3.546832197138052
-15.81396899523899
-17.074663043245227
15.269833927584521
-13.436409421091255
10.342342243007607
-17.856819019999367
0.7628777495390118
12.484227677922775
16.451416227005986
-11.91412568129062
-2.959463524934989
-17.561573053448107
-9.487550163065572
-8.062341655472522
5.17833258915044
11.000663047410164
-15.211239848757621
11.155553869022171
3.2910553747915863
-19.14130956541713
-3.3422912311621005
1.9378826683853276
-13.543389532839832
19.048726482737067
11.794471960158198
19.936299933259008
6.988363727137333
19.218329734523323
7.207957951651949
3.8469987371409644
-11.640947095614722
15.799611669121745
0.2884163439107752
-16.951408092751183
11.185064512215845
3.007131222580867
-15.054809863729307
-8.662717098472346
-11.991616232781137
-8.656293333593359
-12.726789525035297
15.148566891258369
-15.723361509494262
1.3819275737949432
19.267666907259652
9.254219849209587
10.983331805388516
-4.8643732426179085
-11.081527089330393
-19.760714961130926
-19.58545421204652
19.765793348124724
5.3602199349742605
-13.047048761350325
10.303191810449533
2.719527198340227
-18.565520677227553
2.5071130538450426
10.866339888503724
13.5496607906434
17.522833087636407
-1.1257393933214885
17.249734338507118
3.5524444548202965
17.343412979195726
4.643529467533387
-2.014444295467417
-13.843841402802749
11.948611820978428
2.963337814573606
16.584453236653715
16.404884182451042
2.9612610262184482
-2.258242358735089
10.770478064384115
14.225676896021817
-9.406625523518453
2.4961131800105605
6.050438791593564
-17.924427561829
-5.25923858390232
-10.826950316459069
14.886050094555017
-1.1189661609886912
-19.587923699146668
-9.57765779856771
9.32029710813616
-9.536587012323885
7.028406028392041
-19.707208790468222
17.45096461421494
-17.80380039967065
-9.929062022936815
12.765390842327442
7.1984440751775765
2.711574751427875
8.88231184113124
-5.992020188212095
-5.741912170937322
-11.22888923941645
-3.0495195480131656
0.30811694982865845
2.780857325278575
-8.242524002503622
2.264660297669998
-2.6113221605939145
-9.42775867605333
5.9113427724258045
-5.297379623010103
-18.82872785083659
19.669920835552396
3.5762190242248337
10.862944708774549
19.264291473852907
7.099782987640669
4.166883235310877
-17.7715160322834
-6.992166061821582
7.710223132186496
10.232443736245386
-4.161192881557891
7.358601454235952
11.035210547256405
10.039194180097514
-15.043356411586277
-8.450722711346842
-9.983091423451715
16.32580458026603
-5.006081226259775
8.33013087901801
-9.703111839913143
-0.8625969038977708
-1.4735402831363658
13.269434105049754
14.434503120080898
18.189483438404885
-15.734555430987275
-7.330712580027804
-13.33403790950873
15.045674856160268
-7.409973457550457
-4.341236609486776
14.35158162371087
-12.89196918982984
-11.225958488601918
12.74522951646729
-1.983909099284645
8.504362029022204
-9.43176378607253
-7.361627170702567
-6.978108545839801
5.178563642808474
10.926068484877455
14.40727151815701
-11.51064471930049
-11.258515957348202
-11.617465517306599
4.513323936663745
3.774506998892445
1.733359883059098
-13.770269865043048
1.7020438088209353
0.9882165547139081
-5.42509881357978
-0.0386581176372367
18.722230717342484
4.708318577918007
7.037798816201999
-2.349340471658074
-18.89018759643653
-0.18457640501875971
-6.748771995872609
-14.048675619246435
-2.254201589256354
2.0173288149405906
-5.584130859251658
-11.558816082622943
18.348341899959202
10.309670117684409
-10.456667432664531
-5.933216927844462
18.295564722505006
4.510992643944967
6.114441752005252
-17.18213628959778
-2.228036292841683
5.689219743803683
19.283221092069077
-19.587712221060016
2.451465299692373
15.929023707416768
18.050091849287924
-11.952851105091543
-11.64067895571006
-7.726081514059997
9.504374303280997
4.927162169406213
2.4309266889237335
-10.457316198515665
-7.032450664519786
7.478415008671639
-14.291380397190085
-8.52957563730457
19.66251426631998
14.969096659025269
-14.383941300344961
2.149683418465184
-2.9028052197606904
15.306408128195208
18.71829128954679
-14.85574441497484
2.898246973689986
-17.55727696166289
-13.138506883469683
-19.240783010279202
12.71443347638354
5.879184834555794
6.871114634587858
-7.447853138182525
16.517964720719867
12.326438559755111
-11.448872535310208
19.078759903169512
16.199880070711117
-13.212192612160187
16.246947066917066
13.978205155500063
13.282095126065045
11.610318255582321
2.9578511041738054
16.709793257350462
-11.844323310671303
-19.06858834471246
19.048248343997443
-14.149315964093336
14.217144510819281
-17.719145558076733
-6.1148303859128905
-8.106705743680408
-10.897272667234951
15.907822741620635
3.042465754272147
19.639677264780104
-2.866790933556725
4.494199397262282
7.150581641007086
9.395821449996603
-16.84470526837028
-12.954367459510273
12.711256253857513
-15.669974429281996
-8.87960727038469
8.049295003095203
-14.461500740915714
-11.105531607662273
-9.718620526067717
5.52134738357168
-6.957836356719556
-12.385542228179398
-10.91590566342866
14.718306866747461
13.000263921805761
11.914010082384504
12.755887187875537
14.240074522392504
1.1973354686994284
-12.051565942614308
5.807869678133713
-12.275068440973929
-12.86552161632304
-8.65593034170438
-12.461340672848786
2.715851770396185
-12.725273063593082
8.44901180222076
-14.837810150350741
-11.722187115853139
-10.528136881151244
12.669050318187821
0.5511116238022886
-11.90648370296428
7.669955859618195
19.908707445861886
18.149617614621086
13.884073054392111
12.905579903907665
-19.838605928526505
-3.1958625133633447
5.768954837044831
17.9620339195341
-8.200762013601732
1.8716131580115878
-11.818706560929982
6.998786800185712
10.713710716267212
4.377075412583892
14.318805201300336
-16.231189413899898
-9.37321962902686
-3.5052642425372262
-19.897525998276496
-17.961402455877604
7.9173850299053505
-3.214931576811747
-9.067965068142051
-4.911665117580855
-17.143951829687502
-18.465715813936242
7.089898128013029
6.272675097061363
-17.729047157658048
-17.60958244096193
18.378091318555924
-12.709137288870092
-17.818952570197368
0.12101056019138667
-4.672362899689002
14.893962875174829
5.4636377175213156
-15.315573816646587
-2.7767153130646562
-16.523528563253016
2.052858733772794
10.038000314803597
10.632816633272913
-1.1887504661147155
15.525486010487896
14.195201632312319
-19.991776081667403
-3.9439601933598603
1.2010992022178826
-9.04691808284101
13.98168318781434
1.7888582363410848
-7.180367143416198
-5.810930139214019
14.58313905411012
12.477906368088327
-19.563914768257966
9.70627297871227
5.465301765334608
7.237184924557184
11.385398167603245
15.418893779353517
17.467562641704177
5.780223402975274
-6.497790328481781
-3.5411457662542922
11.935626479174989
16.638879785127564
-17.10116129889915
-15.620227631450128
-16.193972850841124
-5.068968929757073
-13.038224901302971
7.616351587670277
5.759933412208639
17.003737857118317
-7.933297054488895
4.043242285060753
-0.21803181467996424
-14.95747300820124
4.609620812037832
9.44474402256155
-12.246127304377708
6.23436763072214
2.050048832419641
-5.067438176464485
6.835671166579491
-19.116959850903935
-9.909270170204167
15.788021066125097
-12.373954809732366
-18.261207783362114
18.3178111585337
-17.133114268957307
-15.715764745073496
-14.098652171883792
-15.962155075156645
9.590518206761153
-11.72522777087092
-9.199320393676356
-0.7574439060673477
-3.718835527728789
-5.590600693197043
6.792199350152774
12.849386815300988
7.384700793311453
-13.290918882405363
10.082295326330147
-11.373070776110357
-9.748295263238127
-5.755664830196107
18.69490444165669
-9.544777382286362
-16.29750187812028
-2.264901249845085
-16.40919067732549
9.367522228562667
-1.3271182031330824
3.5050124045803877
-10.037667318599702
-9.075660940388811
-14.65683211973932
-5.515110940373873
4.8340030582969575
-19.473093812250063
2.5727687149609046
6.693121309696345
-6.3138523869802565
-15.251896098107931
17.44057569875671
16.231167086390585
7.454163060912368
-11.624345134884774
18.405955067024706
-12.529732236882847
-3.1585134113613407
-11.590429293096394
10.831576328882267
16.75038445015508
8.653129124699852
-5.962817122153634
-9.388801009030763
19.02588852383181
-4.606175371232544
-6.859970593984283
5.763135658099138
-8.909295116869602
-16.034038235339395
-4.008146447282822
17.872497501312303
-6.09747938250765
-4.955437038442035
-15.38282855640312
-15.368955209512443
18.16867804334484
10.004164226911954
-15.983654391718405
-7.141011563746243
-4.658680010192086
-13.905364940561192
15.703346374291343
17.821324706650728
-17.82899761160833
-6.865332601739706
0.9158710777571955
4.033128237821085
6.199593833241654
-13.809300894628995
-2.630846047981578
17.09683557898061
14.079987294833764
13.589239190869812
-3.7827200200559545
10.25921150084617
11.8817319194256
-13.071394038343742
0.20638623423655744
-17.07888554372922
-6.452757147179927
-9.909172780188369
-14.858843132387953
19.731856087367625
-12.59165969828861
16.558753076874666
16.51807408422647
4.755829713303164
-6.707739318502025
-7.679105278962336
-5.877353804778082
-13.286014947986956
-5.603229852071646
-3.457930220572692
-11.472120276345006
13.7679547467745
13.669714916860151
-13.583814777389867
4.59295791601285
7.156200672553403
-16.739424291082578
-4.340574009648762
-19.592434119656396
-9.399515464370175
11.388501883225235
18.274289712458682
-5.447872209256648
1.3425735825132676
-16.3786026403696
13.35318389212349
-3.483530513249768
-2.620469216025345
-17.341937599066064
17.70881606302963
-2.7351130421682512
16.97836099167659
-10.078766997162841
16.650033816456165
-18.06141433009592
7.697409556009262
14.44129725411986
13.079737526481104
0.6616511664268856
-12.184650944776724
4.767336465695497
11.900086952538032
15.028657038150115
15.283204771306266
2.596641514832566
7.863890555077624
0.2162195002011984
-16.81895777196282
-3.8377833910913637
-5.461412297884296
11.380302898757513
12.56722764345237
-14.21925786445044
12.419378907867802
6.266370106080931
-17.849379224069907
-0.3226019868782899
0.7972836245936819
-3.7688281586381294
-10.648417951216711
-3.8717654836913376
10.7761005260056
-7.833947664312566
10.974355471475544
12.302863448020886
-2.4076549735552177
-17.55193991258559
-7.330998444213908
-0.10940726917683108
12.517639468109849
-12.080932076493234
6.685804352624988
7.161778203327721
-0.9216135861037458
18.50905046356879
-5.525347667388768
4.011471619424412
-3.970626016611483
2.489056131049594
-18.63396115308406
-16.880277921668263
-7.9028729357548055
-10.79472373295268
0.1885539763679276
5.239317605541753
-11.193739672743138
-14.523930349073378
-11.78539134029528
11.876853913750484
-16.393975636755624
3.9022094021417217
-4.2279569778698765
-17.757408022373085
-5.089273984982924
4.410792262908384
4.735635708791005
10.410641975979903
16.988050643784625
-16.630908088677025
-3.7036640213079686
2.656738161202906
3.8958676083675705
-1.9132909770532969
4.453718187214065
-1.0582313161096693
3.136614830630794
-14.015809844974832
-19.778767755141608
4.335835746506675
15.889903885080393
-12.89240505410242
-16.6938452077368
17.928488279881286
-11.804971108139037
-13.93903731499484
3.34125045296064
-10.64311247363654
10.668281909853945
17.655178056637048
-5.534219227284019
8.305832141636426
5.314394095648268
14.334402594415408
-1.4001883136506201
-10.477026604465518
12.13759012269238
-13.105462157790067
7.9405688319723
-8.462641542581654
4.504494929707477
-5.656261121282977
12.567646291960585
14.356541753505795
-17.18851291202611
-8.516202330389579
15.872867064505563
-11.872686112398831
-0.3237268484990352
-7.611217252246881
-1.3963818304937234
1.363800264919135
-9.569391396252907
-7.512512016764145
-8.947801469873028
17.324464120933158
-11.65112613786842
-13.115016859455913
-4.212662109879247
-5.253377277664345
-5.995395697897301
-13.345535470310388
-3.571862295780871
-11.824174440582134
-3.06377707226126
5.8971338022535775
-2.2226257995214915
4.004643631788035
-3.2468053302236974
9.49555488876474
8.650916530656456
-5.373870207140685
-15.638112119872822
16.27236607860936
-2.6813022989135717
-14.24408438546477
-19.093263912013917
8.25943342365759
1.9455731540682173
-12.75296937614148
15.4116422378098
0.9671178416054538
-3.852166335286853
7.471478869266619
7.809890779590894
11.780170507316342
-8.773434371917691
-7.798625959207461
-10.05943132300839
0.21785291311094213
-2.078356894890021
17.412973012237188
-2.011954148469151
12.421751801068844
12.266917751404883
-7.65969110138256
-3.4575839284169447
8.463518938205748
-11.990398217306515
12.283467668682789
-6.356788997491458
9.837903083859185
-1.5902717706264653
-18.932968868950372
-15.291635207834782
-18.399757779901726
19.28597856145219
2.0088671735793397
-10.7730275511316
-5.163669117751809
-2.1294349175973366
-16.35289382010365
5.488513848110081
14.759766555717363
-3.019160110847686
-14.099728069020925
5.509477070588726
13.146678167182664
8.514825293092208
7.808699002414009
12.053158069305297
3.409407263586303
-15.066733804646347
8.666746231662813
10.66221399835499
-6.319434170367813
-7.137967909514892
10.513866724518884
17.906543451524776
3.9910003117329325
-5.46886421897511
-5.959219519405924
17.0513150747084
14.903869508657088
-13.43112864508035
-18.592573190790592
-0.2568163685328848
4.17155096384581
-12.72729271844375
-1.7676384301477839
13.543960952874926
11.801839458556486
-9.296593923535653
8.464135674326833
-12.626754284921224
-4.948209882363743
2.4814179963374485
-8.58365857961076
-5.71526544752059
-17.791155824637364
14.543958923142341
6.194480997019298
-5.669827141183816
8.867445929235785
0.14746866429099015
17.63646752589483
-19.606999701145437
-2.3235375105500786
14.58666531660674
-19.743359328841976
5.262905295094864
-17.537085194661863
-8.139271201399868
19.996871530457923
-19.272644425841648
-12.484213965145363
-16.28778589911192
15.879456985674203
-11.262250066163496
-9.99720546581445
-2.693275561134545
-7.869452381679345
5.463281666216634
-7.820097954392793
-9.871898231546288
17.369318045450242
-6.158134717330718
14.560708093176444
-5.709673841954741
-6.944806250823522
6.557590653369985
2.2802285093050827
0.13870529320871938
-3.1408859625213665
11.742819413506336
-5.822330375247212
16.943035652252107
8.655060122782881
-17.956239912803
-19.30641609728905
18.60862073963807
15.377560036378625
-11.141787792712513
-6.173935055868419
4.599439413578395
-7.171475131674768
3.476993664793021
0.9409328431126127
-6.251776510598784
8.785210903460783
-19.87396930219242
-2.521304930493745
-18.18443118055409
6.239876121858007
2.467093714865104
-10.903300782682749
9.153725331253586
-16.723755725568562
1.371415294058064
-18.913287816827374
12.496279281161428
-19.07771165565623
-7.438655857877073
13.053564690131203
-7.3639553000883105
3.2673844753642456
-16.366014846423298
-4.487541043295344
17.816299153634326
0.43254455972561345
-18.04357278404845
-12.395402297858631
6.669566178505235
-11.324009755227124
5.932600313379677
-12.508306900470911
-1.1749060101291207
17.03106950721071
-4.533779757624256
-10.256035900035556
-11.437274276847006
2.839328974662841
-11.458752808854452
13.5181502084506
5.534517266266672
-5.754099841126363
-16.16829113767998
11.09689679866132
-9.14569058097693
-0.4684085708554093
-9.304070595091858
3.9293094721237267
-8.58244887230541
-7.134029485071785
19.530910084539222
4.003168364710227
-19.201440087980977
-6.870190253273837
-0.9414947563875806
-18.067958615298238
-4.266151496947007
-18.504308790839218
7.036648315366389
-3.572274598041254
7.391969280923757
19.563247483004368
17.697162606079615
-2.971356150472495
-15.904262314429417
7.5829681817595365
-10.88184275591483
-5.748256364833718
-2.1135389941974054
-19.095683352850948
-18.664146966347886
-0.5389100443776762
-17.129520382426545
-16.571890471846093
-9.09699927621138
-6.539220443002209
-6.222567525168689
13.003656560303114
18.18169050271016
17.103635335965976
7.683255266621984
-1.2697612803887672
-8.834942160477715
-13.0726995655015
15.00995399979766
8.69029548529766
-14.299740967498362
-2.2346230726992715
-18.86118375957805
8.22270783103167
2.080189691197912
-14.785352117627015
16.622203988971258
16.94944944626271
-6.29863499201042
-14.949445157176417
11.844900930416664
4.56734102526169
16.078991027073698
-10.63604958688753
-6.702522917015955
-17.80171242402075
-14.00116271801255
13.840412102368546
13.603301400706023
8.569922301914911
11.639777863177862
-11.80522213728084
1.934159995814948
14.42157887236145
15.164860195770068
4.077866692843706
-13.169591527134497
-18.07522645082137
-9.267309234404824
7.3489226078004855
3.4939025011689253
-19.546114858630993
-11.322430604834569
-7.467482609902397
13.742745211496533
-14.614012822678625
-3.4162493541526544
-18.49525835563448
-16.141938241421233
-6.331839560262251
-11.756379117893001
-11.081499984083152
3.2613643990233996
-19.878397571172965
-18.156586538074574
1.1898454061345731
4.7604810094804435
4.104035757283924
-8.42433320620068
8.784312944728082
5.646228097012887
19.989530671503452
-19.34478437952743
11.077729434482482
13.776072771086525
1.4554130222335395
-12.925376023035753
-5.371516628993206
3.875745449605681
-4.072386983600204
12.066628775662174
13.909645658720457
12.530136337002787
-7.931014795212331
-0.601387379251225
-9.428010047533363
13.763067522314053
-19.766324584214033
-8.208566844684428
11.86372234735596
14.340688010944994
-1.1239896760713322
17.959747983055664
12.517433337735817
1.3438632359807734
9.40997824821807
-11.857430630390606
-4.885783851363028
13.735799213460481
-6.796315814002089
-14.509442952363854
1.3247602447862974
3.4687007660293325
-9.545554195585657
-9.046103981992907
-10.093113654349054
-13.952157720621132
7.437258985963059
0.5583074976838809
3.9508750620113844
-5.793239109892845
-17.753004269831973
-5.482626965526972
-12.012967152991049
-16.101214473427383
-15.763921668637497
3.5417908808546272
-2.8603284660111044
-19.80022375293902
-18.813757049503046
-9.875469679823023
10.295386838937873
-14.725047690616666
0.4319414535979291
17.752009459510575
-6.209019933802216
-8.397858099385868
-15.723293483207708
-9.805092272087265
1.5573203580383392
-10.962132203007346
7.1025256711774
4.227429706658082
9.314080636226507
9.84942364193127
-12.831149935526366
8.303389382792172
3.728346196213682
17.763824929449655
2.481672503638606
-18.855279296703724
8.154451167545432
11.798989692008021
7.410450248057579
4.005944388594006
-2.078876061292352
14.051051501256218
-13.05086920041457
15.85453409428522
-6.9797392409109005
-2.2351152298983266
-11.089103505841017
11.579018063501895
-10.995153757743225
-18.193692848581513
-14.965818355598103
-3.846103725023113
16.152128897047163
-3.346717037786327
-6.841717211155611
-7.8644917758299915
10.93190737263495
-0.7611208360335766
-7.014545115909634
-11.05549364120154
-10.113132948957997
18.722767083299154
-2.610442814685605
5.4331240931198295
-8.167896528107995
9.058302863226437
-4.188674812658185
-16.300592538173152
18.26990758969181
3.778175996046784
7.998542709207861
6.987485538710057
5.7176301970302355
12.091317108942341
-8.936720654702142
-9.3457855961669
-9.709644521362462
-16.51332999715686
-14.740444515570715
17.818872040327086
7.60183025815175
12.365298104134304
17.540617218746817
-15.97865542762646
-17.562334742038985
6.360680131836872
-6.077387595015473
17.04963066454274
17.713448072659936
-5.502917399482152
18.872469151313595
8.421876765118231
2.6574753657715746
6.168900013389983
-13.857385965522987
-7.239405243392664
-3.9075448606231866
16.80248136975652
-0.06692731889665282
-12.158063210699886
14.365427151029934
-2.282739299922561
17.55194215659415
-6.872229996209365
-4.952406881525855
-1.5403023702030971
-2.4477758659207964
-0.48795236231876515
18.881992657998268
-10.416510275467443
-4.093678516663864
-12.301252889953172
8.999996747052869
16.539005232325003
-7.994706035350539
5.6898536704573885
15.084216505784866
-3.1100528566607295
-18.47867478555567
-15.677032749613996
-8.462673180886867
-11.043770684319941
-5.430133510875335
9.63415685034862
-0.4437040712287512
1.2879693398540724
16.40729889628271
-11.955277026548842
8.459583163735719
-13.35630381097284
15.007135777754229
-10.370389723262372
-10.02131231664508
1.4604105082400487
-2.326283341499881
-8.581245268465763
16.186565033471553
-12.169178310569556
14.449696697870266
3.590192032056237
3.312320001129031
-10.861072246500857
-4.124983111020185
-18.863687592701304
-15.429332988914908
15.379015092308713
-7.873729406610149
-17.02566232401854
7.4116915839071
-8.027491209584404
-13.674135342485258
6.902376914032558
18.06163834118118
3.97745546568267
7.360940534893373
18.94382803021444
5.656845695505343
11.669322792111853
-18.23895718073825
-15.737008121833934
19.47693716820909
-10.936674464714407
15.697852536376558
2.0056231404633564
-11.388817893710677
-18.771993698252054
15.556123550479136
-12.507788813893686
0.6015672698188581
8.990376212449306
-5.732703489566049
-18.798056072436825
-8.711355029577197
19.45910530389949
0.24960709449734964
-19.83716990913497
-15.859400453059083
-18.772859345702734
-8.67918707234903
12.137547481586928
13.819172369089259
-17.52583601109077
-19.436972592522636
3.1767752384918353
3.8362339909492285
-12.30852395476219
-14.612017923278415
4.002678978526237
10.009953471825142
8.319227491386645
-14.568906324391673
6.175023319063982
9.912600132562922
5.602556434169564
2.390459413852316
-7.114320376423908
-15.757121615491979
18.444895612272127
14.554118942632087
-5.581831911527049
14.270861429776211
8.757120103391095
-5.382101520697788
3.0714853356746765
-2.8226305261457227
-4.86960295054927
12.884921471384637
1.529039870902885
18.952961802190046
-14.5108877599887
18.158374682120105
-17.10108671764064
12.203517674872202
-8.268821878261456
2.170244024233231
-9.239622575502032
-13.27748357140067
3.165232931730028
12.89254354798927
-5.951247870901565
-7.8937755648130725
-16.88856174905576
-18.644937383551216
16.604368617220622
-13.893750330693972
9.487929150455429
-19.354549214778366
7.770590280804427
7.384270940859544
8.367504174278046
2.9515756853188435
-15.881027488923497
-8.578204513936022
15.154479986049914
-16.099105509657456
-0.22846163495419347
17.31228672474827
-17.398248556799167
-12.418764915241912
-12.415226616458064
-3.8781525334009217
6.568127263187165
6.043369666104038
16.536326773956304
1.2547221580081
-18.80095231587772
-5.455051980688346
1.5831583782789629
17.15413159825833
-16.459754447362357
3.071391682053676
17.8309713743624
-15.96222575983029
2.141638796404173
-3.2920864094380207
7.8435439531640405
0.5787078922421607
11.689988464942886
-14.881314983121667
-8.527382985214253
-9.051391016082375
1.3897850016969642
-7.267745804388884
17.481525798833694
1.7991765227326404
18.313204397903576
-16.23334749103301
15.248513763432257
-3.2875112332759606
-9.603288110264288
-14.447532788658158
2.695307320444485
9.556325602297171
-4.882858889580998
-11.420600871086624
11.361221690035237
0.815143969673457
-6.121898713167715
7.384886936269417
3.019127722303466
13.433775570329367
-3.5047406529572456
-12.85239963742014
-4.044564513755997
19.175850802645506
5.754756335742208
-5.195239638688594
2.233557736942
9.681766145806034
-3.8980838149668955
-16.92594212061028
11.737214