7.7387864724964786
-15.801743355269352
10.063339315561102
-9.233084658824747
-10.075001489007027
4.457062221014169
-12.684886685558219
0.9721498508131958
17.93252323139506
17.09012749440126
9.028872907885088
-5.776500265432251
-3.170268733760988
-7.893308937783207
8.550841342243594
-8.09894484160981
-14.987491871442803
-17.73294993349152
-8.251834130199502
2.3228126086332743
-14.943402593520595
9.35724000903339
-7.1361323681197
-15.770055232348685
-15.274110712822942
19.862786877539932
3.3088691857930463
-0.7531986552363747
-15.009028648742255
7.762796857787709
-15.49369701745916
15.01058718209299
-6.750769240091067
4.756132081235837
10.600618947513553
15.125159191972003
-17.638631929077278
-14.776965996964861
9.677704388362205
6.53549349957099
-3.8496693950037617
2.35687856847057
10.898950037264932
-4.5782345156136515
-9.125061079773245
19.01055046076516
-18.089314280670273
-8.031510697065173
12.36855010294758
11.848578356332851
4.536470799991193
-17.141333734128537
-10.800975125868959
-17.843542871264848
-8.411751447470106
-16.93178360632901
10.04038518001498
16.380440345564885
-19.466755491761845
-3.2290865257748465
-6.9960957325174675
-14.742588972945265
-12.260024861048674
-0.7819150052184121
-18.81939642310463
9.370301192779017
8.94683594035088
9.750006612599556
-13.867029983081434
1.539859303479922
-16.654910194239637
6.205907012166165
-5.6754797512306965
9.76067694958667
-9.89987159027697
-18.497607277174648
8.059005826054072
-4.228045873814498
6.093150480902068
-2.703469947090017
-7.797882969243414
4.733781932938577
8.309109319269968
5.1951962411477055
16.963208107928473
-9.342380694918727
-2.275937767088017
-17.211007509268384
-11.164119159659144
-19.490881898535896
4.409474496572514
-8.59449505804709
-3.816408017379782
6.8451960462430606
19.413539390939604
-15.319174658414344
-4.268234673846688
14.337582484196226
-14.739609704520893
2.7328720900031556
-9.1926172483377
10.31531684601542
7.4928391682403195
18.754000964436884
-5.271178746515947
-2.3145184441265734
-3.814020480717552
-18.74803374355245
-6.2905159001627275
9.620899259820249
13.683102913225447
-9.758653517586428
3.6065266187745664
-14.103203340669811
7.618266867797509
19.716520985343145
4.831593624317733
13.38670354096574
6.2811502852573184
-12.840420448197275
13.529363682060477
8.783797035738008
-0.2494027988520422
2.2747836123280933
-13.86620807917799
19.53129632192566
-15.056453570404473
-0.5846908265412765
-13.325870640884121
-2.7375502987231783
-15.68479811037712
0.8779520890758796
2.6029972513916633
-4.0100416530598615
-3.3460550317666176
-9.209217575155613
9.28571183813228
-6.92590955884102
-15.476432122619212
13.24526233247682
-5.202762965877334
-19.725266825486717
10.624602982924468
5.226228523009041
-12.402609399925293
9.036217584452302
17.530167817104065
8.908622429892628
-7.638847796254673
5.63365220770876
-12.500972128452288
-11.931623692987356
-12.927723952449721
13.005097411539126
12.257600265159773
-2.065950558271382
10.997036669007151
8.120608620064772
-12.996191528951279
5.120795365503206
12.047315044589922
14.145533766809699
4.5381593875254325
-6.315251649687795
7.38014427114598
10.08820571495983
-11.659449332632681
14.866201788692393
-13.041878263246186
-2.793800183027276
1.6579687399787524
6.040411494726882
-14.751968561161561
-12.83144310758852
-11.016141817872738
7.99788101122607
3.9119394647923613
-0.10419562536622351
11.274345133185797
6.511179097502399
-15.734043739103232
16.65021994344177
5.763458000514756
-17.619174909936056
4.058850767013592
-0.44284962828600527
-5.117562045073676
-16.32740184966994
10.215042188471003
-15.45301535390438
14.18038577069057
5.728292267025058
8.011621669954259
-19.442975494225298
-15.556010506923954
-11.839125915188209
-9.36676025114387
13.716536917995882
19.798923426944285
7.024696070481291
-10.415010227472816
11.584303032645398
6.34696441465676
1.7809937498447148
-3.141705835869164
9.981167735061515
4.539331751735361
10.481033432722903
-19.931618272467055
-17.042136807862192
1.3659953860332585
8.79504245899615
-16.052100769929744
-16.726687996882788
2.610431593785737
14.946005382348133
9.53604418973541
-14.78712830684701
14.904571002343616
12.428518923198567
-15.268240099725684
9.98884594049549
-17.302003614615685
0.8022118060285734
-6.127051666797039
2.059754670136705
-9.955302787468865
-17.00493930444711
19.43873852377181
0.2974173091072174
14.609470204472757
-12.122361028479665
2.004675515085559
-2.9010991958629475
-4.554083937570814
10.867401122260048
-6.306214709009019
-16.277379528010854
2.483307677708609
-6.927266127983147
-0.3309568965816787
1.1955169634040743
18.547127388628027
-2.4132149084838517
3.2721071987749184
5.801125262177873
-6.092724788806812
-5.223992649161113
10.459975114054902
8.620552997219502
18.677040135411204
10.183733984303757
18.044650162902094
-0.5323183602632113
-13.891270812446471
18.94349332417763
-14.358766269045017
-12.332744574691251
7.060212882236854
-16.928690835027833
8.714491718258643
-3.2279919524312177
-14.449972388473768
17.565441199681914
-19.82431967596859
-14.189448619746043
-18.99819451837618
8.067216230860868
-11.084619714241475
18.592507035116228
12.173927576474583
-13.115073826643918
1.447774663575487
-14.587969284611951
0.5506309292946021
-16.174641836270034
-1.014855982862862
1.253317689048707
5.967471487496844
18.089318771552094
-8.16868306090672
1.6175208325015262
0.732304970784746
-0.7811913147143486
-3.5970467318966257
18.967315415138692
-4.006403991564763
8.385139576788685
-8.744622041125606
14.480000814657878
-4.4938599601769305
15.881799066725122
15.943022210684411
-8.787118143638004
-14.591822019963129
7.732919803567366
-8.998800932789566
-6.70958487117387
-18.027215864825653
15.729017433984723
-9.712261153521098
-11.651101897733698
13.688161018319164
2.7524320924821275
-7.986516663925332
9.64055421843468
6.542684635592604
-8.50231905660484
13.758492567934027
-7.314301419704389
13.210903145552265
14.326539933664023
8.290870648628442
8.525338171162694
-16.65038850463649
15.519361499444948
10.783572527081688
4.135101083233266
1.9712077467309719
3.396256530852302
-8.381033742541643
19.030337795881977
-4.966917950421607
13.13796133975405
-5.877332438176053
-10.433119425291943
7.945318491451403
19.69421071602035
9.362055006303073
2.439786635904653
-13.715180283931883
-13.124320149346765
19.365677080694034
2.25436822480647
9.075937784071503
6.827337065795454
-2.7151435609177526
14.335395341906036
-10.387860059039117
14.745427264653912
13.91001575140416
5.044831529170089
1.5477410007413006
7.566563044698292
-5.827348845814919
-0.8618380179261145
-9.041476458138744
11.22364165504656
-0.8811786037491132
-8.941358571704864
11.560568777374172
-11.384617309204836
-13.045955887300348
17.873619138555583
-7.386968193993081
17.844832518898052
-8.023719195627175
-16.070075042613308
-18.227492545923862
-7.395069637045989
5.307983162398713
-8.484351253386247
-7.720694620077975
11.811902054288069
0.8186759812395437
3.9284500050103013
1.4093573367330627
2.3413262887130415
-3.7887560455197757
-18.056817763584057
-8.799447481372923
6.133991804649533
-18.14153002945976
11.228883696194991
-10.450393636806691
-5.806728376414171
-11.153511952955402
8.154957952684015
0.7882397064408408
11.956571152843722
-18.79719926939403
12.67445317304108
7.279513602954211
19.040862969622488
-0.6825176422412618
-2.8019520417735
0.12099136792732779
-16.149186979853862
10.472884093780237
15.322844201267934
6.069953912121036
19.782731119925145
-5.73916249446523
-9.989854708022566
-19.729702339662115
-8.123783712601519
5.980998846666804
3.3333259827866044
-3.417032335952616
-1.2125165050393996
-15.383269203352917
9.345724191829909
-0.11163998596784097
-6.523715992013361
-17.1934845905215
-7.555183948798451
-17.726238144133898
-5.508771974112246
-17.53564269772507
-19.338397180802676
-19.585254008973713
1.6037111151980135
-16.72598620658897
19.91356815503729
7.909217929809252
7.47754082332623
17.2865056816402
-12.913758503520864
-16.631575367511104
6.836144556967895
8.367008119194889
15.71989258700318
-10.455871068335183
11.231386130458212
-13.87182862522998
-19.346137549652447
-4.072183919602521
6.948077455773195
1.9058104157582747
-19.806175617023968
-17.321240987005293
16.46937337478584
15.814300354101306
-5.5751961024743615
-18.4649330017566
8.671560329556204
17.68171765443237
-6.769260527311287
0.8755676456832688
-16.052692618961398
-10.652176354477124
-17.362537927667088
4.459602393211171
1.8814452198800922
-5.590413031224788
-2.8188692289174355
-6.078960666379762
-18.206923453224945
9.51943765064545
-15.270437308071774
-11.815330086557267
4.550700051497888
6.444006643231322
-17.812361528755098
-16.9859318319429
4.0312813984578995
-14.25951765768431
16.93740132557248
-0.3451620307152794
-12.164933548037776
19.654952341938234
4.4948510324496525
-4.267503464881383
-8.566762077155929
10.695012005325143
-11.474695810735227
-5.6408294113330815
-12.818910765759162
-1.4860617363753938
1.9818149013043076
-16.745211130023957
7.957625873812717
-2.248968277366888
0.3397596064278652
3.021308850794494
-3.702534100859939
17.723630598158536
-13.912064948674434
-7.920742408908117
-8.503589257045071
9.167546635257313
-3.770809158037231
15.684609406748564
-12.54755733820486
-7.901327281068934
-12.582571309872023
-18.624666258245043
2.83964888850781
-0.2881822534984906
-4.0352595289928495
12.557984921442056
19.06144094835622
-12.861484840889874
-3.5304493172769114
-1.5104435592254895
-5.666561390225851
8.153880500755221
9.738152543836385
3.4904408740389137
3.975938138426155
-3.8008649551748093
-3.9090972243199076
14.940441628446656
-16.115440242213317
-14.541023331682702
-0.42811204846319484
-18.715668531423955
7.2910241061238
-18.975189829335896
2.5653569677175447
5.280955132340036
3.779161756998171
3.7653345510543943
8.28004338601454
18.434507578493644
-14.41919952117864
-0.45785474830975303
-18.4325728022663
12.062249647992239
-13.918762291648106
-6.850463287875783
-9.829484696088638
6.344533786845744
-7.381500446497732
7.4754565188846485
4.420048279339724
-7.420860768720313
-11.10506982227089
11.180789359926905
-4.501974363417226
-7.313885744513641
-3.2815577537738747
14.441626450709336
10.152185481092964
18.941819011369816
0.9609257963669151
3.7453099203373164
-2.7203147944979165
-0.3266748334977123
15.919510451256734
12.483996265492053
-3.017802653483951
-6.360297948179593
-13.019497373649376
1.4160350155787818
-9.831211189359141
-18.839654392479964
-12.067445954827893
6.37478186970862
19.38798862908208
-16.1180992004132
-11.188767466325253
-19.836717106749905
-2.3950748986414396
-9.148649873243912
-5.246588229280999
-7.399831843318276
15.220324924313317
-18.535474846223327
10.424928498763375
4.0026365730276225
-14.290823603771496
-5.517929643218311
-10.651603943822874
5.486846430242117
-18.51418104955353
-6.664844595401892
-18.576373671078667
1.9442930198325712
-17.72097597182124
16.705139261153306
17.007705439558322
6.534086430847932
14.760239391553782
-6.916365952962442
6.255294198605895
9.733792714211202
16.953980808274856
11.553861380797482
13.59033574590098
18.30497921051529
18.614331748524066
8.427849918882686
-11.64480894199417
19.492581025118277
18.452459987296194
-6.168113566950151
-13.335348673326006
-17.1568587434286
-8.705049794824804
6.069460667876534
-6.0080648309352025
-19.99925354771203
-18.387929390455145
7.659412102548249
9.411359280391856
4.9302595837400744
15.459005327068937
0.31609041434164453
10.477302963953349
4.1584225461707405
-12.991653155797277
-18.7393744251531
6.298250115334945
-19.091733505757148
-4.65785483685849
12.511792877587034
-15.202862495513529
9.92873154186455
3.4682751290858747
11.062083102992716
18.429822945336902
0.22666278699449904
9.918657065685778
1.142939264881285
0.8909978925656716
-6.34220111293692
9.272126163480902
6.742826477499801
12.950473612632244
14.388604919444788
15.197228807960023
-18.160020545115103
17.52792708631852
-4.623946909853224
-2.3092777704753047
-12.827368361945325
13.75896962662798
14.958386374125347
18.212584148592093
-18.221760811263987
-10.443224598415192
-0.7215551872424797
-12.53570920266319
14.542002674160472
-6.16255935278704
-17.747278949371793
15.946360557388743
-6.182523481370762
3.6572851764461802
-15.216844390303258
-17.23543637306896
-16.022981177138355
-1.4487094441760249
9.891725023526927
-10.334320187149913
-2.879514979685112
-9.478274361374975
-12.528338798192692
-11.074680986192135
19.694693578678326
-7.786318728650592
-13.594454192719772
-18.03013395552687
12.590262574490673
0.4195343974428134
-0.929856130633766
19.898336447056934
3.591362320494092
-18.81629784110715
-5.568644123503539
-17.498732595060357
8.857179777011865
-10.668634123196817
-5.669130693421515
-0.8453789811068155
-13.269034130173377
3.6099036243257068
-9.282479110212387
17.14967346687613
2.2864015480392865
19.798601356221845
-7.421378196549906
-19.922756823842185
14.751348893268663
1.0955729108924785
13.064327566015088
4.236494040205201
-1.8039302379952602
11.335387764454666
-12.859145396387731
16.5591341426759
5.16320810172116
2.9680581291792123
15.387121191272904
-1.0977824374481138
11.55694687323799
-14.39096898223394
-2.579243277832269
-13.293662431026654
6.16241867610162
0.6053994393952706
14.594027728508394
14.165703313485736
19.405635618484403
0.5655998413856977
11.777603255165282
-15.324059597452951
8.107572960434311
9.472061322142533
-14.597784858587675
-2.774419437305056
-9.085129593739104
-7.246314080769034
-19.018995558408584
2.0838553663359782
-5.717511621888169
-14.545956963078508
17.98844479049177
2.7118608810550384
19.722717783855906
-6.812563110156855
-17.53079101871947
6.872663388303216
-17.081589977236895
-17.922657135218536
1.297903190256374
-6.793959994413324
0.4141888689101201
-18.392645020405528
-1.8133539448350007
-19.76527836090738
-16.05047283300651
-5.441988498151943
-12.707535852713345
-6.876384980782513
14.139401562359623
-19.56224972651406
7.053656199911909
-0.5584391290181046
-8.684305881439203
14.379999379496113
-13.78668060757963
-10.951773082690623
-10.483798708710319
15.91042585874385
16.374460629114807
-12.722527123155558
4.363154405696477
18.013554875609927
18.8123134251897
13.979630758324213
-8.708935785039959
16.38182943601452
5.851517101709767
-12.869855447780747
12.50082871450526
0.45506863354331273
0.421374314183943
-12.838378821875246
10.830128686680403
12.797057689289439
-7.2607518915598455
-14.841741960753069
-6.587537075927461
14.311354641459296
7.939544628564118
7.442059053146934
3.4487740383555696
-8.903176918350963
-10.372061229255586
18.187085646241897
-13.391474006804982
17.7022787016912
-1.643129988922567
1.8276847388359556
7.061323013313245
11.154995266088292
10.4245839598398
0.28465242576597305
-8.66237185647805
17.9423810307582
-2.4133834948463537
18.157494550329105
-11.563671284919739
10.349925363691362
17.489472763501503
-12.064825296456036
14.135766969783006
-2.3281666738331523
-8.902866594562543
9.54708689041469
-2.942108113454207
-6.246330416477122
-1.333064573284478
-8.528986679422651
-0.7338532522628327
11.268891440729007
19.647881641997493
-7.352327506576856
-7.795710839437442
-8.26118327454009
18.38667577329869
18.46891798009753
-3.667391755530268
-6.51625873566994
12.62285567024486
7.101915801381672
13.977430229568249
4.125649414463677
6.388890650693003
-14.213484718313536
19.741971523706205
4.97687512513351
-8.365570671990827
16.543687120385485
3.6493821358290326
4.327642881841513
-7.225697215129522
-10.650311797772822
-3.7189213063840327
-8.78529751556005
-7.063945295951083
13.5165726238032
-9.376153121743918
-18.088638151136163
-9.387971976460223
19.6404012957441
-9.590449048635756
-0.3591024537252423
-7.747779104971686
0.2572106627140087
-11.218443214092302
15.623050516527044
-15.613278029317726
1.2399586133012797
-13.393209069679934
12.136892729123694
17.63621814843848
18.891914591591473
-5.351948607631019
8.938401654847148
0.44306247660207276
-5.316826893282581
9.07819601881679
-19.298774308797505
0.6807269988419371
10.749804699494653
5.262571515927803
-13.976956001551454
7.909635649419947
-2.5181205464300227
2.86714780883079
13.177984010222914
-2.5007653081387176
5.395981160877035
10.460686449310941
-17.58719579384905
16.390115841946354
-5.933338884637621
-16.93483612660378
9.744452872658446
-4.410789885411939
8.48615138130096
-0.8777406962159588
7.684186727138854
-19.126930932442434
15.54012883297814
-2.5800374162757187
4.265919264928048
-17.45123288163352
11.46607763014898
-4.675169024507646
7.9336213551986035
-6.801184919987415
-5.5286937181990545
-2.44001768575383
2.094056451365887
2.1100542387769927
5.675162035405101
12.972373684819814
-10.507436128817282
18.207735394153744
-5.337452756343817
9.996642443860246
-3.345090683071497
-10.752963237972182
-9.791356885211652
-1.6296141108440736
12.320176128195904
9.09217344812216
-17.198329173091
4.667542785940032
-5.754885269468577
-2.751656673870336
-2.532020859853464
-10.520708528929097
6.197508476577788
-16.302593835228926
2.8020993243200643
-0.3215978920518836
12.008309658453953
-0.2709510013036933
18.415429891540995
-6.467880701531094
6.3632578054506155
-11.373289571960719
-14.62332514076786
-2.7495899659539127
4.047658039821499
10.499626910715797
-1.2884636562331835
14.665798854328848
11.049846490364228
12.825154636656194
3.014860664296066
-1.0582278886342813
-3.865317985041756
2.4649404271705677
-11.339311505908451
-3.2288016631392793
-13.786754922149331
-4.844631267423978
-13.529371465230295
11.457552531360669
9.598606825140372
-16.767981978088304
0.05839899262131354
-14.452604878794006
-18.29750473563805
-15.410070424657235
6.826247545355727
-18.522635743870946
12.021275088899664
-14.16716006814568
-3.3087609111681218
-12.181324996400317
-12.84815054320132
-0.38709623397493687
-19.8525235669908
-12.018678907617609
19.733929925351177
-10.354792861901068
-4.727886369099487
-6.626618218149019
-6.474935382226743
8.290488280042368
-11.108766032110001
-5.746142020396277
6.636984326340439
-12.0987154470143
-1.7392641015302281
-12.226201292888472
-17.372337025800213
-4.279184110390144
-4.143142310586029
19.478092560192387
-8.174752753492612
-4.568650715929415
0.7685946997922599
2.9509690506969903
3.5361854639129575
-17.586710447207338
15.438481060329757
1.4143766686878863
18.283145461811465
-1.2033104482746424
13.100760351421144
10.484231858917276
3.0957092110470725
-6.374247360840272
-2.327236156355788
17.108633083314913
-11.170455252092864
14.788962030260777
14.406907189136227
4.842196310377499
-18.54656149425096
-3.4199299351017913
1.5505119487545045
6.791273608470032
-17.886096063693703
-18.926004927393215
-16.38257813351992
-3.794611205859649
17.825808535731774
-18.105296347293084
6.556421965902558
7.580463039387048
5.237502296620988
-15.255325682269149
-13.41945029512345
16.033074492156373
12.86599092292893
-1.9144434157207684
-18.278772570821907
12.425078201713468
5.498157885277418
18.384601761446703
3.8169577460385717
-14.744163905046555
-14.033840720638025
-17.113185102923826
-0.16268420196621491
-19.021934371888264
10.15373836228003
-8.544975778682883
12.246210742229323
-5.9049203323792465
17.320451915883893
-3.4605425262107268
-4.4346373837875355
-9.87663697903173
4.6737195654859
-12.21093400204559
4.559219208506221
4.842169141706467
-13.987945736234519
-13.81349382496175
0.8814193593583397
-1.981583956835955
-10.209032570524457
-3.49475388232743
0.926769896218957
19.59720997570696
-6.2794863552935
6.9101640322024664
11.659548551073375
10.12596706976283
-13.235217778097779
16.57900129714482
10.877063289734554
-17.162427019402713
10.509776933128375
0.5999266723923604
-15.908121235956179
12.60871004276298
-16.476652294104785
-16.61642400461396
-2.0760528503275992
-13.2216558398104
-6.641257932901063
3.1280883436290274
-0.5869408175066546
16.550860779803187
-14.348888693139767
-16.10713481989116
6.824380329490374
-18.819253278124776
-16.154393706510252
5.590320998291261
18.765561971198522
9.500081265157675
-0.5205693450184086
-2.5580866958996964
0.8995047630209498
17.44833037505265
17.375078511256163
19.541594660827577
-2.056215818425734
9.828680541642079
7.009736449057236
-11.814810384045899
3.6769812298061133
-9.474046504710941
6.6878824856566155
-16.812434628861183
1.977463846358173
-11.638678775865348
-14.964211680970596
14.767949481522287
-18.687429226624825
-14.51323820801659
16.221448043301997
-13.166759036081071
-0.41026739179724814
-10.460374082285014
-1.3909962260354582
10.405706629893885
11.279168537103299
-19.012588392688066
18.548720383038678
-14.437630209034932
-15.120231494901892
-14.730123472691536
-15.523559070216848
8.385681955948293
5.585798532566081
-8.300108698529849
-11.821286958540366
-0.7625765229002113
16.017171124466657
-12.372640942639087
13.948908071991688
6.038740275149415
14.357785325915593
-1.0052696413373674
-18.595303086287593
-8.977659213560276
0.008801725896319113
-6.5749236316861825
1.3230810798043144
-9.078632356436094
-14.761589906789553
-15.545935564508454
-2.0685951890904484
16.14016472209879
15.57557663929601
5.89520923567018
-15.492257264361848
1.7256834669742602
-16.994824766181257
6.706787511956275
-1.5984304824654316
0.4423762225279191
18.694055257674044
-3.109039517898296
-13.50984774413579
19.891961710646633
10.300440534851305
14.861108670208331
12.270589688238076
16.127524477011498
-14.884891518164451
-18.57181803499788
-0.8500245708079781
15.361395214758012
2.075442862427334
-1.8697167450570227
10.948344582564712
-6.559352469192783
-8.603782024372206
-12.998775082789793
2.793842964174477
-8.51791423550905
12.155487601320353
-19.860700598453732
-6.191405379105701
-18.571090168600772
-16.249245779612927
-10.631492874431858
-18.877517310576085
-19.84731098743729
5.730451923256396
-6.784743845632697
-7.463218307252525
8.343458721163245
-2.541685327944183
11.306093451104307
15.959959090782483
-10.447798558004472
-5.765257224156839
-3.3816086620426447
-19.713472955285916
-0.46410730588541327
-4.717902167147393
14.333845823896581
17.098842222992587
-15.058718174528337
-0.20973155109815167
8.084696778794683
16.787625946480986
-9.70485757323582
-14.267229791947585
12.34833221997873
3.2476178680807664
-5.761756395312187
-4.735035421937347
3.3829763318435546
17.275048510701332
17.159010904218242
0.0852171814317444
6.320788250113139
-15.468652725821773
12.020491692371643
13.038326187857677
7.138965104327795
-9.853734173639005
3.7559041643658553
0.06298402741675702
-14.975357751543683
-4.020054651382697
8.701805370933513
4.80717105108495
16.173864914811425
-18.689301117478387
1.5565297820159962
-2.8664394600219154
-10.111725456059219
0.6188424956180398
3.0134371137455744
-17.065327062809722
-2.8964337814735117
-10.559267830844433
-3.3777636014582413
-8.459994130998485
-7.374677973947028
-1.8056633356323886
-11.496668725952341
8.209013675957554
-4.617220574539708
-10.830137356782
10.055559908188037
-15.867964972025757
17.669869242198324
-1.7318903613739742
19.12723527310588
-1.6580100749007087
12.354921641653071
14.33920983229769
-9.379800385996111
-19.871953312506513
-19.06024029506074
-5.1796158519403726
14.745183818453256
7.0083989192296485
15.201731168576643
-18.019952758641452
-7.29800232186895
12.168274275149813
-11.284279391945944
-6.406325481784254
-11.018244011364008
6.027060461397085
16.37228042286179
6.95146118501491
5.836784616317907
-0.6726801762232242
9.148691512793278
14.123439634659121
-12.442272730292876
10.971682661523175
15.36590018507524
-12.892980462749604
18.512463348081624
19.356468674411857
-12.635786538779001
-9.269960644209743
16.54913719713234
10.06028484288699
17.699309184738617
17.852050812541883
-8.195615455014064
13.501953198955128
-0.30660584185179474
16.33183790160627
-15.072944045308363
18.907649457503304
-12.951229421747698
-10.689869765027256
18.72026900226753
-0.43879011971504767
-12.843426175237894
-9.904199082102295
-14.20521212482229
0.029230956046330192
-9.18309197335482
13.283072268590828
19.40164302845755
7.972560558506959
-13.449444759142906
-14.475005846708173
-8.785302300077134
-18.916100702595948
1.0205711540779916
-11.693832888435853
-4.792035031959458
-10.419277672054058
19.446409722895723
15.352192689360095
17.899216835756448
9.73952009981133
18.96695775720368
14.708695569157001
-10.42116417308451
-9.742731286932877
1.4395037605957164
-12.167598123223918
0.11402566720298779
-19.098745573641036
4.442905860242124
5.620595876906705
-4.184036468051238
16.613946505615644
10.182801636764577
6.539092445243856
-11.020621778406351
-17.421544619158134
5.0507368166425515
-13.640082093933938
-19.218043021273342
12.15990945392197
-16.87194687148562
-17.182780786665752
4.804981014958965
-14.459118623032307
-17.04448804285114
-16.057795506982494
-7.587088002482858
8.4404716759271
13.384295712557545
2.3325206268239214
14.458962299919932
16.188435524186957
-13.36705309366005
-17.846256866015786
19.513397883268354
19.475052839252854
1.0790216001187716
16.26344311527106
-11.924900119736916
12.078766139920724
12.725086980051948
-7.01831272200025
12.979333366437437
-8.720452885144834
-2.813053516401748
12.616205451000077
-9.562022965071435
-9.729112356883496
6.408153923422688
13.199642750580395
-19.493908215649025
3.016103834358283
-11.348777460438395
0.5713843122907463
1.4069017591397923
19.96079866202455
16.59073965560942
3.739127598832937
17.81329875817257
2.407877917531131
12.294661312784278
-5.386106509747993
3.1931332731950413
4.326736640474557
11.486300079911938
18.0179566278454
-5.345219907249623
10.26536489694714
3.143494672381987
-0.49502684670780894
-14.231515472393648
6.184590337177262
10.689695419389913
-4.404975729015561
11.027295677020795
-7.288856624579921
13.660050574169198
-1.256055511789146
4.865387456486523
-19.933976850496194
-2.0512536030562103
6.669438823998306
-19.101018113277973
16.15215358955537
1.0286561205315756
14.13268354111424
10.943347789697135
-1.640059367849787
-18.846288454447084
14.173099141619296
8.788421627768102
14.752342746361926
5.5703159709789105
-5.515128301599583
-15.148092765780854
9.514836350288846
-13.474130800861923
-14.700597146276158
-15.65524864086942
-2.9738648928913847
-6.206917484562634
-2.0544295393868737
-2.950351547976968
10.65424324598185
-10.655559125581785
9.539205612684924
-0.10153736070653707
1.8350150119352335
-17.720494202916385
-16.823601574751184
19.404322196381955
6.696610403552327
2.9975140518110663
-11.00876524906453
16.80382097532855
-16.964769367470133
15.58204991171219
-0.06564362923597145
-15.774013641724359
-8.862726944901498
-13.43271803736001
-19.287974419956726
5.990141723179853
-18.290924534592406
-18.404373624984487
-7.7864202669859175
-16.12645183965732
8.210054343329446
-16.356075897872483
9.441466936505364
-16.21323108984425
-7.9912592190274125
16.402034461863593
-13.597676617410478
-8.27072039893968
-1.3030474236348475
6.8150684471712495
17.740724773992163
15.233443730315685
-8.615431989776692
-11.392497847093814
6.150707075082849
16.66893423871481
7.949643452612868
4.321597050971771
12.165306482089484
2.5412395304948205
-11.722300807417856
-5.943750174172253
-4.51021625841426
-14.796384592913894
-18.87961751701718
3.746435787696317
1.4166295704222236
16.83332144063121
19.163628999796188
-5.734604258604534
13.718982217086776
-7.619219796329318
-1.7573819840505465
-8.647778550118588
2.1584681669917742
-6.920236652154003
-14.762717448020656
3.252991565918432
-5.449148648610951
-16.935764256359054
-3.2475907323819513
-11.838825999539102
8.442878129800757
13.222667854181687
12.41053737407168
-4.521785060070513
3.981625299335505
-11.710693164662192
-5.274330024629453
3.5193977053141268
1.3273472050118293
13.849653324429042
-1.0909442195115027
-5.088118857308089
14.454986101080507
5.972048503033342
-5.709516201804261
5.595154153249599
6.190619298297282
4.229699309571856
-4.107914367741623
-10.79163480751237
3.281200876300211
4.004809787812537
-13.751046336771173
-18.406519534614766
-3.834800140563061
-10.816152591729477
-14.399452445843801
-15.280780250945352
-2.9977945578261824
-11.873477230072247
9.289737670444076
-5.493354828404659
17.208704598036967
15.416986712435431
-13.060870850861605
-9.017881883149329
-16.524814991960803
5.395866890124907
8.413062414244344
15.379329552115323
-8.950418991887084
3.0344403788456695
19.801415041359235
-3.0342286804544187
-11.848086535529587
-5.376624020117351
-3.6364808604444967
-19.40776020855113
-19.802874649345995
-3.07206289281039
-18.798951327339033
-14.42430829035516
9.063648186778192
-15.173133543319128
-2.9201923795378875
-7.530474517374834
11.97299037202994
11.601906146523824
-4.8679070459486375
-17.89757215652715
-7.469105839402053
-18.410674089771085
13.718272195848208
4.75252283237921
16.792521154162046
11.548508787143838
-14.47416504297301
-3.9165441228017173
17.25091793400722
-7.15639221664825
8.898453284803573
6.224737618900615
9.347982496518597
0.3283705071328811
-17.999099040543523
-16.33688356071723
11.726166903319417
-1.5913546109975876
6.80623732402589
-3.8543379777942413
-3.010657045322681
12.818540725135612
-0.6986386092374701
1.8196739457200586
-18.737332456694183
8.351241827158855
19.952289736762438
18.241059130500012
9.195838986482826
5.196999994515409
-0.2320944690201472
-13.058381936405382
16.917540648716333
-13.271881067188605
18.32848520868926
6.169698751773613
13.0165432804909
-4.146107647885691
-3.7649815111611886
4.78136613907601
-1.9712689394631937
-15.931587759063849
15.56009272250192
1.5996630388601574
3.4143193041826834
8.7378208079372
7.002886386910156
9.859753692521998
9.700734097505553
-4.59737996034049
3.3151215802434564
11.131750017551273
-16.3986210501341
19.376785161143708
14.14743284651594
-9.890631313961485
3.6039344778506646
8.218925500645998
-4.027998206773798
5.99516522275481
-3.877115328577098
15.876492015316764
10.319075906800549
15.660124607946202
10.03230209587499
-9.137477345452796
-3.8394847840072686
5.084886211158846
3.6271790223394476
13.77297269081648
-14.145400132057837
6.276347605335037
-2.1740881439213453
7.343780103861825
5.358704820544968
10.134250593310167
-8.767039200425533
3.664284985001295
-10.677721383476179
-1.315938486649042
-14.925884777066894
8.716115318506414
-18.21353704784146
-14.02900833976573
-17.452444409068445
4.897924573118466
10.459618313935557
-12.217332870776435
5.352329061464694
-6.8527152139448155
5.564727383166108
11.342092605082602
18.79291111573123
-17.41715928739875
13.906462330816325
-12.385589073550038
-11.914497532509882
4.465854741744852
0.1827617933936665
15.866889773634597
13.061041598547995
-8.036032125254566
-5.724337792613831
9.673282732773956
-15.687706369217306
6.814129975673993
13.642810421510951
-13.858375097826766
-17.335616269940495
-0.2953669700960191
-16.408863674865408
16.173216962021847
-0.2098974638292006
-13.267157544293813
6.680733824572474
2.2893802157697465
18.422676163040705
-13.79632665668042
-8.806726893110937
-15.158313827530424
-5.1893616133808695
-10.352113249523285
-11.720045847193589
10.203603646437195
10.561696957222047
-16.75597385550502
-6.821245006344014
9.70508127859388
-11.26580948040894
13.552329888288106
17.16637429808698
18.701037551972746
11.855692384116029
-1.3995836059952502
7.253540855052808
-2.253045964597767
7.688634434382035
-5.134541601525701
-0.9026462220295883
9.66725732067177
-2.6026420864415236
-18.884068558911178
1.9853546773149553
19.621260959716274
-0.8181704927647999
13.172385815602617
8.098805579415913
14.060870913949245
16.088385086144697
-4.403322150568748
6.978790183626575
2.1660701938817226
-3.2218955356810675
-10.086921695110064
12.785080257643699
-19.84565750604855
4.027730646565818
6.409527801209723
2.4714097063755993
-18.78112176083359
19.859251290406803
-6.368845147877579
2.5271687434762846
18.673711248350614
-15.983176044237343
0.28255645305495136
12.68841911054362
-19.395015261959607
-17.155240362031687
12.498690939975454
16.046890331925795
17.553304188636176
18.478910639656895
12.57123837155519
17.940890723033966
-19.117385056672795
-3.5269255242953754
-18.815757005440798
-13.50229722778364
15.304923444127766
6.067082472546321
5.772140671709121
18.448987416068057
-4.569494372535527
0.8654737132995933
15.809122593373793
-9.6882713407701
-9.353377650729872
-11.08026889135922
0.7684031443700015
-1.5908044771532523
16.867796577006942
-2.1610894903676297
13.94374065112472
-5.744456369863791
14.637956631853527
14.012892793346147
13.889153482629673
-15.789294699472997
-12.308997003307272
-5.2700791403884075
9.44036782734548
5.15205056342478
-3.1319670117603806
19.96456539235031
-14.829226144844636
-6.681054972384883
12.059491265612564
4.768701644461931
-16.27023188543403
-15.264152514160877
13.780194430789628
14.325171258508568
-18.120498487384296
-1.325616060101467
19.093789371221447
6.064562287789915
-8.173804369388726
10.622527925956788
-6.702184234334613
4.478705624094776
-12.896865688012774
9.470771007868937
4.883260168878017
5.297537783970114
-3.702645952676459
3.7004697093405383
18.07210192808359
-16.585328976288437
-16.293101987703675
-0.5094933457692292
-14.832189294652167
18.476868639656182
8.385572188636516
-14.872637960654886
-7.087809368434858
-13.782631622011623
3.710273396613694
-16.810203258662476
-2.532786510536905
12.052639116203594
2.0431815988755773
-12.978573812956649
-3.418724184860725
15.748544577425392
-6.7973556651411915
6.191788256504527
-4.501405164990073
-6.566409770253001
6.04493225793453
4.990025501603
4.691496722853792
12.728616905509185
-8.385645560338357
-1.0922218797166927
-5.076061662445785
-4.6612826810681405
-14.860210478427032
12.546745111975518
5.697867247450077
-13.969810986408785
-16.894560098747412
-5.625982999159005
3.4644881786067714
-6.452121967835641
11.24351136128935
-19.341993270569695
13.207351023353219
7.268669504489942
13.652117702089512
18.733106556068826
19.777115056400966
3.910851659831465
12.864304339778073
10.59129562587161
-7.179402294528167
-1.4930643734403617
-2.8597566269829713
-1.419954109994066
17.252673768594974
6.863984643009733
-16.58604448653225
-0.484639141896789
-0.21231519483105288
2.0892495085701768
-4.213006266274446
17.41399161114193
8.083085801105572
-6.620649253095587
13.956177969814668
16.692949176884433
-5.626256680664291
-1.5094424950419665
-10.296555005610957
-14.362606825493263
19.753165823325674
-5.5109546049861535
-8.897283734222867
9.468170550770438
-2.0502731097440154
11.958504526292426
3.6279455187911225
-14.926691498228628
3.6768036589253903
-9.947511828617364
1.355112275257298
4.5006979489298615
8.917483260484378
-12.48232400355536
-4.833275169337089
13.261802761269962
-8.749073644223447
5.632515502016467
11.837976959855489
6.655120869728094
4.650884603337143
-13.035271085201895
16.604697530558006
1.649430876686047
9.308442659814986
6.05133529906179
-0.5879811555863057
-12.946729610009339
5.7660580950241105
-12.964284421189749
0.5494571433387705
17.280569236385404
-5.885335910948516
-6.5726007929129295
13.753259665089473
-9.765825292923868
5.628133858663627
4.888917249261109
0.3255323103437213
-17.711863016931183
-10.000327278032298
11.492006586072296
14.986032729982227
4.9588240118008855
-16.22974483849948
0.031046723108943297
10.828292898904053
-7.084766048479683
-4.478586823750387
-10.63831016630386
-3.4520772814059555
-10.330540042226378
-17.11322595698332
-14.874359574828713
-13.074092742900252
14.578306202932254
5.2762529884453855
-9.767931377717506
-19.608835031135847
-17.18892920867551
10.437600704190704
-3.952391106497167
16.19644932912059
7.4801030734761085
19.887441820068588
-3.7045052683408954
-18.425448825227647
-6.360152523505329
-9.020209650850433
9.86879730893834
8.280580509318611
15.88327629335084
18.614247814522727
-15.651584534201305
-12.639163697617164
-17.591912098386132
-16.61700814749213
-5.213908521666726
2.9106440761814127
11.003915382253737
-10.475088579086286
-14.33527448603639
9.605747064257827
-11.145547181989869
6.5729821938121304
2.3030740834196237
6.875571423187459
18.084525909269722
-0.6618018339436738
0.0068707859279228956
18.42543814532307
-1.179417076654321
9.54832388978836
-6.5363523422920125
13.981424947269815
-11.608178672131327
-9.174423118949262
2.034492907687138
11.259593025998367
-9.539177721961117
7.482667846526574
-5.032527488140692
15.140268942558265
15.672467225460608
-14.234129815554603
-8.306204848817442
-18.652669253535606
13.266018774013823
-12.36976612496505
-10.076404527907519
-2.0972196068629714
16.075832784505593
-15.531553929542156
9.480535876887835
15.72610046390097
-18.958411603382824
-6.970347382305317
0.8264068072087127
8.488293711934865
7.424805947246931
18.392578154349252
-4.656721078044672
-9.628697454460578
-1.163444834866091
-12.758614732439359
-7.423960885198365
2.137670952716899
19.396515362275643
15.34123529092647
12.718395134118452
-9.749941943822428
6.860151581362448
15.323797749757034
19.959150390469574
5.679711210127042
14.792553727078335
-3.755215177983807
-0.7598617805178023
5.473048051050252
1.4591262929650703
-18.895310710586834
-9.659054436055111
11.535451932811544
0.4444967555734003
2.7407486498376983
-14.11627524247165
-6.166354366874543
7.541542087671505
-14.096920654419298
-0.9653331857641554
7.291388024016513
-0.8070897564504946
-19.141149206474427
-10.763005536254733
-19.885414270469187
16.895855760362153
-11.625216811058237
9.983047235076405
-19.85913598018529
7.232213973291721
11.044000936373706
9.525560589859069
-12.71660834792359
6.993164873639937
-14.275745658643073
-17.604603985997525
-13.626022491234924
-1.1132981680779892
-3.1651090062207246
-19.693142263717046
18.519047312451427
18.33793976119881
5.3742867719949885
15.712430009513511
-0.8613171027623245
-19.901164016320227
-4.456983387518992
13.431968246406136
-14.64703344415784
11.600158578285278
16.96443810863328
-7.419070372653369
-5.549621026084175
-8.202386147878812
12.156905622854339
14.577104807142035
15.197267809922955
-14.508098003407746
17.785945594453544
-7.8865195717256995
-7.512182124832654
5.518135794738512
8.138938807157515
12.77476432959427
-0.0474197798056295
-14.35726717353286
-17.666951954576295
-13.312553282778708
-8.075038507695794
18.46743726086097
-16.575674014213682
13.182900207928284
-13.181114027861817
12.140421813048647
11.684793297871352
-16.87912985527308
11.125325035739717
11.026397298296512
14.755293268959079
17.760169743490508
19.56231871595213
-16.058616134813448
-4.564386877694924
-11.33885110525943
0.08420871613646597
-7.007052451386544
-19.83962315757673
-7.8616235460297155
17.083051271836183
17.56637293152314
-13.694292628281257
18.520938089338642
18.278897015836336
19.9902663480687
-19.657236495528068
16.47825010048153
8.027004809046957
5.728535496356599
-12.019934608802263
-18.07821794435068
6.753374490643303
-8.648818605052098
12.309253151538769
-4.228173012498644
-15.740848567987848
-9.257791783972076
-16.270389700271174
17.20448757424584
15.058246171335774
-14.927552607521818
2.827659888480241
-18.02655742949228
-0.8910520108725315
-19.77649156366943
17.457660659154584
-16.192283097590703
0.12594023223081052
12.950778373125267
-4.3341040509024165
-13.114188830831527
-4.996780257599722
-5.4183563211185515
-10.108225232238537
-10.002328502132315
-17.978072410214384
-15.946886862268816
0.8190718598361038
12.429249374201113
12.564330705698687
-4.064131474983931
12.221873670856723
0.5190117202352766
6.576491116569635
10.35383275816832
-15.184057620502077
-14.922447127987851
-3.7143578950262537
-3.605342764848526
-3.0674554842020854
18.080378616688783
-6.072063860530523
0.5523683070795862
2.8991473411793756
-14.618629921594216
15.794603660759932
0.41473003864012625
-1.9879656303270181
-10.870540599572553
6.265223209850468
-1.6322039478763806
-5.21602649123253
-4.128474326909206
-10.090234790593446
3.8630052961106145
-9.63533997198363
-2.9162774140137984
-2.1491235410980103
-0.6183043606089598
4.398022992431475
17.19729598553097
-16.87515655849131
10.412103932264362
17.43116217930327
-16.983626059627035
4.620461118547322
-14.000686274886899
10.810086742377635
-0.6565169928650469
-12.892035950358785
-3.6117023879615964
-10.828550098275214
-6.72170799731672
19.73952136830993
-2.311924209617967
12.329450507270415
-5.128235831711429
-12.787727862287447
10.749499922302324
-1.4688359162882634
3.4917023507936342
-14.19564099687622
5.283425961239189
5.757695805142632
-4.285741728714786
12.475554332567107
-7.492095492449145
-0.4792067794079955
-12.37607662916652
17.647160364797493
10.83734544717107
15.151129515455295
2.173035664153531
7.766483267601146
-8.528330526864178
4.796759697816647
-17.935142059153453
-3.187367591287142
13.04042916726339
6.615252392931442
-12.291408099469594
7.930469163560971
-15.796955896349193
-0.9655532587692548
15.614722808921705
13.26249987236583
15.128966201759056
-6.9333222252715245
-17.582349264100202
6.008251741664811
3.937017143825223
-2.187976170649854
2.410562252458604
1.8850203955484446
-4.172646183897374
-11.264271064107486
-10.453605781124393
17.618375117709697
9.97345776073637
-0.40486237685212245
8.449953122434732
-1.4874569059085196
-3.6244913953122015
-4.845697039859065
-1.3207973022965334
-12.102356239763106
9.330669249758895
-1.954548686396521
-13.839601148677026
4.577701099236158
-5.7365398266390955
15.704040218515217
13.173144559891412
-8.225430383156883
-3.3209017467799953
16.723970444235846
18.11019458642211
16.39999069180007
-7.02374131108774
9.082478442601577
-12.3112477909583
-3.7315992201638046
11.839678517870045
-6.145304148298582
1.9993895529105927
1.9828003278378787
-8.154976789764138
11.184309432920614
14.968270807779696
-11.826393956158729
13.594235940628003
-10.666936667474038
17.46334352361447
17.432319727452978
10.859613794187158
7.698046374968918
12.103748161766454
8.35893596779674
5.14175066283935
16.076261912467096
-12.358474279370434
-15.338940098674122
13.960937399369755
0.5911974329462133
11.558690365748191
-13.364510098443652
-13.045545572576852
-19.035366850924373
19.470816090799005
19.35688300777747
-1.9287386063716063
14.229949905343751
3.239720248399042
0.5204447364082654
2.3874440561241137
2.214968674701865
-5.503017577905007
-6.245509677111309
9.968017233718985
-17.123277549098702
0.7451098186619873
10.065728025661159
16.421726558787825
7.870422787328192
6.259751733867667
-2.15700153941885
9.504116558311523
5.517156029123058
-18.114204058010685
-14.41882045656699
-11.399038251430479
3.067619599727923
-11.920293969025284
-15.350870409942615
-4.702375887520041
10.653352292018369
11.219053247492837
15.012954346302159
7.245193555983775
-18.382308771376536
12.746655847778236
-5.665627198911164
-12.798638204699092
-6.667015983692778
3.596073835390861
1.9541957804996173
14.376572527850527
-11.553971918454193
1.3456904664311509
-9.52269491645788
11.075478543535159
-4.291208819739705
-17.91526797044455
16.161277427624142
-10.533794391200528
-5.711524294592891
-12.287369822202301
17.461248522988264
12.72838703795641
18.763236260722273
-13.657747439111652
-17.492355713704953
-19.22005364479837
-0.6418688829547463
-8.886174623395853
16.981440255842315
7.670478929041835
-1.873279553384414
-13.733550091398703
4.530785132729726
1.717782972453314
-17.61712236712792
-17.078200854183542
6.920590629399772
-0.6253601649431637
-3.7810445446995544
-1.3089299493459663
19.7145974279385
-18.406794996408124
8.009431013602793
9.657974375114371
8.540541306565402
6.4955255770645834
-7.127511371762818
-0.4534690437569999
13.186585964989106
-2.3559877257529465
-17.577160304434123
11.077044814285951
19.851081731492258
-13.475145450248638
9.343331521459163
-19.71652414050391
11.045294728541059
-9.897196930285364
8.966066788459504
14.946815672446554
-18.534563403160004
-4.163915329831212
3.416444921569809
-11.497129987791386
-19.177979439651153
14.545069644402176
-12.723368489736506
-19.148812383741358
14.868059755977683
-0.682503181183975
-15.272353806532916
-10.24022210038889
18.170818050056113
3.620685190555463
13.775300685185421
-11.683687817907028
-16.232359429140782
-4.543391285187699
-1.9215172959353808
-18.45194136254015
1.0414976435385448
-8.118724484415502
12.701049205482335
14.517152640916493
10.716716959687894
12.345720753616348
-3.321118959343515
-2.261508042826943
-0.7472691927383721
-15.284584818893908
2.679321690625546
4.962270569352487
-4.267110699139645
18.40914234876484
-18.576258515343632
1.1059488493974747
-5.376324598217636
-11.765292863471167
1.5568108335368471
11.504259647479984
4.606127722911687
13.434427803239622
-9.311251088169538
-4.369766252996081
-6.725359264059495
2.284056648483297
-13.37234174307687
-15.81570341219804
7.1031464115958265
-5.125128330517871
16.11354027419455
-4.622142332500108
-11.049887371960176
-2.200661781381619
-1.6115630854891805
7.723918244102599
10.482334302933843
-14.892656395592034
-10.553323797986828
-12.676289728901185
-17.71669944773295
-14.782941511483845
-13.785155167152867
6.463365161188392
19.02667314786592
-8.160490371592193
5.485506841820783
16.828599777294187
-9.957962046399267
18.435196345776767
-15.472084600679729
0.7544665339037238
-10.079049821621293
-8.006848069860201
4.055542069826338
-8.224629686576531
13.809916213643199
-10.711449708782826
9.731517397333743
-9.047748339760439
-3.063039340213436
-0.24132698453527723
-5.992458036064594
-10.245146197843106
-6.198143356944694
12.06578280376445
-11.949282522219363
3.315665189365909
0.7435610190638506
-3.763137503693134
-7.405680710244095
8.838667558100482
-10.534971889725533
-1.88115008745012
-16.10797654631519
-10.238988810461539
-7.623791090857459
7.579745051573848
-17.013358881554943
3.4449636605540945
1.7731231159447134
-5.654786913966273
-3.358689215189912
-7.258514302795289
2.4406455159621956
19.756948203547836
-8.033348814051822
-19.177475968705874
15.439811146477687
-2.3554356994625607
1.7581299847301004
-5.06539226541436
2.8261217208976817
10.201485057096605
-8.612871994588115
10.733547267897386
4.117845521779337
15.453338625851728
-9.425380736689636
-8.868360576469247
-15.317384429252957
1.3651302863004275
-10.509129688077333
8.634277458318195
13.51497603795265
-15.869271271262214
5.505779073041978
-0.16355279041725268
19.23464752108565
-15.101770252321653
-11.298543843135445
16.212615653182432
-2.525345767170574
8.003273517827985
-17.579642557891223
-2.1953766278113775
-11.458908243473992
13.95739735534326
-14.787150293935728
-8.165614121513052
-0.4893864720955605
19.19503742716381
-12.670708383418079
3.023896944625978
7.926642887812886
-0.3644756207126747
-3.947259440884512
10.27505246665919
11.177142087976854
-19.82943362452009
-18.650824160153718
-3.073892527571495
-19.577149413532453
-17.764036989198946
17.137211418532097
7.4302108758103245
13.49036380105386
-19.58356828994024
-17.991115888752457
-14.536468591684448
-9.212277933168536
-10.55541410005462
-18.425036612154617
12.20561559589806
9.49863459091247
-16.11211728127282
-1.85003895981459
10.195703066035797
7.079290886111586
-11.012818550545909
10.866459534436103
6.968187642428507
-12.594795120819025
19.74429038463282
-19.70040149961313
-13.650730748424653
7.71981315447999
7.9621179745536494
5.572728618044714
13.212077099958606
7.765781734612972
9.602124667897524
19.576437124102412
-18.777705258180717
5.450805624058937
-15.014661442309286
-2.597702616787995
1.6430094082897249
-2.8700836104286296
-0.33241137946503585
-2.912910020949969
-18.52266126919815
2.220419250169737
17.13866090719074
-6.574985036725195
-5.182540500618909
18.627146598447453
-13.009895691857976
2.668045425176526
4.441354044671563
3.3164404519440716
3.8393032131217275
-3.037352930150938
-2.807842948730869
-9.653095727082185
3.9141961471508004
19.832636984392373
-10.44658787546014
3.026198673177202
3.4456151285082406
-2.7533774998301013
-12.043249242570525
19.488694172569637
-8.283643561057827
-16.6422557417833
19.75474027207828
-1.2930111026578572
-11.377007123154774
3.877137903255864
15.883456075986572
-18.216312388764543
-15.57502150104552
12.391661939911216
7.303808683406633
-3.932985847635951
-3.930977770076794
5.2540208415019265
-11.85274494109676
17.205310209467214
15.229723623084524
-11.540171852060936
7.7706221906605535
-2.4497959719060987
-17.81279706066225
4.276185312541777
15.316397419291718
-15.149165154858322
8.728254047365695
-8.609693395190693
0.4493313420648839
13.951640752170121
-9.433919251427444
-0.38531213005712317
1.317708092757492
-14.987928314535885
16.847416475404557
16.085992901864294
12.292345680873318
-10.968209309067332
5.475844224551917
-6.617269734341097
17.019115934169868
-2.4984451306754494
10.365937829356078
-13.277895032064668
18.95732289764902
16.357090655369973
-2.448097351192011
-16.6116351089933
-1.8355606437413812
5.993761926582934
0.10622092274363482
-18.37344356998734
15.665946275935802
14.244333586527716
16.51797020730632
4.864127181768257
18.248652817503746
0.6195098404277601
-15.344158997545287
-8.431280951480442
-15.930772207760317
-0.9825712618377054
-15.813989805994805
-13.831718001462804
9.143389404643433
12.387955345491612
5.215842418468462
-15.09510287256175
-15.140691888939465
0.7904956606187206
-12.385055638295842
3.675089736652943
11.886120347286877
14.736164770138814
-2.1568650484279175
-11.838774658709731
-17.68548437311933
-17.547282996658446
9.832736372417376
7.162090653762764
-8.96240498256165
10.58517318104592
-16.42989393328975
-15.84412020919995
-9.764841937315708
10.249609477689113
-15.385332115181463
-8.197763181080354
-6.206382927076373
-16.52739832788069
-2.9128759526937387
6.309018732008482
10.18020887575592
-7.399252209863318
-10.89268581583025
16.1127226545344
-13.19280855449323
-10.62228244470706
16.406553252403206
-3.3222384174455044
-19.422237107243813
19.286374116114963
-9.714340695916004
-4.810609579643913
3.457525714082049
-18.82949410045655
-18.0005784851109
-5.896461581464187
-19.932524572424114
2.104267199125932
-17.64164680898531
-15.918114955341732
-1.102901418466729
-15.63225201247333
-17.728018356549363
-14.43923535931165
12.974063134015736
-1.0341949905422894
-13.891155711944641
11.491374178151332
-9.666001164514753
11.362340397822045
-16.151731762690865
-4.029639127876607
-2.6870180573864673
-16.367717157934834
-5.21956046208761
10.204300992397005
-4.070668968062648
11.505170636760909
-5.864775383784814
9.782671465523226
6.3016559290517336
-6.997481038683313
-13.42739110425713
-13.640696680113521
11.095280684927022
7.142562601603558
-6.1012750707879615
7.031322891798773
-2.241171540543011
13.31307756549429
19.737554182384898
-14.189795061880265
-0.23632820247916797
16.68602512155916
-1.6354112719935046
11.800626081620521
4.616465522342061
15.489538096173668
6.269401455288026
15.341397725456318
0.7157583681651403
1.3504317874278584
0.7835251593651265
19.816934524883017
18.51545105462469
-9.375388439336284
-16.04694675807941
-9.64510750904768
9.92796010460832
-15.503668870485217
-2.292731278272086
-15.760327488973825
-13.2529742000759
5.935212924377531
-15.605601733127546
-10.589329740544162
-4.603202095582608
16.2288824112933
10.507655126568096
17.970812480130988
8.232732526881556
0.6572164226598396
-9.374413410269401
15.951139724442157
10.98726687497901
-8.045513561123219
2.229860253162844
4.966893976672189
0.22288562388737532
12.212183942357441
-18.10838489706058
12.480203800865219
7.164129133942563
3.292537480429157
-0.504057895982271
-8.629877741261375
3.0369368928887184
18.10868292593851
-8.374295696265381
2.477851408990155
-15.987887607338006
-13.289034146072503
14.135312304103167
-12.719106534923675
-12.846774035505675
16.855556179529422
-8.672899728821385
9.527917043491449
5.077007451254147
3.8840087224617506
-14.427841401741999
-7.527819924189675
-0.18951747384971185
-17.854262797210218
-9.549485688444154
-0.16346320971283745
-6.464864571884078
17.110010841103943
-18.242515698222228
-8.226838229480835
6.468017622902984
-7.3380808460232885
-13.66595057005835
-10.70411885438427
-3.3218748496345363
-2.862575547905834
12.012946408558214
-2.2864488908985408
-16.796353067213232
9.608299256345273
8.924299010488355
16.851511089461596
-7.801314480921695
-18.359488669403376
4.3831486543023885
-3.4031168231379922
-10.347903830035033
5.117325588677364
-17.579058177583057
3.4465703076790355
14.112466088166116
3.659158043107837
-4.921783806060894
16.934667370211336
-0.6269945286571215
-4.156155946487203
-2.9775068438123142
17.253691534342863
7.378752477615514
-2.2125762422037027
-6.738415203653943
10.499851853602642
17.197608285485124
-2.9890653950278434
9.78274243888853
17.53201812054948
13.333584778410483
8.412627962886198
14.904837577239789
14.13367423764062
-19.614833211152938
-9.316899230486527
-13.24088523500631
11.86824017445931
-13.897892705255511
-7.6019398631754385
-3.5368611933039453
-2.1474858184527292
13.22244474612284
15.355782763214265
-10.988724272329314
14.981126542784565
6.341201840534602
-8.463140910203428
7.354176046525332
19.001799849170546
-11.088601296713833
-11.42646426500049
9.612142129674286
7.276648780358421
6.835331126247834
7.828313982900731
-17.425180898719983
-1.4740601300272829
-12.52053669141767
11.52482473402635
-6.302721732753525
18.81035515530226
-3.704140853994428
-5.6694809728823525
-6.5643424310423715
10.271919921072033
-0.46815775998267384
7.726283866614629
-18.40403704733298
-0.9735949028254574
-11.346492610971225
3.362592214028851
-8.922044486211247
19.66949379209585
-10.052091916166406
-3.990841294610288
-4.260171193260369
-4.495537611066812
-5.910687069586956
1.381236256874331
17.588669819298616
-5.541201071743087
-10.910644732465876
-8.83170804069621
16.33793417268081
2.0464677549641266
6.937179862679148
2.0760537683463625
-1.0049680685673295
18.433609620364386
-11.523605503417023
2.7607580676655274
13.071001913826777
-13.014624358076263
14.939254509629237
-7.482414460309087
6.371925889694367
-0.2526653485071577
0.9857851611448893
-15.555715090900177
-15.165397014449763
-5.635499766730177
9.659574706005102
-17.91204496028324
8.30676225921296
16.38778271077286
-0.40708265503514696
-1.7180430059726461
-9.01660122965449
4.182606787221136
8.830448686985818
-10.945183149117499
-16.678291806657807
-9.473982735676953
-10.96522348491618
-4.799661193866953
-11.878000934826645
-9.089642109559634
-15.014821381947407
-15.142255046592009
12.71936889915056
0.7943084771449485
3.146699799371426
14.608636901759972
-12.716273041133102
6.975672438172708
10.335950421630745
12.275699864255415
-7.8962750674351945
-4.545011177770398
12.068627990897838
-3.3162325572557805
-3.0953135011019164
11.50617393973285
10.524354300295585
1.3582305200062308
-4.167319491474192
-18.547957257099807
-4.672775613087925
13.600433420923814
-9.562837152506507
5.056263657358446
-13.106870870878646
-4.9176862823294485
-19.039285634593416
10.515518938634155
-10.117785478823293
-0.05006165154868114
10.592191121928614
3.26117331984932
-1.3940193458443453
1.4246060088579497
-10.256363183558177
-4.226867069723724
-3.488653082147639
17.384499521969737
16.532333284033648
8.840865103786214
13.336658528652237
-14.691965733529319
7.384221654356153
-7.820124656212188
19.45001286886003
-9.011325999728985
-2.734967321642735
2.403921485335914
12.250857020629084
1.3244066725502357
-3.5701070001294966
-4.125901225344656
-19.452515557578845
-5.309527175087116
5.10066986673532
-10.381966944490152
-19.948021849787736
-18.671887407984723
-1.8306373363694988
18.285739604286626
-0.026271149770224156
12.882342182455389
-10.5382941557435
-17.763990004520632
6.9321469651480285
-7.182809755753322
1.5504102854827835
-5.331161594811192
-15.191051433494538
-3.673145125996836
18.61388347464719
-5.665386203678956
0.6050785908310949
-19.775559531771158
7.626709527298814
-5.733541355009034
16.731255333615003
-3.8516548344403105
-1.9419270280992897
14.477206283431983
-18.986587006202313
-12.371121201016333
3.8490387230533862
5.051609926822774
-5.497287430326946
-6.824141137940005
4.104142702363255
-4.123217765682803
6.070331413831273
-10.344321869568788
12.238570673976326
0.8244413005066491
-2.467369348114868
-17.243427505783746
1.4911411873417109
3.9094240332257293
13.569391406967554
-17.310031445746333
-10.909089110968772
17.70555443315812
-7.516428821782606
-7.456373989805289
-5.439531997708563
16.812834038943066
0.5615511456667832
-16.870877559803684
16.249121504954573
-1.60278167083543
18.053320370539943
-11.236303835279081
16.551401516605367
-8.477517595361533
18.462905819119385
-5.146556096280271
-8.694383011665598
4.081747487794388
-16.667233999426713
-9.87255562164889
4.757649414454566
1.4660503174610504
0.5681062211049159
12.521475546248382
16.517470087859202
-0.22367949872035808
-1.2458296005661254
0.04600076961487787
14.15542837505415
2.834556535859516
16.98234660930232
-5.78367767030322
3.931348532183012
1.7513556691135612
10.357965418048039
18.702300837291467
9.398519625093499
3.572764321108245
5.961927437256467
-14.737678695480948
-14.679114160837635
-18.063429246108356
14.546359856330639
3.353335715973106
11.51796160368411
-17.2361371934688
-18.466953382745167
10.329451516798201
-14.094718361814657
5.676262593992774
15.842871989907195
-0.601669038559578
-1.1714761174134338
-0.612291020869101
-4.030891356336239
-10.856867029963366
14.550601102317103
10.321185510907135
15.65934685147949
-5.80190794806127
11.36016407886498
9.711973063133957
7.022860358008689
3.8826475992646436
5.268240327523813
-17.829489886684815
-2.378079393116039
-14.019886726267217
-13.158062157498378
-6.960726942513
10.351188815868696
7.86524997665207
-0.1955953442379652
-10.880426435906356
13.537882973298217
-15.218534751275099
-11.239976929776269
15.797199054542439
4.1983111301178475
-19.39849416103213
10.937364738006398
-8.304855854003904
10.464016877179034
-5.862546119339926
-5.063653348990078
-8.491511523535431
-1.2299464481162161
-4.59905356447814
19.785090634430198
-6.308323852034242
3.500719624842745
-8.476447517432465
12.412109138799188
1.7044888200638475
-11.623243168565672
-11.765645719316481
-15.571689217564725
-0.881998907126146
-7.848305000667217
-4.34761605645598
-6.284030761343571
-2.8934563932516397
-14.284054195195782
4.478447681961391
-13.545080515141436
-12.722119448559713
-19.335112261344474
13.64834505147887
-8.395006538529639
0.2381143600713571
17.45803518278239
-13.829762290656028
9.507830649922546
-3.0651337919432997
7.152207569351461
-13.260244159866819
18.176932803729777
12.23687060040011
3.232809747278992
-3.3541277023386726
-19.361992056558233
-5.04998859629274
4.2441092217942575
8.91295438486214
2.0278022438515073
2.0133274547366966
-15.589730017266161
9.572652743286724
11.108422494905042
-11.042190333719027
-3.397980488156861
4.3842556489645474
-6.741954876134129
14.91863227560738
15.267791474182609
-5.286201915286366
-5.633665450682193
3.5158054506708005
1.0397122487712167
-13.44899282129228
7.485369003816302
12.624689731208967
8.418253099942632
10.90364865645332
4.978278133434468
-15.275839383236956
-7.833344610605888
-19.518572622061484
5.819166387696416
-6.491479932093732
-14.825189462495864
3.838187847331419
6.58943943433659
5.605493314190344
17.82205317105796
1.7285719781374844
12.243128814703738
1.6455215093638529
8.252605230770719
-19.644973359460266
7.315705647964556
-8.03578004211623
-1.8444132659506849
8.31780623451085
6.705311938763444
14.49517715665715
-11.373602370363368
-12.2598033977421
18.19281826758815
-19.258733002318145
11.921691608251734
-17.716858965917325
-18.59690803082278
4.5708524963679835
9.65644983423456
19.590048763066868
-18.49482452641309
15.95596933641611
-1.1802740150252546
6.98500215518434
9.73618565988598
16.762836103758893
-5.157951164459803
9.858451458954441
-8.408216663596386
8.606387056824595
-14.045338594976782
2.586510941213671
6.222549521566769
-0.1667782824645485
18.510560110603244
-10.136973335597833
4.851037410738748
8.550265987454964
-2.26074615594532
10.21340813029331
-12.898226364287266
2.1172168161917426
7.553059953876993
-11.235928612651996
6.362851251503216
-17.80273867037852
-2.522335913803392
8.985197422044507
-3.662334537490075
-5.670235693615888
-18.043004358463776
19.361193038920504
2.1914831047861725
-0.47150485406597653
7.478823987647413
-16.103762983051567
10.789201829540069
0.12506424125751536
-14.538565128542466
-4.63419817976169
11.1396098087978
-9.611647325505634
2.197331049416185
-13.94310150118712
9.294132577169218
-15.368140312840364
16.15078652070084
-9.441851807421129
6.503792033107679
-19.281967568100626
11.923867813066487
11.62781911726836
9.271466276036648
-15.845087402116391
14.551001613391918
-5.368434026641747
-7.732616755660304
-15.471571288210217
16.097244212383835
-9.011124156854859
9.279438475802273
8.288301963332074
7.572312886080013
8.891135487353434
-7.827283389450695
9.238147376053504
-12.22208670845328
-12.317341393206753
4.329985504742719
5.432371788347076
-0.6454633475716207
19.628229217868018
-8.520049902005393
-6.933955307329928
-8.778355937527436
-3.0328159313055316
-15.10769331970228
10.207356631662119
-19.03310660384264
3.581583252410713
16.980467033551655
1.4264078396706452
1.0275474741703725
10.775491058112667
3.832709810476892
-5.257689558050975
-12.087215682162405
-0.5561635668900458
15.427337801927152
-17.24406237653506
-17.35119334201994
-6.974791894897354
11.0530554481501
8.615945676961406
5.0430688827840875
-18.455890128953776
-16.136196065224798
-17.82479974821005
19.337067717469914
-10.811717172657293
0.9409411628173387
-10.135576099092862
-12.298585015089998
-1.379530972380124
-11.844807059939999
12.142173751576294
-10.690835914563287
13.06281005503088
-5.039007451516628
-4.9859374942358325
-4.700392783918751
2.3036913699484884
17.43612230342849
3.609006600842214
10.403040657406194
-7.015455979762454
7.483127849153686
13.894355895706944
-4.298644296694913
19.930537193213425
13.99083280608351
10.50943641951973
9.235219627163431
6.308451240339966
9.799517412194536
-17.73841456773002
-5.869519667719466
-17.657733955170073
-16.189311555035644
2.93614295452684
0.2912036890309082
12.664354401515936
15.077159866607452
-6.109844610476989
3.246738668740271
-8.681311643458539
-19.17026611387364
-15.942727384562762
-10.828799270751524
-9.456167835691511
11.209898349276976
-14.770782838726957
9.209064635837557
-12.649218892386545
13.663358480678419
13.999408494296624
-6.381571031427292
-0.8199415858893389
18.546066420424495
5.405989502784273
5.915389873026889
12.827919785936238
17.31622936511711
-19.702685302829785
-4.111125528799832
0.34655173177002396
7.095407693682617
-15.24524108440691
6.977428940753786
16.409557592779954
-13.262487617656564
9.861556672293318
9.766132748717137
-18.942017603974648
-16.934070894477706
-13.48144736983743
5.917283808507694
14.702996910127084
9.932206038445848
19.195889709620573
-1.4302188071947697
-11.662295240698107
-15.225149928549957
-7.943797656553254
-16.81736905346864
6.9833013556668
7.542951222089943
-0.3050599130866871
-17.231317019990904
-5.395886161782073
5.208579517119002
10.021172044853465
15.693902656524955
15.038421962907478
14.429928561636522
-4.718795340854127
-11.594055921863902
19.340351618979348
6.050117344102425
3.212274569633795
-10.315850204126296
-5.14057525856121
3.75540672713678
10.090045575065734
6.304023224207931
1.161019445011334
19.091288439857898
9.259383019523362
-18.57802667020546
-12.171252685897365
19.841647603538227
14.092384253666047
3.0288778632047055
17.859232402469345
-16.572254595019764
-9.932307591055407
0.19622574803857518
12.525304445454125
19.08214307205221
2.9632030408413854
-1.257171991448768
-3.4102349450199227
-0.9288303646968643
-6.532814186120458
7.398249743825026
-3.5490495559691766
2.9639756882838597
-13.126580832955934
15.993364193268398
11.582574762163965
-9.110202540586329
-8.343125329209995
4.285172291251239
-3.3754894780668963
-2.657672650640283
-0.5634753566852737
19.357837021284332
-11.085785273412707
5.8941340026654
-6.567797547349063
-2.4088015891288137
-19.423986948793797
11.755805770004134
8.961527635427771
3.123399107362527
13.946068495267816
11.14389366976022
11.083798188108126
13.859201940702171
-13.084831471317816
-13.151947312913315
10.140618764356834
-3.148875370879157
0.3263635701348804
-18.719101361958174
-1.6741239432657729
0.7161745439429836
7.6771247047705415
-1.2011512646181188
5.690014142638113
3.6523378114976666
14.591868422635187
13.682410532026914
2.0867226126270992
-2.9765708167146023
-5.159547105523714
-3.994831312205452
2.2487283772409796
-5.925849164058272
19.630128409040772
-7.492502872848439
-8.626254968779762
-8.661043082273556
2.5979596866583137
-18.43338379407818
-3.9995378937726223
-6.508167585613883
15.86058916098618
10.76197091501318
14.570372651827881
7.240871048849897
-10.434811899957918
3.8465030561249094
17.471519904392366
7.3330288271128765
-2.0543515989138825
-9.051097438694239
13.981303091022255
-5.552796018687873
-15.003232225881678
-11.124378303555215
-3.015741415601333
-11.2017400016186
7.0651440351052806
4.631753080865963
12.136175131908374
-5.060715980191004
-13.76042702809832
-1.5462300827569067
13.85850659879793
5.850078676754059
-0.09348344852952195
7.305251578181316
-3.448272616236558
-9.065169400748182
11.533734866094552
6.368359737539716
-0.7160651198678067
19.94852281140824
-1.2483895540931371
-19.49244375795284
16.55671249035212
-13.937773108457092
-15.464862466243797
1.2920230793966816
15.90725257896846
15.573412226439025
3.5153111417011687
11.906178243893208
6.973216185544619
9.992650591975739
-19.221712715914066
9.930845556927416
-9.065707905304127
7.689431626812148
-0.8135103160050221
4.232274342037229
-18.938784297561085
-6.0836957308625195
-11.664858269163748
7.719758886753979
-5.879120173944706
8.922018041117362
10.063036361306782
-5.661759261501192
-8.555648551294365
-17.86359823120585
-4.832036172600791
0.7900583817668192
-14.011010810590347
8.467243102445607
13.259106905801886
-11.452229183592335
8.096447655474186
-2.5149146741930366
-13.051402493792912
-17.834180916613036
9.069697506808104
16.791798110041363
19.720448278462236
7.265477771445941
10.606117177064789
12.508545601219453
16.142617733983926
-7.436693418475851
-12.742522066602962
17.866934188200638
9.815614837165512
1.4292481315892402
-7.979305151390381
-18.073566980820004
19.848500881005265
-15.968110731510965
3.101673400240262
-10.116348257559423
9.3305632787551
6.581272577578229
0.02831144873987057
-9.299483721598708
6.302244957617283
2.8199565075531865
-14.200537027992954
-3.265794606070589
16.652529955107205
-2.9477292470845455
-1.314213902845328
5.563863835809716
8.562719900679841
-9.992371125164938
-7.651817254243621
-9.54236009802193
4.269688127651413
12.858441185273229
1.8883291961680904
-1.1848968730497234
-11.009497816938975
-14.316488228522992
-11.188607259768952
-15.422765881434245
-4.361631758494449
4.591246122628988
-12.883637745098957
-11.278504712310976
-11.274433872671082
5.876708375466183
-4.501478306252512
12.449851411366026
-10.22446227375475
-13.188400391786423
-17.29127989292224
3.5285826258888378
-14.700813911723314
-16.697344520161394
3.945445849758592
-11.032010547243974
19.494790723070153
18.752942970501138
-0.33982415785733266
14.031184637827337
3.2689947753498707
-12.642896819698365
-0.6266401279449418
-1.9221601574246208
5.492563236768397
8.019466759835513
6.873436700545973
-19.266491378205316
-2.12201925651695
-19.66149006408367
3.4642665013178195
-8.176389592779616
-12.367378706309072
-19.91666577515394
-17.00828698726302
-0.46881875471654766
-7.755363260100339
-7.587381489502958
-15.7956118754173
13.92262761141427
16.96926733427425
2.4383918056789575
-14.786153395951649
4.566001656129011
-19.910496621394813
11.871610341753666
3.5217191306093767
-17.123335110770523
8.603552235821091
-10.25754445026382
7.245886831056598
0.3356784900949279
0.3057586008303126
8.408519905794996
11.74119145498084
-17.374934123497464
16.52019146603414
-0.5394640336956691
14.344607447305286
4.457249139605107
0.5347672320619878
-11.585229155385012
2.806612630162853
-10.939234441541078
-7.058436999171004
16.67962835533821
7.373364558466644
18.747137139471974
-5.439020515093599
-18.911227999705545
-19.91730422240674
-17.16134191498121
-18.772493224028732
-3.8020520158668845
-15.483191494663062
-3.0508305970336878
7.717398713621986
1.9142807885766473
10.866433406705134
12.506234292485132
12.618162514140693
12.382875067550373
19.60449382463937
4.589111614230788
12.18004794268034
3.0731978462941854
-17.289422421379953
1.614242518113116
6.192008011060981
14.52240239484437
7.482648938607195
-15.092904682839027
-9.180654981748111
6.731549565700348
4.315837639722293
0.7241990867340391
13.684364185721464
18.41554349244899
2.2383173058365067
10.619344972259043
10.678018071287738
17.622580895249293
-17.514813134008477
12.01696778198486
3.260978453289475
-8.517961923890383
13.764403486298583
-6.2170684155843645
-10.599677940070777
15.717784497044605
5.667901636996827
19.512229853646097
-14.112490436903403
15.458982492537231
18.072281935461746
-10.798843691475092
-6.548507702150733
-18.57828036433319
-14.814815425065198
9.416432499520383
8.035225901771398
16.30680364759202
-10.470144344216044
1.872723166789811
-2.5356758217924877
4.776606901841035
12.648196858776885
-0.7251870598589427
-3.1922869620902325
3.304997714445772
-0.16901643773390163
-19.492075817951765
17.372718810862203
6.332160142741813
-18.63277688212745
2.4649027775002423
-10.496288902083979
-16.238540897334687
9.323191949674673
-2.6442689093460174
15.257770433651991
-9.852532166284025
5.90479371113242
-15.281397519312744
-11.469684920349156
14.524725112613602
7.018755487769983
-3.820772473344654
2.6412638845037293
6.9151855641587225
-18.493253900579894
15.775374693083712
-2.5437826270190023
2.067984825271438
9.088267805657352
-8.390240674326765
-12.502336887122482
-14.121744512843467
-3.120424329756105
-16.238607537519645
-16.418341752984702
10.687241330256665
9.881240771944672
-11.271843940002144
-7.96677291174043
13.987840431365122
-0.9674451698313113
-1.7288607877856208
-19.38026071020068
2.0497117271673844
-4.983758975377137
12.066090272295042
-1.3165260601362476
9.71038908409422
-17.75290888638927
-5.2298492683979205
10.394524098306228
9.574827153636335
-3.2826790657592113
-4.014313232464243
15.433869319283005
4.494614801375299
-12.042208538396896
-0.3206420178558034
-0.6640041282144864
7.141186202378329
-18.408597033266624
5.664457416263762
-11.496702872305171
8.061317825298158
-13.366808610237744
2.20259688508488
0.3456337900749702
19.304189243242938
-1.221578149878411
-19.71861330017728
17.242693494512068
11.97796219602322
-7.5886092026559915
-2.3232287742612883
-17.09686914286312
-14.246578819483
-11.438463410429156
-4.839617660991822
7.3155082613587865
-7.187939680384634
-15.34409721144463
-6.3455344518513535
15.715411242407377
-16.057134953367992
-0.5280683357138614
-4.901930830030237
6.692740785794541
-14.313272405461582
-16.782627461787666
-7.671550870098889
18.083223644936133
19.5386795397577
18.745407867723756
-10.286438334209397
-9.047857345845172
-11.866303176124244
-19.216947563197767
19.331589701087026
18.22611062189931
-17.38683730546341
13.667361590845871
-1.4779509151911583
-14.907765829942363
-4.920411670335998
1.2866618625299893
-2.1887491576730227
-4.71736471589681
3.1701812138452823
7.008997808448477
-3.0533213722872965
2.479674371764702
-0.3728821492056831
8.289440091561303
-19.729210724414518
1.7654462954242902
-12.277739704659938
17.341483203793274
6.36137741317269
10.575645211689185
12.964137168874338
14.251239630128161
-2.287714568549589
-6.308433815070856
-18.980538519880884
0.2772865363720598
-4.411886371055225
-0.8080057638984961
4.199646734206652
-19.055185462809497
12.988851756793139
-4.987024099103593
-7.837083386288462
-1.8567419980966982
18.264722160335012
13.244906550181987
-6.905815738990535
5.796338220607883
-14.927256298455806
-9.806044974134585
-17.663065876215178
-5.8904680206411
11.853450560249396
8.481360977472008
16.00546615790524
-1.552986836803175
-13.106813346041758
-15.94627697816553
13.147653821199661
5.873998167567752
-2.2251635550806625
4.192969949344821
6.766055783465504
4.962845879608551
-5.531087811430835
-4.852457709721003
-17.287321917966857
-14.767603690458113
6.445280991196626
-5.651050258324872
14.617714360772297
10.117009142326772
7.780196489988498
-2.56660271325692
15.183502323901934
-8.258572155641218
7.774057309865331
16.878552463103098
2.8118854137481506
-13.517905274190042
-3.0246026731360764
3.1173625839056065
-14.746578197379595
8.384500337683932
-3.037139484549254
-4.707965257728635
-0.4253446506153935
-4.690911683164938
19.625864046521606
15.692413329099061
-7.9270919868261025
19.044915697088065
-9.916779359616585
15.38352009675856
9.360568395430548
-7.163000681269649
3.1378876423229585
6.768302708520892
12.299525848123253
2.1949685641698196
-14.964542768903893
1.7810117597554083
-3.560144820927814
-12.630573815074548
-17.845915248982365
5.738206670219789
2.9995655734243662
-11.353063817631197
-2.8132819770754978
-6.82921059687628
13.209201102862515
2.4720711125745467
-5.582216747512536
-10.657692339405763
14.738427838249223
-14.694458782712232
-2.740362496188027
-5.426976932257656
-11.5742462822839
-9.319838127677222
-17.17055800182171
-13.893798880150786
0.8461476314357661
19.846577101703758
-11.958811600994972
1.436424640693943
15.276971525192835
8.791624474930213
19.725237087543547
1.6655078197742803
8.589519453045625
-7.177596221668905
10.011551042591034
13.557116012204496
1.4965523701510293
-4.596082818636074
-7.882799692811378
-11.75418360417471
-18.171272248212972
14.295972801467379
-11.585535236889282
-9.353724384127204
19.811606517134614
-5.588509891936333
6.715203306307025
8.247085073520473
13.153982805337819
16.076370738100287
15.182683392349617
19.150129844987028
-4.508982953576361
-2.3123110096774653
-18.311309017684593
19.17663899724731
-1.7999563522102662
18.413123814616476
-11.476699572703119
-7.99450126958703
4.731376531041423
17.34098746826821
9.897349650604959
-0.17541511111556574
-7.018734054971212
7.630845910318705
9.892369936848702
8.772444556759247
-11.173256906664232
15.666882170578667
6.336482495782569
19.587656856447076
4.230018831434492
-9.500111631649894
-8.041865686015953
-8.880756665854715
-6.077825156722309
17.9284223750711
-12.518733334944532
-11.517017233738184
-12.654699384940834
-4.4986775786342825
18.23421921807133
-10.065062844389878
13.704964033349242
15.561363388635428
15.708485612421185
-5.635644278311194
4.888277104797744
17.41742565261631
-3.2244063928334263
-6.913879147060946
-2.680583772139702
9.48508964000418
11.893042642776344
18.89551233004625
-4.721367475531061
-3.743832433139467
-10.21412652705056
17.39817912325511
10.622910369859
16.037163245615844
-7.140952135280433
-13.348812020077911
-3.0086138136045477
-19.392637388436363
-2.6617975063531034
18.390992544420016
19.992559819182922
6.144353789703118
-2.4851938086158007
18.33934899990905
16.78621434590808
10.091988861084754
-18.638780307497207
4.413764568346103
7.9565090613694665
14.217908911411996
-1.044423423809917
13.024596516223944
6.170201068471464
17.087502542724287
4.694252965792039
-12.118252370291774
1.0314937202028993
-3.6869993692373804
-15.485712737398266
-15.530724779851663
18.75253883477184
11.049794225478621
-3.9827250705551656
-5.306487903679308
5.033065979960529
-9.486188030493983
6.781654190335857
-6.622762955519033
16.584336643351257
16.194136472993684
7.711556245495643
7.55862268106014
-12.282461325085672
11.418257803186695
-12.516386817792489
-1.099939268767546
-18.192686509784224
9.356677380140354
18.865678010112738
16.331966430495108
-0.7588379066616859
-19.046157315327687
3.6447022413435057
16.771226205725128
3.463235553793286
1.9357540472561183
-4.118295041311235
10.635612654538335
-13.16308278097595
-17.668208536782487
-4.004604202127524
-0.9432070312285212
-5.688044289260837
19.447157667262026
15.598219798299418
19.336043395259487
-11.82928010792713
14.60310781588354
-19.077985167836648
16.23234970091889
-10.371932873617142
0.7848214145214811
8.781976173656272
-15.54139813456243
-8.618123252174495
-9.009026849177438
-0.8945545782024169
-1.551692239979559
-7.687572904659849
-19.274113598276937
13.549608226048996
-7.999222186008058
-9.901974809857377
0.27396833624158035
-8.915671270860184
16.640196804179062
2.7705004882103808
8.223870492608437
-18.259109652722575
14.838965087650301
-2.7372405363753316
13.6695607689324
-19.653377462721945
-15.521345433037531
-1.626406735306169
5.202702657737092
1.5787796752464622
11.250612438778266
14.79632341208746
-17.119311191437934
4.853906925280885
7.628115925177809
13.94012927514251
1.7789886013361382
-1.8713527802721472
-0.6020427395621155
-6.586091147205275
18.56872795740506
18.441942060088287
19.43782652629276
-17.80284969119144
19.785554931589203
-6.667073534927127
15.89322191391473
12.533872572452239
-9.423649201660055
6.8973968924284215
-7.379265517988625
-17.01339975577764
3.3576161893261087
-7.831206160724765
18.930701299349536
-16.1972409053795
8.539887631874116
-9.86757383814799
15.6240952624048
-4.954748345967905
-2.3822932526408245
-4.689018079326113
-14.485250866576056
-9.184652182491666
1.1331755183012682
-16.681149294388714
19.709141625914846
-4.265373104757071
10.5801580216256
19.409247529575048
19.706418547634563
14.704141487224014
-0.12492905724676717
3.837960555715835
-17.423341188158258
-2.1074832822549254
16.105101867118044
19.13422800100144
3.203185526361164
-9.288155737123454
-14.327039820555022
-15.36620927295207
3.0064865751001193
16.121106522088198
-8.813746623208708
8.13018585475799
14.535684177387196
14.300922645350902
0.8544422538772736
-6.366576955345673
17.025127670139845
13.908042101601765
2.389762128929412
17.35074516909036
7.498724505315074
19.54904427593157
0.23744578550651596
12.951225894875044
-7.806586742697771
1.5695572215480311
1.04362816124182
19.539259175882776
12.430228336571354
7.5836312714511855
0.7473866025234273
0.6426641593992919
15.144924847359384
17.07164065450324
-19.473524633210644
-5.802898093281428
6.547356951763405
-8.97983466583247
-15.93691055047132
-13.48996552174945
9.885623448829381
19.224076944756597
4.102992121937522
4.588697410003256
9.313907159071544
16.662984390685622
-14.476832291741687
0.11661539160025569
-10.274244774772106
1.0953562480751273
-17.1190887168232
-2.2503370464088093
-2.0336017252302305
-14.098542852125767
9.537542547727583
-5.599565237368068
-8.998983778553615
-17.087838931571973
15.33707648773047
8.04448800481973
-6.783659445281899
9.40250747260274
-0.6120848945454682
-11.517698506557355
6.623990088967862
13.784636858896903
-4.243052100145878
6.3553381606240045
-15.42086500559995
17.471921487021426
13.477274372632138
10.433768713556045
-19.558456173189587
0.5633407000791557
8.043461330272823
-0.96848630696595
8.595253379809012
19.661480925663646
12.444751213319464
-6.4261843125450735
11.880383706851227
-1.082260704996031
-13.63245187990839
8.754779343577397
18.49220824696195
-0.015396961685066657
13.593375018240955
-1.8266193039761944
5.551519119329743
-17.072592157233288
-7.62902634763897
-11.660782749634118
-18.023661532713753
-19.189843825851938
17.702214461449778
10.04861313626014
-9.075393675493576
5.630854860979966
0.7409773447995427
10.388786836358985
13.146109878903772
7.563129171738151
0.794372061175558
-3.4713357546555272
-19.902455799612895
-13.760448896335063
14.352608911723635
-13.658062468694325
2.417451792904295
-14.427137633631247
-10.173895831071684
13.779532612984198
-7.728895051017712
12.464942066285516
-12.40369037222802
-8.471918075681097
6.614202476054082
-9.97224443556191
-6.703714132455062
1.4958012201159754
6.9940459124207095
9.419940524168553
-4.678280364429748
5.974790307961783
0.05885536545505232
7.784372127204932
-13.403183315403805
-7.753108643476484
-19.42051560519083
-7.345548282800923
-19.610967676796307
16.561666845607952
1.564786560539396
6.337252744899292
19.684947181260235
-1.9564635845703577
-17.79027144138176
6.85886097376104
12.1743599412235
10.794360451052285
4.73754423548845
11.004013257483308
-9.236052947432274
8.738560662022085
3.1830153757620927
-10.568497525631205
11.066156621420266
16.2941834720356
16.696379890833548
-17.870051859010783
16.720820672878503
-8.02417296118593
-19.028141126144526
8.936370780714856
-4.919584519996576
-15.558207091568214
-19.091572440885706
-18.452648642357424
-1.4880303955619638
12.814998827474056
-17.31708321239955
-7.29318916414992
13.308147229519214
-10.363777596094526
10.995178455664036
12.702546448059188
6.998090664982936
16.325852499979895
-8.517108001553169
12.531544428901952
15.210342506915481
-0.014482811985111255
-9.42620560785584
12.96579467567446
-19.147877594034647
16.09834218029527
-2.0277910276579725
-10.82789574967222
-3.1830888338217456
6.403774843031766
3.9208581542475187
11.632654267550695
9.843809109663638
3.9173301729928944
-8.396031240846597
19.892183422039118
-8.207453790325903
-13.211749773869146
-14.602225184864
12.323118851695149
-12.38183430223791
-5.230919249568689
12.147229719562667
18.910571450951643
14.484652416426641
-0.21058514708325404
-5.154339072715196
-13.640120955328769
-8.771068265051216
-9.93169712778581
3.306671755300421
-18.718091330561762
-9.46318829871117
-18.25934694872614
15.333344079803986
-12.683745591489952
-4.695512737263584
16.298405914194717
11.052783910822349
7.784109910470502
13.282954113497382
5.486948789934921
10.700452106123453
-10.328980089201728
-9.261337031135536
8.525393571913774
13.617130632344413
-6.328863331771494
-5.078386217866395
-2.7059339515863634
6.364767961869596
1.5334370481301178
16.628571809793776
9.20513775570889
14.515630213732258
-15.863273717469868
-0.2562864149395274
-4.8412476077940525
-5.1585657280906805
-2.041824686172543
-15.34302819730974
2.4061211956755244
-4.0022374606955005
11.27840540513995
4.217380930135455
-5.0898308558280725
18.640070753637715
5.753021103763082
-13.633050865197838
-15.639452087970508
-3.751807761652376
17.875960492159493
-9.304004769331641
-16.311575836582513
4.017799852506542
-8.17601707575681
-0.461727862577483
-5.423975538509573
18.73509876280867
4.7042949667200205
-11.909497698151213
-2.070773510069994
-2.0585113322113244
9.800012655755928
-2.538762057069274
-7.415983366186069
16.40337012126286
14.923175299442654
-1.7348510900650709
-4.870237464247836
14.681855278356998
18.333824199281366
7.322709190653516
4.315702542854769
-15.44164558420636
-4.122917216196598
15.117816643389986
18.24816079077239
-12.80381962855433
1.1006242018122059
-2.9951293410622455
5.078385310372518
-9.617717015416938
7.225014517294536
14.7010369340625
6.314126955647829
10.888969186838423
12.21438189272736
14.03189617890672
-13.278793191245239
-9.73548482076248
-9.098141291147769
11.556526773996364
-16.439943700931824
14.664469025291893
16.943716141460186
2.245539802340094
-16.706807841976122
4.6391297419009945
-11.64388478145125
-12.753878953006591
-14.019819776967338
-6.71322403417034
-11.1227502688835
-18.069655756146776
3.250358390961683
0.0422887293284937
-1.6864428083298932
5.954932485996164
17.73906385071526
-7.235901284733748
-16.74496105041568
4.8092322714438716
-4.154330994144807
-18.947763302579162
-17.845745752272457
8.632685700382488
-9.920748817456086
-2.931798127694478
5.312872140691972
7.711525200772833
6.274190134589691
8.911262411639402
-12.867297257463953
3.606110367123925
-5.582103621249445
-14.241798630747443
5.612402238967654
-2.0725201033127547
10.372435999076856
-4.685094157833976
16.310634660537694
-6.990658612461527
6.609693485327771
1.7937273339224902
-2.4515792783192616
-16.036298670493366
6.976371165083691
-4.344338517611224
9.647898722372553
15.598718908575897
2.479580588321973
-14.74153408044625
10.823324367593496
-1.1296129395207615
18.067123845900483
-8.951658355750315
17.163208318842045
-11.12847190654669
3.395147116043013
13.332150651531222
4.794773834392728
18.70851630997769
-19.7269161326021
-14.417295837841223
14.807188862698382
-13.476198670422864
-5.677056015319749
-9.754098409539322
9.045819046382746
-14.873418350188782
4.943145781602478
2.932179273360095
8.944610923280326
10.949968917954923
-13.144482899204881
13.79664933521611
7.900732223117608
-13.331903663729342
10.968504409458696
-19.844774119653867
2.97128389986905
-6.131018110225778
12.0733710335234
-2.3383444465853955
-12.395243722526242
3.6803467524433806
-19.778900383859536
-6.961097568122717
-6.889635220474322
6.534805636681121
19.577248666016885
-10.50890671072537
-18.924615878025023
13.481363272676887
-3.1844078214128793
-17.050500244800666
3.1674913801214544
15.155479764381674
15.655807568721585
18.819048171389568
8.496949251770715
-14.420487393556245
1.1422301206341992
-6.352081228596642
9.784581373729182
11.266497839928775
-15.56059661079798
7.189097089106898
-13.182387569177333
17.984191297032496
-16.36651590425874
6.086478523552611
10.408617058518622
9.649575714346792
18.65683655240415
-2.4451011395420323
3.57615097220404
6.370417642246128
11.753232295181903
13.562455912324111
7.1420177570990475
-5.608097238246867
-11.193400831043
16.984188789477024
-11.812208904749015
19.443411444184726
13.072290724424775
5.08333305913429
-19.668138055791957
-16.46026275503548
19.360105311530923
19.525276900192566
16.095782218632827
-15.440781225874911
18.050834024091394
-16.481944460173395
-7.410618180140673
3.682087401241901
-8.94750406558785
-2.9641936473679635
6.142150214889483
2.254536438777606
19.501785947264096
8.780878881660854
-13.81625040271102
-0.6788744878755608
19.958327996978866
-4.664135587084207
7.899184093497887
7.645664288491716
8.666826244741891
2.0800825899475406
19.50768408948666
-0.1364630926384507
13.31186230462837
-15.56400205617205
10.88821622839577
7.722501849787253
-5.7166942107605845
17.753675778634793
-14.035307411424434
0.6549293588496532
11.657698190319255
16.651732273559738
14.189472049479605
10.043301420378612
11.282787820522643
-17.7014938548917
-7.276277540859715
-3.291487338177742
0.9836292817774641
17.915216500158543
5.969073074906465
-6.286968031020251
-12.963620863809764
19.135067147122832
10.885974078864162
10.995555458518584
2.505506180475024
-12.202471594940851
3.705837830475666
-1.1420961815304054
-14.287696789200123
15.445005341057218
-14.3032104384678
-1.4112680654445313
-19.286786662058063
17.36410756169682
11.182041027593314
2.860654827863609
14.770956177877295
15.853400120324274
6.000386326457839
-5.429307637776851
13.717492298013909
8.43449339555707
-3.400244994773157
-11.790826755604487
10.528020980326861
18.738622560985817
7.18799974892233
-11.779348140511257
5.831462548569846
15.148796120926619
-19.97718889819737
3.8327861861723704
18.25885521982847
17.03423448246042
13.90760901203653
-0.3079723235765499
7.054737363210663
-2.4085551209352083
-15.413350473083781
7.596266370215396
19.335756252241545
3.5090504786620116
7.350209547998652
13.212678328553366
-10.18929711448851
18.717164744212774
6.79262199534174
16.359095207932583
-17.204147970823286
1.0036779229803017
-1.4101247796724152
8.612962568703754
-3.6862937669524385
-19.51540031393457
7.7100515472183595
15.57628467110397
0.7727136530192205
-12.817574875481483
12.984885875834287
16.718987066183878
11.803033136187242
-17.53889680101336
-13.518855208488333
-14.370684565807807
19.234685906096345
-9.148998496280543
-11.587096881838583
-6.453759810841401
-15.18826966141026
1.555744850747395
-14.692044283394846
3.608020657592501
7.462741453854104
18.446606313961865
-0.3878660835103531
0.7990049586892454
-18.641869866061494
19.069651506546066
-14.62140066865583
-16.097206446319664
5.612951834260777
-9.752083679568688
-11.1731839429613
17.94007669499169
-11.902448031353504
-14.365560569714827
8.566911265031763
4.614579413085451
1.5055269501167992
-11.617018784240791
-19.751031933930435
-2.231314149938296
18.190384615027412
6.022859522723785
-6.5507262200931216
4.946787994342682
-16.765294104045925
7.371026607922428
-0.30935108161702374
-16.28749315530893
14.608407678241917
7.353996476526099
-13.528401954201286
-15.816031188800457
-2.5375814412880047
-0.8491178036098077
-12.426495541697653
15.436788472685443
-10.037099461342823
-5.022402429644837
19.869407010509917
-11.063653465751617
9.359714578565583
-6.599688181984131
9.411020845362433
12.077245054258434
-8.547727939033498
11.47977043373671
-16.877954747657054
-19.13104273183041
3.84596672899578
12.8266690597805
9.44319859707219
-8.995144596856397
-2.1539925073523882
13.106986366000555
17.493358365552766
15.566627977823195
-15.25372982371788
3.6185106490404486
-1.626638008445326
-0.5685935656490457
2.0220946307575183
-18.962601078405335
8.773337159039237
-11.044437763263645
-11.37994917222926
0.3674880851438118
6.873061762038887
12.896521727553775
14.427864793819644
6.774085387971333
-19.403516437829055
7.486549355995319
-6.507628963228127
4.974554105065046
-1.7546929134839573
0.5954952836161489
-4.756298215939182
-3.901713705288266
-2.782284493488241
-16.498803332431528
-7.938436942409904
6.140528007597787
3.3547929324447807
-13.888752999220504
-6.639269170943081
7.291891522923784
12.76197625678219
15.87430209843339
16.10529480574757
18.72339808280276
-17.791369872511712
-3.2433654393905265
-11.10950312723007
11.673833602267543
12.13784491253623
1.8623536957381717
-5.249555704819535
-15.094023264673432
15.080412128687286
14.00188800562151
-8.754780951390622
-19.442641074749
16.108321030935954
18.50631211170453
7.995061611344507
8.429488959080508
-9.980684163618232
15.287518662906201
7.694233555779341
13.84013184818403
-13.185251212741012
-5.580525109600218
14.375189025691675
-7.257765800742511
-6.53115012766917
-2.158281178243783
-1.9032975397401444
8.292477389915017
-17.220846101476447
16.701968544449585
-18.4332500607791
15.369176019388888
-17.340943722094615
-11.151854533837401
4.7600182645876785
13.048227156130736
-4.243535111532296
13.335901723860871
-11.404431486844423
18.794993026882494
-16.460607436859725
3.077398385308321
-9.703169896831533
7.781460699022418
9.580639178603363
15.439479514112776
1.5634255479028383
9.705597025089038
-2.303713524415649
10.666955218046045
15.87698651863073
-3.717403535888522
13.086061877428648
10.7068699874075
-17.686194396575637
-15.793077521273894
8.90138545987476
12.552417597621904
-11.714972239376493
-3.203601801350274
-8.661074501499808
16.110420885476778
-18.98993476166675
-10.922235781333253
2.323033741603023
16.911293861708813
1.918298589044909
-1.3876161703157948
6.332036873079968
3.1194175750549213
7.878872485994499
-5.620055826757945
2.9373818001658876
-17.56076938814846
13.123163848577256
-4.408905652744771
15.545080195060073
10.472047119107902
-13.700021020807927
-2.0514215051590057
-0.9661977945128726
0.9687678023033186
2.362707288067188
-2.2802485735150277
-13.055519522620592
12.40780423290795
13.416870048580002
-13.199155972535817
-10.342522274704194
2.6065800412573097
8.610326847048732
0.7683262550172856
-6.941159953940556
-9.89437352152728
15.29852766746383
4.842487159505538
-19.069850763903936
1.849485719274572
-15.290292367494986
-16.62871197093301
-12.397901019916793
14.64491