-15.73817302677397
9.580042593147166
19.87174323875925
-7.82527582560126
5.212875254786962
-8.349428168365996
-6.223288304377682
-4.946210498935507
17.858850979505547
-9.553220609764338
-7.695221199404196
-10.47061812486152
14.66211609943349
-0.02829060406578776
-6.772002216726554
-1.694314994253542
4.712899738290929
5.018382042858093
-1.4408544014343576
-3.429428494492953
-8.552267784854033
-14.370721312913503
-14.79078573354685
7.573622663968909
9.130373497458987
18.691703437448666
10.471486941503372
8.408802466085731
-2.3575494575035485
-18.32115691546106
9.88647997097469
-0.5010289120080316
18.40735014782878
-1.7401178994639466
-10.110971817934594
-7.300964678167476
6.5353148808783175
10.10938596869174
-9.108855520973375
-0.16977574574564613
13.005364715935833
-8.224747582484895
-11.265773051705645
-5.148224794385726
-5.820299030640799
-0.7133517413531791
12.731740192496908
15.807996316498738
6.112664981307958
15.196228304785208
15.6420883320786
19.049184624727424
18.144026740778372
8.020787067942003
-8.692765717878457
4.439121776886992
15.13292997803547
-5.548052131256931
11.751973538062703
10.340158430138686
-3.381504420417606
12.18941124622475
-9.944361251488694
-18.77681442361713
5.3648515618515376
-6.201321720555356
-18.163099720617936
-1.24638768870728
9.276460939178698
-7.886350622647429
-14.143868320500337
12.355315520450894
16.639026616477295
-7.154652928831769
-1.1375436679943043
5.039930000311834
17.47453700220916
6.7628153735578
-2.5932885736989704
-13.53893828960635
18.917619191379337
2.7804214342867226
5.961384126510005
17.896956220399602
12.298638496215567
8.789070786276781
-6.478503553932198
6.486103906634604
-4.333160606611983
-17.117346255896848
-7.785568677399603
2.3123660017292806
-6.165961687275821
1.1615297907087339
6.6966341773281925
2.1615232925099583
-17.953156293667053
2.440766952118917
-9.15808946957636
11.509628702384461
0.9398642406273581
4.807166234519613
3.2768919058709436
-7.033310480226277
-11.39414460626773
9.973989797744395
18.332875934948405
-13.440184136792631
4.121453423632158
5.540128045259124
-0.45892400621523777
19.39258704863248
-17.51911522518163
14.043885180736488
-6.369808387844325
11.907726406437202
-18.961370095975127
18.105829597395868
-4.236807385587902
-18.08902499351444
16.032534843989175
-0.056251228663818154
14.980588615278961
8.473828670367393
19.140061745831765
9.405389797054006
11.60323975392118
15.152492286707243
5.754716484304858
-17.67100950134036
-9.688087673453992
-10.837031494694855
6.019457412358879
3.264661333442419
2.035993579415422
18.824856182354793
-2.899300500278571
-12.136875189272583
12.904024142196931
-4.33149819389838
-18.9137371620251
6.81578187767855
8.165032266510813
-9.08559108350663
-5.015276290551935
-2.2932552574637697
-7.54717741448767
15.781059134180346
5.432768757648784
14.281628153603585
18.08213937206979
2.114626154386915
-15.057529752392501
-10.051166141626894
12.307248920454782
-6.844386236129001
14.138121672765593
6.153330434826607
14.60642923146105
-0.5030050985369598
3.000229060447989
-16.67833435031622
7.8979284112775225
12.352338612854354
14.022725983721841
-8.927104084669395
-18.952705163084712
-14.46698108667318
-7.3668237944572645
-15.02695710367802
12.82618335322158
9.421236880282997
6.539003045693779
7.637125843167393
-9.37849755119803
-11.130433152794179
12.932472322009119
16.773729714795493
-15.554157695785463
11.8245723659644
6.950762599890833
-1.2246830431036102
8.606538387231385
10.443973345044945
-5.207599294718666
17.14937849249055
12.679246566049812
19.141693437388582
-16.123685551511315
9.28445502297965
19.417045112320807
3.409041020505967
-18.48795669067718
-7.996624586883598
10.164342966009073
11.965241234111286
8.783592389809073
-13.497856197556075
-14.692138498544525
11.615094231088683
-0.06707950586361733
17.033431253772363
-17.00587535314968
6.778642096216654
-4.559762407448877
18.091146486344158
19.958485059248076
11.933251450838952
13.0033635434663
-17.865366697379066
-1.21083340655764
14.582324118842315
0.3121363079906594
-14.847575972394406
-11.067608372343436
-12.3378664485017
-6.353663165386552
8.10445739460214
7.685932218787677
10.137533349310974
-12.511845385084118
-10.281228042800388
-5.640967652286125
4.753565294004034
-19.292855723277597
14.522160226073396
2.1930341898223276
19.328988395017987
12.716868835238017
-12.759260351846189
10.858831927618937
-17.642265557174042
-13.542314933348587
1.1275350192973619
10.975610076969758
16.810992541822863
5.281657556294963
-1.1026386529739796
8.536127673407119
16.95107320256713
-13.985076871022578
13.41409203084784
-19.844767989746583
14.608987173927169
-14.275634283295307
-4.877168788898842
-5.7810752258217235
-1.1819343876257982
14.485293453037137
1.56082822720969
-5.933931462993067
4.753268391102246
0.6094422197155609
-5.22798615814664
0.1332675625598121
-2.897724943170804
8.006094232302893
-7.830584584610559
0.4304127806502258
-0.7973401812473533
-6.849205556691986
18.520748327847883
7.397274556254008
-3.895549439395527
-19.85559326318007
12.980643190213733
5.100831945784101
-15.084137169176648
-13.946881913208635
-17.477684321933697
13.642625670103797
3.718348330054461
-3.5186340838399985
16.26320063831688
1.463098227673889
0.8659009279199736
-17.463198125680364
6.543051013144186
14.147348606936866
16.18090205567676
-5.008413115212221
-6.594091741571395
-16.384445072426082
-2.515336997623802
-5.029263348365735
6.151437137882759
0.3661747644130955
3.5858779627490804
5.962600247112277
-12.362305159414952
-19.42411209163078
-14.774680682519277
17.928694561601986
14.56179302935449
-4.981445011556689
-2.656241423827055
7.655133625525163
5.570540299863659
15.215447375089433
10.877196851450385
-7.470560357265118
3.497510287271677
-2.676362552533874
0.6488519464991107
3.2763543161088293
5.5769426810386165
12.533796750316732
-15.974282265718593
-0.38718125953163707
7.97099629005298
15.982174391457782
-3.786033372843608
18.173002574690493
0.8624320021249687
18.05680972535854
-3.4722155019667866
-15.459749982733957
16.46856578646399
-10.353774682269323
-11.763851700492047
7.257145786587756
12.612465063220327
11.902072378681371
6.011893855388422
-18.02088934334027
7.561578431494937
-11.59104113868029
13.271459442716719
-16.406554741671677
17.916533403471973
14.655182480020848
-14.417491473798641
6.476110732531186
-10.424083256064275
-16.448459039290732
11.017126663794844
4.722401662628638
-14.406498636583311
0.23215503839041673
6.289332487775532
-19.09435073512796
-12.635227676607999
2.447122860716675
10.84289724312611
3.973851006944397
-0.37140754912030616
2.781753135038553
18.033933858685664
14.669724485130942
12.1600810724524
-14.82559198648763
-5.787544136729391
-19.493468598565713
-0.037622157974965376
-8.635487859740984
13.551388702172517
-16.80531209962456
-7.248167475295425
-5.3632685606284625
16.026669141907803
-9.759542642257726
-5.019424289140533
-18.150167880570294
13.680942620160309
-17.872157559135037
-3.3169379022064547
0.02448536377728061
-6.39652075372477
-5.820836531578477
8.730472420207526
18.416725350055295
3.1979710548966906
12.211019481758917
-19.083292173373
-2.0358626936384105
8.137647489359288
-5.593077335619681
8.947161100391362
17.83706145692164
15.504555776302517
-4.167993406169765
-14.896307446993022
-6.389858632947444
-19.25095073010583
-18.63723537314979
-10.438522289435571
0.005748819252030302
-16.017541795383735
19.80555340108981
-15.380508015566715
4.412494290640112
14.621437181801717
-19.382905086826334
15.507678089061876
16.50599883627794
-17.19912122876348
10.19885092589455
-2.953889468538957
-3.321410124051095
-11.242412563995776
-8.772037765943836
-4.768358378268939
9.673528974894058
-3.3112546733363004
0.10182669793597299
7.562184482200031
16.890622301097636
-4.09877146493586
-19.623101049966877
-1.8903243133688328
3.597383866528233
-7.601418107418599
-6.228067439976414
7.749959080344841
-16.72805546788499
9.9868172852674
10.456751075402387
-4.291518677652334
12.992773929501254
-8.384570174113382
-5.259087460070182
-10.066013127143766
1.3256730616207122
12.699554626128027
18.12854587127694
-7.275592423710577
-1.0970020420534254
-4.538267791791997
-6.521641672681637
7.515092013457526
8.444898574619678
16.11986199679719
-3.007715964872016
18.305958962870484
-10.805807222468587
16.58522350346898
18.630308108010354
-8.091828707378234
-17.956601986243324
-8.56793018466798
-8.563688505120792
7.725328531896526
-10.742873808425877
-8.13890020274127
2.7103065656300913
4.21304128063813
17.90652358408076
13.43926443308186
10.317009700782698
13.508636859349046
6.725406278856173
12.620138796162557
18.532476453452198
-7.358968522410931
-7.54537711469121
18.588030616205714
2.0464480544388834
16.451474264899552
12.42408267542043
19.297030997248413
13.607905158232228
-4.676997135779647
-8.411701207727456
19.710641535086907
14.471549013887795
12.873114728111815
17.40836948247732
-5.66544342320964
3.1871138477332153
5.659705364507172
17.694390408696933
-2.361504361715774
9.246671392148748
2.3154091555061456
4.928377863994697
-15.98662342134254
14.23267814895675
-14.439447359225825
7.204017809467842
-9.824158571798751
18.22011481317388
-15.37928458204794
-16.594145439242162
6.160915836507353
-2.2950921884002966
15.712165655025778
4.060159181904201
-15.053848278572485
-16.639680476405516
12.93956443075507
6.344024685248911
-19.92959441699388
-6.823309317875509
15.967685706338713
6.352710333242175
-15.209688084492399
-1.1783312105127521
-13.3795245603295
-15.944868696369504
11.779449271146337
-2.7633352649026577
-10.775373993391169
5.63418225011813
5.575324174695588
2.3175229756882416
13.467760704313896
-17.485043243689017
6.198150811627137
-3.9192648577164313
8.605939063218212
10.985439471457855
-2.300208093639494
4.238171760830603
-5.6921133819014536
-3.735726565833186
-9.00118517627524
10.605378647969019
9.667342931974776
-13.234347498608457
-15.872583035563386
-12.364884589468193
-14.581696213914714
13.671176203981226
-1.1627241841492086
2.782681390532197
-16.336170263719612
-10.067651568305411
13.122975691904529
13.92897176540604
9.934275232815764
-14.945174204330524
-17.877495912337057
10.938938850664599
6.261141887337139
13.6300445052687
1.1559846061647008
14.617659817149438
-10.083634742219285
10.356409757075973
-0.7313593700153547
11.266413280916858
-16.11059980987037
-16.76411046460249
-11.440906609175645
7.458110736717991
7.778491504106032
8.551443715961682
17.664833693025912
7.007893810896604
-6.320057186214768
-8.938960294817008
-14.901319596275906
2.4405172005458695
12.289732489965886
7.837242125007293
-12.223364681895328
3.6370928319772986
2.3331554763552234
18.81889809454605
15.468541193004334
7.920579018540067
13.105218489420551
7.163858947956715
-8.430653284359257
0.030955998629600856
-8.540809302915214
9.148661941401883
9.778880220177953
-12.852976533907885
-3.444706621162087
-18.711737661746255
5.84600636905574
13.586382864264664
-1.2861132925389072
-15.95103909165184
2.0468501108675667
-3.204150608236503
2.0674179051750343
4.670035513817421
16.72870599121169
12.487273394720269
-16.969799491817433
3.372236314510914
-1.9869715428622214
2.2329228007287085
-1.8290590892886414
-12.795833243773775
-11.174605607590058
-13.374700697384615
-10.241491623220721
1.131253887739451
-11.16722543346405
-19.57924521939998
17.41840545557026
-4.8837663999787395
4.059173174553344
-1.8969328094976277
1.4751375780527312
-9.040378345270753
-2.843438229517119
-5.519753170470697
-16.863632972956477
-17.11163605057788
4.900932329375912
-14.928090524917677
-17.391937312426215
15.396425657020217
17.40735918966874
11.6860967661942
15.71781797224395
-12.014297154468533
-7.620478354640463
-2.914978031432497
19.676985598535005
7.664311331426386
17.124405779254893
-7.907123671854679
-4.278718626454303
-12.873579240978312
-10.937989710887921
-1.2755422941205339
8.964963271923061
-1.1758247089382436
-0.24266002538015385
-19.626075000135987
15.923861767581158
4.646513794720633
-19.395955779633887
-5.081200666875896
4.566351558734446
18.7107716574327
-11.114350819360329
-1.5263077359417885
5.1318967316365125
5.65816466956834
-18.953455586049635
0.7751799951912375
-19.540739343454618
15.659755508171394
9.605309307641345
-16.21873693866504
-17.091300950974464
14.564110375151401
10.18063035022639
-18.28166338047195
-3.7340059592487407
-12.325684321914236
16.24626467854882
-9.941639110459501
19.61786775433619
-7.720405901080344
-0.17689823860472131
16.07243888128724
-14.935825450198692
-9.56630046466993
-10.87200533565014
-1.2388451658967803
5.911674144053617
7.741912740803279
-10.386560059605685
5.737679312219612
-5.5983940052251455
17.172534349707327
14.071583290032635
-10.710720026721381
0.7576077515832615
-15.371854662736206
-14.803312351732
10.35742124795151
-19.390447600596573
8.303744937925714
8.36138125575178
-5.321410249116871
9.733988287327303
-18.96122193945513
15.551620853866083
12.07633401752684
12.150821949995745
-10.479128821760927
10.490258862177953
-9.48672057804223
9.220218344070886
-5.723945137316582
-6.602122483493712
-8.965207157448031
-7.897889766668031
16.797727649485672
16.20666318651302
-6.772433995923306
13.346323752147484
-4.459718313691546
12.145065956159385
2.281991540405759
0.37146784211415707
6.1216463508355154
-6.717789951584493
-4.007161995931652
-10.5640662918145
3.323966262045989
11.63666750922365
5.03802192203516
-3.6273648407499337
-5.146925274711531
0.05370729772152316
19.986640421475833
-7.400005846117006
-2.6516402482054175
-9.001740981927234
-12.476369841173547
-0.6963813888423971
-7.74854413603923
2.0105998607327145
-10.570685309440329
-14.886743211782827
4.366371887005872
9.10422470694202
-18.123182234616525
15.477846221339028
4.219820226833434
-9.538450098449896
-2.364190083005969
-7.433333004450784
-12.510688405548933
18.989009265810402
-17.303531089751324
-13.917183984254628
16.075872666663315
13.903653755668444
6.672506888952412
9.007838592097102
-9.045514063260152
-1.958729047300185
-1.3825924574951927
13.15825068971236
-8.977387256984297
-3.6424989333563147
-5.781894367969773
7.022047889142126
8.414741955223004
12.491649696910635
-9.057517925492839
-19.796893017427518
-10.690565692802277
15.264198838236261
-8.945237805223506
-15.16179990813082
-7.823918309427015
4.994855995813335
-1.1471117907351456
3.70197979065955
-19.52386497594365
16.91175606189639
-8.005337725719741
-15.076243538018144
-0.8715874482790298
-16.868822257350203
-2.7424657454916286
18.622238751512597
12.300282606321758
1.5339969668030946
-18.540776271532557
7.831687499021079
-16.107472853517557
-10.397649250559251
7.369834654483171
-8.865010087649289
-4.835302206002092
14.238809786048641
-0.731892847317333
-6.5715736704697925
-10.880424580538438
-17.525849963702544
-18.645347382114814
7.392694228224627
8.082468334620756
-17.064150137422367
-17.69275875196945
-16.399975944242584
7.985223626484256
-8.019284628821794
14.532223553449498
-5.073008909742409
-10.02454022020789
2.731348885515686
1.4317216765845373
8.629336943035746
-18.389995559246458
-9.385705522437702
2.7202425670650854
-19.142756206290006
-16.469114988661634
2.0297402651723715
-5.381819117732265
-1.208804950572734
-8.426206312556408
-16.013470206835223
1.3350567841050847
-6.375484678970572
5.422414002959194
8.398659518776167
15.192862299032434
-11.124243428917161
17.162487828715413
-11.087225727473445
-18.417832605738006
-7.439384070013727
-4.9428659871568
8.298698090513923
13.643231364165068
-3.679256322110138
0.6439383140902137
1.7385985577908585
-15.513585059621615
9.862792144929607
11.94221067125659
0.3802941095638168
-1.0448266207489496
-17.412649451785946
4.289682910737788
-17.683566151876825
7.402138824385865
0.396141529482378
7.1909909409117
9.478446506137416
14.967589443459893
-0.8313810508472343
12.080471505803018
-14.298854447320814
6.491080338884785
-15.3980013543862
18.47528594982181
9.203723221032881
-15.802692628789718
-4.701219046639334
-6.280076381355171
18.5038100551795
-11.086940601506088
-13.972212173980076
-14.003571586537177
-14.747309646456781
16.572991000009523
-4.9481789713492255
3.8422134954633904
-19.308046239099134
1.585037755760986
-3.370194419762118
-15.993083978349834
-7.461600227494674
-18.55167935867357
14.468940026465667
16.682009139046798
8.132320850779177
11.455251043921923
14.407848131931623
13.696516666794231
12.994518444504607
2.122525103790288
-14.47284809393524
-5.300909264456632
1.1768434242940984
-5.716066679443838
17.544695917130312
-8.890152602324278
0.06818526840753947
0.5965590767971385
-13.200838786483558
16.30544453166997
6.526384225686353
14.412992255122631
-19.200879639698915
14.698897241231109
4.814505834850628
7.22434533263856
-7.155856287094977
5.445710730698874
19.099570299539423
-10.060507012939631
-7.760940698536878
16.624099624908247
-12.066123019382186
-16.17386873193862
19.607760455188753
-12.630432552152481
-18.812581010225276
-10.903532733997668
-12.36664828519256
-4.8716983178132764
-6.636723205464321
11.004310462109071
-2.3497473314502493
-2.7981935070281523
19.63943409399399
7.923816676742508
-11.928241284140473
1.2571229306290093
15.145009376245937
10.426951904576015
1.3238325745641006
3.0809339816478953
9.892277722388918
-18.99890590502171
10.522757731117977
-6.165271935963341
9.03244266324728
-13.955647925338784
8.824346218195846
3.0437074824322643
6.687296950639237
2.851367138862134
-11.264345556987085
-6.830956176448829
-14.433533729960741
15.407966973673282
8.920630658316536
-10.283795497154124
-7.058413912532231
-15.314717552651732
4.0410228906146415
4.172816435466245
5.241831281813258
-8.560479129805639
4.476628015309075
-1.8901202650234055
9.473512505761281
-18.313384468274734
9.014782591957907
0.06792834893995803
17.70110705126099
-13.163842028639232
-10.418916361503312
-16.33529312112905
-6.477092670175519
9.078998558884553
1.3941485149428523
-16.96084054633326
5.265983338274957
7.691367474951711
-13.408805046722009
-3.6750178930190884
15.594173828170412
-9.599362330021997
-0.010732167680540527
-6.3177420850823385
-12.106623492304266
19.226646586068888
17.714634643191303
14.864968369893859
1.784565349612599
19.54806446802513
-0.5790208774377064
-4.638241301276128
-4.420085500982767
-14.062793453994447
11.694893775595283
-7.097965734277896
-15.664589142140919
-2.539230037005069
9.84402308281831
-7.788113072136591
-19.068169005971853
-15.50083232409806
-12.013714070650119
0.3753164189939042
-7.687872199506307
-16.241451790467394
-18.15716307154768
6.574786256201701
12.449079637250861
19.488934905216063
12.307627679362234
-10.001034664158365
19.147623803626132
-5.076266901935927
-12.989247470251488
-16.36702959273602
-7.84889862160178
-5.753728110105953
3.503008842762764
-8.73452263422449
-10.762065969974133
6.203143363677807
-19.881980014002107
-2.038021249002149
7.64144276376242
-19.61841509167723
-18.464745061422768
14.044001864244052
-0.461310189481722
-8.617345532043096
10.269536834706848
-5.775642469649869
-19.61982135668105
13.28495770551919
-13.856428023325588
5.961860467040406
13.175760263589858
-9.909282158444647
-13.31083785738489
7.592754972343215
15.264849719040512
1.0399808680245997
-8.544869965274987
6.410216010203463
-0.7786577301881579
-1.0239760048337452
-8.973663203174498
4.810717431743168
10.552938508051287
-16.814460215155684
-9.036614446934372
10.885966256727116
-5.5899076392134806
-14.002587215120744
12.741101742903773
-7.480503205661364
-17.834759198866053
14.40997212278171
13.57409285346263
-19.045698832448803
-14.647876286480397
7.904384461004529
-17.757919699995522
12.411371125113483
-9.038845396771613
-10.11991869784493
-0.5165434242219717
7.171858710983386
14.235030230501792
17.106843856934887
-4.44827588239097
-12.918422172207219
-15.323564515022134
14.602844394140789
7.1633497268503845
16.60852175880187
-19.23123379110673
9.749807561635805
18.16496428729313
0.8813954320670447
-16.58297034395286
-18.19967028969032
-4.078109128810933
8.923193241253085
9.498317496030722
-4.830718572040379
5.782080373001115
-19.266850745196457
-2.776184984695334
-7.028853851312334
-16.063237535094764
12.451284753242128
4.967631519910434
16.077248417352436
-12.879200410304072
-4.35972467467427
-18.835079293082607
-18.660354097688483
5.581588577334891
-12.531356822798116
8.841180972779203
-4.859812157578315
-16.876917284917003
0.518693531685777
-11.770411954699282
-4.295801032334282
13.537420141809527
-3.2928217435815625
7.06569607602086
-4.624242062700308
-15.79568384265761
5.646733628556984
2.551544409656003
12.515498884151825
-1.6393207927690767
7.796887061252555
-13.364340158155258
-19.046639072975225
18.88344009911419
-16.812448405964243
9.158086646093881
17.124537234783446
15.437625766756142
19.990667255733804
-0.49245743361793615
10.869616341122779
-5.747206959389853
15.176233083326139
-10.670384497901132
-18.81083233171195
-18.631578633848363
9.92538469755269
-0.5885316577744177
4.538956094898378
-18.09001412985282
15.500624452588653
13.124674667927259
0.38842467781967116
17.717733410949556
-12.35760852547363
-12.859768275116505
9.61072018465358
-3.978790223919326
3.93120881075005
-5.862963599581326
16.646521123898715
12.149874250743991
2.9535500491734012
5.7798126176133735
-9.725650987667418
7.7316212659384185
-9.558415082843155
-5.757131532213773
10.332638531188575
3.4018594139385883
-7.147518611898764
-14.348248323481062
12.554216009585517
-10.275667285422703
-17.560673464470902
-11.155326043971243
19.933844510445617
9.972301443583682
18.48298880313785
19.21178190559312
9.450958479354213
12.81374505953221
8.082787455341641
-6.302034559956828
9.139235079729037
-7.856659451233018
-1.4360005218614766
-1.371098207458875
3.5366731589652325
5.879783895464122
13.125235505693801
3.72540419879968
9.913280325840752
1.6194138330345034
18.747165318839215
1.882856420335397
-4.797345644844366
-6.865403884310318
-2.1823419527284926
-17.89448902282455
-14.308158195679672
13.218660399674711
-18.032335242294284
16.900228863674307
-8.664975709777183
14.142728847882566
18.137554504979548
9.75074991843639
11.353764975248545
-5.852031056119152
-17.717987389101747
-5.08457574254891
12.090566820983746
14.573563763340921
-17.077480491080323
-16.239875291238842
-10.386780286789733
11.044505722323915
17.438485731385036
-15.471630643029854
1.1253617254324801
-9.948958734378373
-10.627146135980512
18.431300613646926
-14.392493107960425
-16.88408913727693
7.787103895533612
15.513214334207824
15.023748425539225
3.634185796384539
19.70490072396514
8.57443493712319
-1.4556123635957618
-11.70378291173986
-10.342195219989287
16.046989064872676
10.9868499493872
4.3423688052969425
-9.139346820470431
9.546933463221801
10.009096334401288
-4.195800822700416
10.448756208560578
-0.42012705173508635
-16.39559022854698
6.843522191100419
0.7339589451117021
-10.91439133660019
8.541072278197149
14.786053931383478
-16.00114197983901
11.345321395085929
1.5659943503112714
-19.57502804662111
-16.331907518774095
17.454153682339467
12.348828696135634
-9.192765802840501
-7.180864024040897
-15.521181068315432
17.098300543571206
19.07272039373398
14.102996786791245
4.190507587965801
10.440785303864246
-0.43035616052500103
14.744504024020827
-2.835583321533722
-14.089915904992264
7.772913636267322
3.253404164791558
-1.0823153447824723
8.50855666421548
-3.165028336405925
-8.676991931651452
-8.215571732012652
-18.387050670658954
6.486990548177246
-1.9377018936738288
0.1817669133348616
-5.638880044202548
12.43721831108408
-16.961540336022637
-12.600884047546469
-7.34601183971658
18.807042591303315
-7.840201559035297
4.744794706075819
18.194266759836722
-19.589738309474946
-3.0818693179431946
-13.04339104504078
-7.967461591374022
-15.26501612773535
-9.894301681746875
14.343059675889158
-13.523564370495539
-15.422521840812976
4.802215338364135
11.05564280222708
-5.665754197374078
3.7925187222697403
-11.04843423649115
7.280484669065022
-13.328004983091093
-12.372852279767015
5.485983026005158
-1.3125414808359928
-10.68819839115752
-12.290507486509266
15.872378989207078
-3.837859342556655
0.944842707781163
-11.789297849503907
-10.002081314015863
7.496333077475718
15.224832553451414
12.087699942640157
-15.029560962811912
-8.002850609762646
-9.178685123027872
-0.2834798253881452
-11.66789790742142
2.3329846979004607
-11.276002122150693
3.629812289376126
-12.26462070507977
10.59289335540307
5.513632613948825
-15.00338645285848
16.757011994957438
12.209708502355284
-8.141807393270305
10.033587732495203
6.346204061316421
-7.9410969023309885
-17.687371756921483
-8.594858799892524
-8.671561835518883
-13.046946706101972
-6.291223053198269
9.986590274858354
5.867089735502169
-18.557587333206044
-6.914077636253037
19.814202787601673
-7.895827636224265
7.134208346216049
-6.071583583766511
0.4301962689881549
18.663650795050884
6.482094086368132
8.629365566692321
15.807282122368463
-8.857572084755159
0.8858483399153059
3.8747688419525836
-2.7555683858175506
18.435179022497564
3.223015853085805
3.3237678672130073
-2.060853884822322
-3.602353536665049
-7.471787796814695
1.9311480473708897
-11.0740132268743
19.203307295865088
10.957089576129327
-5.395327542197643
9.642771648766303
-0.6315433159986128
-8.053076232971925
-5.651678868168762
-6.616924511368122
-12.7258985220654
-4.9394887856816005
5.322680800603365
17.524630265588073
-0.9979701295199206
9.867232871652718
6.729745250067758
-2.2280749134431908
5.977253038842932
-3.5799562793860744
-2.252939839807624
-18.437364675363277
9.821079867034726
-6.89390229341301
-18.398390588192438
-5.4725155822080715
-10.807700368443847
-4.860209496203506
1.194946385380966
-1.607845743009591
0.39454408984011025
-18.033735330818004
-14.929450525065242
5.634212494153964
0.8032660965227336
7.3536895411123915
-7.274300617736738
-18.89558946961732
14.276436403370582
-15.101918017740829
1.1650659076861132
-12.641009286672409
-6.054853768639479
-17.9154079082906
2.988859113246974
-10.37682206429983
5.812370807563525
-7.879871427977591
6.806179885166827
12.813755396685671
-13.585924020309236
10.596739683051617
-8.378598034485023
11.846977988277558
1.0114166681998817
-8.543680600157826
8.285257079925202
2.0849278200140446
-2.1672871008519543
8.299995658188898
12.444127566498068
-16.33947287845556
14.109018079748182
16.372785904166705
-8.45957479028729
-10.332263675662524
-4.578295036335259
7.3995636815736034
-7.373106310874938
3.8619423338358487
13.25138290587914
2.6171707785973517
9.327571400719389
16.78728853234235
11.942421847258874
-19.67218844415775
0.44935905122635234
-8.881650400792092
17.15435176232939
-10.218629264063225
14.483105097539465
-9.16146511698213
14.33220334817264
14.448672366363482
19.971978611738102
2.5171530104585003
13.727474913789528
11.427578125450935
-6.048608724582216
5.02257963586548
-16.91271098877722
-8.05882451246202
7.163475403906105
-4.442125837948501
-6.296304566718053
0.7589584157103104
-6.118236338092675
18.649259203635552
9.859340148944703
14.473593197637612
12.622367020447193
15.576576841422217
3.1306583827367653
17.535904890800268
-1.1363687646990428
-10.066609044815271
-10.38297764631638
-9.63011735417254
-18.02981537089383
-6.231135512895367
-15.274406145863733
9.195555680058789
14.69015560745008
-2.6181333546835184
-3.1629854305242624
14.809952920565465
6.127965568702365
-13.68012502573038
-18.627463735424527
-13.502269272976086
12.5220685041471
14.62883920015146
12.052439137436956
-2.253156688659253
7.33841620882529
1.2179028968387868
-6.150965088277424
-15.24675160305343
-16.329335561441948
12.236042352709532
10.428729659168766
-10.318646580002593
18.408173072538546
-2.621972302318099
3.5246654306204483
-18.37558960341783
2.260437151375214
-4.49107147468788
-3.4375940788196786
19.70339655736072
-5.470424923437518
-8.889168583015085
-12.681972702970379
-7.610160944489678
-9.151846143107507
-3.1980166007176045
9.278598673216464
1.7807992066991538
12.1691223960609
-1.852966764340426
-6.36688781885081
4.161165616068175
-4.0406883175574535
-4.7904138777907725
9.062924023598974
0.9455684332869083
-17.76519538056359
10.686016683835291
-19.994386710425466
13.106685227982865
-5.923657057319879
-7.916049978230628
5.900350064100412
-5.66586509151624
10.320809520088375
-17.97342747901446
3.9616468164926566
3.4180571959394577
10.765505613871014
6.215268316729997
2.7747597091963243
-12.38292943005932
13.462825944000379
5.330974941462014
-2.7628811915170637
5.141861795222688
15.149417327353298
-3.5445051432456864
13.042386166660151
-19.355994379969623
-12.4330546659505
12.836819053036564
-18.48486167772766
0.06691261973299945
-17.88379496845186
14.207638939803282
4.4661466712381
5.900636798008957
18.727579181686906
13.055891225903594
0.019865991471416322
-6.852955940341259
-13.259316870040308
14.954297422475626
1.803261619697551
19.359709681378924
-17.417704290650903
9.720270214032688
15.492776752237937
2.9291039472952036
4.898134902107728
6.324856605164282
-18.64447862596725
-14.495650735886061
4.792015869862919
-5.0317406434020775
-2.1906593895356963
13.817331969125306
17.1422925534836
-1.1570988163268545
10.788917746519367
-11.123857264200595
-14.55747583923337
-16.01447816069168
9.000370869385886
-14.927623599596513
18.468365506308444
14.079810993270613
-3.539630431844337
14.45519886676955
-7.8476222323457065
-14.652361889366286
13.509934289533902
5.017140825235092
-0.44993215661933306
-8.30662266417551
16.55639549495993
6.624829044233273
-11.07179109530778
-13.769317177232487
14.845708576778705
8.729452668954856
5.863454561121195
2.576781060103656
4.519321319096434
-15.400315968137846
10.053920301293719
-15.124799009921844
14.808202961738083
10.74049841895502
12.325633470327773
-14.618457315658118
5.722683253226467
-13.66812840852834
-10.201379186563146
17.412468877913618
5.9469022342559015
-1.191228316493408
-13.830297311911925
18.0941047337748
-14.271883262976367
-1.0309921370271269
-14.290190171733496
-3.4820686754541583
9.154653959821406
10.24619968316324
7.8326897675655935
18.72420959613828
6.738231238190387
5.431141436712743
18.87925465899493
-6.795742398019797
16.920338813516274
-2.37981056710354
6.752629115998694
-12.34723352593177
-18.78765050153019
-7.806452022204482
-8.972771202979036
-11.73995076382143
18.951857506240387
-1.5281979310770453
19.75245338136895
-4.36529950725272
6.922183653111922
-2.825169366604925
8.014829566497053
-14.6787767781192
-6.87317375795811
2.890176784009192
6.239780822274209
-14.636923419113037
-16.56221543199651
12.983838019999979
6.859577535547501
8.478337618375782
-8.032509714030516
-11.46700708999906
6.9712873774410085
-13.797017939679566
13.68754153914616
1.630554985499554
-12.997941084985175
-1.8802290992081723
16.237602061510856
8.992051184660301
-2.906128907592226
16.360127690588683
8.480001136915853
14.470861417884144
-0.9849451292310896
-6.023526440883181
9.025246210456487
2.971674323353966
6.8894793999279855
-1.4637986780619663
10.98822903328298
-18.03467949744871
-10.788256125132452
7.200689169965454
-18.700573784502748
18.82498701038881
17.68292215677767
-9.28461842758956
9.831498753666228
8.889591563540517
-5.4420318392688305
-5.9989238415278265
-3.982661732324985
-18.709951901400288
-8.396543513351213
11.151152636558574
15.347048293832138
12.87863280113956
-9.47229478414522
-6.98494527552009
-18.887362043706524
-8.663828913198737
-9.33783581662424
16.825079477511437
-5.501943313405416
0.8100813661423132
19.991189626439336
0.9597582150088897
-11.490120829992048
-8.07303803661069
-12.745028361879811
-16.19976000854917
-5.857884562618029
1.1319670506582789
-17.362799575519567
11.392164674874902
8.966624298692057
-8.24945629412785
1.5174785383512486
-17.70438600481175
3.600169411903842
11.718542784940105
-8.331184131285227
-1.6988515906661625
13.1810323189763
4.617567052669273
-14.864964132320072
-8.212178652571222
16.299394407794594
-15.97422775439842
-12.705812162006623
10.155171289535843
-10.782244471135844
16.51789062853237
7.942356149110367
7.007786626590615
2.809079149170678
9.059628078404074
-10.654549893761086
1.4445912758093407
19.526513795321975
16.795769208669014
-4.007827541515985
3.1776179076560496
16.41794291264545
-10.496967695700024
13.031361504491791
2.9469102795125757
-1.435381554102527
8.779796984623793
4.946054583250181
15.581813636115307
-4.1311719528279855
4.8101590514014205
-13.247029250371236
-9.331529964263762
-18.55608264206465
12.668375742293854
18.19404818333586
-10.388943371179039
4.706626941794671
5.600907584704245
-16.004533793888545
1.7719430922850457
-16.837131818225647
6.761028409825233
2.665148222326671
6.208868686588673
-6.631581649191748
-8.651159675350591
-5.68333924899707
-0.9054403746302278
-10.130717649999173
-4.6890856563637975
10.813198476492438
3.6150317193006387
3.151555571156873
14.927296228448895
-19.309094422996527
15.922639775206036
-17.427507984614493
-1.6982767211187166
-7.854803305048366
-7.932009138545677
-8.56165807455544
12.576969653920266
3.15614310921751
2.6986079958172056
-9.84956836433521
-15.971211592330379
14.685902860878095
0.7972570227860167
-0.3296286553998904
-15.594433465223485
3.025026125247866
-19.89007737317559
18.220845472814325
-11.603892212072342
15.577134723608637
2.1037477701935714
-19.984111620061462
10.30142763125496
-16.841830590242402
8.742171850404333
-3.0505761364464554
-11.714448217321216
0.12077969818166423
5.060960884756092
17.631394309391
8.152902884910521
7.65208507657475
3.1991849906109415
-6.186902204419633
-14.886067212346838
-14.214423459672147
-12.419285185130686
16.65493561430901
7.147129400874025
17.79374387914563
-16.799329923848816
19.605496935698916
-4.762342072505646
-5.205114507125689
-15.095102958362068
-14.311004417915862
-16.213334983569354
-5.266852126901419
-12.976897313444105
-19.611292697932118
3.1664581792987576
10.256589421232896
-16.349829575415086
-15.790330486484203
10.101121390881005
17.469447388681715
-17.271176777899516
-11.791593854449363
-15.426733933536196
-17.575984744406025
2.2193228839907597
0.3244262713636772
-2.05502347939548
-0.17956240353085917
0.5357185656028776
-18.27605734579194
8.8865728694837
-11.019886551180962
7.179458637102066
-13.017252174552457
-11.558795544091517
-18.852734056503685
2.519177589866647
6.229334635191201
4.462844672867803
-15.546905983662285
5.154717658958372
-18.604235654580524
-2.2318056107057913
12.576268367635052
-16.56222309967707
-17.975032961706216
-17.243093286835
-16.287645895955713
3.828911544332925
6.886680132353888
-18.34745068007843
-18.868822700264005
-18.074497718671545
-19.51272002271576
-12.15852046266158
-13.739575191576488
3.498939492447086
9.28504913718518
-3.8893423564531915
-7.051999936669144
-3.161835696523827
9.868943424107638
-2.6348713676674933
14.744600842104568
-1.7139781570260872
6.458945259107871
-3.30183542481047
8.631254627239553
15.984425822099098
18.471249916918914
15.092138582081553
19.44614598853277
18.441292476001728
-18.50222957243203
16.017438757840864
-0.9477783776237523
2.633266271060055
-4.099168027683291
14.135905874501937
17.424482042316583
7.306451488523177
15.722647331527362
11.977268846817143
11.897270885620237
9.500619363117945
4.0286806740767815
-2.1445795933103398
16.980184684216972
4.002128563044408
6.352964754475732
9.742227372465244
-4.574814418446461
-5.311800717118427
2.0455110335663527
-15.199240221017565
-9.024444677226473
19.746255246685784
-8.336118685208117
13.464921189157614
9.732211111287622
-8.880885222220147
-2.800837232401708
-8.28260097798838
9.33175405871431
-6.074902086903652
-11.88436229648206
-13.395054748268178
15.383616018831091
-0.5582229589649721
0.26980078008500996
-5.213501905734619
-19.416299767308253
3.47329794828989
11.772826234418954
-10.931916228224875
4.116672554501129
-16.802117029794555
3.0780546393562567
7.20576249271717
-15.571586524732691
-10.451777811679936
-5.220211757589013
-2.895610543652431
-9.214769138167394
3.307659086230718
-2.9771156104409684
3.538748703554468
-16.764087957680754
-2.7181742526622656
7.3687990545619115
9.196498827941468
-2.9849743893633303
18.525719155386433
-15.897158685280782
-7.497401376945433
7.300684717184293
14.157470162057507
-10.31830750869025
-5.637055768016644
-4.263980782613244
-11.340273205648575
8.835374668089635
7.3676396558037
3.8596831118386987
-18.081146570966396
5.319657197847892
-19.250496390282137
-2.1169167460782568
-8.841921152423279
-14.372906322562823
-17.579371495017572
17.633871536702813
-3.869268571689176
16.837811932072086
-15.693205066206467
8.41325370373944
19.5715764883548
-18.986737573448828
-4.604778891867017
-15.088781599091163
19.449032337547635
4.697089366698627
-8.11540407480084
-3.4244655512542685
4.848921279842621
-19.494394994920473
-5.551464389844716
-3.011008520412016
9.702503570870839
11.01558727273207
13.437491792494392
-8.58792199796936
-15.044298018027021
-12.21196749971619
11.11657616004559
-3.238978691041737
-5.616523319330833
15.649153043959359
8.561831402662804
12.316008150485558
15.280974092747734
-18.554384861371016
16.431521548639637
3.8824507141384927
9.487775418172802
6.6718688052794946
-16.5308567576896
5.8031689269953155
-9.546159976976707
-7.754910348471974
-14.153351974281705
5.659266776166017
8.12415905543368
-17.92293419510485
14.333198581936657
9.29374346775213
6.238307583207252
-4.375595610196132
13.358515542502062
19.40744598036376
-2.532758374911637
7.193318213146359
-4.068393356159099
-13.337092418401571
-13.353675261857232
15.569215489302096
5.109163592681661
3.0572148338255616
12.69709606983308
15.921348933527035
-18.093761997743613
17.27860122366289
-16.21949786206581
-0.7789001856718443
18.79020386198045
0.4360877088929591
-14.407359225426898
6.033105625588089
7.022986440138528
-19.480493360148472
5.053980872239421
-11.771316931789254
-15.792721397299111
18.43606345451105
8.462709641418378
15.464614547634334
9.630202051323444
-15.106537730734084
-14.614980863233935
2.8762930575738785
-13.276524623718323
17.624464496774998
-19.500085379813854
-11.751657054318354
-1.1943910631574006
-8.14423181594966
-0.8860310569311451
14.622362831229388
14.01209014170729
-4.68766315441265
13.976199524845136
-11.536219799754672
3.716148040382432
-18.26861965113
2.685848632828108
-14.320574708168294
19.571222051106105
-14.108646229527931
2.6738902734511143
-1.2006652476338004
-7.868354624727306
-6.212710521742837
-11.891274025106977
-13.202190011364351
-14.305960408480956
-14.530980898428151
1.5782928950381532
15.69797957691209
-5.3409829940166595
6.59163447782479
13.93617554395751
-8.353437831337418
15.24563507867272
0.4322396841909182
-7.659523516008399
13.81421434086181
-8.155942575877596
16.54170992526248
-14.154162650930257
-5.2872977689878695
15.742188415020294
-13.428721508063578
-13.257562040903718
12.767228923662728
1.4591344264598334
-2.356981949374525
10.361335466983878
-14.823533429955376
-5.577570870350836
10.173349889020894
-5.90806308533406
-14.495999544219549
15.39757273268036
7.173605183736861
-9.16420737889271
18.429890314105194
-4.333034432533545
16.89673116935115
2.0414733200845916
6.711053601992596
10.003961010198772
-6.033698522955149
0.05840377450930134
-15.71866726254937
9.270115409109469
6.89818348502769
-6.333762861600039
6.433510826293261
-2.713695060110851
-6.089639626322899
9.511629858485332
-9.055572007271584
-10.48489954415389
-10.140194049275951
5.225174718229397
-7.276266190702145
-7.75620960718987
9.744780068404538
-8.304364108373058
0.1988381151628431
5.135121249611544
-2.579750110924021
3.8208290640134415
8.188837907299934
-16.56750632445259
-19.314989433700987
2.9133947555996613
0.5076072497062576
-13.70725353300481
13.695417023314299
11.677343187615495
-9.59718950762257
-13.218193919636029
-8.387503352353281
-19.33322961212319
12.610521251728507
3.1628543189787806
-9.531032233054049
-18.555167246322238
5.669788067448451
-17.873653736314804
-5.202574156979551
1.679059774436741
16.215634607463357
15.074001354204128
-16.475810674563974
-4.187250171258313
14.84785876087627
-10.963136703421457
-7.844137960565405
18.587252135635424
-14.158253432176817
5.402226082685118
-8.37285709474386
19.828978332225773
-2.1535243415788052
14.613708649520525
17.59093963500741
13.514018290203332
-13.855956521193162
-6.663789675233357
-14.830803358758722
2.8654214224129824
-19.940551318542408
-16.09078985104597
-7.908819163473005
18.22585176338037
2.9540102752050323
8.933488334821476
9.476703541146861
6.4143845701186635
9.639098492077807
-16.71140171681803
-15.618371072729019
-8.548943430234083
5.564982292492719
17.892365417040928
-11.869075070930757
2.9951255884043313
-5.47677478178732
4.787222512978811
13.033843183614238
14.200284994415398
3.1484103504591943
18.56606910527868
-17.722776429153676
-10.310607955922801
-16.063919395347902
10.038320546668317
-5.607775650804525
-3.7870488281739085
11.28711493636322
9.845124126842066
-14.241852437088198
-13.834295710612757
2.1253477412891186
18.833862808561783
9.197421487897017
-17.669272145797844
9.947578071319505
-13.750462490805845
-15.408865224128157
10.574087043989472
-6.804142556928845
11.285064899023443
-9.493047165372847
-19.977349808657678
2.5609723292898714
19.835427882563806
16.04234328608713
13.465882873277863
10.164475145081884
18.81495722564309
13.18027301983922
6.81195563949607
-0.6048436739441243
-1.9168993488107446
17.154837683998664
-1.1244309592981985
-1.8611941513395962
-6.712232001440373
-16.618420597309544
-16.767914035006996
18.187669452142565
-8.317492523279423
12.990803753765746
19.290064946798843
-2.599925816190968
4.095130676872788
-11.347969182998302
-14.474784481458766
-1.6747078396603285
10.953460993607948
0.6460948732303784
-1.2861277992919824
18.20544707592218
-14.92884870102245
-5.199936837690773
-9.690247464124443
-11.96633751386508
4.490449715734329
17.621669454812483
-5.2754546316622175
-4.044208970871628
-5.2725357630449
-11.028742297167295
-15.862917769345808
-14.586680387285336
15.101144218562823
-16.252635812065503
16.34506225788258
10.322907499753931
14.729845817633361
-13.89403960243075
-9.396844725521092
-1.9472821526051618
-16.090202342436754
11.000250612013716
8.823100938407563
16.07051572206349
-7.081469472605875
-13.89754957131268
11.26739616050834
-1.0053881517829026
2.4292475009402814
-5.942353026637331
-3.7009121901962736
-13.920139909215141
-9.125798888613348
-16.91403347796947
-10.711099981651975
-5.029194051798678
-0.1381392739814693
8.894838297145185
0.05430695308213629
-16.59140144810989
3.6974859284051895
-0.9518537164182277
4.8072003241478996
-2.308900992811843
-1.0482333548878628
15.12408998047595
-13.992517740335536
13.340284464071772
-6.120990684064026
18.778835489561274
2.090257053872598
-5.654504092995314
-15.168014315706841
-7.871306059826653
15.467388771015052
10.801793327989845
-15.981477586241635
-12.563951773216818
6.929085524847778
-18.945387468914458
-18.76653379817433
0.20149210625618608
14.698477753166358
-19.71608142468262
-10.936844644919113
-4.007778158363134
-12.383592634029764
-1.1952708062296011
-8.545752558932413
-2.906875483885859
4.333910862565688
-9.255623340015324
-0.5424877142506936
3.3624079991156606
9.724288766801074
12.912920697250144
6.823293289635277
-10.977267836830231
-14.515897319113646
1.4130016450748215
-0.7554858255668861
-13.536226080105838
-5.8942536195502715
11.372140337353471
-6.694265766453613
2.395612138102308
-10.89591237616743
13.451737986763149
15.692811199897356
5.168970407645858
-9.36768855340211
18.99206160291233
-9.930462127865379
1.222063128260487
13.745591704238088
-3.7280491319638607
12.257770191579468
2.2221582200199386
-9.839108031217041
-12.776898093507484
-7.647197741574189
6.555147356577123
-5.024406494970677
17.84972611520972
-2.588139653398237
7.998303944856811
-17.977154624805888
10.577701217632722
17.993906272496567
-0.22089222106005835
-14.039939664092245
-11.612877499391093
17.292447537208318
-15.757504975712994
10.683965421227516
-14.001174961064237
14.511666366965514
-1.2339006182198666
-7.2823978440022366
-2.6158011796189875
-6.387900232951264
-0.019938946700722937
-19.260363610431106
19.20386682908765
15.355591011574774
-13.082929524485781
-15.06945654837308
3.481981394426281
-2.448982339317407
-7.25998386529632
8.545320790364155
17.34276389815294
-2.580659802577653
18.850582049684036
1.014736179691468
-15.629695738923882
7.003259209699365
-6.997192103395399
-13.426392374795025
5.010977685904766
-0.8497057807199013
17.866930067883672
5.378581801516159
6.407890219958894
19.31942117407352
7.278300089884322
-17.97063967753667
-0.12950457940864624
-19.018539848254914
-5.648512733983001
-19.686730738287018
3.9062473335490147
-8.938140564776319
15.529214110377588
-5.005519045918746
-10.39440127708247
9.516288508187671
-2.513474463417559
-3.3236995014382664
8.957561925614538
18.872937450303453
-0.809375348397424
-9.327242415126463
-19.24913302095064
-6.896386040793555
-5.242200202602184
-3.3425830492786837
-4.303855948508417
5.912216494786012
18.904223268301507
-3.1061653576675567
-17.052842892361376
2.7644140152687022
15.906150108651225
-11.725079867400407
6.929571071460522
-17.38390476877222
-10.800991285854412
-14.172361787575877
17.917976636512996
-6.858246362742694
-16.882715145498274
13.189147920858424
-4.892775799661276
-4.696743805087159
5.254713291194079
-5.551170671063183
-1.9702958585360797
-1.5928833171948789
15.629907206903901
3.4518691935733123
15.831622589912534
-3.0010473393193102
18.805953357168825
8.260910902772345
-12.135296899380087
6.820233231206899
17.023490120872182
9.989370782573136
10.221416232028858
-16.119860343906446
-4.508642974988275
-17.413570597566522
3.6922499749225643
-1.4505673854993617
-9.97218264519439
11.96056345437373
16.401807479553867
19.47483780529449
3.395192210837074
15.200341561294579
-3.84520659061063
4.639723401677909
-6.260541633730568
11.9762315306731
13.83352277250431
14.180351789038852
-17.498831734075498
8.672286696985406
-0.5880470902618598
-16.927121099474615
0.5253239995817616
-14.914007337401785
-10.482059356926761
6.675511440340742
16.340193721227934
-13.45070325248805
4.125977954957101
-1.3228387823182466
-7.033570381107639
-14.341139906558041
-3.2714935138980152
8.521856672455932
-15.033037759910854
-8.830271028191628
16.81278167008618
-8.933429838210944
8.386703791814
16.10017330687419
-1.1315195915582663
5.534839488957843
-0.35618705354550784
-13.398400985288053
4.988001674887883
-14.592429760893587
-15.083375498154581
0.27716467792255983
-17.292192588706
7.688564972913959
-7.722173731225613
-5.924403314477269
-6.295478009158515
-10.755733047317722
-19.045728836520247
13.724570222253739
2.288590068663172
14.931341424190855
3.793707867186967
18.18478683954224
0.025723275718291916
-8.845025205898263
13.0970814429323
-11.290131059982116
4.194056151472402
-19.893010900280935
-0.38405289646507157
17.90121287375787
15.339322870719862
17.164462677460193
6.799974642085104
8.254620987946147
-13.330303527721444
1.5511129185126578
-17.01946840046
7.254155084641365
10.266112796875213
8.877998933776507
6.26730405553235
-8.590184152429101
-13.317017298071203
-1.9675105617734943
3.890604381771503
-5.931894452790626
-10.944281927171588
-14.83925997809548
5.253269400151204
-14.894121141068823
-19.165208070866345
15.05949743339442
2.2183487508007396
-10.331962748348964
2.6432372876681676
8.035062932537407
-13.575524543530687
-13.514782933871983
0.909537125324384
12.71789922587837
13.838885050866708
11.520102873704584
2.778467154728265
3.35590584697103
15.684429809435358
0.2779708686087332
15.50332057424616
12.572864484790301
13.554926101418289
16.63642645020085
13.2048990731845
11.970399685822866
-18.53924048391346
-2.4431077133400194
-14.799431390967278
3.155951096402827
-1.6964206369944321
-6.937792249810212
6.14395501293934
-15.30143986781967
-18.934476494116485
-3.3858484172850396
-16.027717137974044
-14.170616016996732
9.83360282984874
-10.167687688104628
2.7715085735239775
-8.75388713016751
-19.96126535266619
-15.490614275596712
-12.364699103982467
4.024590577905439
6.283069828431763
-6.747495076269182
-0.0748254187012698
-2.1804189071895195
14.076150769798524
-14.367131841773361
-19.913495221555564
12.308234834974542
12.932916519850266
3.0249037566916783
-11.017111334243035
-0.9976210595841621
3.7383867079253754
7.354549482493454
6.314367490627983
-13.140242967457443
-14.381752127693264
-8.301870443930511
18.984680864585783
-5.592669109385312
-19.21604521172425
16.02343109009955
-2.5926648562448875
18.883940235338457
-2.6846348636056874
-19.102661385001795
-13.907876280015978
5.1972174449590085
-19.629292385637477
-4.415805786390873
-0.5426301016163357
-4.5032022788277715
8.425996153539277
-6.828623233535168
-9.617150756011647
8.183126245302365
18.267987033593535
-11.044401421875838
2.498149145065554
-3.323049139505706
2.7686176357452617
3.188202683861739
18.487823293686837
3.5413261139575667
4.275093083464686
-10.156247521674192
5.289184757758804
3.8382997113253197
9.960186899283286
-19.27474783366071
-15.925757067690194
2.6822983365130355
-11.960145958835495
-10.550185673849125
12.840403445857504
-16.64690776302139
10.30510338440713
-0.4471983636842971
17.455157285577855
-16.831559870946844
-10.744211773412609
7.5277104150202945
-18.311281714786283
-7.503969518968292
-19.738532380025088
-19.370523833859718
-17.343006838505506
19.064959148129063
12.217413334825096
15.907561558396978
-17.995455932566216
-8.846804733971991
-10.485566360506642
11.381733886463184
-7.416398440073845
-10.92822923646558
2.3161350039286255
7.080225156044442
14.852250072217139
2.61018216201656
15.514170123654857
6.594988260215125
-18.887513384253126
-1.600043263081254
4.137456910948881
-3.819650673476044
3.515694406959703
3.4022705523697425
17.67411538313049
6.268723048748306
-11.361237803016483
5.396800856783596
-9.721512707755146
-15.32857707506038
-13.23792247658222
17.304685276847202
-6.4282267964773165
15.99467002926658
8.8313096102871
4.101097008505867
-3.2861609019076212
-12.265787824876409
16.028603865268153
9.152957389916622
10.528163740499473
17.209045247755746
14.335076744879672
3.896948287849625
8.522777755338847
15.03046334735577
11.111588804628376
19.246858829021377
-13.891329717220566
-4.54393822382575
-0.26880926026832697
-10.276352892525438
9.599399709203137
-15.385122203063188
11.710179891206383
-15.318671589791881
3.532192757877418
16.167513041652157
3.103999257769061
18.223413394696585
10.20985111508391
7.133403946500515
14.761958763577368
-12.331782088195364
-13.614126317649653
6.411594520870992
10.256788628527936
7.1821074201681725
-2.2558986569591895
14.387565564306243
-9.768154439358717
2.0116182423305453
19.26318593789326
2.0441957857196016
-0.3623645140059075
6.147715263156982
-2.413086763801921
-2.275249095953974
-13.943785424507919
-13.323173289575854
-11.569645029970697
-11.153547513074482
8.19957289135322
9.042662981589714
-8.363063667170877
-12.331114617927156
6.586892252908086
0.35667966237120297
10.011536575686382
-5.1597720604177475
7.884092328348437
-8.768204745322684
10.730771289065999
12.371141990373118
18.806052996040926
-19.498776112545922
-4.854091862676375
-6.629118902034277
0.912898595142174
-15.797372323818415
-0.24609780420466265
-7.0511617304625815
-13.578274250875966
-1.24619711868759
10.843983721748053
-6.063610285640628
-3.3735703761928058
5.365470216971747
2.622389756854492
-18.8726431853466
16.20029899477592
11.01931669921591
-8.287185650963092
4.366802973665838
-9.071434735954732
6.552523145349554
18.88128132357148
-10.390420435281516
16.380007232793645
15.336102751100135
1.3760817235671183
6.468953559062648
9.826178829014438
-1.092575530141339
19.366951638621863
-4.182888320107555
4.464073269755239
14.493914607749893
-11.171805746845521
-8.06187478837954
12.269825226915906
9.146790873605607
-4.346023242238948
-14.755263245434973
12.077849243873345
-3.337601081006593
-3.17243470662984
-1.7422938828749963
12.758177020611335
11.981219864446096
6.7737179604042765
-8.451326433108903
-8.50983922908405
2.866798885970674
19.09516438937664
-13.869196904112119
9.135373869952424
-11.451078771096297
12.063025500942139
6.002280961476593
-12.184504665803235
-15.684836410526959
5.350290248866298
-14.18375645017036
-2.9976382922123115
-11.954964299585562
-16.54918521213126
-14.75180991734732
-11.625177279638645
9.172721760083562
9.205952319912317
2.0671609789425887
7.382472429742233
0.47781912566166085
-2.825884444655152
4.118695246134841
-13.486158449991432
-6.517295183360696
6.627611981398086
-13.4873051887286
-6.395327185921769
-5.53955224765966
14.158748583538674
-11.98101600887194
9.172235045760644
-10.987484177988787
-4.41901982983245
-4.508196925273866
9.85505916772479
-3.9820973984197536
-2.325454938319261
-15.625307247786697
13.582515203370406
-2.3056458835130726
-6.746614372590404
-1.3320596043628115
-13.841781516884325
-12.508046791917607
-12.50863901177485
-4.573308746384534
4.293026669695568
-8.679464766621736
-17.905418313921516
-7.079293251006295
-13.48295866548057
-18.922486666575796
1.7998441312722981
-15.224015505290618
12.298786607964203
12.03456352404993
11.078403583753449
-8.463883706050241
6.362892887050869
-18.260519294711635
-7.407419860586636
-5.4766936546005205
-12.92234967710562
-6.132371642883289
-5.529804894240993
9.519268704852202
15.766852677303845
-14.317135488775556
-11.37389254915798
-16.33047192874797
6.456457222408048
-3.2562336511035994
13.987300898863765
-12.1427898090937
5.850160044312194
-19.200016714247177
17.513224884868187
10.864877359076452
-3.7842311701131948
-3.272665929601729
18.145392254040104
-8.953836121998853
10.733625786171746
-5.949916714529838
-9.22297870631214
16.874692622394207
0.9386158884915652
14.870101650691161
-15.107377353742422
14.03516849329585
4.876748549630108
-4.2093760909020475
14.840184491693762
-9.986487026929073
-10.791177161112952
13.87469109865004
9.335835283252653
15.820919962371839
-15.596087248863544
17.853146918692623
13.85075232579085
17.417247532914445
-4.266377571143156
-14.56473489652128
-0.5935867594643405
12.596903464625427
9.633803638504016
0.5867804089479556
16.29185668658768
11.97165975836025
-18.882385150829165
6.4959595449365
-14.757291936776756
-8.748064318857466
9.74607947692325
18.266803120970913
8.922921170696178
6.517741073840906
-18.46783180560802
17.7085968202951
9.967879474280977
-5.629174938821716
2.4623402028393357
-2.124072305395572
8.61984097605156
-7.966352510594664
-19.58042973588176
3.7202724379525662
2.3470977211465858
-19.783159184562244
17.31255303219352
-15.298137890327217
13.04557423070463
11.277114760427224
-15.537260555218925
-14.856513185417647
-4.734872887626448
-4.492448860611438
8.176107326021068
-9.916475031094002
-13.195085953237431
16.926569811568093
-6.603505129231992
-4.594926329538298
-2.6641348371456246
-1.401131641770199
14.327139185947921
19.79912268754343
-15.687522130450153
0.5210699638992722
6.398779679839755
1.4986422934297536
17.342797620592542
16.655011557402958
16.81643493685806
17.816361393487547
1.1428984232088126
-0.5462470634411396
9.517573813791074
8.25851692630333
-7.020764516217142
-18.698831258414657
-7.615820954060455
-0.6849150204441443
5.528380739732373
10.817959039661229
-12.943704634771699
5.198432191948786
14.748807759897566
8.97135864070339
8.35844130217562
-4.852303523115026
-11.351855936144428
12.335944193254456
5.817003590842692
-15.577469749314726
-9.946536962775756
-8.866281794357302
8.85424397690969
3.6462843645691834
18.199962414751482
5.4181367801984415
-5.402643106462461
-5.576678196105348
19.425430446265104
-13.362580454287048
-14.62268243384143
4.051759005933405
-19.797760269515155
-0.8911095486316789
17.443845538926197
-17.372466805232072
10.742510060373593
17.49914795690821
16.758156182172584
-12.163995295830624
0.34783439933644544
-14.474660615490858
17.056078993925446
4.3966209903718045
-11.274461647236338
2.1830172901906835
0.3988813220045664
-4.8805182908340825
-1.1654497270766164
18.260277880632003
-15.829447147511901
-14.729283365286756
6.897716237143456
8.014805620850616
-11.594322046723335
12.37500633080601
-9.120397846253102
10.631254045470328
4.1375586033100475
-14.593834385185428
-3.9648613094700593
-0.05301154026050625
-17.181566008412155
4.647145446739366
-8.217676307879408
8.40010609503387
1.3857228116750875
4.016676883840571
5.78903436862344
-12.563997994005254
0.38652071168155544
-18.000871642050296
-11.209549940241352
-9.71302082600699
-11.882466969933576
9.643423654490881
14.906074097599536
4.544640323152759
1.962005406685968
-3.2938226207990198
4.456248866110467
6.424241220225376
-18.374431084751187
14.816925699451517
-17.30740180122122
-4.060592586558101
-4.77292695668751
-2.25672781538195
-0.17499545699426022
2.9100240036705785
-8.296778394794874
-6.127935507715048
-10.172525158202848
12.389127790930438
15.646896075338141
14.353110525186331
14.172387847393047
-0.25277992965712315
3.9287674695845887
2.5159999010413046
-14.842297196288502
3.8360650614364147
4.90547837086276
-0.9008426078149192
-5.905712543331996
-7.14368631688437
-14.800799284878238
1.2072006464872196
0.032830657953894615
5.9852435273989855
-1.9233421170790201
0.9511248048195853
-11.981389239770861
-9.687614394813728
4.817593087784985
-7.208777995314893
5.706102825947227
-15.725077876556877
-4.80582060444064
18.19055050518012
-11.198130155094148
18.57201398446908
-14.021153499752948
6.0651510817524965
4.466063522620818
-19.981962196524535
14.468552023374045
15.746294080370838
11.661775623220993
-17.478800432782062
2.0943570508776297
11.403358436998062
9.461889555727577
9.28315687812658
17.92403187049046
9.229923743369678
8.401458679657377
8.039478626541502
-14.162387356165818
14.612866165975824
-3.579831181037001
19.58525784031132
-7.77517913378083
-8.57058111715439
9.298680975887763
9.157228789433564
8.757416511280702
-13.306204925650249
-15.867455379150801
5.009506257809797
17.415552523612973
17.65238056905519
-3.0112034712426485
3.6506727184006564
-16.480553589942375
-1.9431909167055466
-17.378830694648748
2.3960641386317896
15.536474316386773
-17.621889921399628
15.18132727387075
17.316253971647114
2.9227902522106675
-1.9418118347844526
15.856976748570403
10.801854616167596
10.534083482882991
-1.9732079193154561
-5.034014483133241
14.082141646327486
-2.083506225621875
-9.283533538241722
7.402536736492699
-18.080637207941376
11.114467929302375
8.904568169943182
-10.590956342523246
-11.7810348456586
-7.982618602715981
6.111713295631414
-7.640363823216987
-17.810708050836027
-4.2893848549264835
-6.01486019785928
1.697613442839181
-7.505686985972506
8.051116104257012
2.147967334788028
-3.486202669288282
7.693077596284201
14.861750830854838
-14.817664761033846
6.907593351270243
9.08150627276735
-11.797358749087916
-10.276077274206731
-12.202751212551547
14.55759136588302
-13.960553079772072
-10.055188007319739
3.1733215705597004
-6.544585031357615
-3.4400778989003236
10.637535982739923
-15.674150727481342
4.4909535203351645
-4.944610047345094
2.968625238018884
17.957085006819995
-5.592188503689076
18.303196327938032
-11.660878948481578
-4.340575563975744
-9.648956086178
4.660198286681133
6.261535654951228
-4.066904494626161
-4.193074389646592
-18.308696492086483
-9.44030232493339
12.355171062103345
17.1960596603287
1.0286941747088072
-9.512219026182208
-18.596083181430572
10.685866186938977
-7.851370908056712
-2.9476210183550897
12.526416523319469
-3.784353846710257
11.896189737144454
9.859553666322004
-16.65761045504412
-9.833859575831987
14.11146886710248
10.660781003091962
17.958754858991725
-15.659620373095793
19.313760225412764
0.012888077335784232
10.534499985167976
-8.901725420632083
1.0950180420896345
-0.35697191738518796
4.933911917734616
-6.244346169958014
-14.159799384460626
-0.06862882993836195
-3.5764387408173235
15.719194811499854
-15.94944654508312
4.471416071457757
2.8452427133472895
7.260386221744291
8.134406880357798
18.9448099110572
-2.0179450579561333
-16.916920725589492
18.055982170541903
14.371481385526025
13.973158759812982
12.739615007922218
-2.4905554263251446
-17.367388646694554
4.982609826808087
12.08467440487734
-1.4759799246692111
-18.12527780110321
-1.1629453908356844
15.871313309323426
14.806759832157482
-9.775611831701013
-14.796387243404654
12.528830176036188
-1.7610083965760737
18.31631884017527
-7.473755186056925
5.983863207092742
2.897283993647271
-9.892051117961934
-9.953939957399193
12.14388321234346
-9.774162061360446
3.873168035563399
6.046746355686523
1.5456230552112196
13.70887540369199
8.787209153883996
2.83759777911272
6.674038453297072
2.679434834660313
-8.136200898866877
5.147202339658179
-13.736716724626232
12.616551143009453
14.646303553245119
9.780518345180461
-16.048221898119284
-2.180796212657672
9.796580845946693
-6.821348340478902
16.60682026623973
-5.764632586339946
-6.490207768933729
17.478328862206816
-8.883185313624375
-10.803881826033269
7.977069906653242
-7.927922574504107
9.580201460251011
19.102727968047347
-5.529477675723351
-9.26069916591587
-9.740983192053235
-6.804263250871179
-15.387190850347242
3.5029308620910484
11.04851007895505
-6.507634500052774
18.175497042145842
-15.434917912507192
3.2323756046017706
-1.4654620861389454
-12.013498908096123
-0.7596647511696197
1.7286208058973997
-18.066050005651277
-11.511101684241329
1.1431854741134089
-14.217997611364668
1.4638667076385588
-11.673782573312073
1.368140161130512
1.5231230491589542
9.299490405449518
-10.268215853930629
0.7274443332419267
17.171302080871357
-3.6170489795294785
-18.770041728324856
-7.471139194465156
-17.716428911998495
-16.63385601336057
-18.975497094006826
14.699395016747786
14.899747659545966
-7.232573452529705
11.800994696603851
-10.166378350002141
1.483138862096709
-7.939903221237486
9.179566370073168
-19.20334419900199
-5.924637445398613
-12.528348558969506
6.554423334523808
15.380876095530553
3.268374538698531
3.5996526339996784
-3.896222634309975
-2.36158374071654
-13.210201126963641
-16.076819892989732
-10.307385889044735
-17.461134774408947
6.433696212232178
-14.845107840391126
7.183690125000592
17.617492388100942
19.005012224279
12.103400546754564
-17.960956730801065
9.370818047588084
12.655617469349117
13.071661380270037
12.169697888471056
-5.762642152105775
10.747335034101834
-18.37824863347649
-11.246431934196934
-13.607758777693185
15.145394682088508
-15.413703254321064
17.76715852150265
-6.692301873343309
1.4339635919922102
-11.534544848041675
-12.91714425917303
-15.523360816259796
-10.729328145949601
11.74717039989065
-11.740120480912353
13.386181982259714
19.95132659130276
14.929293624998216
7.1376651295424764
-6.316121238384657
18.15935864340186
-0.32243267188635016
1.783363401302509
13.119745218565178
18.557324454788194
-15.225320826593673
-7.630734833917639
0.6227113740509793
5.71784391354673
-7.502280561098736
-1.7427688150010923
-0.017693671433349323
19.276317005791135
-15.933571215508596
-13.035285824044372
-6.398338112264202
-16.318275489841383
-9.724035974051905
-6.354761329996155
-13.061251429316542
-18.096289162232466
14.365455255386443
4.06964726801543
10.517409840508037
14.616075125879021
-16.5168716678331
-13.261728025217057
5.380967166043646
1.1837559537101185
-6.83914947267921
-7.469760487284178
-12.900143807721216
6.536545082432859
15.700213672977782
-9.712942478511838
-2.4995006985626915
13.425710132557484
-5.948063683959441
-3.088342266406837
-13.2707119822885
15.506570461719392
-16.541609250566562
-1.268989002386597
-12.644624597743089
14.188202432620116
1.424706564364513
6.437516870483982
17.70186955152834
-1.4403703634613976
16.097377723563426
-6.4421843844318705
-17.11000695657002
19.876465164424587
14.667965798326591
-3.1753525677390506
-6.192512919732263
-3.037822972499683
-4.872520197063128
3.471908320459022
-7.70853094314219
-7.199105899713164
18.631418495900213
18.008649797992298
-5.965029397669387
5.658229477884259
-1.21390367714476
16.277032947629557
-9.381814479343786
10.694503771015107
-14.49740330690043
-4.157950658817509
-2.4883153286689037
5.835298439386559
10.62652201266021
18.56637622555221
-17.23001046511104
7.312840336523102
-4.324859381665277
18.70908141280359
5.868958016181217
-11.370013149582924
14.055557310596186
-16.71374716553444
16.408124152171936
-5.7688094967313575
-9.867247175796777
5.639573241204818
-17.47366416893314
9.772110752810796
4.013948957584095
18.596697962141697
-15.000350249348955
9.837271032939462
-19.02596787728882
-6.993719578370566
19.568505087546697
-9.714250009852691
13.248482528340745
-18.858515403090173
16.734158369628062
8.654434452123006
-8.460412268121814
0.37386285600170055
7.078265833224879
17.289604023384683
9.625296688604742
-3.7715415363416582
-16.74339909131953
-19.87949857915588
13.009455204772713
-8.274399456836958
16.06450321283163
-5.296479283081009
10.012001590986081
16.079734690423095
-14.221631630100697
18.763255148093457
-3.1528043873809253
0.9993838964150825
11.83689489667232
14.549918446049965
-11.242025648581002
18.617172099689967
16.83009674319362
15.684033360388732
-1.8782191027560593
18.892212361865433
14.890475764420394
-9.205279219135111
10.403839950509813
12.581689328858346
6.692114986842547
-0.20031862156125158
8.511041147798537
-6.239604599977643
-3.469897096867683
19.869411618219665
9.445668455493067
13.309080299928347
4.632427267010829
0.8267479388080154
15.30189829057148
-15.340004724952557
-5.82977519661917
1.8509928196522907
13.119160181269812
-3.740204436976569
-14.38322177752946
15.320338896499258
-10.221956882789733
6.700866898563753
-10.115178245858537
-9.88862410846085
-14.663968819105385
12.675649375909337
0.020309153900868182
13.353232669653174
-17.821341742218518
-8.480881307196416
4.288234896501699
-5.436584569939203
15.046786409357154
15.38951504495978
18.45075105271843
15.786624330828744
6.382328193295702
-15.70745031633281
3.391198067026309
8.269113647127519
-1.8895570420632346
-12.068122041787568
15.428363385270877
4.895652727565473
5.579100628742214
3.393564239482135
-19.414644070215733
18.87494369796257
-4.343888284755014
-3.199597717540975
11.567418202009499
3.2647063016179025
-3.9432776487170607
9.651508971269493
-9.055268183363477
-12.277084726119405
-0.7862034892113456
14.707295058921908
-9.604114577215714
9.909420364961644
18.2418780413744
-17.11876138