-4.263108396729143
14.110127785678472
13.939182772918926
-19.574507388493174
-8.975181582589578
-19.239360811062276
12.346926786331679
-0.7406976951599589
-19.607796361044482
-11.084536422369657
-6.8294837971190745
1.1707130449931533
-19.179822735236613
18.67828943259287
-10.02571218186047
-18.0475689691942
12.855569017639773
-11.562597291298271
9.240151532122809
16.64290610155919
-6.692051057148966
2.51251533488081
-1.1673042584721927
-4.771436429524538
-4.000992165601787
5.032112142450821
-17.962748438271035
3.3977094475408656
-1.739063698197377
-0.27710615361706914
11.540869754067167
-7.12944502963146
19.366798773376907
18.21056515400575
6.493030470798239
7.625636138840463
12.409457761612622
7.681314630624861
-14.179283412168804
15.218763448354629
-10.515781773152959
2.7259885107073174
7.970890031426336
-14.861103076218685
-16.811935561981247
5.618655322477295
-6.9605308464755
5.47558649255787
-11.135500415784119
-12.246194161397753
16.29243620289489
8.883731406998749
-5.0922257079216635
17.81521471758508
19.43378560090389
14.285871058745883
17.69394851073678
15.885765820458715
-11.447581881661591
-17.924815632812162
-13.181572411427439
-18.264747013805266
1.155929484576422
-17.385878418753858
17.46508294696652
-7.843325808092597
4.699361789326044
-2.8564114873591393
12.229339421337087
-8.1778469047029
-9.744873072359553
-6.333076012555004
12.289196865081657
-0.158431918259879
6.154004313570422
12.108521280228672
-13.1515965480631
-7.190083020556784
-6.440190592603816
6.466512533970107
11.709248042808692
-17.286415108638945
-9.648491648252428
11.58832174473579
-6.122176331449216
11.880321948936626
1.0671962907124097
-5.354543512077118
1.5470669192262285
-11.940455392161425
-9.311448140324515
2.426091060873862
-18.623247682071042
4.116182095201996
-5.360347347911034
17.26957398264298
-12.671423537079285
-7.826994954224219
-6.944509754628676
-5.577905881919577
-10.214093615139648
-8.56673366941125
16.600069392745432
16.631107649367458
-13.326621168718988
14.983229037601284
-18.810159258289737
-2.0990657045844507
3.4031359286373473
-14.10653950922768
16.430394323162396
-16.36272301292597
13.006817766303833
-18.945342127036294
3.6665480258097247
15.094029656527198
-6.153853740624587
7.460077112172357
9.577378394723453
6.223793456182992
-15.312125012437189
18.01764317111278
15.037970888017313
-5.1457528522926275
-11.03309055418405
-0.4007941953120664
13.725427383433725
19.48346941990495
16.92171298533686
-1.7720843991147497
15.89840049215271
5.452828251288842
14.271910013976317
19.496661839368514
9.517056015900721
9.40799792661398
1.5616174072488533
-7.7821265426752895
13.19521081135644
10.047094368123531
-19.30821732846251
-10.632821450542632
7.586679757219187
12.41211909767572
-8.906715480427096
16.711819001859723
-3.460934441353352
-5.434978763017293
2.1562483270580337
18.746088479068305
8.323221037843517
-7.30806021799641
18.315431473555726
-10.443379519104452
-12.687778069022118
19.71511624086469
19.948539637247976
-9.811321480168132
16.595192555510238
-6.142729173732064
6.653577384268967
-18.298445119222983
-4.228182617710527
-8.915629584954704
-16.52231702128176
-7.3871053780010385
6.678737919885837
-11.99715081911311
7.378001451981916
-8.880805635198064
1.7646108401090856
3.663485582855497
-17.04963684564174
-11.050636159440996
7.686109513244219
0.27844001011164465
13.541222620485279
-8.363441768956012
-4.996555406700139
16.31023768192481
6.98298011984172
-15.73580289925431
-14.395229959680886
11.321640776731023
14.778947324312377
-11.721708783338002
10.65152539185156
-1.4153030542965794
-18.788508370572366
13.784572825269478
15.911437069662647
6.0618760703994425
-11.88686418948636
-10.979858545071682
-10.105318362619542
-11.406658204816008
9.84229074271473
2.7414956087389157
-18.431881755683794
3.9184564661466297
11.529061892063773
11.893365507105326
11.558852449491376
10.345664101022727
7.034513530370763
3.9359867060434794
-19.28267691752264
7.8930919635991685
18.949820632041153
2.677756583015313
-19.069042715204723
-12.85651364906859
14.301239790402185
12.519674431750559
18.396282332579162
-14.35329817338323
-14.510013975957229
18.53317897714595
8.954581312024096
10.914955239005355
-4.126140464558134
-13.146336204852528
1.8192498400735566
-19.138555362174507
-12.291538318879871
1.827537257575365
12.854786535699972
16.75936182430987
13.443095940991782
14.23145572651373
18.75587633744467
-7.898735118605341
-18.730049926538964
-10.51283451012473
-14.544083907158916
-11.619347221204702
15.104971524764196
8.37465166756871
0.5689568481804486
16.12416516267168
19.029878113124063
14.692567811703455
6.611567891862187
7.127492575257538
8.671111067320979
-13.926052472030603
1.0149156754082043
3.3158236837879613
-6.0248968285129365
6.279490324173487
-3.64619984230357
18.913342152601615
12.696360220145102
-0.47673483887822954
-15.079747472549672
14.181382979218917
-16.007245484438215
1.6347239390131243
2.2447996063111653
16.917887044009483
-5.330588434759802
8.607658543557648
6.300749098342344
1.4287160119695415
-7.029767347836309
9.535445532104532
-4.974754172026197
5.128002467464977
11.284488348027551
-17.722534376631415
1.557058776732294
1.6048418843113978
-10.828357978299085
-11.47331010177468
-19.610575779813022
9.491923465033413
2.7839463474159523
3.2920228183811098
2.472515896086122
4.883791839183743
-17.119064824367918
-6.630189980326286
2.7230956150267325
-3.8992293061887437
10.133557054075016
-13.083196985235883
-12.876625305405955
10.052899572754693
-11.275522327889407
14.246920377427458
2.6820138735473407
-9.39746988731033
-1.9575507249259338
-11.638330039216477
-12.552402119907647
10.290322690828177
-14.18077726502962
-11.177723197224477
6.787853831264243
-15.252319512559879
-1.0730942239354526
4.1831989895344925
-3.964993229861573
-0.8259711965895988
-4.645263483187549
1.2138891523555415
5.211845760319687
10.503280400679607
4.966794456211083
2.6712076075414686
-15.736153716021342
-9.870282561002508
10.025763853801138
-7.31770573263708
-19.68129469979921
9.29449107526321
-19.388941779936005
6.2886707344681625
14.900402137811419
-14.617109480266341
-4.451480696276837
-10.805807354385166
11.702453903939674
-7.555135294057438
2.4801731080210914
8.148809983452793
-19.491248192484996
9.907552589433678
-13.190788833122106
7.878546149647697
17.70969083924441
19.912659827694014
-6.97942455675765
17.473554177039112
-15.816426378594661
-12.117630536093182
-11.006640322231757
11.535536886073583
-13.928286251569393
-5.415630881600823
-10.51962269166241
8.375331460378863
-11.375110301184911
2.1903006657881434
14.586752855930897
-10.886446401253206
8.361989894205898
-9.719639282710535
7.8955016012872115
-0.4107960610808412
-14.281447770492374
-3.496410789479274
-13.969335370934711
-19.594082831362645
-5.597115843620015
-12.464148878264476
7.777761120542056
-18.129325333270963
0.5436450180214969
17.727888888277434
16.880315407827723
-17.009989365473118
-8.837584459655545E-4
12.830826038643622
6.6682396600993314
-19.581606299719454
2.5530935082486117
6.738767928719156
12.38783256019947
10.132050149896983
11.059221226915156
-15.24285515972716
5.30941258847821
-6.219091166933941
-0.37540949151249947
11.149301601468938
3.7387197667735705
-12.594473650348984
-15.59543022021673
9.552839475343028
-8.425231586138914
15.403163436386798
11.609485296108101
-19.61515475686992
17.77556844403803
10.066453146239397
-4.446118040420441
-13.062104715175952
6.246539292593461
4.4007440197633905
7.097900776861437
10.00007676919433
-11.756459710457312
3.839556662891912
15.259956064474679
-9.765567967925012
-17.78247954156273
-13.33544474390588
-8.219768417567028
-11.083045497459171
-14.488882897307708
-5.866930083500282
-19.1499862319046
-2.866218308475613
16.189623418199638
-11.32299851709476
5.739883140926949
5.664213907246026
-11.690162646699932
-1.243605372551933
14.122685927645165
13.763709808685874
9.262170610523071
-6.276195743577876
16.748002475659753
17.304985684681313
12.931708920909834
-7.203568146064212
12.644120544419401
-8.150058240869775
2.942586009056374
-17.531430313611892
12.88599530997891
-6.7911637831909
10.70031509520776
9.414613246867596
9.895874097581636
-19.254750693489157
4.914610729933109
13.994380207087183
16.439561360711743
12.878256617118346
-18.610738672675943
-3.2691221287965853
4.889363012338983
-1.2453296133907408
12.55738771453479
-7.9360775353530855
-15.203151007817098
8.92333714606163
15.07455224210431
-9.621523573567089
-19.802128571808918
16.12280119492401
15.240271349931234
-11.62030750762419
-15.954681456461408
-1.8554903366455697
12.566408181628276
-13.14246428059227
-0.906057196263319
14.215357286980549
6.039656789074094
4.353509755922378
17.60552461119923
-11.699800769028265
17.729238383036275
16.10394796057095
8.571006806062528
-2.2996850405163336
-9.685666090440556
-5.754981136190768
8.266715845279364
0.6976030282194934
-7.1231874484742175
0.17371916907413265
-8.748985342365089
-6.280071901573429
11.295713764531659
0.8817509015261109
5.763205672090358
9.19441447414303
-0.22384004884100506
-11.789813715706195
3.5276384280474176
14.556630069180734
1.0415793800867377
17.3861343758874
14.047110208884732
13.295131615255997
-7.300795873647701
-0.07216846030445367
-2.096929621815473
-2.9559863960003874
16.225690952445333
16.710628362634957
-17.380120433056263
-2.3769330284501393
-18.554829630493984
5.44998124928604
13.609390126790089
3.171229744002492
3.107460555554052
-2.20447059893759
-2.7618346959173508
-1.6262961347284808
19.068137763239697
0.6078038621332311
-12.670915805401751
6.180891171938793
-1.8659267514504947
-9.99921849017333
-1.409392921829891
13.48508849635725
18.584314471266957
7.97920649489345
-18.434603714615015
15.3214672378799
17.43008945596162
-4.831974387345328
0.6116703935664134
0.5122795653309637
13.706340045596498
17.665568993122363
10.179942160005304
-4.13504328272162
-4.590304094760942
-10.950715758708247
12.415813596812349
-7.741624120187973
-8.004045574853382
-12.32163960125542
15.09204274628648
-3.48659936456826
-18.71580060347977
-12.182120671501524
-13.816089358271952
18.577021111385847
10.083922257868526
7.506827718301746
-14.69377808867641
17.32222458638845
6.8058913640967305
-12.092007969471958
-19.840935433354584
-19.554743210520506
-2.2140349648097057
-18.709631080807153
5.734892571603094
-11.90003960007223
3.995885960247726
7.25323218036776
-9.700164411775788
-4.575646272015224
2.9618837145835677
-0.5173381240001937
-7.398318519632298
0.8338165176392351
-19.195455761208613
-4.247658022106226
11.43684356280884
-6.003950732790923
-17.124135586985282
13.120352113427629
-5.14835505955984
13.988998255861766
-1.665829184810125
-12.939220250589152
9.063694974848865
-17.982458494708794
9.302851329518681
-10.999194788753751
2.747497658344603
-11.86665969154452
2.5746990237794876
7.561582444093663
15.219586046982144
15.770794170303134
-8.702546002494298
6.439584753819911
18.90904724699739
7.196627097207461
-6.473671508648611
-17.687442448220775
-5.628824851301765
12.581803136277195
-14.343786294840069
8.664772170468424
3.8238056476668625
17.502754467272283
5.868285735557318
-3.3436690713197557
-2.336306837561043
7.176139347463227
9.959635757645113
-2.454741541022397
-16.63590894156443
9.97536995109213
11.38727735087166
16.34708440029268
-9.383698289557007
-13.888119879839627
5.903623440679077
6.01325566722473
-13.549242609889891
-10.408974419790988
-4.508835086555628
-15.482494455069524
0.03369569434982367
2.920441158377475
9.639812106572695
4.207678048683686
8.076001803141004
11.735146204322653
-0.49953418969796815
-5.282961966385059
3.0776280037859003
-0.023540166653873484
11.965800045008848
9.679818914414788
-17.91743767115109
-8.036013031283664
5.391905974376595
-17.00659801384529
-19.165035975034954
13.49542788765406
9.910425464083886
-13.45043529307404
-10.000813318110673
5.5413648294379705
1.5606731188003096
10.873240498093743
-4.5495461581931185
-13.753220410214219
-19.901070910307563
-7.515545582749979
4.082848587373022
19.65852550672075
-13.282125380180005
-7.602506526875278
2.7794408941003432
13.236102223067633
-6.826903545224088
18.76245961511252
7.402084758821822
14.610788998405198
-16.45258139357754
-7.139071441028575
-4.7997456026673735
13.230896273112485
15.154407792149215
6.584392112888583
-9.281026272753339
19.953265208425435
5.922100664230179
5.15836512440087
18.515889891927557
0.7459842862139219
-6.778207345074737
-16.129040126820687
-16.395942761245372
7.578520964094512
-16.28166409985169
6.548860226046145
12.5315203124403
-16.22539345152051
-12.548117170412091
16.237730199987006
-8.188070543313778
-6.13884399261913
-15.508471589891112
-0.2774169108672524
3.8723741135098813
0.7069163689765077
-0.4959484220149726
0.5438080157329068
6.651187959524769
11.318244525584852
18.290251224160812
-7.272109745224631
10.073541613399975
-13.790591101581974
-6.357710694013324
1.8927593920385597
-18.87429971883648
-3.1715937618270402
-4.608328448236252
-16.084775131336162
18.123085943772374
-18.339868006059568
0.5378424029864526
9.470269589956239
1.254582316709719
-2.369687483141032
-19.31688171279488
-18.310241387737676
-9.27128045800821
-4.791896015724806
-0.2368539405596728
-14.689733562319386
6.23056704061916
-0.6115312244072477
13.823197826951684
-19.927874851854877
-16.370386850616498
14.83806957923506
7.178153610590581
-15.485369517708731
16.768506390715395
-19.78958602708908
1.1702170194294794
0.6864513141085169
-5.2178175438191055
16.03209199031737
1.312349085661623
16.121850502742852
15.829523814944203
19.66796530894915
-1.8760349389118112
-3.292402428358212
-16.997354235002533
-6.7055488751824655
-11.201719555973026
6.1622630746384175
8.939648452889287
-8.034821301522586
9.928336154065939
17.862811324726017
-2.6480434562379394
1.2459903366652085
19.731509793430483
-6.936090268244563
14.003830364453613
-15.07794338262988
-12.360198990617647
-18.946873816578087
2.0312300120988844
-19.79918662050837
14.775402121925218
19.791832333420935
12.018592345270598
-10.939282918249035
1.183288348516875
-6.513296337285652
6.142559979887615
14.958235026271126
10.000242316642268
-18.630045527540812
-9.171642437314404
-10.220697612771383
-16.645645270344076
-10.632545350665215
7.288307625403732
16.71440624174152
17.675181850454614
10.84214882095467
-2.4453787454677247
-1.3178160769651903
-5.630707212012226
6.490351957308803
-9.62134526647846
-11.494501874828153
10.178020756822463
-3.53629416212992
18.526612187386
8.652959161472417
-15.250734145865392
-4.722286097915976
8.471083455138025
-11.577334827121767
16.72196865221445
-10.86315569272855
13.847583240028655
-2.8877416473288875
-8.359602585961824
19.85395152720212
3.9099310597013073
7.361631921255189
3.424580746992227
18.127531206175718
15.349282481549295
-5.974598899990081
5.373843578349046
-12.153662944326097
19.426434566582998
2.66648264368008
16.200951083430716
11.839151918568458
5.216610920490432
-4.1458693833565885
10.301812399751157
-0.6775590594238494
2.129837146815081
-16.935227583840692
11.202517578989593
17.07285529092823
10.560460455988672
-15.508530602280018
-18.346715183476803
6.466621909281788
-0.11741873597771146
-7.674243752690103
-8.294809982207898
10.340678623095812
-4.2993774746166835
11.29692543504234
6.383817766159883
-15.959950364302312
4.964677566634741
9.838086705976615
17.83292187796806
5.7997859242445955
-6.535913616399736
2.45448631267422
0.3080034246354799
-2.7694810145931186
9.338509556767281
-10.007522224227493
-2.428105107732584
-10.603762489012126
-2.7762166094165863
-4.617288080884098
4.619227126387763
-19.86775164867678
18.315082156392315
15.96062292965275
18.578850281090233
-19.73947613321041
-6.566776929142652
13.117999455088288
4.427196144701146
11.88585669745013
-15.27269975120754
-18.082641364927277
-4.470864355452564
-10.225959054874032
-19.85800833404268
8.73143079243765
-7.426737884398378
0.989954920036574
19.849951345902056
17.01546233750185
-15.101409506901717
-7.582556819158942
-4.145616252158328
-3.0904937285155114
8.787016313214416
-13.065010529064418
7.470752564092365
12.772673528758823
-6.1389081009634126
-11.388717805361077
-5.454641637166766
15.619909430898218
1.8225227197188971
16.42575408647815
-1.748851807139058
-9.032408030941967
15.77668249569765
9.715492491386666
-8.883371134827707
18.031350707668366
-8.259126576013887
-18.131660662022778
-15.237013745710136
16.291290171968036
6.305810417367837
-5.27813587797937
-19.202681213909223
-15.414983911306681
11.304657706663853
-15.143032960754956
-13.238133890950007
-3.4680751573804613
1.58896192937393
12.49206331454507
-3.3759800784870677
15.503037095063206
-6.439808333198078
14.47810135331806
-3.1950358506028564
18.510227442400314
-13.276702104104174
14.391202264052275
-3.525796277133807
-7.243870603012708
12.937883803929637
-16.905085933630332
12.545311890113545
12.599770470097852
-5.127396822106682
-17.632399949942
-15.31928111936876
-11.396774406170094
-1.0373099067057368
19.039143106529338
6.1789784027276085
16.779257137837092
10.28329420039698
-17.978745954952572
12.192652496230757
12.635184246600815
-0.7423703860381039
4.233679296422295
0.859921149040936
19.542801665860985
-14.120007261132104
10.370716488643058
-13.296628951128625
-15.269554681376283
16.08469045124032
-11.433807013528332
17.201720293403838
-9.224205973735558
17.657852853899513
1.3199581554100703
1.0861394943890943
-6.829665436709828
6.165766781049911
-10.365959561045269
8.40058457576766
4.580152566314737
-7.721304742364104
4.17805414426639
-11.967900263392423
-14.26404909799965
1.1421686684244037
-8.858861576097027
11.055960477437878
-8.412023701136881
-14.870092040507501
0.3922315270821741
-8.059747783949614
-11.007767900203378
-18.49523648714975
3.682177618818997
5.833859067206273
0.8433573063175182
5.042786582709944
-2.4976288809476586
9.757711852495202
19.47836681147009
-14.470061224215351
4.135094176192034
3.382454087649286
19.316102659787376
-5.638817791094706
-1.852254508618575
-12.6122122445841
7.53867814255338
1.595494856605523
-1.0016639460206314
-2.6121084203855496
0.06103342148426094
6.995412680576397
-16.739309553916296
-7.073929415633206
-9.439383368509876
14.988599010623425
-7.5037014595169005
-2.2471987695377607
8.293613036479883
4.147307707622694
13.72077692414188
-14.12986906275683
2.382141543932047
-19.408964734422277
6.180366979984754
14.567298610087043
12.088144458557252
14.302908820936956
9.650370159669954
-13.97149559454968
16.779330446782076
-10.190028496021707
-19.1474528666774
-7.3787651485225325
-13.382818230855698
-13.53591940977493
15.085436407162078
-14.584518678905205
-2.6307328370412044
15.161919099428381
-16.396366080370882
-16.900048823598112
16.870205020764637
-18.389465004676495
13.916429059224164
-19.636624399710342
12.30238322822607
-16.740041354364212
-5.912178908701868
-11.078757863166008
-0.3308756371135715
19.566596124926257
-12.98016599327993
4.8639944043178645
-11.08900565235324
12.076909321116396
-8.814166266564122
16.52947718259118
12.568627633015403
14.461488827288193
5.416393065223936
6.158230383778207
12.478289719232322
16.085767697405174
-18.765588816437656
2.5622153167327895
19.101220467474327
14.785953581892713
-14.979026660094217
3.944724741482336
6.308632655026827
4.909700508306138
-12.936556247099382
-2.5129649386749193
-6.298334874837575
0.3161397089657285
-8.055579606941556
2.338461469722578
-13.393858997073881
0.8334469551983794
11.221308919168052
-0.8086148526611794
-2.648567165738399
-18.0512352172356
7.260421209457675
-0.4292589282547894
11.89317457079106
-10.716105503145528
-13.507995182594819
-0.8183217283913251
3.2782164504276743
17.263917575206158
-15.999722603500963
-18.984277361415604
1.9425576776144204
-11.983856004545776
4.83087615752963
-12.398285301990889
-18.386725773993845
2.905548689965684
15.644019679043325
6.284683246349559
-12.265504466221628
-18.388181437647646
1.9985368175831475
0.40108337915291514
2.4290043255171128
-5.376242041998655
15.988347943557322
-15.25900177303674
-14.215823414465167
-3.7124058325566587
-5.558553859402862
-14.592490977714387
-8.250473157300554
-6.461873324294105
7.824145996544566
-7.2711909622193005
19.522625235261096
9.771449015386398
10.301786195179602
18.3555278068115
3.219775618283869
16.524038325885854
5.727461361178129
-11.93848500446812
2.5504240294284095
10.710482168206
-12.35606133034489
5.49419766650988
-2.8620382511351963
17.178721432632308
-1.0528643622437315
-15.226550883418826
7.106258383412538
16.04377898879386
-17.715634054469046
8.69866669306397
12.725079495517647
-15.623776301127972
1.3990642284121115
16.76783729018004
-10.072674459899575
17.700304712007636
-19.628966700888896
3.0740739737146257
-16.227807099682426
17.352185440660996
8.771502356235722
13.726413039904045
17.62377011110263
0.5798966236613055
-9.525951554310419
-11.334857329454513
-19.09841722567007
14.31407986713689
-4.064077143539508
1.0203655360239772
-3.6292575437783228
-5.488152925897616
-5.944653291141652
18.74502230934567
14.697315160526855
-3.889852380010961
-0.9575812230109868
-13.77089580891925
10.517036950961032
19.693779787401674
17.290368386155613
4.361438137339121
19.791207013381616
-7.895565473679245
19.481451747664195
-19.38582742375765
-18.500456150821314
17.12873218263686
-19.31454104000943
-5.852920908303151
-8.943770320740407
14.761614455956703
-17.55401858721079
2.6205436371460458
-10.122010351106914
17.721345587182398
-9.594616827200051
-18.67059317083787
-19.863107790522502
3.1509458116465865
19.774445337497745
5.053845975710324
15.37243536481607
-18.552261836021042
-15.41926699525174
-18.704735794516584
-15.800110324234407
14.883596885531645
0.744697492685205
-9.116782816760892
1.9968083560097583
-16.8264537710424
-4.232844987505061
-0.7557409502541148
10.419476288532806
4.966843240385174
5.348939519814483
2.4898629930306804
6.767928818459108
-5.111128375956051
-5.516246239607776
16.6789539584081
-18.521108141283058
-7.02568131965565
1.2476860790858204
4.388671131043587
-18.931601674209592
-14.555941089351867
17.00429229704048
10.036134067662779
16.232751460853684
-5.815630924273956
18.407685957836605
-5.885331892862746
8.056901232210638
8.794407799474094
11.677014372576874
12.310691178092263
-3.035329078267047
-16.394224486001086
3.581658353180206
-9.1187871590116
14.760354148232196
-5.091375852994165
9.788193434805741
6.2366613957716375
6.4337109521683615
5.055779337751719
-7.439720589428838
7.394987423679282
-1.9612246147199741
9.376808230632072
15.363452630127107
14.084994982946391
-8.913386073581497
12.855830901399557
-13.745049782793854
-9.630714799318083
18.86795415038995
19.393434163697364
17.049194196350918
9.30745061617921
8.114005350646561
-16.184400504455958
0.9321524650551929
-10.609966109587683
-1.9172793538592323
-0.9301859622216568
-7.219138730357191
-12.66726698151646
-9.981971131755923
-12.351812321557261
2.5648452170833025
8.526839604775326
3.017357924121903
18.89997516782151
15.409026378134378
6.933932114518768
5.988556731919601
11.950897688683057
-6.686326804312262
6.58333777934482
15.838426121442154
19.057467569247514
-2.1575620231240364
11.744325765272272
1.5754311688682634
3.230591051478985
-6.955605696065309
4.686128753370987
14.261210198198626
-8.067285058053756
8.715760107884037
-13.275979161117725
-4.867192443404459
19.116337439679917
-5.74583219084866
11.488526609258809
-0.6045830127387006
-9.90760556369354
-3.569138214710655
-19.632440614287447
-4.737162077485429
-5.513302738300876
12.494570944911509
-11.402109790027346
14.40856796293761
-2.835797588594037
12.472804713667962
7.592478567483457
-6.395577121005115
-10.745416066071014
0.5049300192289472
10.860168157740336
-18.561710752619398
9.65682450828296
-8.36623818046947
-0.49650085319073156
18.982867155189766
-9.231908377219483
13.873240778641232
-10.427178845871747
2.061725903302868
0.5736674059656792
15.236980052130832
4.871601250115138
13.957546292973547
-7.45143458125983
15.558563692832855
-4.2378829620503
2.934072447737279
18.550302685129246
16.576016774441833
-11.042238173059452
-13.596895010053927
-9.649696177293979
-17.199368881627528
-13.294916500550439
8.734717182851401
3.307399467305004
-5.98176695431075
-12.0865733197112
-11.702322502134649
-16.839299055664366
3.102586487184162
-6.869498747914289
5.986718630087466
6.7306563411376175
-9.233116919573106
13.254053122475128
2.837389331537704
5.408781538772768
15.774741025268675
3.916244463987944
15.447165454193218
-3.4299061229470205
2.1707442551444913
-0.06873631451003703
-7.138201908530974
3.712208960006045
6.085156827178437
19.250656388604604
9.600537524207361
-5.2009738628217494
-11.90779147336158
1.861854374218609
8.83081308540573
-17.35842055106701
-0.7089227540848242
4.164190789885403
6.5145009615208735
-7.193353156985376
-9.64284338300526
-7.274567187147692
-2.737166550685906
-19.165101741959674
-2.908707389354454
12.916528817954365
-8.39533754851566
19.387163685045415
-2.682331908644308
-11.771045500849283
-4.6283239057615155
-13.630399798430686
9.007985911878258
-17.51767561196139
-2.008460088390102
-14.052702092103608
17.895783797229683
3.269811222081458
-16.66410829640293
-1.7907531699461465
16.970903610678192
-15.794801828396551
9.867184647451875
15.1333358184474
-10.565954673930777
-11.87229370199901
-19.83577059867667
7.803673054583399
-18.068075630269913
-0.5153610528526151
-15.799504278886086
2.0290853601093097
19.659849949842027
-17.374849844196877
-17.12147502470616
-9.877190246515681
-13.767770160121934
18.794678501436486
-17.028025711781993
-1.876196944279421
13.359708291415373
12.27653291293931
-17.031381001137426
2.3174765968767446
-8.150472801567421
-16.509117571089167
5.335163249312949
9.886531157249902
5.467328691104658
-19.705660147928697
-10.267660277178091
-2.7663534907908236
14.735286415807337
14.650019961506018
13.205493726500485
14.397009700210198
-11.17795317131641
-15.565563937517336
-18.76571070886317
-19.32797619829065
-15.396881144768827
-16.900202488642844
-0.633813421454434
11.898702973214096
-15.167761546612555
-3.0884843738492336
-5.131151220903035
14.31962247037039
0.5844128667623352
17.01134823780626
-10.959776038019232
-9.013643297279327
9.281023965447062
-6.931502426590832
9.5194600115545
-2.565688491182698
-5.936455764756063
-12.519890154755092
8.745682758869702
15.712844010529267
-18.02372038328743
8.060842700730802
1.2419469183706227
-5.052679945480003
-2.0603210734761
-0.27477910989786025
5.2400726086858995
-5.020525328874715
9.118207474770589
10.886737338501757
5.211899547948544
0.905685770743613
19.174623033893916
8.40759034998344
14.313958753109937
-6.678302833030507
11.066019198324184
18.58178049065655
13.869287084801336
18.823833126953772
9.121440496327487
-10.484984606578568
2.0255952723379878
16.112773789168266
-16.71557199018451
2.470580670241752
9.690066072601901
1.0156774126109909
-19.62012258396667
-13.1673279914212
-3.9297399156471933
16.266858821165677
9.380952957727647
-2.8401282918125084
6.722125561237995
3.2103430304877953
-1.5246922649639245
17.341767835861837
9.893117242078702
13.174417125718215
-9.499297919068974
10.656337025128192
-8.988657984399504
1.6142290705571938
14.704633852519436
-4.029126707650983
-0.8721531235552007
8.20919784940233
8.047524318668096
-18.91954170043619
13.199284411649742
7.7327562793116265
15.712221572348092
-17.683452480924423
-7.385974108126998
-9.641487078206232
-2.8241023945498043
-9.39625015374046
-10.474137556725767
9.11570613545242
-12.680038988378865
-4.482694203385712
19.976728863515547
0.3473508623819974
0.18301946004771708
7.685824168874127
1.2934826497426428
7.108652292898022
12.425975464349023
0.3695112361522348
-17.39760168579009
4.8642191262493455
-5.616911583149747
-5.668740073592593
-4.3648630226811225
16.35307735604183
-11.923846062377862
17.385068879065393
14.951242113330409
18.4844397764516
-1.8631021368969094
-9.660215571442507
-11.402804286294375
-5.464965201258721
8.406568186429308
17.987299368315412
3.2474184783196165
13.028003213948871
-15.022610170237058
-2.5935480835563673
16.936648747995974
-6.504699573677716
4.729987761103615
-5.342387680053431
6.469510377608771
-1.2648334253404094
-18.816754181447337
13.111961929917989
17.21933824580143
13.444329127946403
-17.31514132371542
-7.737114213440517
12.798538801969585
-13.521301208417631
-19.6391766757419
3.3111410732351487
-6.86004323564025
-2.0968130022211255
14.803960460412277
-1.5532294139793095
10.286781501443212
-4.300860738030199
4.913885490619407
11.1991780945553
17.614788259568847
11.771616636037674
13.782302880056278
15.103863207245595
7.050503861798507
19.006794572577526
9.991931924148048
9.122601320530027
-17.37644718989162
-10.778914381717222
8.976319646116654
16.8186952687269
15.380712920876
-7.051346992891649
6.145300302729744
19.457409375100077
3.276367357728045
14.160109498062468
3.019874935696663
3.8767840373490685
5.498919645785101
14.689233063696676
15.219664838663014
-7.941045527507846
13.290679166235364
6.819151524438315
15.05895286800714
8.42255649067955
-13.650679487063137
2.930001612048425
-13.422326192072234
7.514843959590717
-14.40262531640126
-4.559892673955046
11.944608088203083
-7.342763474692294
2.499822783934782
18.943463693909507
11.03435805062578
3.913880243278495
3.4303993937307062
-9.493730604781545
11.85445432006524
-19.220245852483732
3.413280926550911
-8.221037851752747
-1.128899506873804
-1.5204791600575476
16.118564956518583
-9.138910784928594
6.508458525865677
5.111581977558032
-17.71104555386679
6.758254984274927
-14.666806090173964
2.73289828265289
8.167541222709147
12.401340866630733
12.82353025327059
16.912391578986806
-17.837709957476314
9.711795124829933
-14.117017817120132
9.741271342539637
-13.824005919485248
15.35016929154024
0.7447919004187717
-3.992166183040929
-6.187969199203174
5.023934072135461
-12.039384624783711
8.855712403843437
15.989805555865011
19.53865495069291
-14.533727106580683
-19.702246739425668
-15.322365363381682
5.349728432610984
17.375868867352608
-16.362188025727733
-12.811844050155052
-5.366242128847357
-19.96595777276349
-19.8370397589707
2.535374332193747
3.255526042841332
1.003841222016323
-12.26640206596084
-6.35257770036441
-3.6015701617656433
-4.152930721828243
12.866759513018323
12.25514654498484
14.303433306384079
-9.61625563751214
-17.600938582588487
-18.477625179426727
-5.4884875079501825
19.965353185476417
-16.32312078449231
3.5766616825968356
-16.513942487215914
5.100058677345679
6.0072772392880225
-10.325973181978094
-8.098946425355265
-13.7774298594381
-19.183019579743245
12.330055945807821
-15.241964067947027
-6.161978241413056
5.21770831978149
-5.949733019038458
4.652684292429072
-4.442195383726247
-14.846987410966378
-19.771570655517863
-1.2098812887175896
2.2140300339762007
-0.6458758544927292
-17.20019919757021
-3.699304330364214
18.821349767478885
-5.987401692814483
3.9801076814433927
-12.163599189762362
10.783183657658832
5.543653448093512
-5.314885628885278
-5.620170766004847
7.116172675620703
-13.06344001008133
4.6148555295161096
-6.693501068137033
-13.970213297925369
19.732264719315936
10.623606092213763
14.81236691797016
18.645751648773448
-6.191719699578737
5.954807783538314
16.38770234687135
-7.505313588013461
-18.789976636626562
3.079712466707484
14.360113363673179
-1.4565091481718184
8.158913473125189
-1.7416214048050982
-6.6024028808617565
14.97108159059269
12.180109952322468
17.907497669101453
-17.226437821554576
-9.344434633782415
18.78856046173248
13.0696566147261
-11.912608149190934
-1.6805521590604364
-17.840323679692816
-18.894875678235955
-12.17472510854038
-19.443187712262265
-1.779384065355785
17.949297096533044
12.756835905429618
-5.374935312109397
13.491483075758566
-17.694867578010832
13.221645014181
-17.264522045598632
-6.4335621638449005
0.11525472688140326
-11.409397104533397
-6.708584671169087
-1.5885548996663559
-2.555928071821768
-13.957166197283222
11.282973281444796
9.539906723307318
-4.487014136134491
5.7799398272440214
14.481427256983409
-14.413693062842352
2.7531120654315124
16.19993679516263
16.347126462917373
3.0486918307652644
6.81648897613627
6.602828529962785
-11.76672800798384
-13.560182361364959
-0.10318095857375553
-5.209586362996802
14.257191119160844
-3.5554200349397576
-17.699413043540524
8.245323426392911
-17.158500607957286
13.54798278074523
-3.2460162802196812
15.896812330727201
-4.460265727900659
4.455572903145523
-12.023617204565351
-15.232846934872818
-2.4016439768797007
-13.734671633846606
15.986880095900084
-19.286079320540814
-16.3775234906997
11.946727944693034
-0.5586684215802897
-8.828492319482223
16.372955213984525
4.272667066185726
5.336598124953088
-4.101311195464055
-15.7793009982171
6.168831809110628
10.251169935568178
-16.289139912108105
-5.712132456140484
9.596200630367804
0.5619312336741373
19.030888246575635
-17.513934867749438
-11.286539492257145
-13.540249030368692
6.184413533074281
-12.751273526085946
-15.601113113044809
0.023801691443399164
11.430541814418824
-17.2909756387496
-12.915974677428622
-5.642029473348362
-4.168161092606457
19.531232191291124
2.229645273813521
-4.2237817864749605
8.962468998975638
-19.72135070281905
-11.23800505809593
-5.525471844533399
-15.848494323278794
-18.78918440522527
-19.802728960614218
12.927536069720645
13.002635135839128
-9.241857566300883
1.7024058575391585
-3.2963569851676944
-4.1527786551964585
-0.23553101109963137
4.043988750526797
-6.87815244922659
14.120116143879471
8.49150727007601
15.89019465432034
-4.56851243761494
7.843664941436515
12.388731144559635
-14.859859336815834
9.063515280297874
-2.541481516853608
6.389493000332006
2.959154254814223
18.896458143954035
16.754004587833094
0.6216406118341702
11.188896055459804
1.8299957294728308
2.517060236792055
9.92525371767838
-6.038431250007118
-19.003914860889267
-8.523440835509009
7.003417143803642
11.41934255413624
-0.9959720101717231
14.103318429236218
9.672671461823672
16.993915300212088
-12.981463201892463
-10.929995615833917
13.465346538460217
-14.417575601928675
5.743290007980839
-5.28957110318219
19.393128376329784
18.930741991198715
-15.23636592985319
-12.951107566943838
-1.6985700376532336
9.009988137454688
-13.118668290624239
3.587861757215684
13.59190075160896
6.995960789593436
11.928763684381053
-7.765918932722741
-2.9333135134936903
-17.971763833245532
-13.35478344648676
19.064418467562206
10.339518816412301
16.631461506244186
4.153477057780897
2.621175270583972
-18.95137453674188
-19.342817957756818
-9.47766892217739
19.25738606336261
-12.106850751768224
15.637130287884553
7.8852076593467935
11.632201153764772
-9.663268113274587
5.186161904489957
11.265398119033982
-12.780261555354375
8.769317263435838
8.497773074226004
14.756897010756987
-17.84382011246446
12.225317750168422
6.829844087571576
-17.71443484937677
-4.028571988823192
19.202573804862695
13.212522234221737
-11.526277710954101
-1.2807730030182114
6.867099241876279
-5.102151375418572
-7.043924215836057
-2.678230281576365
7.365028234346816
12.15535641378382
4.784409749381346
-4.8632235236417145
-13.852734946989681
-9.855462479569614
-12.743528084425652
10.281684412492655
2.4573831685908623
-9.479159467292803
-1.2552364355305343
17.03285778006226
-16.581592025043015
-17.424851213960437
6.8764805361859445
-19.630113363425536
-19.468411834981197
-3.8770209506567994
2.646593545353035
-2.748457653958596
-19.310238581380933
13.878168366411536
-6.19321689610131
-8.957432134201696
8.029733741976898
1.8332623330938418
9.81231533996997
18.143974201550215
19.397052553836367
-5.6380491540809174
17.382721058303588
14.724244493213305
5.739825561736378
-3.104510300972528
2.894385273807192
0.11777369188413189
10.430987245667925
-5.747796251394593
-19.86990739048678
0.7774349520913617
14.813663925068212
-6.029711975207469
19.507176233248103
-2.729588258621387
7.425972602100778
-7.863191239633945
4.222515660751466
8.900900652391591
9.834354903143513
3.723155127468196
17.69315382170251
-2.264245549800382
6.454020527380443
19.59758865726063
13.966097067069818
11.928606140622637
16.813153827134578
17.17205895185225
-3.742021678558043
12.617712665008952
15.789132109967909
-10.185511163397427
15.808263248054672
-3.0232693868427383
-11.212270240299421
-16.100346383427887
-2.8764233124952483
9.182452185413812
18.05158343474809
-15.128824059236386
8.106006619195458
-8.90531670942568
1.8316770954740136
-1.0208188514841012
5.10747731697424
4.928329772348743
-12.251821976997261
5.271676800008063
2.933819912551378
-4.0528875516813745
11.039773432799599
-13.39683271215165
8.549812074783123
-3.0472531210140374
16.225193656937627
-12.26840470857832
-10.498447766326112
6.4710148382676245
-3.856196758088135
9.669621601580975
-4.770384408540451
-18.84569769836931
19.839208046296676
6.39720952064917
-10.01618209835085
11.181651869249187
2.61972732264708
19.217045206985127
7.551824336376349
2.6696148165202587
-13.456679094886791
-0.20976631958530945
11.770837977367414
-1.113442295289321
13.8875884581877
17.177037983786413
-5.893877676231698
-8.026521468845434
14.920578567927485
5.003532216397417
15.618633733552933
5.6155515800718625
-12.444297570767752
-0.015401217730975247
-16.297582662743352
7.398570490232434
-18.16971220822312
15.589030057950303
7.426321050201466
-8.758992386097031
8.382943462687965
-7.230508208583242
-4.8317981681578015
-11.344307643724537
1.2456311736626304
-0.12239528674211897
-8.115295365966407
11.854112891793108
-2.966324398015935
5.927886028553353
0.1636378649863488
-6.660138116013602
-7.348209444868292
11.793165526087755
7.696406711841931
-0.04811977185854488
1.3258281980886295
-19.33517920030402
-19.750869481716332
16.703549438645645
-15.809916346488656
-5.579745200141918
-12.293536553933482
19.659059291863095
-5.992405148908855
-18.74086416741385
0.9325013079873337
1.4661178487253181
14.424384222386244
6.280624218130114
-1.9830586812877726
16.54302422387829
18.05005314392855
18.316044220690287
-8.230592304373396
1.7558081648320893
16.046805556278784
-5.370328097900256
-17.331996192453282
17.95248343217643
0.019649833458579735
0.47057599132887873
-0.003858760737092126
-7.153003471875996
-6.496449514381091
9.980607954464418
12.731719214708846
-15.797382129359235
-7.510383492320845
-14.8387972000369
-15.143508511631243
10.220294924697054
-17.86733821080297
-13.366102315345758
-15.034102151047355
-6.358618991765335
2.2930219089113244
-14.910693810473262
14.287344325611627
-10.679735002275198
-14.38509658749104
-9.944481766250778
12.93561556814489
6.146774721764238
-3.3056006121949224
13.323682299503815
-18.9859821786693
0.7989690172809674
-3.823914262211151
-15.634816548533346
-9.157063329588757
13.832231019560687
5.601229316208439
-1.7373525149103557
-16.503205874415823
11.535652430698246
17.323736948898578
-15.444714370702467
-4.039454770945522
9.955005908637197
0.6910284349938465
-7.3677679787297645
-8.085135786614433
-5.386853218424248
7.361601751101748
-15.630116720714295
1.891320429461139
-5.886565010686127
10.792408077040175
11.421753166801608
-16.116435728556603
-3.946462111793675
-3.8698245864618386
-3.8669371076554206
-14.84529197016303
5.018765944556165
17.73137146344984
-9.770868323873806
-17.84645553643147
3.4197678973011527
-13.264245094902197
-6.9752406139596435
-0.26248007499699
18.64595088199998
17.418795512338306
-13.896481622676724
-4.555783616150983
-13.742708762834583
-15.362292999212137
8.582673989060456
-3.3071825705514826
5.955299747984029
-18.235062848688077
14.860543290184822
2.838222316436571
2.257469453373208
19.04414842719776
-4.09885423499345
13.858526719204164
-10.25124964288215
-10.126064987142268
5.853827924063157
-5.892313054967984
-8.461891260102274
17.407196228373465
17.075477246198766
4.370387927407755
-9.217799222298936
-10.898143479841158
13.435387921518029
5.646272557635665
0.5811819447509663
2.5030779926632434
3.7376326516826985
-10.025004973823588
4.934076496795932
14.785266725719907
-0.27487698573346364
10.713174251202197
8.892727437594438
-2.2713244941247694
2.366105437986178
2.266496654797301
-19.598651561526268
-11.054346941868998
-19.356293010770305
8.071599065898972
-18.643062353761636
-3.149893601925534
-13.974103954437709
-0.251425151517239
-16.775288631978707
1.8993751260371852
13.817712206665746
9.527416262730043
-0.4107164393584668
-17.89870618642858
12.946047671756048
-18.01769478735245
-13.782030502203156
10.441598275827527
-16.252341710174335
10.524150497562449
-2.2812493400744884
5.316828928921193
7.758196435197384
-18.608261789691248
-10.932943058329494
-3.7208697762225498
0.7043530835680514
1.505311164856252
11.280795113215984
-3.1741324089696263
-10.879905207553398
1.787759827775119
19.52799780272094
15.254391112331795
13.907024144562463
17.03790114990074
-16.830351977746062
-6.746785198551137
7.63129925926874
-12.04769628325094
4.98255725772367
-11.717721680739457
-13.746312231758804
-0.33929081763700353
5.224786109480895
15.899712161518117
18.912918366578594
4.560056740359716
0.7316801576340701
-0.6140626938511957
7.853590312147659
6.799201458945561
9.742795539395598
-4.786643245015082
5.2136255454387594
16.718564198890242
10.985025545225962
-12.722021432243057
-17.847223597174043
-18.515197549579515
-19.039712982888215
19.4885531239103
13.389307180811045
17.231161555734374
14.61146608918061
-3.823020055002928
2.415033547520764
10.807109765523837
-2.3896825944464375
12.735217757528822
-14.362971151884562
12.69048549712604
-17.018821458079604
16.254523892822597
4.959742638602371
6.430276571549403
-6.00165264609592
-2.624616409011157
-11.98516743865676
-6.800279302225984
0.2431332688896326
-5.313528684965437
14.442256495826726
12.651230978172528
-5.471232432377487
-18.725666619361093
17.065207700739776
-9.67595902593577
3.078578226460724
6.8983774018882045
-10.209768202274061
-17.934898070795203
-3.7701187065455457
-2.855579335642858
-13.791361434004807
-9.618421546694869
6.160139380930847
-11.969295636409534
16.28897267856548
3.5079137484154046
17.811987891788213
-13.3732418648313
15.927971998111445
-8.372160207844782
1.5386745908333843
13.711076941496152
17.951158278193525
1.429341748948822
-2.1077601058577464
13.152264205897623
-8.430153600816688
-8.880022395792825
-4.806361494299356
3.898416887163904
-8.022531825083433
7.960620830368299
-14.414514485849317
-17.34642742632625
-17.380553579128897
-4.188209048165881
-16.40524626466966
5.303974928620111
9.694009187915796
12.807507025374143
-15.840528381575481
18.108216560820736
8.317215529184487
12.299245764503617
15.036672915079862
5.221565235017774
-18.125892413582584
-8.270304749250673
14.624511319617135
9.762470516266465
-18.057878960708322
8.441802755191649
19.61550982296084
-0.5184225375318618
-19.186827950325874
-11.387052123727806
-1.6365948896924891
15.258891417123749
19.529691455838595
16.66507919118341
17.92246700468091
16.39167471929329
-12.121564955343246
-3.280049690240837
10.265993820963484
9.297456757371684
-11.562502159024621
8.88552800401731
13.68586661790851
1.3791372220215408
-15.905278783458403
-19.731305252700004
-5.380095316092985
-11.387158704823651
-7.083304822074311
14.644608205797248
-15.231883492187524
5.216870723288352
0.7802822419284006
3.7923606781017227
14.255068788373777
5.6518013016421165
-2.2441814008088166
5.456425738637229
9.612308673865723
11.579919299658599
-2.4921602006750554
16.92570436836177
-18.34286887836498
-6.731054032099518
-18.936893830000386
-6.916632166693271
10.326247304877544
14.858819664925946
6.7648761115314215
-14.763133124155576
-12.669669394481744
-14.579501106003562
-11.19896176041507
10.93191361973404
9.962311559926633
7.100445070462218
-14.310241723624477
-16.308084785335737
-7.610901878203254
11.694231358587793
3.677538640271969
-13.62065296502108
-2.5765060458390785
-19.65900229388901
-8.76303682912782
9.41646725971793
7.5955053809601125
14.09558019691579
19.839459115020546
13.708070026359557
4.369526584975741
-19.493498425349042
-11.496833040420903
15.704298902399515
18.910541150183974
-3.6550120645480924
0.02254528227138053
7.736170901030576
-12.890693328366293
3.17640984488758
-13.7065419044976
0.8040905505970883
7.906435471418725
-6.771692882210335
-0.1837009042504576
-8.432355793212816
8.394147864355812
16.311285918958077
-0.4263493502740623
5.428476859069239
-3.8445943269839447
-19.42216612700951
18.960788508107555
-7.799759552708071
5.041939436262979
3.6797958719798665
-9.599614293657744
1.8476415716825834
1.3373920999796063
12.173487675970485
-1.3806611247130043
-13.536477941456443
-16.7569575946407
-1.0182409719080319
-4.828415409073838
6.267850059406825
3.200591313384873
-11.799787187389965
-19.05384583641667
-15.591910060966763
19.301515495611483
-7.355071551448503
-12.95522689728504
13.878290926418032
-16.624123420588752
3.3451164584742763
-15.099187418381522
-9.354926750222212
-5.47439492067654
0.8564869871506389
-5.1898005290789975
-1.3640777686506098
-6.92872517135906
-16.7520896948052
14.848177295621397
-4.311731695428374
-13.668714151981064
-10.029042150287534
-14.5984777232034
11.262265429461774
6.719927370925504
1.6439256852629853
-11.502408937410111
-5.655339259747141
11.942332131449401
-6.275266600953152
-0.2705443489366175
15.43573093048959
-9.54734385905768
-14.24541212371997
7.744204023889306
-15.701679169157416
13.321225547998246
1.521972552378081
-4.127961100528633
-13.38255430269982
-14.733004464760544
-12.528858082566483
-18.268482911354702
-14.851336912311943
4.158017665891972
-10.473409325505362
12.86415327106478
-10.176600356221947
-19.161263041834147
13.667278684781436
0.39592259763913873
19.935026543945945
-16.74438915175546
15.502530027583049
2.39104420606569
-13.365908873324358
-17.791343156244473
-8.93765215016266
-13.777977136020754
15.515321958847103
-12.748853496922269
4.343384040609827
3.7026666364856418
-14.421224933016683
2.468622110593472
-7.261910139481959
-3.6096058042230794
2.0112078267945535
1.363828448860236
9.704810350558844
-18.823893904185113
-16.496384414587745
0.7494305137887949
10.787461046798029
13.201271635944195
-12.486059293641079
-18.229874039267067
-11.608598025557285
18.311034884385407
10.661335195344964
-10.049192797701414
14.19354422468524
-1.5085786409401507
-14.285326959457638
10.208948557825796
1.3707794526728492
-2.7558579151857288
19.66638180854615
-14.582878500462705
-15.314237002070232
-0.10101801972136926
11.140895029875072
-6.290451485993325
-5.588568587413256
-9.734808860623655
-8.958758612323878
13.460389690960888
1.4953591962654755
14.127424419640079
-19.021918495168492
16.745303947698524
-9.649040232859214
3.464630013396107
-6.7342084848058725
7.792160625123614
2.617401471620493
-5.749995120130302
-6.509984212043346
-10.780366503658293
13.382732191013176
13.63725464516213
14.104059321950388
10.76605501883444
2.3929168397025222
-15.764648657086804
16.46566725851634
10.422568852161508
10.387189336788417
8.359323701735182
0.43360596723287514
-15.467558065414817
-17.515650476791265
-13.495794216248465
-4.7446628005975136
14.748715203059149
15.840597323128733
4.92187943431686
-17.443625887777007
5.3658393886463465
-1.6580822036212126
-7.300562213012647
17.29245192306678
-19.855099844245633
14.196132641110339
-18.31472501387597
-4.0757430212582335
10.321079508814755
8.783196068840077
-13.357426972300704
-16.552158478744808
9.402067006673896
-10.722204057503767
15.646450615957804
-9.613916275370729
3.6491898574718817
-19.938984049930394
19.564774372516148
15.294169949627047
18.92702144458766
-11.809750968045659
-9.82555632696904
14.507372394865946
5.275250722593849
8.2843559709208
5.818055469650378
11.806103377034848
17.85010267247106
-0.44910139980011365
3.755112554088875
-3.6251737005024687
0.5062300961038275
9.112702668612911
16.08777397200398
1.7683531409602509
-3.8616277123393488
6.746940827222279
-7.245638785821882
-6.713192674018682
-1.5806202282742419
-8.76188906266185
7.50045223666319
5.518028871075742
-3.464428761557926
1.4455120063263927
-11.963202273460883
-10.972782415920639
-2.9569845138547315
-6.468705723366481
13.334093996389925
3.0227201161474504
-11.49592550624751
-1.1668007888501606
-12.906488265817169
13.702431550318323
-7.499977755685769
-7.079028120887557
16.25200180184045
12.735735689209733
-14.985899155665724
-5.131520320721519
-14.651923854295795
4.149232793092054
0.898888989152713
-7.912279522998791
6.4187187355299
-7.771655581278782
7.970531358092131
-11.401555895903638
12.147067288240756
1.767449513868364
-17.9058741192365
7.178996737208664
-18.107474068308775
-13.10471238625369
-14.034387022567142
-13.211946080041507
-14.274435471226967
-12.463299915345424
-4.416191576768199
-5.33066899843913
-9.93912754262674
-8.62536937548085
12.233225938975046
-1.3011289177084038
-9.319689125893165
-3.41285059980304
0.04375587082040866
-19.06491198368924
4.653172569141553
7.756971862452325
-10.3926263014656
-8.047639153997954
2.4530962966343424
-16.864137876414148
-4.905454065848467
-3.4540453967363334
16.44359076620681
-12.70153138079397
-12.944115790388647
5.578969600725159
3.400963764771518
4.199621897598242
8.902713837268173
-11.020087230355369
7.590721586381694
5.582149144378626
9.434554136597427
-12.763566841298758
-0.37446365814558646
-2.3020635495379054
-2.8700271972774907
1.6909435114175082
12.495177295696585
7.317689472536912
8.29771677279485
12.084566581183715
-16.979122112922802
12.104258728993656
12.992579526377689
3.648870528820815
8.748115758320019
-17.942795976604803
19.885592367709904
13.574352746529385
-3.2366207230701747
19.99129705306894
-0.05737140035961019
3.0755921140187965
3.935637148561529
13.980966201132965
8.055666399622385
0.38567849560295997
-17.618016988339548
-15.227240126853143
-9.460500527102337
-9.057020297833658
11.004919676561514
-5.464239293637846
-7.641584033829494
-4.557259227171674
16.36716043394688
14.339322430485467
-9.328613377677225
-18.83840307665482
12.72558320793739
-12.252530630234407
3.978800494519522
-8.974184431104781
2.5777444155023055
-9.714407859404549
-5.1368664319443305
11.128286280864032
16.51076308246597
-7.948038166989257
-7.232248852434218
4.439851274728738
16.161934028224913
8.539368215350954
-17.30774813345789
2.336699793292212
-14.380362422698859
18.50881930942691
10.893923965491929
-15.125590711450183
8.467896451884641
1.2698313248582949
-0.9094455719594627
-15.25322949243252
-0.6711261242204429
-6.793686745819443
-18.765679368757354
-7.352506116130609
-0.7097477600283497
-8.987406122624456
14.953480228965589
-11.19550416608449
7.668657349328814
19.566347803086884
2.4540788118036403
-14.61707429184024
-1.4430388415501305
-17.78118508224535
-17.005725907702825
-9.94404128143163
-13.135139063951474
2.9960347128612455
18.194229387655746
0.5767918593124506
-6.978790661007665
-0.6829729477658972
14.994190804874222
17.772421792935326
-17.819155744344002
17.391467444606384
-4.730211851757531
-0.38345053142312224
-15.221709324853352
-15.12808664404091
11.119894067890339
10.755095814278548
6.493931260120366
-7.6130735154712035
13.447571091151481
1.6559465222133305
-18.68623249625142
-19.374804419025487
6.477815777975099
4.994595908048769
-7.136643476949809
14.091073172147105
13.85108773100984
15.515625983396767
9.864504472402245
6.81043368181178
-10.558657021971714
-19.315634534697704
-13.535667792665746
-17.04702692941536
0.617623919183842
10.423369457596372
-2.286511512915787
4.706588914520058
6.219838171953693
8.748001616158952
10.671148663972527
16.580130281766472
6.218522006457
-0.5912358033779839
-19.858437127842016
18.285613968253188
3.880489530688802
-11.81722015678516
-2.5741956413580453
17.71549923968272
-18.15549241040026
-12.252721292367138
-3.980684052748945
-12.621190917748976
14.190604947344411
5.562310725002778
3.674654799102907
6.898412943786113
-18.20664729368195
-19.94126572022782
-19.195634515763217
9.525998655488301
18.8507107395533
-14.103018789803116
9.741910088180497
-0.864583402373647
6.9253523117098155
-2.4663386299670833
12.69729527324467
4.068293156732693
-0.6605727241482064
4.018210512880636
7.42895558209662
-18.456807541970917
-15.34042597963726
-14.723085223727995
-18.494404313572282
-14.377965429201453
-5.851333802054706
18.07960122983789
2.272176131915952
-17.892294587769676
-0.443002442001486
-18.244400567010164
-0.525016386964495
-4.445563736141921
-16.155719070840448
-11.760560848919205
-4.61265688407822
-1.3598300066133042
2.304024879906251
-4.647881784639797
10.46343295693098
-4.391587599480399
2.618141021839776
-15.70441009059628
0.6465684684554915
17.3643197009893
12.89103370416467
19.299865601945157
19.841676929214486
-6.838650506222287
-14.194761723465747
11.739677437880594
-0.8764943253099489
-13.204702977762066
-13.800616806849106
17.914324750701113
-8.728149809296305
1.5228249663786464
-8.467466441056658
16.76075336288377
11.305017406355372
0.002571413391073918
-13.186424611080646
-15.158289881301963
1.8937688746569066
1.881744299976134
13.382941263121026
-11.957192868984038
-11.905009340719431
3.733570644053785
-7.729823454946544
-11.11075022386489
-15.89549626584204
-2.6850727226515367
-6.059565562416211
15.360965703591859
19.56077018684841
14.410946550746125
-8.514355277745054
2.808239998642602
-8.180114378581349
-11.666593898968829
15.446060068467077
-9.070496748195719
3.3238539566446264
-15.50537359027965
-16.546265782669206
13.375442774044487
-5.100082741425904
-1.8269284266588812
3.130155036524698
-18.535469514515576
13.533663833945518
-16.92630569342265
8.89929768063244
-3.7095647606105615
-9.684257597275522
-3.346292997351842
5.809555687588137
-7.586972656262642
-14.813896300892523
5.547473709182185
12.011022833421762
10.501064185406122
12.170913927861832
-5.276087283734601
-3.819754895137109
-17.844269201604902
16.516531499418733
1.3970358114905146
-15.56109781356568
-14.799426011824664
14.56390316607181
-7.4218061462488585
15.466023581085189
-19.031867976032668
5.885629381933732
2.5289791275318194
-14.395930469619627
16.550688932141632
12.274167413699466
5.944298878303194
-12.529459433116878
-11.479318729954269
2.080450046538189
11.003262953198636
14.060269163635574
-4.5229935632197105
-6.609088626550621
-0.7074298318543839
16.275046899410142
14.47256845828376
-17.331226370240188
0.5330167706516207
12.93926020346833
-10.376359586224094
-3.7703795573136922
3.8305959317044014
-0.42844688119962626
-18.357710545548276
-17.095363964317485
11.932124896778369
-0.17146998706742167
2.010846759617259
-15.149668546014926
18.55158767032389
-12.180093451815953
17.443367484638287
10.391885617443638
-0.5752607817434523
-5.879400572087011
19.877051876727016
6.932049341800859
13.48918053041028
17.044715588184275
14.62124098201312
14.561322349471894
-14.860871641559994
-19.011742406528647
7.058545658978904
-19.22174667497857
14.41366749249616
-17.584444014298874
5.537918375824461
-5.790494444054941
-15.873364479665572
-16.46570387112004
5.87433037978672
-14.347705619386296
-7.909883166981761
-6.934367672718187
-0.8888311438112311
17.059323177859625
-3.967636734131432
17.747197344255284
4.875357227204013
-19.014481635148115
14.969462368852838
5.676659776052134
-4.976560293617066
13.49391163922266
12.741205273722251
13.840452754399003
-17.543081981202285
-5.981332708710166
3.20219001919169
6.182503836519491
-3.944438678153844
13.354186099160799
13.761839244701555
12.227135914040318
18.682268725397186
19.59264873989754
-0.23834109745563126
9.325435090063468
11.200738213094667
18.60357878318638
13.036380588695202
3.282752930672544
17.779008474858806
14.852035964156855
-15.29223535089843
-1.1104398348241737
5.094412031928638
15.1619061046854
-18.09573016931783
19.73556803821723
17.327901200719268
17.450489920338136
18.47594396438813
6.289360540559443
-12.827934643795817
12.761553208539283
7.322194507744651
-0.700424380018859
7.549258612847879
8.96949481371837
-2.597686268600498
14.105873160682272
3.912344944645124
7.7399217580658295
17.429859318640005
1.7091248771672518
8.951555200576923
-16.617307603065704
12.385178594705096
-9.405353371786042
12.43196336517758
-13.548286170332485
-13.872053141356355
1.1079529860186028
7.673373501147061
-17.8884304337244
-14.931810449061276
-19.093385483861294
8.45609619895949
9.531711543156185
18.370648007433786
13.559667908803902
6.272294722393397
-2.3323248266041716
14.027088007663181
7.484538036413035
17.621066237204694
12.199437144213633
-17.0916658269443
-10.77993060527147
4.332085055648438
13.627475583957477
8.688364073138999
-6.624311063711318
9.056002363443014
-17.17264840945085
13.131427339052848
1.015538618970595
-1.8417011625355215
-10.582133237375718
0.6859692108815452
-14.15064261290997
9.361793143865604
-13.521102743583668
-11.126883367228952
-12.29278619900343
3.605069348528115
7.282712028915938
-5.025573240779742
-8.21897326888931
15.976915151522718
-16.788710956435466
-12.032907122475795
-18.23419510621969
-15.078964349558483
-6.712260465207574
-19.41044689319252
-13.490861241097281
4.573749052553573
-5.717872666112012
-15.949455195860489
15.348006756487102
8.188512179591598
-15.231765285994726
-9.2069738998892
-5.33556347600201
-12.769249614043217
-2.726632971140045
19.406003107865963
-6.731116881901617
6.975353866962223
14.95180797638018
13.480497507812757
-13.969079865658411
8.920892329981953
0.5063436376668271
-14.871911707691483
0.9367879734110538
-3.3224359255707014
-4.57554092099144
9.749666769331178
-12.249844442896766
-3.9640011486996265
-2.375885061309294
-13.232437969266613
-1.6879569463446842
-13.47049062753654
-6.191667061398247
-4.277244088718293
8.44541597358868
-13.745792685210137
18.570676058261512
12.457335769785978
-4.785645212459544
-0.2650606792443142
11.17496478491934
13.444499614255193
18.19812614973
-14.166160532019653
-14.657375391395146
4.086664213487424
3.1946225447912724
11.298031752065498
-14.304819652797672
-14.940421947735011
-19.827721169692584
8.613097055506639
18.713048027976967
5.880873198122156
15.881384803255585
0.4321524049865957
-1.884529486705361
-10.38804298856158
-0.8732118655463807
6.27573204011474
5.644784252915752
1.0343431917023977
-14.019591834499705
-2.364687668001089
-5.559171871364018
-18.013400633556703
-11.974166598995941
-1.4713512797394372
-8.315647065727504
11.383110928044282
2.72845111877632
-3.4405058917203455
15.448023607912354
5.978974479988889
-13.469969332480392
-16.59636314311375
19.978848651492804
-15.916119104703759
-8.473059935474856
13.412761509608586
-15.658720712133043
11.453193073444183
-3.475358347162164
-18.292430047013863
-10.124878194541163
-10.382242880992738
-4.0379289884085345
14.053497017264917
-3.051774035183591
9.941505268555126
12.52416832348544
-18.946199708980682
13.347834031436712
10.764307429945688
8.299471657411807
8.85163275320398
12.643522793098612
-13.80133140583931
15.084174113160216
-16.319844846956503
-7.402458466287696
-11.28476164872875
1.3437821069873621
11.361491895837474
-18.339214443307906
-0.5674065816026541
-5.91463369696314
-3.3812236620171277
10.833144435339072
-3.1368069476943745
-11.032986585002064
-17.920719521679423
-17.68690849246169
-16.098591930818806
5.174582283850242
2.0123950572797575
-1.2950868292337816
-11.663803522041611
-13.036135524912243
19.678775283149555
-11.73729434377957
-15.313065618237086
11.417740325058972
-4.470207474549696
9.827753431178571
9.637779680043536
12.921968805288998
15.570619451622562
-17.32570191984358
17.839524809161716
-17.979718787935198
9.983269014644804
9.966394018760454
12.887088074938482
11.986430885720203
17.80305865519027
-17.612126818451085
-3.776476174923676
-4.365488839202838
-6.175672138363598
18.73891153975397
-6.373752347720094
-2.1127754630660824
-14.030873341692054
1.1511733476846864
0.19705283984713873
0.11680165778195573
-17.54523490957652
-0.756185669570538
-10.012750476870039
19.15366968483547
-15.454069776538045
-19.01640436419338
-1.1560821849543927
2.5667882338874826
-18.151431907021298
14.545945489188398
15.052228896102534
-10.995394250377952
-14.729387045570874
8.982235573915798
-3.1424422239365484
-18.404734879633246
7.203739727198418
16.29966324953689
3.620045725817743
18.861575913523964
6.953962434326279
8.244793709771333
-12.716427110233655
-12.718126376036597
4.963631833702603
-15.767263840117366
16.931988567708885
-17.02569307431217
-11.831215215673883
-15.801385626650553
-5.49344485494046
0.324560474327523
-2.862207280086217
0.13221446394687675
16.881528261367215
6.539314192707721
-11.226231644152026
-12.568306902006242
12.746892770991082
3.5837605394758825
1.3891137771232067
-14.73829043983355
-19.9566833278584
16.570745921577874
-6.1838371027756445
12.78194875882049
15.877074229208958
13.001425317916272
-10.306323183857549
-5.582805057842082
12.475839549919257
5.383180533661015
6.15963744450778
-0.9872618655343075
-2.3240916594278715
7.546536946265803
19.7381667846832
-19.510663942723966
-4.258498780132086
6.640775063427782
-3.298142458535949
6.168176520933457
-14.396783163266512
9.382194989093577
13.347051956305855
5.0428693410675685
5.639785179133298
-5.963863378401214
-8.46979711214557
-9.012685919620305
12.769326820644302
-2.7964924101273994
5.129477883975227
5.50372741092437
-15.143246739029156
-4.307359292772418
13.39589283755135
2.343834137628974
13.506245424770881
-2.7241226702982075
-3.322303834562131
17.849441240820887
0.6411892171489306
-16.08917967029308
-16.74638377928431
-11.341613370830416
14.09576194511876
-5.7817973078056095
-7.462400455368318
6.073525467459028
2.2621684401133315
-1.186965789596929
19.461590209555226
-9.126745843006345
-5.194060373582596
-9.896337771259445
-11.887012277810932
-4.3756687582337594
18.667447062451544
1.037987502778293
-2.161082548033985
-5.6730886553031965
-17.558743263185693
-9.691542426010834
18.481954458182173
-13.274643564122126
-1.1335463788189024
-6.778343504674709
10.240280591141044
1.2956392322357821
19.549455342925114
3.930987972113712
-8.517458826985479
-7.704297879437462
-13.64799332234751
16.516436842570542
-3.120559628371428
18.043604490082885
-1.1571840832078664
0.8654671475600715
8.662802925811942
-11.579942174924337
-13.893977648027684
13.886367073090433
6.340810133039774
-8.06602881765436
2.2039609101474795
10.846975699121263
-8.585344415870297
17.60290951721376
2.9742115326097576
0.7349923404621528
-9.673917385759005
8.454773410427102
-18.582414653783026
-12.524666772018884
-14.632702037478866
18.02518823790451
13.70424057044432
-3.272969013678079
-17.881490225854513
9.939903157815102
15.281988626610335
-7.742520916595383
-17.119198107613173
-18.252934211374576
19.951465859589035
16.138947188974903
10.03394873054864
9.221764766794095
-18.29169823381708
-2.267345995034841
10.849623527750648
15.550709799385217
18.10699293607633
3.9412098943951754
6.127625055256484
5.280298758270451
-13.394711421321052
0.8583732213245767
2.2061857214149008
12.754374854599988
-15.446185902675222
5.773016085151596
19.525381573894144
1.3910643447141808
17.490377426795305
-9.294782176507965
1.681136833287912
13.459109641955543
14.42004263945342
-17.804880034525603
-8.904280340636536
-7.11782873099132
17.074882086117782
9.10483607133284
-5.4397672420889975
-13.582772079140145
-11.513500732722463
-10.673097888318207
13.08244873884194
-7.240152059237426
4.066707645059008
-18.673899092802504
1.0055380074491218
-2.603438179314903
-9.218375179601988
18.441492822425694
-19.4354227178999
19.729394825353396
19.27823455601724
-6.444833641856004
-16.620566325782534
8.44971080941971
4.83210288282196
-14.369596244763446
-8.789002388683777
4.97250777782947
-14.959602823931917
-4.905319447293589
15.504108503849935
17.375128240884145
-16.94084502904246
-1.0510365952140148
19.019504424243102
16.944563665123844
-2.428888713114464
-18.63349639692357
-7.705912549563841
-5.741624113821192
15.557870176694259
4.6654543372770085
5.935848635498221
5.330279139105759
7.454897340615521
1.7923311256202652
13.573912867852535
11.754915199722426
3.2814694483282736
13.346279644292657
-18.413678072183654
0.5836872306218126
-9.52635854152415
-12.094097107764771
-16.297262241078855
0.5553382186125297
-10.148500633870686
-18.63934104094856
15.171036765801993
-18.6638979452516
-10.952895945973582
15.803742314471727
17.75351905791178
9.449248893382013
-12.07604783922208
-17.980554948415058
19.197987621290082
13.90472327143759
19.041421276930848
5.214069836410484
9.0987298657803
-4.584726876919296
6.782319977265846
-17.014940112759188
0.19786250861276855
8.196861254903475
-0.844512660500687
-7.091279552659646
-1.6646402380936287
0.47333465376934214
-2.0415608079857677
5.277553758577529
12.540500176342107
-19.960183217198903
14.181006338963847
-2.1059693313406385
-6.346264520019741
-8.079390884391827
-5.947880056780379
-5.682610994310519
9.110620500423053
16.90131995218219
5.6067470849386325
13.881363917064277
4.177500308290281
-17.674494070132614
18.03194135759813
-4.757879626743243
1.4209466067632164
-17.624867186139763
-2.826815761673668
-2.074365895873104
-0.7512399550179438
-18.50917502619415
-13.899964539896462
2.7755635440988335
-12.159392075837268
6.646995550672816
-6.4139978242569295
-3.3054489379634404
12.030435535315299
19.19694346602688
9.721296061501224
11.900049073059247
-1.2231879587581638
3.0966702073542507
8.937283662796744
-2.7472207908900543
-0.5431395166165878
7.131615859025647
-3.973862075312425
-14.844696239816395
0.3472836040479379
8.154644806372097
-0.4328940745541452
10.083798780794645
-9.778970367888364
14.920553273685044
15.64817605599972
1.8507673401488205
-10.190809575290194
13.533698002740657
4.418047771938589
9.759214514728058
10.656387952495322
16.592302012719898
14.866253565811306
14.509412757846576
-19.787105884508193
10.290106724029133
7.825118864062727
1.3388509966139992
11.235385170440711
19.04661282742864
-6.2940056716596935
18.582012764325896
-8.911235546633245
2.7823964163318493
-1.466260824127616
-2.2256963110169323
-14.578410639832269
-16.746253860691063
-12.220613516148862
-14.521752133979579
-10.095774297023482
0.5594234196776924
2.156500474261044
15.80112406819179
-11.949479353619719
-2.08417655710031
11.794029581153612
3.4567097898192536
-7.22176056938685
18.161695613027668
11.705756985094482
-0.9908425370111971
-9.087190420061253
1.0599083528935473
-18.51956456886807
15.85446735247804
-6.890314058824817
4.626993482629473
-4.67866897849432
11.92325023659275
17.964365478311358
-1.9597040198310225
14.373416911446206
2.099702374265018
17.88131893256859
-7.661689487542915
-17.457953468208412
-13.102133887798239
-8.411301099628425
-15.84829181077852
-10.158998752616508
3.4629790790554793
-0.5441431400886643
16.35530236027428
-2.6091595492871598
12.959933208068101
17.114817334418902
-12.79777879801291
11.720351178528816
2.0954895998384124
-5.635548708546047
-5.967113746072226
-4.726596598326394
-3.6949681241949435
-6.4228645296396625
-18.565165074282653
-14.169765420976365
19.15143963392572
9.357920497337325
-6.6448407433310805
-10.278400019452704
5.717085193686472
-5.199405874381906
12.752106152857188
-3.973694187218694
13.390998114980007
13.655739288167368
-6.682162219194208
-15.522553956410242
2.2411887741184664
12.873017742396101
-7.956244483539493
-14.901029526415698
5.294530662691933
-4.390374835879353
-9.55924009786795
9.61158650068942
4.756449834645785
-16.87104017379731
-12.320717800615984
-0.4864449992063129
-8.750265742845986
15.78420414340998
-8.76352083958409
-11.90370093783988
1.6954095035900565
-0.7611537921774278
11.459693025624283
1.4969930912724294
-14.216061530805542
-5.964401057190045
-11.545202077226499
-14.938819893042572
-6.508862575501562
-3.598541274680631
8.873487680421718
14.705355226003974
0.3413635788578695
-0.5751533438374743
-7.077162819254399
9.804826122489771
-12.138498622124217
-16.790644650526254
18.552828916541657
9.1167387166454
-7.213805491789342
12.566166481876017
4.8468412646120065
-12.595011537668475
-6.620579287572191
-5.845838160343861
17.102903091978597
14.529575970694445
6.518904090069331
4.153833925831197
6.7300999451279395
11.967946533842731
-6.291191440230222
13.742198391164749
-16.540863699605342
6.422328064482514
-2.9505070980773382
19.978055590552522
-12.24944847151157
-2.7761343312009927
-16.5874643738101
14.326760589170732
16.272680440987465
-4.920698274703238
18.577162038765387
2.6495127173301114
18.35378723845144
-12.058766002304315
-10.129503967938147
11.877131856587976
9.201604884186413
0.9547585195644537
4.210086295733099
-0.12237851972223623
-18.630059327721973
13.064638457313151
0.6641970236783621
13.15528057210787
-5.281486780871774
-19.641224487442095
18.004755129470553
2.7195518969816774
1.2792029258126938
4.419028926007201
14.581310166120403
8.548475509521293
-9.845800161135255
-16.534660621216997
3.423287871775223
18.310391103134364
-15.867090143093602
-15.707657967809983
-4.941666242137423
19.17729474459724
18.526206177324582
2.100517095378404
-0.17318136610511203
1.672904281805856
-5.836426464154174
-19.26038319313937
-4.2947187675682805
-4.043373888586551
1.7472596413549084
0.6373499820753779
11.495070627896794
14.939155809872254
3.849971851848373
6.500727789616349
18.727097364594954
17.101712772274325
-18.25938787761674
15.651631283784617
-12.828781666775999
-9.43254268848779
10.977620032494315
19.02174177745848
6.254519658778442
7.451294877516212
16.58554820056657
-3.8948430636220586
-1.411614791789514
7.646543936814783
10.990305175747753
11.984554900180537
-1.3362031109504144
13.997631627493675
16.642030385572596
18.911256130892056
13.609734424772533
3.1586113427036544
7.796352120605171
7.119070866713521
7.26866299027229
12.180024965209064
7.46176312307847
-0.8270379272866819
-2.9419428599525617
13.622125978497209
7.190863553578161
9.071092059435774
-4.0419677841415425
-13.173998626614875
13.434456224662291
6.097728566136684
-8.385151998844641
1.1143693876195435
8.13119432194691
-7.90939321395105
7.674279726435628
-15.600786029558705
-12.467312754907084
-6.516240091221487
8.371468333061788
-4.656074643180146
8.898725730291147
10.463410807492185
13.104115307880917
8.889313940586113
-0.016803760083909935
-14.821988246006029
0.46560707113918554
-7.711841736654135
3.0841366449835803
7.254172737168311
-4.179317370442316
-15.994435466586943
-9.366008395897985
-9.520820396149453
-15.148516754440315
16.105226313754216
-13.003613041812745
3.1990805176241324
-15.114707429695784
8.469819159425313
-5.654194863558303
-2.597864005267695
15.067789558914448
16.003390813603396
-15.842177237801106
-5.910727079658024
-15.938765889168192
18.27112641910417
3.999716313050744
-16.5999054181032
7.972618480426469
19.870646095721128
7.300643848046544
18.983812521185293
-14.712664848659394
-17.01742510977178
-12.907009032750988
-19.40366369074851
5.175889831471977
-2.3810003972333007
-2.2879945173492864
16.904665895974432
13.937454944242027
-9.519629500957937
4.343932968231737
15.657382675762776
-7.2651063453954166
5.002635046506363
-19.05130922842513
7.806387427754345
13.538942200823534
8.880760797721937
-1.9834365275827572
1.9752490724979666
-2.1179325767882027
7.723908016174057
5.070314517495092
10.300328703010003
-9.172040576894842
-10.7363164732959
15.816312374480226
-6.7352224995854115
7.05058821748198
-8.388845292585504
6.685858935123086
6.617860460116688
-17.98471560428531
16.392986902943385
15.926370505022497
8.395252086325712
3.3562404734322904
1.170230027744946
-9.715151907367211
3.5151500870177728
6.693611237153906
13.892417996262708
0.6685734048466827
11.692974028564592
4.593783444435662
7.8174082316234035
-12.968283802474625
1.596747298798185
-18.33311740705359
6.924614224939457
11.905370045203675
15.48175844206201
6.691915704532136
14.734014830538165
12.734976603381426
7.32891293959517
0.2548380936261587
-4.220938007468259
-8.32906417241976
15.32055883115575
15.632009480181573
-19.000409716111037
-3.078046084535515
-12.75593782561588
-7.116582812752807
-10.120292812750225
-18.177336765829217
13.980682422416116
5.55581393095007
-9.36617228893088
-12.813474717557781
-9.430257918926724
19.70085808006982
19.982362581315407
5.372969836719594
18.332750164274508
-10.174382173925377
-15.876999251729051
7.5780603755073805
15.746723476128388
5.335504563550092
12.745801595386062
16.876722126497896
0.2499888064670941
-14.669432466356106
2.694999631034637
-3.898095127536383
-8.357122331115026
1.556655188660013
-13.17941264811244
7.1461211331241685
-3.5535596113052392
10.843318835063265
12.167137858580205
-18.893190318155405
11.097616572338339
-15.991880325678473
4.580744924703424
-2.2415173361865186
-14.220954957298346
-15.961250908144722
4.106540100385651
-2.8813510168072796
3.3562464364012
12.732605226447092
6.497212308721416
3.815857445775901
12.549773636549759
16.951767429527635
12.84883692758428
9.625262779571013
-2.6162334523555053
-4.908981894736058
18.336782889957433
16.231294803139036
0.23453127771149695
14.934657988262352
-8.158094539266049
7.068207860806442
-6.444157445457307
12.909670588707783
-14.841844101177259
-6.8111270685839855
-3.1949646165305268
1.9504647275737526
-3.4215605572903556
1.3689678538253105
12.815027942719468
8.512991904602707
-15.036947949062935
6.963585160326922
-5.164138080331352
-7.229104141339198
10.008887895926975
13.564256602416073
-19.299957743156924
-0.9396961841497422
0.8629928282817119
-6.696777226364045
3.2030304771422067
11.046086169347422
19.140444038789767
-6.7846516146866485
-14.512627315326139
-1.560643385243715
-11.468803828039302
-2.6823163675364867
-18.187852208004482
-17.372377459093272
-19.92776429375448
13.912370389815848
-19.607713854992312
13.989360172460238
-9.984216837576758
13.237761822906592
10.309618060157597
-0.2914789249361718
19.992540238994003
5.802696356688525
-12.824867984156105
15.955622169895307
-4.906575934638164
4.2623357157115365
16.24075889978323
6.685564462071834
6.672750638958071
-12.329468403690846
17.963219955428848
18.132685348477125
-3.022473241036664
-4.717609993274046
1.650256162947855
-11.09337519067854
-4.075170980914841
16.381543829426093
-15.18018459940131
14.154335691663668
-13.318185804299457
-0.9452435474524243
-11.252784715660415
10.988697662810853
-9.712891108504703
16.560274989572264
-9.170415921275424
-6.886613267284316
17.02226362365508
-5.212750140030469
-2.6134025942264216
11.56835395181405
-11.18549170122169
10.841838985741
8.52914334991096
15.697434176761426
-9.375494368324041
15.0966760292401
17.526073341560455
10.704497673808806
17.60786565292969
-18.28429397514079
-3.6421776750653123
15.240658023198293
-6.221274383271908
-10.459186844314914
14.746041790184023
-5.324922203325091
-13.948023463091337
-14.074594292741391
-13.09564587879323
12.624248971259718
0.757833960415919
14.211263111861385
15.912682778548074
2.5543653945744254
2.2984411753303036
-12.385598017103412
3.5582157282806115
18.101746647852657
18.015013118352712
-2.114980400552085
3.5421679896921354
9.977637705292203
14.151666411853022
17.609270095632212
13.53853663377209
-14.563725337720332
-6.054906296198217
15.131426885305125
-12.61342104617112
-11.07780474932376
-1.3546853293605068
-17.46420781487284
8.14645428685246
-14.154194441523504
9.503045092033506
2.237521223329434
-8.673162117691607
-14.281651767981955
15.86636505490631
10.859713399713673
-8.771599819923592
12.654187076814168
7.673674392740146
0.8154698397029492
13.928493872761237
-1.6623657419498414
-19.31959426209225
13.194805880431147
-5.888894399450898
11.53916743937899
-13.660551086409063
-3.7021884527993585
18.25963177036008
15.002962195757135
-9.19334340991622
-5.019173379819634
-9.039919290539258
-9.975461428167748
-0.8481921121004774
-19.330282250094015
-3.3949904544973606
19.794612001266188
7.699346860109976
-5.228455802086479
15.224260157267942
9.605490970360261
-17.164188472599445
17.862510557616332
7.980961307473148
-16.83501729020598
17.14891281224216
-2.0280898941264027
5.738722118387795
-2.620903584929412
-8.118007932766425
-10.238480042402394
18.596534794427015
-13.88104545359187
-15.199459561631299
4.919041771480437
-5.246066108230334
-14.253205651677652
-12.066008713904402
-19.33538955208968
3.0148793367912035
19.19829073382889
12.5303427416845
-17.244621635937996
6.33752034433175
-8.013561931128933
17.004293970517324
17.75826379064499
18.49884842357961
-11.50886038613216
11.642059079734189
-18.02046898072758
-9.557563604644198
14.009871160460847
-15.17399587306674
-17.32800094556712
13.20650032715183
14.26754098787336
-18.23607469949739
-9.794333451496474
12.73275110772115
-17.208897379559875
-18.380981106918718
-1.5027596864389317
-2.974730524966766
-7.425222241958185
-3.4684819389296706
19.999527819517724
17.639665452263145
-1.796522644328789
-4.348586058393757
-8.846205521503254
17.169952990954904
2.4433181553490115
3.026785436149929
18.018144899715494
1.4933336227426217
11.733114915292852
-16.202371178224745
6.8918505914869215
13.727684244255578
-19.52524690786817
-19.500052746939286
-13.993825626262119
9.12258808839708
-14.249172663680461
3.4474153370202387
17.462787006679072
14.565157322472778
-15.027033017686255
-6.1801638450776295
6.85130694852036
-2.70862908699344
12.739001979722545
1.821071075694224
0.11320877928465478
-12.52362761983358
17.83175014000802
-18.388838189356605
8.305229070694978
-8.19828944039596
-9.684106208099092
-18.620525856352828
12.427791020660884
-11.506127301152658
-4.998853485843874
8.038681942621103
6.693013581359686
-14.955290590964662
19.743828234670154
-19.899902330812523
-9.227293541794733
-0.7259070322986005
-16.89774114297268
8.799570697724732
2.224546544810476
-8.372312799699785
10.965098502221402
-1.2176488595599047
-1.7991797345444347
-9.865716217917967
-19.597665080598638
-3.7367826850799055
18.6174695261586
0.22178442968061063
-16.374246561723936
4.4444395203450995
-14.833427884290664
-14.232529983755002
9.286288823175749
-4.881445067691477
17.026697804858827
-14.35724105538049
-13.211146539569047
19.142974112668895
17.082564374195577
4.003873559809495
-9.927116969317593
5.4245908552530295
8.407102334986405
4.115953305092152
0.7257624823991407
-15.533692173879366
13.826652012577789
8.572609189076232
-18.365867355204387
9.344887864513758
-13.063298215956682
-0.20666369816419206
0.5506370140265986
0.6007505595065119
-0.053676570614477725
-15.239304568300916
-11.612516853145962
-10.332950227772702
-6.52248373359344
-12.029535473271027
-19.222344285045942
-6.033523462432292
5.4547913005306405
13.212495814538173
13.690159975620226
-16.759182000752205
4.015815599243986
0.06650880761074518
-10.96810654607983
11.594302559507387
9.093491881908374
-13.580631284016814
16.858092333308598
-10.754461595128802
-16.540285250046338
-11.470362875333695
-16.081524311928295
5.629207178190491
-14.929254037591043
-19.545185347896357
7.1974155970418785
5.373981218821751
-18.179603485640513
-0.9311784681488753
-0.3370553381503143
1.9942810258090944
-11.592110859662563
1.6140047926270285
16.457288070600335
6.061976583030955
-0.6753728090317459
-15.872600863977198
13.534753056702243
-7.179668142306891
2.2735858418099433
-15.776962956066587
-11.86594776434315
11.107162345591032
-1.3087457323148328
-14.596234257072158
-0.16348109724606275
18.353382112797043
-13.047796914137004
-3.224116091277711
-6.25042937281545
-0.580917495726176
-7.599959630522331
14.211967693292905
-16.005284013859278
19.219928708485988
-10.482952033603482
2.7630750004893336
17.10910461708864
-0.7073396265031384
7.762894505635426
4.7408722042383715
-9.48904240311451
3.409745532988296
-0.9692539078586364
-15.349210448668757
11.78286079681883
-14.715062977351842
16.151253149728788
-1.3840966077221069
5.24489930786736
-7.707156312490632
5.014625876674664
6.3752619382415965
-19.026628479378132
-12.680878366389132
-8.917135997581935
13.611163910003107
-1.894726932083426
-3.59483923727009
-18.504681295439
17.342426456699265
-4.488400060604295
12.626800904778968
-18.467508278922224
3.056138823424277
2.6742220415401086
6.8244442197907205
2.0472485121490216
6.3584355576707665
-18.971939630184504
-0.7538742547172959
13.412889853127204
3.819526774870951
10.924871473734775
-13.032388610684968
14.266361658303943
-12.653790627643286
-17.76119499007883
14.224281193122302
-1.1201349467491042
-11.334624796430628
19.090097701400985
-14.094889244980866
-11.932917292310453
3.396665093037072
-18.674895847498703
18.969697172028475
6.458697469359503
-9.434114676293825
-17.950575695673283
-6.467347192877501
19.466546067337795
0.5999620313941314
-16.17505354533347
-12.97351782297541
4.104491537044076
9.714231493040817
3.6312323175775347
-1.1019952800100725
-5.0046236888162365
-10.4286825304713
-3.1042812869125953
8.556680641568772
-2.121078731158164
-4.553864210210543
14.89599386967086
1.0677103862618829
-7.814583699059522
11.657147741308936
-0.22172285530267288
17.05535538677602
-7.510069097815197
14.54567560145027
-4.623499108792153
-2.5623971890187427
-1.5431759554148456
1.0909899814088888
-6.0802837529818845
10.341176761553527
-15.967381887607
1.9171557191033237
-12.934396598310865
19.66542740745423
-17.039636028053128
-17.30697787002365
-14.231677618126861
-12.402084023235261
-1.7302473262291116
-3.23367356634375
-8.859504174986967
19.531870218230914
14.411645950156483
-10.534694053318665
11.724003690090065
1.9680241142203023
11.120668985743535
-5.965187311483856
0.7256283481513179
-17.6321910382529
10.005877639300028
13.406096758936478
7.319872388348301
-3.488943134064293
15.543289133145464
-8.475685585072817
1.7618835799228272
9.2165708085968
-2.62447699268996
19.334456173973166
11.331359113112732
6.006686753558537
6.148612870666451
3.6050470967577084
-1.2760871415692705
-4.92744312656499
9.33283054664168
17.071050864267754
18.25710076634791
-6.909395435641237
18.931816082810734
-3.2081845404061156
-11.97785659123699
-14.88134511424744
18.958137071761783
-1.1724365206085139
7.44023828341604
10.735558703690707
13.056073895396075
-4.511891870175276
3.0349600650454676
14.148860170646984
11.769765140000729
12.030084903624548
4.016486668333403
1.700828205626209
14.03600171631247
-18.8704875961077
-11.550445257689415
-18.958828190938284
-19.597802702800273
7.615514278270446
-14.113715969894717
14.289888075371934
-14.623403362087304
15.983156113812875
-2.9364270829153725
-6.835562121739148
17.170578016907577
4.930084613410102
-14.694764183942564
18.25982907278499
10.027760320035522
-13.03528536324448
-6.4132807119415425
-2.109067506627447
9.675964218314732
-1.986435568245163
14.031933292930475
4.236885701518535
-3.3346134239847487
-6.918838893143553
15.915704281389793
-6.085385502016019
8.138118530987061
-15.959788854604327
17.225796812102956
-6.560212868954336
11.729042699170588
-2.8364385391638365
9.81878335939426
-1.1798150468915836
-1.9046848719975138
-19.6469945392506
-16.056980636459667
9.021889131328567
-13.213121230488465
-0.6050714247034463
17.122490287087913
5.57180401990745
-12.61424906238387
8.008315304134975
16.05559444710886
10.328043292254982
-3.9115846058004777
13.363301344985935
6.266384672608197
-3.568774893945733
19.82646233187858
-1.6633765308532347
9.524002313378457
7.71468939442844
-17.55250751885122
14.365185444406706
-8.288232539474865
-7.067695769243567
-14.003832651638085
7.602530775956367
8.561726760079665
15.063187105874121
0.7704099378137563
5.10412557428317
-1.8712166051678416
17.943903251594342
15.872734087096816
-15.6044208069479
-14.860424252493832
-10.91243579891926
-19.831961840282794
10.734967690664433
7.091864293592298
-11.353619793722753
-4.767900783518773
-15.179127655947386
7.247890598442655
2.1851160667651115
18.054184091457238
10.590489840027068
8.525322748003479
-3.0700857297966913
-10.232839974648961
-19.39270670112989
3.3619138844169036
-11.237976615840996
-1.7260988762018492
5.7377250198995675
-1.7965746495520278
10.287613940438895
1.1483091979491213
5.3546013518335975
-7.348479053966933
-3.121331566274531
-0.32464448935284196
9.72927006951457
-4.58471041651951
3.6898932812251637
18.036519993078606
-5.17437820096092
4.7896013911620905
-13.842096555138731
-5.741991851821169
16.47337633804164
-10.919330405975014
-19.313816159558876
-0.24421506968032247
-3.4923562743282375
-15.330662379096726
15.90483775880125
-14.862004330651008
12.428042960757033
12.365457979000766
-3.971650942675673
-4.005687375788959
-15.689771384069712
-7.752913281327372
0.2476202050949574
11.44764842681845
-6.790886975866295
12.179633320221953
-8.552519420111167
-4.276534477154733
-15.406103953010009
-17.510564241112956
10.219936875502551
-12.547789973222603
10.491058930818774
12.901890504382926
11.95397076249003
2.1387586418187254
5.098362677911922
-18.682706417692575
-5.581097018415754
-1.5278460239719394
-2.925591596808786
17.266581026921294
13.944635820674812
-10.52219378792075
8.877976768720657
7.675902737338841
-1.049927209587512
13.50405759572132
12.831215675844597
-13.834967444885486
8.30563583402439
4.1750253971862215
10.030708554431733
-16.660597683459855
6.406626960789353
14.933950671472672
19.496401538646843
18.81210861283332
-10.663299307998674
10.886811782030058
15.671010230459565
11.190577033910106
15.938590930391513
-17.548314182903407
18.31926697781835
11.903483289793655
-6.2037159918208005
4.399980299252071
0.05464750655926309
-4.185637271835629
10.538998368648276
-16.36816523479029
10.572456542443621
10.134857536716542
-14.561933730056555
-7.102281593476638
4.39396177353947
0.07461113631183025
-18.585740441425482
-7.793334956546904
-5.027548047868118
-4.445521075284251
3.3747367411154485
19.3374861600237
-6.570785231883502
8.381795522000996
18.427500195701548
-3.0496649266739375
3.733070424927007
14.074987706302629
-7.716535388897384
19.52961855274775
4.050363760719499
-8.88034039036652
14.465832295011658
6.4627423715549135
16.83517100859339
13.719719376062514
-3.3085260131680414
-7.572325642268449
7.773502668860338
-12.877816318359304
-10.258314141822211
-18.72504469950612
10.546597201265541
-2.925434826293799
4.0291669780350325
0.459289802277425
18.920703453286677
2.304798653345827
-7.304177500786707
-12.264077540571336
-6.4690242005288
9.694858477679212
4.279082081226697
-13.86391694898268
-1.7363449152711077
-15.803648561280221
8.362728443450361
-17.599087016137453
-0.40298549983964094
6.298471768024697
-15.879660812767149
7.779260138845725
-5.810186202324882
-15.378175140848253
3.1727604079863596
9.035222119732254
-2.039375937331659
3.3491061670334368
19.847230920040587
-14.994570332050374
4.126743377135192
13.741650288445761
18.468914325130008
-13.959625943766628
15.488723650507787
-0.5125347348760023
7.8048479970451865
-19.517099046483533
-18.47574274682848
-9.084901936195955
-8.17993173869844
-4.730824774114751
15.320476482481723
11.334362906439324
-14.34120271229354
-7.864379868165724
9.57948342638787
14.104775786763156
-17.53786799199133
17.314070905238246
-11.384452195060373
-0.14300788284563737
19.7760363105468
3.2990276864677384
7.876422837078401
2.7219760504366945
2.5576790578362534
1.131703494537323
17.134464725155844
-8.016407642415754
-11.449719302834808
-18.86524802060068
-6.268793814751863
-14.686143184103408
-9.283510614367128
8.10893785466505
-19.394709178998482
7.326210712789155
7.017688611418862
6.109749948967362
-7.202957445681957
10.098149658411334
-4.976853449773468
-2.868258906833539
-13.811694519791997
7.558313015901398
2.011211309386127
-1.6572458925204785
-0.18272959105950193
-10.089054480949141
1.0097561456025659
-3.3677892285806337
13.78350432908018
-12.762552934440027
10.321559545133677
-1.9240941624365568
-10.541638263614189
15.157277901440615
8.270918306785475
-10.774324167591987
-2.5021377523185784
-8.217445015278626
-15.175489943410287
-6.945816618875851
-18.002787875978154
-3.938214109587541
3.1454284521198232
11.12409489015969
-1.1636468366084713
0.8311085706262524
-18.27481613399259
-1.3022878760877
-18.572571591137663
10.596746838072953
-3.1921737053368027
-1.5156320830983674
19.93431972959098
5.876648690673235
2.3997109930918405
4.982663774438798
-2.4761676174891605
9.203487080583734
15.786281870291326
-18.703505474381515
0.6937016277546988
6.956333221635486
8.711457185608417
-15.362878858527882
19.631964331761004
11.100272389964289
5.1450056138297775
0.3906811933487333
12.406931779964061
-7.3259441767397515
13.930476440707388
1.5962465408296822
14.815461228211632
-19.155447294172717
4.586358029469551
-19.194669169174972
8.4474190113946
19.858965601234196
4.469282547485527
10.698931909338228
1.7538053397816995
7.879899826080706
-2.8383493385117653
16.76263600322156
10.156836692113327
1.0257691190391114
-4.948831004712325
6.932490409125638
9.853618601951915
-14.008024264848276
14.215714628404463
3.4820715921518186
-8.26791877684872
13.012289874367099
-6.708000226462207
15.836840100137394
-8.559895279633611
-17.656040850591182
-10.29985829954947
-13.84699016670972
-1.5443466483507073
-17.770171362231014
-14.522600101998343
-19.537913111448603
6.123492605568366
11.438528984245217
-5.679304176264788
-14.619412781517998
11.893148468470702
-1.8804310462136087
10.842342306429433
16.99892628485427
11.159380058495305
9.573740955834552
-14.411603164429415
-19.216430796388902
12.299233000828018
-15.608618581465077
16.360062432557612
17.761239200943066
17.62247425179808
-2.6821505311586264
11.573687220285564
-15.726788135107208
-6.6491301917134
-11.599373014830263
4.072046875182792
3.4300104839158294
3.3981575433482334
13.86472167633302
-5.673085741104904
3.4707555174653635
-4.171726213313374
-16.321547758020234
5.914033765858491
2.6204521285542413
2.5275604947713504
13.1112675017769
-18.045390785675227
19.358509407419596
6.0410373691551165
18.839152397640653
4.49684694328305
-17.244631862462402
4.4958440156426605
0.7460731250240826
-5.930172455421729
-8.084911871334794
-2.1565527460075984
2.639333565637763
-10.241166344491099
-17.480375731618295
0.8151526301020375
-6.269926690830516
7.927378067744144
14.590890323791484
-13.403453070363147
-5.606462030460705
13.98580022144018
-0.18650942345738386
-14.521037936388677
7.6402509754883425
8.664957685598047
-6.943058676765791
-13.63844715784687
10.589883504899834
4.448917987714786
-15.968950750459205
-13.40176097278369
-9.778777273784511
-13.623522736817142
-18.166432902593748
10.924696353701819
-17.801110378514636
-7.039328417298112
-4.032505445766624
0.4627203747883222
16.065917290596374
-14.829984036677502
8.42316127186465
8.840915060671946
13.268463736140738
4.572414169871955
13.934511664684422
19.697462176431664
-12.28418947377159
-16.246112302731184
16.384221094982465
-9.971284342930623
3.9978657755212623
-1.9644790814135291
17.115799178314006
-19.089385238193877
0.7651065796762495
18.49566564532236
-18.3827284376482
9.909490189948905
7.855584702510754
12.287356384366475
-15.156453716431502
1.8517923848357611
6.654389104913761
16.957039517549816
-15.108828614831321
-18.942935602456306
5.2447053210456005
-2.109548938328224
17.783670653806247
1.6165650326747496
-9.32044281691395
-14.55300610187519
1.8777088752265243
4.0939663100290105
-0.19198769960381412
18.732689927125833
-13.467735438360284
-14.35430653553123
14.414236918247823
-3.938776571095918
-2.566018322272331
4.003234651369905
1.5891600872874818
9.017030180420686
-4.803752956927783
-12.188642647654046
3.8459471496296587
-0.9672335952162712
-17.0