7.073490076737009
14.310403914221027
-1.1392415953440214
19.252963137342718
-9.833110471516196
-13.442529618418742
11.04008511904157
9.301996475685375
11.483740931810061
0.23550792385764296
-3.6148341928244747
-7.033302599853158
-18.423764386017503
16.044023732236887
5.2452727986290135
-2.0708112155964997
-16.8184601822774
10.363960038071166
-14.77888756646113
-0.39424860579324417
-2.1597705495194397
-14.321960144996426
1.6630821894448147
-15.620710854420725
-0.2590901526674685
-19.222683053190067
-14.820369426810615
-8.137522837943987
-16.915036449564965
19.024222764923202
-3.028152255118478
14.782549038940097
18.06255626777422
7.952422241229378
0.19470807250690925
17.626493791998577
3.439549992807166
19.196075219679393
-18.464400420268973
-5.36641305676207
-8.332816675513076
0.038056222324147626
13.016878872311075
19.383632121473767
12.79221030366346
-3.098604229550986
11.211206288715388
-19.48624269325366
-9.718540259294311
13.417967048017246
8.588409634303176
-3.9138017394573765
13.061551377459743
14.382819982332933
15.274681683203127
-10.546938141037137
17.212738520820054
15.171915833992784
6.764887588126957
12.771225201636462
-7.556274880851772
16.058435170132405
-6.906514460380077
5.345560020241269
6.455715927961229
-7.4624456307407385
15.735801823334299
-13.03517328842128
16.0347792457926
6.360751994155667
14.184495003476606
-2.462893944528428
0.9852553030775759
-9.034151439752542
-18.829954652247874
8.763047258265956
4.688566821842166
2.3618342412501434
-16.81696345961423
-9.086155717419766
-15.607303565792261
-19.7428970500344
9.340684321210592
8.329962191291756
6.676890873776806
-16.394258977035815
1.0042172824338138
4.466912938452015
-13.145399990507567
-4.404964761444315
-6.867239718886644
-10.656197419355538
-16.24129419484493
13.661625585031068
10.122820018182892
1.4888561113467027
-0.9508178612111386
14.309330978405043
7.298982257467173
-12.801488533061214
-17.40518737203591
11.568562635312098
-0.4893940497745639
8.173010796934793
-7.801329306920541
13.640544280648278
-16.22176922535891
9.1188541423818
7.0618811611944174
5.277190299991862
-8.027923239956971
13.945467436348594
0.48601035491040534
-15.154703605456593
5.956771129374637
5.407122027318643
-6.945979300798468
15.243923347474926
5.649747259674754
18.864196050786198
6.695993065956696
-6.868834077156109
5.245867216715947
16.90783442925482
-11.841069782540693
11.320194679521038
-14.411548508529952
3.99983724694075
1.1058722795129938
11.352189556032549
15.192450221565224
15.698772157269971
-13.901465338844265
17.065890290925545
-19.304400660552673
9.576701596028325
-5.194054301047281
16.985293448652
6.620903992258572
16.353321908324375
17.798642973485542
-17.21326170974112
-18.430788373783606
8.128517322082793
13.399600350169209
0.13827230417616931
-12.174224184715223
-13.598838582778008
-7.198094805488232
2.788066454980349
-12.802629997942926
7.024920041906192
5.605303363877621
5.830923035107819
-7.74194361947842
-13.904300524396271
19.26638218249633
10.689356558068269
-0.7756451089240599
9.438410406312762
-12.275951471940335
15.956909400599642
-8.060048041129505
-1.928539375052548
-4.911795046076115
-18.570465230900155
-11.716577158502965
-17.830303804878987
17.70601123918467
11.7446876400654
-3.983275654197442
9.65412395671293
5.081059748677191
-15.714268998444378
13.58323115219222
-5.282569441334793
-16.333263642817094
-10.019358074432798
7.812868579086437
9.543858669123864
10.186961491221595
-4.3385571267459255
-8.048154221156496
-14.31056910400109
14.429012170943551
16.120155307747986
-15.34354773074627
17.900800436318974
-10.821082633095287
-16.002258816855264
14.664333587910747
-12.31431620031534
9.599171813990136
-9.77197885910256
11.276085741364973
14.16706910989899
14.838681784329978
-9.957825056751126
15.531031749150223
-3.6322128522522625
16.285309616180086
-0.17613714506920175
11.35461997145353
2.536049063434433
11.08759541943244
-3.1629660807013806
6.794718084432798
-17.367573600484775
1.7230209996623849
15.198599984783087
19.818534648234333
-3.824049128584967
13.417625342155652
15.960885814559454
17.49757745093116
-9.54366505870475
-5.479691628744408
-8.300092205169932
10.782047848723074
-3.4601786999426025
4.645415475567283
-19.99269580633067
14.169997790340979
18.72392401271015
8.173271259207596
8.540802414998517
-3.204770449961977
-18.71013400916068
-7.070183033596656
15.642631105528594
19.407677984332928
-14.14493967268906
6.754375390138097
3.7312915408923253
7.311390016528261
13.287325998329038
-11.787346138564851
-10.933899315338165
-5.277401197172518
-2.0986063812674587
14.086926727034296
-19.829301743212838
-15.08899772578209
-13.029366530167138
-0.7398872727577519
19.753357225380007
6.175138219939132
-15.953978916817695
6.967340950144628
18.74340890752724
-10.31452830334818
-12.582740939073936
12.337335118989465
-6.385699103331856
-5.5385709185524945
1.463427108474498
0.27228033767653415
-12.108327311790843
-2.973308950951818
-2.5772819588109286
-3.302980321080419
-8.243219115531177
14.205426221422542
-6.196365962237348
12.451994183141707
-9.045657671621449
3.0013022219534626
-3.115130137224476
1.3494738730064597
-16.903914599885766
15.680460236576145
6.600261206682095
-14.508878117191832
-13.86778213443157
-7.898452929101921
-1.352893302272598
-14.130964589387553
-6.385212416032481
-16.715904409923894
-17.002868256683605
5.275840559084656
13.130624071676763
13.094729888893461
-7.568649600922184
4.655928391450747
-10.054389199718123
-8.793560375438148
3.332202575791836
-19.61492442074253
-5.964348952728589
9.990719119789048
-16.540510603763362
-16.254309415268775
-10.12722665210427
8.500370305912647
12.153758745408425
7.719624403020482
-0.3427329857855277
-5.161160813587129
-4.015003506448235
4.6571744744247034
-3.6363490525523723
1.0336358166843098
-16.85836503223151
3.951725155207477
17.155707962261808
-6.5481064742660635
-17.503634252484474
-11.665398379816985
-1.9861410125373382
5.8461706978065635
-12.18938723757872
-4.991749258464768
-14.589521198394383
17.478134897723685
-17.0056291237899
-13.678387914005397
-8.804570145612804
-5.425386771682504
8.659992566294608
10.282903191109934
-10.759517266240998
-17.542578503019417
-5.581729438557641
-10.979090488897437
18.949282439281937
14.363056769422663
12.682331824581567
-4.704031964369882
6.922755492829708
5.478134279992865
-13.553476101980625
-11.46313177011351
16.71310212319937
-5.108147797885657
-1.0594670017468104
1.5041944734743566
17.062812805293767
13.343136126984447
-0.6890845845619964
9.628551780160532
19.908458669800112
-17.6892680936475
-0.8592855410563658
8.271435863899438
7.039673621393373
13.616802689758735
6.588814002868585
7.790865316113383
13.01540295562478
-6.590969642765096
-8.153720874730315
3.7524400195993515
-1.1567387380790564
3.8671161136812806
4.166086171821295
-14.989790126531126
6.67787971027095
-15.509607194946856
11.551724775758473
5.952263395903724
7.6695648812415484
-16.16084106995778
7.974667111071561
-11.193404409825956
17.147639421088
8.038679478001779
-7.734797200041852
13.358978456716287
13.061981508741475
-5.044391457414212
2.789804732474913
1.3477867582070324
-8.736415396112838
18.085150456853775
8.648395171911417
19.138589086124796
-17.101163536652034
-9.724238011549936
1.3398117241129128
-1.3647746805936691
-2.2765276927705855
17.631375145457625
18.17313247121703
15.493637405452219
4.622526316787059
-14.699924702933211
13.575698928679593
16.643517396210086
12.787021223570754
-1.8109041013319107
3.7561883675789467
7.555742083249459
-18.24823212933576
-2.645619089879748
1.4657573352386208
-8.530907341518779
-18.184105737695813
3.0377171063529254
1.1484990572156306
16.66421835467773
6.4769801163709
12.698201177935204
19.793266180678174
3.5010516283090354
12.19714950054059
19.412615804634193
-19.005045145417775
0.3206049056991702
-14.431538047128974
-10.174362390350664
-1.7257491778627951
-18.887250462589805
2.573157045769591
-7.795305203967562
11.169752585191802
-10.396826018958754
-1.7626922013936017
19.191679418498993
19.741286520366245
17.426822024134893
3.996250266927369
0.8656923876036373
-13.779771137684396
15.801178472828859
-9.30288121578387
-13.376254266208543
3.6243699607183544
7.905626690101656
8.106664212190758
11.188859185169111
-18.345809491125262
4.828602088869005
-13.173988289329026
-2.358515160403087
-0.4962845677625758
8.757102996233776
7.424286467436765
13.791399827852437
-9.156513502178747
-17.537381230495292
2.6669303306064265
-14.10457771890882
4.668550445642627
19.630079550287817
-19.272717412579482
18.386984581028365
7.52804003300237
3.7594538753947404
-18.87590623137769
4.985994932294204
15.65707003520059
-11.89219650249806
-12.952304682389176
-17.588743710209975
-15.743567447419572
-3.884461814815623
-8.91628713357778
-13.957610767320073
-9.091053938174895
9.269129305001083
-12.584302628677557
19.561157036939136
1.4355936172651163
12.7837052932626
11.944471019446425
9.337784186201127
-19.426600444034023
6.908119037576867
1.4311012913672094
-16.665584847036374
-9.566004526543903
-13.557630233013622
19.989879455077777
17.22736647386386
17.454246879558077
15.286390906878275
-1.6144045266380793
3.8560349792981974
-9.496446639286207
-12.421189838017703
-19.046562610830264
-2.3106300197902208
4.373912183010681
-14.971675660229806
-6.905491644144037
4.46288731238273
10.461860109530612
13.500046012185152
-16.398970780950766
-5.593321200702777
11.547159501292377
-0.22297825094612733
2.033177524472002
13.905832316281675
4.504795306346278
-11.602715092087358
-10.334259922441538
-15.457620613161946
11.33121158197654
-6.078179073123033
-6.919301266570974
10.517575718500673
13.614851681958221
-2.3170258149634115
-10.1922465983003
5.661697935041225
18.480072858316944
-19.392716636983547
-1.6017322804890242
-15.246580040387311
3.3277590787884215
-2.1668248151207763
10.9040985451091
19.547595545870422
-13.420749942178642
-15.407128293730059
17.379971372537412
8.247445961883926
6.275931203028286
-0.3802355055952056
4.10682790182387
-7.994025726006289
4.369622132874156
14.190610178115264
15.076689917049634
-19.08879459123363
16.81418460410525
-12.400813047746816
-9.712760060639498
3.4187549895722853
16.190902933422905
2.3561274931136467
7.2503230973149755
-12.14586267627794
19.79287763434398
-17.343457750026687
13.499824608275674
17.704508137983566
12.440337548459354
13.552648235267007
14.411232038941321
-12.856119396490161
-10.265498399563846
0.3603496356601532
-2.247200207068879
-5.339424718778254
-13.88294326466859
-7.292199053870135
-18.833464230109026
7.16375138488953
1.6859058562489757
-1.1766564250171
7.554833487022876
-3.562476621632527
17.82570599717043
-17.76909395419823
-18.894425160892055
-3.0629630008367883
17.271240925238523
6.40288769162283
18.72570586086141
-8.754916795129791
-10.579848080830683
-2.6675622020594894
-10.739719081123965
-17.159170511009542
17.480645150361404
-5.30648006648331
-14.334214495602273
15.542310096896877
-1.1161409811852074
4.461424546395424
14.846856331602588
-9.639454361525214
14.43087594445943
16.906683918116094
-7.4910058546601554
-4.070430939528805
18.896621899128213
-1.73956758830316
12.22516720345142
-11.491962008737357
16.31890359147421
-3.6460760679298687
11.94212612237575
7.440458075319192
-12.015088681297295
8.798878676957614
-12.341620099317193
-1.511163818735902
11.948777343530637
-5.402537029641511
-5.534898059257918
-19.14261082680667
-3.3321058788497453
9.389985026688834
-5.914633227508155
-18.608627222519296
-18.437789500213434
3.6317645623659516
5.638861684918908
10.378954208826634
-8.286022762264377
13.122678643063047
-11.700886314238904
9.94146421444134
1.3915898943426797
-2.4920975459523476
-15.518340623756156
-6.527169894168324
-16.34132111113788
1.7139935178752772
-5.24981081509174
4.25681708621476
-6.36618657475784
-16.019499796917785
7.859038834283236
7.4663635392170065
-4.756516989334024
-5.129739476058418
-8.337090136672192
11.943165687473861
0.5332388782166575
-5.6104854926855285
-13.991452204368278
-14.359153848916698
19.30517266060219
4.369377938186112
-19.544096896786996
-5.465137459808634
-14.383725012664357
-5.2166451608588424
4.0310094399800676
14.529303610057013
11.623640235936847
-8.505537380538254
11.869961677902076
-10.510034586571999
7.12774295185984
-10.713980829908799
-7.159302058382533
6.964155996679583
7.2459156113961996
-9.332175946068118
10.692740094071226
-6.619966500597565
-3.9497264443842575
18.10546367413201
-3.171079203730681
-10.065682057941805
-13.548629267906044
-13.658696347836372
6.061652316179593
9.313568234686421
-11.870609360763922
16.067939210144246
15.892553508896782
-5.899668822195526
-15.477368496038938
-8.427247487360159
-7.4285723110661515
11.872692311081444
10.142875868045053
-19.432970757914163
-18.095758784435585
-13.662296450449873
2.787785051965873
-15.280217910920477
5.9713576602513285
-2.757656364076567
2.7215157202767912
16.311025733066927
-5.401884337896345
2.4218597686271117
3.1972129504466054
-5.761781660884822
6.717934490287696
-5.578398367055492
-10.311778836020693
-0.03333322093165947
11.893823514650492
-5.551817134893957
-15.165269501091583
-5.177080649601136
19.693204119536738
5.302869891867044
-9.650202813831497
16.041454906806933
-17.04511940401325
9.93004393776621
-15.058476056470123
1.0078892417161498
-18.30243499329352
13.445678993419193
-7.676457122477656
7.107181332150358
11.351395564785435
16.808404155420973
-12.328002959340392
6.014736179111317
6.9994717803865
18.707895202840497
-16.051035604869202
4.473444608957205
-9.661507964961427
16.2788662237529
-8.180589712181114
5.110155035580526
-5.726407083475209
12.959009020825896
-6.092164686682713
-4.478584976098494
-2.182710310688659
13.993996021960434
11.085231435187097
16.081246837468782
-18.91633060898181
11.132150346211326
-11.63927704078269
-10.997199570120832
3.0101323436632015
18.594347881462234
6.20985055916886
14.175045704341535
15.838297506356362
2.245987493555866
12.0104133706756
-5.341779309172745
4.338120862950138
-3.9658651092398323
-6.411187450732889
-17.930362920193595
-9.830225624274615
10.174430467464354
-18.17326696750936
-13.39822979438068
-16.784010903250035
-19.84445476621136
1.1683176993528086
-13.360178380169675
4.288174479554652
14.307035360203926
-6.072834415795686
5.647114026290147
0.4427095861020405
3.3448375425452817
-7.463042577235441
-2.1629701058128035
-7.249714141692166
-1.2811997157711588
-10.242770802459571
0.6759697555056299
5.54112015795527
6.651154128531974
4.110893172765415
-12.91568366862236
-12.099115930701231
9.260590814380187
-4.730464804710284
14.61123648628196
-0.20530044868078434
-11.964503257230747
12.862378074136103
-17.416157770570134
-18.51212369100308
1.1292186358416778
0.13161204944508142
9.338867344605362
14.01193619352189
5.34048454112833
10.011490150562672
-15.030338957308725
-2.9272256313654665
9.426483466503278
-16.858349441555383
2.310358418439943
-16.07306191527045
-12.798954586201457
16.656453039532465
3.503030973398374
5.13921609490966
12.840452689778324
-16.867035894068806
-17.277561090198024
-4.098597372707879
4.48872344633136
6.162459192900016
6.7207279022319035
9.104579617199896
-19.50323740031461
-13.191550067812848
-2.9199740024248335
15.929512125653282
-8.009481283313882
18.459352142947296
-6.110119231397331
-8.577687296281006
-12.807243063455251
9.916149803004444
0.659247530209015
8.0303393780159
4.120120276434662
0.90927916034493
11.09214705939696
0.10913066759437129
13.065483891511697
13.087927108679551
3.193434019527146
0.10085222938722183
2.1430344537055035
0.9736718718084063
5.300763471550244
-10.059955601513622
12.484762497856131
9.382865699774797
-7.830180533416669
-1.2681234114668598
-5.31449545707761
-19.20615043009647
-16.5087023214965
-11.53929467987098
-7.64973847674427
0.16157185413044672
-8.066567033453937
18.351128381350833
-15.930472312284355
-12.337610373054071
5.5686337261895105
-16.727008672150156
14.846189864763069
-19.233004747592343
-5.1625891256090295
2.018399606446284
10.080913457528787
-1.5308967520489816
-6.7083239084191515
13.218268959321293
11.860744440685075
9.609963141306366
-6.834546924157898
-16.037376080685412
-16.046838595409362
-13.604459065306855
-17.69759553440338
10.713949907046747
-16.304701143813585
16.096519702518258
-2.61363661214466
-15.48357234381597
-18.268189324932624
12.099503806955056
-19.301482087003464
1.8013927197190327
18.1236745377934
12.61809595839241
-10.932183549270915
-6.274326173767966
-7.639393727535385
-10.915260022620688
-9.14672045106325
17.695415784788892
1.781773580199669
3.954061323122616
13.251183586004501
17.606378901153434
13.765445613665236
-14.898869205305836
-19.1525399265702
-9.83769798119459
5.377924424765638
2.823112014682092
-0.632805949045185
-16.422635320525345
-14.127877976956494
-18.367724301860463
9.290973522048077
-12.18880655054733
-16.725856044443262
13.675489806327604
-2.9538973974974
12.099662555633259
-7.053257724838989
3.299185093914595
-18.250936679975993
15.62257305511745
-17.05049584412866
13.134813977640633
11.955313532541219
16.896522715384954
4.2957978742501695
5.890653313991425
10.956665177997863
-7.201164515827836
-7.745888626037933
-12.730220364446083
-14.78316200946734
-17.486312909144456
2.7862945990338197
15.24764626772943
-4.731647945224363
2.8116839075988374
6.578020018259728
-15.051788173222388
-10.161374173987351
-9.500174321777957
5.675463786248002
0.9413297205343127
1.5229780731043796
-2.659596446873511
-7.878913339322814
-1.6869053570286674
-11.841110974897756
-3.782605139543378
12.536530564284014
-15.650810618460543
-18.135784865678936
18.71527134466737
-5.0304572448949045
-1.0407372024013952
-7.062684902566696
16.998124594076508
-15.550074447560167
-2.5332930333295636
4.1001737511382395
16.738498473447365
-16.948844287552323
18.234896100602953
15.651123052195665
-3.544315696931317
-19.091253373254816
-14.28846515462729
18.110751724418783
-1.3456081503875552
5.835372955915197
0.8764837147739755
13.133707719969983
-3.061707629550323
-7.1283682599194
18.317737587909434
15.649275082191636
-3.7282963517408305
-14.553784635069654
5.077963072267906
-17.943925518290193
-15.166615600049681
17.20556078565228
-11.969098414368244
-15.609326558285606
7.047910413875371
-17.478306101868295
-0.7006772558619367
10.378227102697068
-12.080325260485933
18.994730350780465
-4.94052460144426
8.80214234249205
11.241320944565185
11.603373362318358
14.898663702682818
3.3692653831335804
-12.323593559394336
14.551817605480629
1.9142682539139066
-0.9516962875180539
16.987288562141394
-13.272100080137527
2.7907115169546373
-4.803218764286537
14.438863575758425
-0.5151653701439045
-7.91594469421787
-4.7153848668571285
-14.630763963948223
-1.8460734446990799
-12.28295362256748
-3.9086720879953774
15.930419590082877
-17.48936559282771
18.080992739979862
12.792584044438321
12.846161939475188
18.948739339526085
18.898064934942212
8.24138721864971
2.794270339566104
10.71012603956348
16.507678043140473
16.108980515692593
10.71321851383729
5.901672804778588
-4.7316683920074745
-16.461515850549194
11.014573019501345
11.066931137743062
13.334898736641556
-18.874075629960316
-12.763193747429082
4.366085582283649
6.161666576609303
4.602678902579619
7.038910085048748
-11.222878632648694
-6.427334087381173
-11.858461714267952
-12.778582337733333
-8.485698180143416
-10.000930396034926
5.529704587853818
1.8421334950299766
-15.67309982230153
-17.86006255924527
7.8339577237767735
-0.35765997874314337
-5.5521832865091305
-8.306650387358188
14.58807189417729
2.0642183615624745
-10.271652684481278
-0.2664761707092964
-0.07410251967349524
17.24131732386502
-4.417746769371785
-8.79127437993516
18.708101279913848
-18.82904516929329
-9.625249907739608
17.847563306222348
11.484457493303346
-17.43424754057914
-12.946209160053268
-10.968366544524892
-17.683964827046708
-6.175014458768038
11.593349279140632
17.8702751278784
0.21343778172514405
-13.323527167090091
1.2897703764260342
-13.814076933963747
9.011618923416602
8.446419292934856
9.876897420525125
-5.398985537637788
1.9869335033862079
-12.096085891257577
-5.961894500888842
18.39169212563167
16.207510719731744
1.0249915287879219
-17.271111518953674
-1.5268037525722242
12.581073487578209
-11.17660079230204
-6.382726761433656
-9.196063591157642
-15.35582521885804
18.80123164140418
11.492418823851402
-7.663296915559483
3.2480919359712246
16.597499791955784
11.538974561380094
11.49448110927306
17.68918444032512
-13.799203837754565
9.429020569065347
-13.386318289535119
17.71880948322908
2.9436322320302075
0.5291929870923475
-3.030878997914968
15.45908991376578
-14.844861791792546
15.21442380953259
-2.8855908618273247
17.455998758600742
-2.9821131416267797
3.3312449035553655
-1.938396229466047
11.73910422054427
-15.456551326708489
-3.0789980539675668
-4.708668389038998
18.36070710256145
6.872328584937559
4.6940384585212485
16.912095895231843
-7.054107337913322
18.793936397282785
-6.114215011972831
-7.478080510978433
-2.991111840415641
2.53204763456003
5.806565142093582
-19.449687925764305
-13.762140538926282
-8.71196857996608
1.1842588158922105
-8.977132675267118
17.39392842771565
5.77299301913607
10.114344503874527
12.211290966111292
-13.11866446779164
-13.314708193169515
-18.627566355886852
-3.6398015385074984
19.234159234171372
17.032071908740527
4.0722279827537236
14.781378744285995
-3.008977457824834
9.52679011812615
9.334265699405986
10.03416353628678
-17.510749608150853
14.603082570402329
-9.49955502531532
0.9534255987978888
4.822152817019312
-5.450206478697087
-5.543479561694721
4.006284110954752
-15.452236758685785
-4.187974513831048
-8.19847796499328
-0.0972643928093504
-5.797547633830158
-7.642613603324211
4.824683435560559
-0.10104687577068461
-1.528197514815119
-19.14254396481219
-8.075868965864771
-18.850063349681434
-8.779885931086735
14.847259179141396
13.309160643801413
-2.484613752068654
11.833797418457728
-0.5280982975676949
-18.010074517289105
-17.870444810311042
15.688772024598357
-2.414421102076844
-14.597085539595263
-5.23474113229911
18.94643177860071
6.072851386649631
-18.216487763094054
-16.043652358641843
16.501908912682012
-3.7280861323453074
9.908187262878062
12.21070961298637
-14.348310258818442
-5.3328783914597935
17.59541814188541
-8.201529679082643
5.29372110834403
3.2002244704811815
-15.187229980023943
-14.986203268905545
13.951513454121141
5.101893113753153
2.4696450600921906
-16.743859890213933
8.328050037550817
-1.5834965485919064
4.456741782063407
-14.95808884310129
-13.835829427008871
14.802413937819587
-10.819628831731345
16.021641459831855
1.8931171947056171
9.303579658487962
-1.1565798568258572
-12.187768616932662
9.120208915104605
-17.95211332854699
4.584303061120135
-16.721969855829517
-4.387930030858449
3.730434569276966
-8.523954960474459
19.410217630988328
-13.776908043010447
13.70973443929806
15.177355860358446
4.30976822589567
9.058378665955928
-11.786730688385987
6.167015306806377
-5.343449644158298
-18.761443692004875
-14.005411966933256
-5.395871579906238
-7.700393900299511
15.958894534381152
-12.303654880769441
2.9420692788939284
-18.834359175926103
-6.938466183956775
16.80149466226102
-13.46731379071855
19.932152598409488
8.515448035294085
-2.2146695683353634
-4.501169050977198
-5.163633491455508
6.2980800854181425
-6.51409758790189
-11.192034917240306
5.870489093012413
19.34390632877446
-9.889056382995314
0.2277301219087775
-9.916572738090519
1.9888929755621874
6.890921844244481
-15.032396330307702
-9.511248873913459
7.560089892953602
-8.178447694200761
-14.638197179045488
17.21889715693537
7.805416435491431
-15.583458942216858
4.46416966620394
-14.698352469801147
-17.665641429384284
16.399692356517058
-8.546386601337112
-15.443891580733569
17.523249647842043
8.946981885276656
11.51707482024694
14.769484722996438
18.58367941815785
18.483148724071057
4.966045567341055
6.494357750438176
-4.555569450783832
-8.15409668819937
-2.0154425089552817
1.76791126110027
-0.7788976454555865
19.094873851913704
14.408356371903224
7.836021988140299
6.134279675430303
7.363469588223644
-4.902615133779161
-16.004921680890952
16.3077515507146
8.164952200640009
8.46333663768046
16.166050609827778
6.902798490857588
0.6118484944394922
6.31559776357518
-11.478357331559966
-16.53209322942331
12.555480348722199
-7.475277193460123
-17.00305638602162
-12.68454683516557
-14.0854493780523
12.747949142473601
-16.827467415020724
-5.351328841206108
17.973312206419216
6.114655806318638
-8.478434587807655
11.918272148610136
19.644577325493742
15.213683972542256
-3.2195992308086794
2.9825192266951284
-3.6035718800211
1.4998563054174525
-4.404156656363405
-0.18351766885253085
11.60526906818302
7.358231215206288
11.23933360150351
-0.47920349296052933
-3.4909864764919902
12.299299237385526
11.994560670996655
18.448066146523423
7.022800768532235
-15.730370616256302
-17.394523144828433
11.493161437076715
8.590869757880924
17.62817299008782
-8.187097961657436
13.91741203432278
6.2829335372554205
5.373995497153334
-11.095517268977822
14.782986329874454
4.423178076227799
19.428844129525842
-2.5261949400420463
4.0252486352188335
17.902528710992534
7.545295803276343
-13.568210708146001
5.0631063110288075
19.020046585823216
4.732593496311527
12.657913836217702
-8.092645689725018
-19.403029449454337
-8.980603568633668
-4.6505998842679155
-1.59274309290862
-15.702822926663472
-6.239265167435386
6.602719410462981
11.046645349559583
-8.030388548872134
-13.414014538236824
8.241037078588597
7.877651630202216
14.953674372655861
-3.4321826778954048
1.9726745058092767
9.438502905468344
7.023278292319599
-8.819423688271675
-5.288949870856001
-5.589769428976936
-3.450293151746237
15.124609421177233
-0.7749724866086751
-3.627461667767058
-18.852931580963386
-1.1006492460697856
-12.745473886087254
-18.034646331785442
-17.718000256070596
18.273627583220332
15.552791244898344
-13.834010686477566
0.473681344355267
19.95102690900773
-4.537522893815286
0.19398801215226058
8.513548395458429
9.913050815327885
-14.68521051070747
-13.69921735463421
4.934386756058039
19.835623069894325
-7.301017161681633
-9.778009413734615
5.916742759787329
-11.848793542243929
4.466931291868551
17.883211988592493
-0.14717997792006443
19.48772651475931
1.5165401270377252
-2.123076935356597
19.312264605703987
-17.256410156751045
-6.921419977955976
-12.729925232939614
14.621603337736524
11.75466635969213
12.579313706369511
-7.944936524683058
-4.694969150641995
-16.364389124671273
2.5821933550041436
18.61557979049794
1.1661966300349107
3.3859414215965664
0.36042830058800845
-12.320092513598851
-15.93213332066281
18.95224940023798
-11.7582908003709
-10.893753652166115
-12.03106012565167
18.91262768709055
8.295633489304592
3.6942651315657926
3.6926877230653155
-0.4599631231172516
-5.5371785442922405
14.740666853559205
-5.377587082872463
-8.289248473067765
19.56459031832901
-15.694201206978263
18.28930557106186
7.357806671671746
-0.26822315461046387
13.805060793175848
-13.002479401555366
-9.549918459499217
4.593916290497859
11.907022046978959
8.7555857385832
12.28353526660483
-19.930996096032473
7.126835064647651
5.825720301225399
-18.955508218880443
9.266171150252596
6.871514455498865
4.983270905410052
-4.8215076355569675
17.046932246398924
7.505388965427549
11.87741840829359
0.8997267664982722
-0.8902600236126332
17.68980135151552
-10.08272307318014
-8.676687964689922
-18.65455327689178
-4.542099722315456
9.743356031243732
-1.009568048791536
4.135243071021701
0.3532552445740613
14.796915754194188
-1.897584831970267
-5.609509331252314
13.484228313158333
-19.382753143468406
-18.63003412724993
12.62207704081807
-18.02946465150464
-9.22339115914129
6.7131875007443575
-17.452756732627424
-3.088377253905584
-15.635462062673145
19.404074098314034
-3.391987317557188
-6.5920745737274355
19.787730646064688
-17.419517940164802
-16.482129401357547
7.741687978290884
-12.574172144451389
-12.751152652348301
16.137261620234497
-13.439746926728212
6.931073204749254
14.642088167344426
17.62481776828625
10.720460414474996
1.7598968307490317
-13.1469274334145
-9.710063831642355
0.48987607477390327
14.290375187140057
-1.3794465747261953
4.34449407886515
-14.195311310386703
4.0635944806667155
18.5371047265222
19.890619319970497
16.44896407946615
2.6161992029501846
-12.25231148665744
-3.822941523329927
-4.150265183597529
13.871022103542252
4.3311449736445375
4.191571635410675
-4.9622323153688175
-19.598446189797805
12.40076817487217
-9.794440359300207
-5.333975297785059
5.1279918933928315
14.820675454291894
7.876424563661647
7.928410203104974
5.451868456152873
-12.197562736456696
16.450666577428876
9.57406108168076
15.261773179856228
7.824546527155277
-2.4291060582863935
5.3828750601599396
-17.947638385296443
11.715619035178126
-15.13466993389291
-13.553106089511395
-18.947836870833502
17.833576450997064
-1.1104292468440562
4.2086200838867
-12.765209612743318
13.835885211099942
14.457288838365713
-17.197589744581027
-15.201442466158017
9.411958922025793
16.75659743435679
0.2523597225170029
-18.407022137274236
-6.999778141907601
18.932163762802375
8.864689148430127
-12.508655379044825
1.0845569489401967
9.285256033164924
-15.666072936767117
10.780621799240716
-16.59486092306185
-17.38580631031542
-16.26943468967598
16.73151394128982
-13.962337578653887
-14.073783637107464
-5.0682101527903
-6.1539193515522825
-13.27183737771669
-13.879740634691862
-17.05659203896819
-2.6283270784694004
13.886446831954082
-11.485772213173906
-13.750896091642195
13.03905126124888
-15.919397334430068
-4.80105112832697
16.190215040780842
-13.879965836542464
-6.597786136643933
-11.398217352635495
4.331853210912481
-16.686404220410523
4.848784644868239
-12.662186756288797
0.1904602019717032
-4.34880472276169
2.6902614551647552
1.9079003724083492
3.7329406294752303
-5.920218052337445
17.108073530511867
-3.1271915892097724
-12.811207721827685
17.410640927729972
-5.168922238197226
-13.336734404749823
-15.601334238067421
6.387072558515904
-7.94621179621144
-19.512264199327642
8.301971799856997
1.5340433651291505
-2.3808551130761018
-16.821315583969035
13.97775679338342
-16.55196242665975
-1.2358454225489588
-7.838356181686068
-2.5050528213879986
-1.8514722571101103
17.12299544058294
12.178913683123945
-3.904752616470187
-1.5029650281576252
12.820953146448893
-3.2428009759028917
5.624111057846818
7.567557914711092
-7.92173506061606
2.8733604879878705
-4.7995232428514925
-17.37272826574738
4.941480147076408
-2.7885933888771106
-1.709229947258919
7.584457890745256
-13.984213370329606
5.759685791797217
16.957898312725305
-2.7492434858261063
4.478451805989714
-6.625917196962785
16.26377501517721
-6.334823264068184
-17.055246200787142
3.045683573034058
-11.614284061257397
-5.065205126886735
0.6163304113212895
10.895301980338527
-11.887820952993433
7.014292388421914
9.45643558171556
-1.8746929466439681
-2.2746422511564077
-3.800556706088223
-6.243504589418013
11.610571402132102
11.192505861699622
-9.801104501001397
-15.462213438038969
0.2782727304779087
-10.657743330954759
8.412780713120469
13.300313942150105
-3.1737631590153725
-12.2069795585756
2.9226814143079523
4.349030181912688
-16.590795204855162
-6.491701787003699
-8.00668724819503
-9.329441131555898
7.103889390160223
19.285976785261767
-11.057043350037187
-17.82134336219835
-9.283298478964772
16.99032630172841
-19.840424262172988
-12.139472859039433
2.881025272799679
-0.21294728333285917
-14.171754038684824
-18.072248923780045
0.2657638006926142
15.81997230841857
-17.5746969400206
-3.6710873307488257
-18.541585883302112
2.627968428340594
-5.440131937181505
11.858962172438329
10.22461319045032
19.885221800394376
3.250995604851088
-9.006696262479995
8.477373969317568
-3.987487347536536
10.04341932196283
6.204645690192912
-9.347187296618497
-10.080882341451307
17.16032933266454
17.19272020238651
-6.927491382685091
-2.641857641783808
13.407197731001808
-5.467334046609334
17.604651261358583
7.944045193195784
-18.75421425249751
-8.076514681970504
-6.390145072281284
-7.349293346021767
16.799696268552815
-4.823081700545462
19.699283057019315
-11.649246513497724
4.378660223451458
-13.673369532948524
-15.41356808625335
-1.4744023250416873
-2.8217258502212452
-1.5057206776018006
-7.477941112165052
13.93956993299323
10.542635762917563
-17.92137298159423
12.617921037011264
-19.739710603932636
-5.561939060765543
-6.94544016372943
13.501718295575103
-4.641117747536253
0.4180642628063289
-3.859726223777834
19.53159482547872
-18.889615130281932
4.79687408488698
6.329628946068354
0.9558342578357646
18.070332325130813
16.184915196490202
-4.214392233186835
11.489057489089983
1.8989833299124292
-5.584698004366423
-10.514440446951454
-16.91749341747383
-4.43813893625407
2.0950428691118645
-16.054289324807694
13.483128238044742
-19.63332128207728
2.1918591746301352
2.9871358208059853
-7.417210836388875
15.705561611732968
12.531695357983715
12.010129194914796
5.155113909020809
-9.209942981706408
-1.6837945739870293
-1.6051106644861157
-19.861182869677542
-2.998569279188107
-10.83249400136598
4.45167869459457
5.602297402158914
19.81752616106511
-16.194106098237533
6.250794773186847
-0.7448871718173535
18.357324570574676
3.3370967495054344
16.116036308036243
-15.992756350468419
6.953859676175895
-18.570106761062867
-16.441240801440188
-14.630285264056342
15.809140365632551
3.159773625155566
-11.517834274824686
8.12135061609358
-0.13112403833818576
-17.317767754416078
9.735612699430192
-9.191523073359832
-19.376061720266634
17.741396308591888
-5.242123795419747
17.830919600861478
5.837812334383759
11.81845984422186
-11.249550628276852
15.934352087101864
-7.631098416812554
-11.024686070234333
2.496213130185403
19.95927835300045
16.633315756296128
13.241337122321916
-15.468492165105223
17.787011495200048
10.361182785694002
-14.295199804007721
7.159877242620489
-13.956950529204528
-14.882744926630892
2.925513276910227
-19.905470972968807
18.150871260557096
-1.3804446831866493
-9.822710527185512
15.618333718464932
14.565283514869819
14.097206894726092
-3.1510890983038387
-15.32899009899264
14.2039608602948
15.50874762221899
-15.77559810397796
-15.402042301868605
16.3983198284894
-11.033738775545082
16.10983428867317
-0.05946106287245101
-9.823801312052233
-5.316545500270982
18.409276162805185
7.18614553588867
-18.11391638205821
-4.5922342540431735
-8.11193860916967
15.537899232686307
16.847778680933338
15.618241713958625
-11.914628991255242
15.009113376778117
-13.215840964575856
5.087712352589936
3.234972915977899
-14.612510514874275
-4.653248970374717
-6.35229204774328
4.212622547074911
-13.451892552789747
-7.672619185400906
-19.1881421497021
11.109388497874466
-11.745187267766063
11.511056256740645
-7.658044605936599
-16.493975937233433
-9.02079762164584
-7.938345626104555
-18.88511880082502
14.42408121129884
-18.176421298031393
-3.0867962538418503
8.453093235778223
-5.774982635242436
-11.075801539233856
-10.118226263085788
-4.068322097404845
-9.405978031232017
-0.5692254104980563
6.9472732406565925
-10.731450176046256
-8.581877504942934
-18.359082612851623
-5.408861513666867
3.1511988880337647
-17.084705105335658
-9.462526405792318
-0.9697614078225136
2.059381607058647
-3.366133073231726
13.26849153924281
-19.555953534261988
5.877300952983418
18.340009077448464
7.718862419690904
-7.318952388151011
2.6198319808072412
-1.5941923828227864
-14.670258897834962
4.8807178780287686
18.186125270926723
-16.63665215468737
3.5355740389672228
-8.735146066975176
5.176471405921998
7.7504945018442015
-2.8908498155447226
-8.636799257053273
-3.9305313651876403
-10.503986653455009
14.601761836747414
10.11761207872043
14.725912875858995
-7.008515447972151
17.73817966411248
-2.8732896420521
5.690836013221862
-3.795345787088003
-5.613061047805857
-17.510876438604235
-15.554609909547295
0.6216050245104157
2.3196314862225442
14.516534636094647
8.079222839795833
-8.684875653756468
1.8860087409592126
-6.22974514322979
-9.35745302559095
-16.713420499623325
3.1639683735797135
19.93875957989703
-12.298696644853111
17.647660746054683
16.260912315506218
-8.089077283708859
12.251551199738351
4.059095434534903
16.516377616293745
-7.941835992169333
-0.9937634987610764
-18.792305626383094
12.016173333920278
-7.569830070792861
13.070868034358853
6.310680900554711
-11.708445971219774
14.620076094115092
13.966012668261861
-14.867835015949522
12.071947765296414
11.789943040182639
-9.292152848651565
3.7539771480898594
-16.21187487962572
-0.3108457642048137
-0.9709519624259713
15.779206797917048
9.853230586502967
-16.03563885833031
-19.35082143811283
17.084323282388304
13.669592649479583
3.569989787308888
18.66812451971171
14.399478682195635
-16.073161426379375
-7.386228511711618
-6.710228371571333
12.203400116799592
-15.183052097462797
11.04257573657091
6.843885899392674
-10.857700204646225
-0.7004187059714369
-0.17000080694133501
4.417333145233755
6.727375335305062
-6.84640449860964
12.248662255417472
-10.783267935020117
14.107050323004266
0.9546732989412732
-3.044846738805713
-13.976208795007508
3.3919815034807677
-0.7395612170725272
-3.7429449595286144
5.523310718543218
16.200775887350197
-6.133536588884256
-12.995903235521586
-6.645787282948238
-2.2365306018922446
-8.903418479107641
-19.605354782090142
-1.8943195071413754
-0.8648132687580379
-8.39054136334591
13.307247902364011
15.634018131776749
-3.1340385089427514
10.376381133203147
-6.867749355401202
-4.84524108178217
-13.462564030364149
6.407650691658574
-3.2263224352438336
4.494198741816238
-12.78500046037989
10.967066223381927
-16.729005277224488
17.218482262001125
18.118178478429478
16.9736081823184
-9.511612738523493
-10.795347653089745
4.099470426942521
-3.7620557166876054
17.37889408867693
2.88267493979005
-16.232469141920916
-12.939048894373272
-2.2587410371680576
-9.738503806458066
13.715639232710103
12.939533353969274
-18.376473915945596
-11.940892985748054
12.350192118736835
-7.256474420288681
12.222411564246258
6.958223854522004
-18.239979721611004
-4.501670199704746
-16.073282224687404
2.322095342426337
2.0086803990538193
14.840085375900578
14.190113960357394
-5.0477416910640915
17.22791745861379
-10.900034536123142
-0.6161698240416342
-13.880888410413483
-3.2566068435194886
-2.975558852449364
-2.5475120759699124
-7.288048520753518
2.0287015625212135
-13.769852343404239
10.37137106438471
-2.4946182616757326
5.586865449398086
8.42696027552784
14.288855328918451
18.311490485688765
-11.10951701132862
-19.962817511684186
-4.148194395878889
7.837808271218467
11.202667792218048
-3.256805016935104
-12.039409813909817
7.348799225603404
8.977415938165265
10.300010289624275
2.514626343601961
5.470558668494952
-6.339439147510472
-5.140491665990918
-13.561731417786365
1.8713381543279617
6.3903989892947735
-16.729807116568086
16.342252352692
13.927262996863881
-19.979249260565393
1.4250966560977005
-3.835460403706101
4.668655710408778
-10.055369937507956
12.297682561863084
-11.516192525670185
16.986507713252465
4.392407372039855
-3.6614579582404296
12.966031346812443
10.225195670303158
-12.399994536602525
14.802617334813341
-10.484380599582877
8.360089131472463
-7.908933635016769
6.63169037893622
-8.579555635162329
-16.723519840095435
14.84267835756556
3.9058415625911245
-13.681439425970545
-3.0189010620114196
7.5817310497524595
-17.961401703233268
-12.644049249305308
-12.946603899310523
8.0359111044033
7.833311618703952
-17.39660644325484
-15.394146511100981
-17.086780979231563
11.687353069389257
-17.32044176591372
9.184400568936297
14.896344824707441
7.030462100530201
1.140018974250264
1.8814767674041697
-11.479522801782856
-15.411889424696351
-7.610075922330708
-16.42253114532042
-15.26100873622758
-13.114600798269107
-14.125205675279592
-8.143848886529792
6.329697933847463
-16.705038123394868
-17.9444524851082
5.850677982259192
1.3261091285309448
18.09356292958679
2.8435264541128973
3.165755913253495
0.3147931431055717
19.915006072174158
-2.631426169630302
9.993725168587414
1.456885404917596
16.49630740674533
-18.341605686320545
-5.927814165679353
7.431577955152381
-11.554748413185365
-9.932407110621337
9.27648494567817
-15.606885580455225
-10.39565374893285
4.641926696040812
12.146150892832416
-15.545488998676706
18.23744484104752
-19.3381047684666
-5.408288651251606
-6.613868641517854
-3.938185954937545
15.832294495667725
-6.663294597602135
-12.884128782400577
-9.917801377241894
8.595417828810788
-13.62382973182116
10.948847450281072
4.943840507120697
12.942026240942546
-6.895567193301492
1.9874706871925483
-15.474486068739196
11.996410189245236
-19.634144145103328
1.055871986451148
16.022993411725814
-7.27565363381094
18.751469690320697
-17.92323548454426
-14.795473726833915
2.6405731834115542
16.823120848675785
14.222824152122193
-15.32153508476064
8.96601166835838
-4.623869959946131
-0.8644873781906739
6.647033593595246
-0.4790656194613163
-9.74917377561849
18.056438341927254
11.035800834828375
-7.4054410687387175
1.519132445938478
12.522344068076883
-12.882071692658087
-8.158779610340027
-11.437217816741775
-4.289255116019701
-15.229902535313338
13.491475199626485
2.148082199061797
-11.550091591551102
8.664715784047104
7.347074901320557
11.297132253611409
11.133711224844216
-14.097838376702502
-19.351127859212237
-6.107942314117505
7.975980193432221
-0.6389109901319436
9.040236590158667
8.263741199577371
-12.695458777320937
1.64970920006704
3.0025142397459703
1.292021519144182
-17.42779891472116
-19.843027743228344
-1.000527944747752
-13.732883519507176
15.14313703397331
3.027851835198266
-2.743260642462616
10.136046169441503
0.8565019708233201
6.628567431324576
-15.249549808735207
11.408087213784647
-3.0064819048373863
17.567559166950907
7.867031403170799
-10.625488628203556
15.248473823782184
4.6310386346133505
-16.49130628687001
-16.236110534533253
-18.81206817084044
-14.48625093041828
6.590780353161243
10.49547398897106
18.946835408348235
19.6722271061306
8.700768363916396
1.3747448396302175
-7.717501782190258
-18.260359786488593
19.54619763776619
12.151278557795052
-5.967960316843515
2.8948296124477224
-19.721901886427
0.7425380157625483
12.40810866494725
-9.408187478282045
-18.168358987546753
-13.552416044759994
3.4591847979795
14.12653035477512
3.7690557262224758
-4.075106989286068
-6.725131109440078
7.031500155734925
-1.2276407772780402
-3.183460725165979
2.405913402980172
-3.2314343326662787
17.481302075298977
18.853458533878886
-0.4439430993323725
-16.057445626398884
5.580386828225233
9.151495124524462
15.49426336346577
-8.068788699850874
-18.809532132039443
6.753655005726014
15.377065336158083
10.543991605257371
-12.528237133182651
0.32745528700846904
16.1498112071001
3.1883969172830184
10.940129827964231
3.3398451037226096
6.9816372301479
-18.4727238202722
-7.252593231501825
-0.4517013840027495
16.49576374741916
-4.228263025274499
-5.5258212458980225
-7.9548711200963105
10.174569777390094
-10.176972385058427
-8.73802029242158
14.585092418429745
-4.798203826346409
-6.240251117714823
18.004382680001683
-13.728049834007194
-6.756410247400218
5.8199617466392475
-10.089671620137523
-1.4245510563181618
-8.481024418296727
8.906336121927346
1.4063780660095304
2.613478129107211
12.623317257232252
16.184847829921424
-11.423697525844654
-4.598224838251394
-15.07424276757468
-4.343874038493407
-19.511011279727455
-14.363986042165635
-5.405253749725176
-5.04906830687046
11.220748103218725
4.561070421187022
-2.57802334537908
0.7561139120963958
6.820449505990762
0.4777132770793173
-15.46921124255924
-5.38483767709355
-4.967968145219954
-7.148388516882358
-6.687397141085988
9.192632604409553
19.035889869964436
8.96422778028668
15.219138743664267
4.424647780604765
-7.0766050341079065
17.15908500356616
-1.7054269087915195
-19.60067172501736
-15.877089487281225
-17.06593474309375
-7.389555437052952
-18.41184818539386
5.248863456211652
-13.53046280094214
-13.62103230172413
9.45806321990073
15.29494897624317
9.4900564153968
15.94024093439144
4.314038337199783
0.03855526066438131
-2.4989753901917346
-13.968138510550538
3.2818941218659248
-16.66784349192835
-13.48316145469032
2.996438530241008
13.762161312902762
-3.411477998475476
-12.174235410946498
-9.294884564649779
-2.1317378880753033
10.768082790980188
-4.9685400393184675
-18.994885395283614
1.0341932615258251
1.08094595831027
18.15687085391449
-2.248136305566149
-14.896263054318606
-13.577100231171094
-2.6720847941867873
-0.3272472383576215
16.021432398674314
7.123067430417443
-0.20016390473605838
0.6385675031345848
-13.31941803080397
-3.7361806207107406
2.2184121219744988
-16.994451445425693
-12.66573241500421
-4.509976518671417
-3.7123937539748084
-15.420130756280855
1.7716415836249553
-0.8290390080690422
12.496880634541967
4.825456177574129
-15.358410811956213
6.552042155722635
-10.919574695940355
18.03906911293953
11.863189470825816
0.846103031126539
-11.450473201013192
1.2441178763221608
12.650747056192614
2.6589088714654565
4.509531401272994
-13.210230357679329
-9.08962723769191
-0.38615278476589054
0.34562261811011297
1.4534157975222755
3.141000244269673
-15.448908319649037
12.285327923970556
-8.789782841403797
11.271426108449631
1.2343197055505755
-17.529113939808582
5.189075199575974
14.367804544630033
-19.896291001851473
-9.424030402531036
13.771747371619348
2.045178967531335
17.037890676324594
13.47800692080974
-8.179356691995112
-18.84819053823196
5.164192023256341
-8.19992598439589
-14.41058984251493
-10.98742869769048
-19.767909328432562
-12.887209844171853
6.966819551737341
-19.47134186025999
6.368635809624195
6.408225430801508
1.4158802769315884
13.875715839552797
5.458915048346906
-19.21004689893847
-12.809946324740418
12.057157226182554
-12.913260218666217
-11.217027940541918
-15.536828176978332
-19.91191918795574
-13.492701193272847
-11.963765237218432
-10.725468651677406
-18.32921655743459
-6.475382620943403
-18.387259741904817
-14.249051339165701
2.1009005564214824
10.32977565247618
7.8806276749467585
-9.68596936471453
9.10606565536444
-10.891650975469567
10.590700481154002
-16.315816909704864
-13.131097513110138
-11.234890876963046
-6.355501314705743
3.424687574272056
8.911308690431127
-11.979163457992353
-8.340206675773363
-11.368898234709253
-16.501568562559324
19.882332750825533
-13.144832141384825
-11.66914175349612
-15.664350435207556
-8.728403105788175
11.53447253905814
14.419069682071772
-7.196893162571612
-1.1160553260227246
15.571107162128904
15.946775108769444
-14.235797173669479
-9.746724293898472
-10.450480999161504
-6.764896007596327
-16.306429599198818
10.672161023767089
5.92561774599946
-4.566070446674498
-0.3584508747673638
13.440220653704934
11.487675552949334
-9.793555978553536
-8.777980822963801
11.463898598192127
-5.874230903134592
-12.184214807910699
-18.105861475583744
-15.329763563642
15.773459827588624
5.270252618500443
-17.278803189002893
-8.986057220449695
-6.208922313527708
-5.936530939807216
-14.859179395168018
6.992471169172987
11.386225144958178
-16.280137684508354
3.4941166879111876
-1.4205916593010635
3.9301742335817877
4.895059832870501
-14.384985628837295
4.67348036531461
15.04215408537523
3.408565192186586
-6.068220234918776
11.311583467726805
-17.63999143144829
5.666127553763296
-15.998551843360008
-6.899258646527109
5.7722551551490255
14.045353742469295
10.155714825974908
-3.0662050384245454
-17.362445319929222
14.24981025807994
6.520373438480963
8.788337883842026
2.3617774700936707
-0.07417537286844578
10.484825488133094
7.392276257843093
6.110660487227356
-15.79837856395609
17.9652475122259
-3.225906928594732
-8.019659988090844
11.14878174069533
4.200462694885413
19.213862487408427
-18.86372396430348
7.774325292493245
14.424084248496115
11.311917501505167
5.965019443957765
12.73532270448068
-17.17194880141314
17.341746869835184
-11.224661353074715
-1.3658701305771892
7.5984506566358725
17.64759831907832
-11.294095387981429
-14.115992972714654
3.4754260554188647
-12.609917113305237
19.25388620805166
-0.6690172782780515
-8.861065624418178
-18.79054443698557
5.354809593989035
-9.392570945859774
16.860197173567897
10.958592183187825
-13.971442687332454
13.533894738080946
12.86697774117539
-2.089283128411413
-3.5531539254713884
13.099680685057805
-17.92669099661913
16.567347853580003
11.42995789591335
-11.219080717788966
-3.32479772863557
12.625614011581455
-6.939667120012025
-1.0653736174299944
-18.469729518288833
-14.902606104070411
-4.511958450576849
-9.489008916039378
10.092221829932985
2.3732606020448728
14.97725743115575
-4.245415225549426
-12.493381527539533
9.075954670998584
-16.822391453951848
-7.50046519355006
-8.972617613666278
-16.41982620912108
-13.106557151916164
-8.077261868459411
-6.206338192664358
-7.6280660046415925
-9.12867450264294
-11.969458444354203
8.957936929098572
14.065301910564571
3.580706440440654
9.6077767202881
-7.095430615688411
-6.530834294170926
12.922811334587216
7.829798571642122
-3.567717616935436
-9.140908904115083
1.5488038353459217
-15.068484259837419
-16.42336435148256
17.599886111160032
-2.5997014864212176
-11.084599642602559
19.207462966756566
18.81314713025325
4.070693068725792
-7.147339958254788
18.600061565776265
-10.175404182091171
-7.652624397834252
-14.868479782117126
-7.708583819147709
9.228660645193926
3.886682962340938
7.834560859482345
-15.216864947283714
3.683726540490415
-1.4653665844906918
6.605524395191527
8.848686011761146
-5.623540059529848
18.020029161444697
-14.700559660939563
6.721431451430718
-6.751745200212831
19.670486685053447
3.7450415546787674
1.6925081406031381
-18.76543060674255
9.45384979615904
10.854491505733485
-4.262061409428174
13.087913777156167
-12.307247031209915
11.851647027786925
9.556669485997617
11.765748246430551
-19.65295018197387
6.46289361462836
1.3219052444436166
16.864552842505816
17.84491813925711
12.504858542600658
-14.095154598479054
-14.831040416732408
-18.88045553348663
16.053490706947613
11.351495878332415
2.348815452630827
-12.572301352246097
-11.857851274490327
-15.336668976948236
8.920862283722975
5.190105444878256
6.279502948985815
-6.794560109408794
-13.00354869868153
-18.937856316444247
5.824194656223732
1.0358199834657214
14.274481865578885
10.43725251085504
-6.61815869274597
12.483514415898412
5.2140697113989845
-1.8339477946172025
2.3865747223008107
-1.3842415014721574
-2.406768987952855
-2.318083166132322
0.022313383968459277
17.988368641404413
11.120722106601217
-7.242233219728078
4.110130405417024
-2.2556827283321432
4.316912604625841
7.502820684665878
-15.390811406012745
14.64749620812023
-1.6745778795934214
4.213364911436329
-14.065557579423968
-18.617671953525736
-1.9905027818297114
15.125315968304804
5.717408976429553
1.2626599853641807
-3.343375085458554
7.574144372801584
-2.121366606397423
-11.196662668457794
-14.375103424041713
14.831276421863969
-18.455108384366703
-13.195643937759648
10.510854563780864
-0.6736156225151966
5.5686205549781675
-14.012771552545678
17.43649076615675
19.62930199868743
19.100944360988272
17.23280736424436
-5.406707746344036
14.639610350396403
19.258887608072314
8.984696589168184
2.8456717621785472
3.900786392777924
12.964666665048142
-12.554558136962598
5.529152760169836
18.736854753457465
3.025417780612514
-10.902632965784305
12.338599748647958
-5.169607398343633
-8.939598153356423
18.088310657190824
-6.145072918584077
17.10447445628879
17.8096056633742
3.9953221896807456
-5.446826938525952
17.27166403657717
-18.606471867497227
-6.8060680148603545
-10.430065636829159
-2.507075145805832
0.4484557218062193
16.33479500490742
-8.62468398259117
3.1105435978991913
18.690338346367085
9.494402735965469
-2.3310504292501975
-11.950962320807928
10.038379871518977
-18.140323813400016
0.20575225227154803
6.447842095804447
-0.9853718669337717
-14.911583840438691
-5.276454084376848
17.96162364522943
9.054165001312295
3.8241018018200634
8.550747071434984
-14.868535423889702
15.57134524223597
9.269948327798065
10.450504289543868
-14.030401646850713
-8.031697656715902
-0.07053561054072333
16.42793478687483
4.369368408879982
-7.787441880278099
14.562554843249288
-19.071744176124376
-11.383054357140704
-12.435493422597506
1.0535960112258778
-14.765789542547445
13.979132748916243
-18.116200475792347
10.604145739715797
10.840890545726172
-0.27647478275817505
8.843772534314489
-18.10977786494888
-11.132374238018294
4.6604607145493375
17.591712378506827
7.347188758038907
19.693933818491026
-15.077745600817828
-15.972245768984493
-2.688164646801088
6.850535832210021
0.35691779289799186
-11.554582491327405
14.044706952888248
-10.540666724768384
18.86201471187413
-7.893589502715619
-10.972396825807298
14.278147702344114
-19.62479823771976
-2.07427227329444
-15.612575944626471
-11.722673485470377
-18.174922427809737
-18.917781085131796
-10.49856136974662
-18.330675285940057
5.464393005150491
18.03851114669378
0.285527761757443
12.813231323608441
-9.765317346307931
16.738460429732292
8.157688707188157
3.3086800426649567
13.563759556430462
-3.1968157671890154
-1.5837718612405283
17.441429931975506
8.241231776938246
-6.482014239414431
16.423126894964305
-17.4582262386594
8.446831234070977
6.663181060028531
-7.787131588290244
2.4524213612534282
17.785748177103557
19.58491940447847
-14.940078718211304
11.37701937884922
-14.46649305063334
-2.9935453848401714
-19.598290388317015
-19.755675474298435
19.584530305095534
19.160995750546995
19.599236248529493
-18.520754881161352
-5.08787410895474
-12.87548035713237
9.881470279363075
-15.034272880159936
-2.2072415005643684
16.674683499924846
-17.65266711133251
-14.441128793381047
-7.454853161306151
-15.899671213331775
9.807752315756883
-13.66391349127175
-8.432005489486961
15.979579555825055
3.147351683292424
-16.1592736572006
-8.920813242991912
-16.300283490910424
-17.41760060241601
10.986807498888979
14.288480928638108
16.75438310999337
-9.529876112761073
-1.946037955267652
-0.5778686344244335
14.621758082749153
4.817352018643138
-5.936849140373543
-1.467678784449621
12.006887918121315
-16.943092106119437
-4.809220316243428
7.505935492161527
19.949171218290267
-11.201185436469148
-4.543428863049828
16.909747936345475
-6.12633637456323
2.7951119102091937
5.018245376442852
19.566049687674024
-4.576479321570069
16.51572096957436
-9.34709868382129
-6.633034687201205
-9.730306698417849
7.433690418941179
11.460932890874162
-15.096023116346732
16.52618758381783
13.779348053601012
3.3696260350101355
-5.9861764286640184
-18.791332018399956
-8.807740364356249
2.3669334404501505
-13.440932073240273
-1.8337338595259993
-9.826579424250067
-16.36150940665974
-11.183585380435774
-10.933185913539333
10.427682769371419
-10.177279002835498
-6.366921657576778
8.349812634780015
-10.903532174608186
7.397399334539379
-15.869283041098733
13.517562995783543
3.347120073173919
-10.870265866721937
-11.465895565623732
-10.439148634558414
10.71383009949685
-1.7954141881665038
-19.42665237932365
11.133851198847339
7.425778191175748
-17.11192996225836
-13.818350934420849
-7.922993773621872
13.600654670863982
-8.961721076077861
-3.7422190792419983
-10.622901686972245
11.944669857829489
-8.706007060350686
-1.7624285746790171
2.7525904666488223
9.410684526090009
-13.890674031052615
-4.197941394313872
9.978441024266495
-11.038986139659057
15.003926681619205
2.3897320933628805
-4.754109042469249
-13.45596160996858
-16.604223639938958
5.266306071979308
14.526756836930538
0.5646220463040841
-5.201274318102346
-19.574882350502104
-19.49339416445963
-13.026272014627853
-8.930393778873773
13.69902865077993
-0.2892672938392984
16.838616270663515
14.772098856183632
-18.16144746623817
-18.96832431754958
7.835483638854129
-3.1724942967251692
-18.706950977780046
0.3851432060959823
-8.44737086268967
-0.8533313659180983
-1.5115767393186985
-3.315231320010369
6.4665257241448195
-9.689460777021761
-3.7123861359317374
1.9653551375769638
5.8336831807209535
1.994870578351179
3.082476650537597
-6.126685449149484
12.618245183661656
-15.801381517402678
-3.5179169748984194
-11.803553493018061
10.360928592044939
-2.9216504529666736
1.215292737660043
-3.163051202344583
-13.693795898703236
9.144941863059284
-0.07725972252915625
-1.9708330211084544
4.9200537207128505
-17.329279690260897
2.0848900766356095
1.7450055097740886
-10.441857209969609
-7.143192073074047
-9.645827742781314
15.327915662733893
-18.49567342793849
7.702972687110297
-0.6874651582843754
19.950039308816947
-13.402076656434637
-18.94520957494963
16.928764837794418
15.762640526162322
-16.089860073093362
-11.13798589373268
-15.269612742667338
-17.091914712284012
8.524433064920519
-19.27349912878977
19.66111825015186
4.411934454080946
-7.1959101725943455
-7.431123713382588
-4.847660850249916
-11.330960698463258
5.026776958326646
3.0296496523757135
4.976100579513311
5.8469683349377455
1.0350280562819982
17.719043404552473
19.30778361347769
18.03619447298282
-0.8472067955110205
-11.222711805921403
6.041778019255908
-10.618054233529683
-2.5022826348110208
-16.645465014124117
-4.294080751469501
-18.871332887308505
16.98055982060314
15.313455122739704
-2.458629869337578
12.958258369766526
12.761737264802662
-7.289286136005142
0.226896546891318
15.018432052353361
7.098878862924295
14.37181486925806
19.925030368021353
-3.380958951812204
-8.813944003780039
-19.985109018058814
-14.093895010496249
15.49000656602827
1.8074478941609442
-6.496607619231769
-16.24312170060763
5.009233592296969
-11.820412289951703
-14.739973508893494
17.33667878370244
-18.82029711700325
-0.5860915554006709
-7.014644650141012
-8.161442130477647
1.3593267076450104
13.306779799845827
-2.1438054415514607
-9.471345315078725
-14.324653116051614
19.12127204376779
-0.898705258234564
4.080071979502073
-7.402586360847657
0.5672191028976385
16.6490616256759
13.223187772295198
-12.049374775992248
-9.283426074560035
-0.48431386477918537
7.07476483699708
-14.63870022187416
6.895802857831171
2.6849062610340333
-13.456228577822849
-14.549445145531195
-1.4756023328938461
7.144140098247107
8.94407225817218
19.786632004593578
-1