18.24441682692182
-8.840901365446943
-16.563147802182534
4.416218723409951
-17.917048445755835
2.214383720363614
-8.753156238623294
8.642678788012873
-2.2393579598795696
-0.756035434740717
-9.062761239121752
-2.5687084853633593
9.28048615548083
-12.10309366252953
15.98978515396712
14.718354896734319
14.805302712875218
-4.779873802144143
-4.337776778248742
-5.461596434611259
-4.265320008454015
-11.537735621347158
16.29784521820141
16.981193101118784
-7.33031056444473
-15.106510680766405
13.054688160685487
-18.068730361700823
9.658792101600326
15.385565040030983
-5.816582042729706
-3.985950039627678
19.636976226447864
3.4541764192639093
2.481177490385747
-9.547368772377013
8.159590792263842
-15.27120513052919
6.443717746388458
4.435454944670212
4.547420854948591
-19.196979149071733
3.0068429202600164
-1.502538474851768
19.457857083899327
5.2251884028929005
7.611171715543691
16.664264698823573
16.547559529700997
-10.474919253999424
-4.843390292586154
15.0994498573464
7.331709072097649
-7.222095480951074
-9.101433121937688
-16.455143021302725
-8.649946828954821
5.6227906777389975
4.34865253880055
-16.31679967952951
15.560341948236228
1.6312021627090267
-6.6849162273163465
13.125542418922691
1.4445618348036362
-18.067661101795363
13.233225098371612
-5.096096542433539
4.426676527137605
-7.093211904878892
-8.331088323121683
-1.8041959860463237
8.92688349299426
16.229251592525607
-16.54863126902294
4.301729366982087
-2.1995671905070857
-6.6384923082900436
15.481314052609385
-17.183032137851725
-12.098300523654967
-16.94088530979115
-0.07777036449168051
10.727242769094811
-5.265488233290192
-17.070202581532804
19.354487714500856
-19.825492760469583
9.790437638670241
2.8239645000505504
-18.138471909483634
-8.871037892629605
-1.8325732050938761
-6.39801863298208
0.17164482838091288
6.704566671627383
7.529131517378779
-5.254806399882943
-9.90587063194913
4.031065139300818
-7.785293937969753
-3.1661070640031497
11.874205073369755
-17.609233462845737
8.400086874672997
2.0361425897863654
-1.5109857018669146
-5.120064969128549
16.0269634318204
-4.480501428277574
11.998080681183229
-10.412850951754598
-6.747909162244374
-10.608794084940524
-4.08290730302522
14.776680503842925
13.439438033291715
15.651546012571728
8.394021215049612
5.681256404605989
-2.8983253144551284
11.58966329281867
3.6741763065989055
14.883023741946758
5.534780344218753
-5.998633401880591
17.400363683054543
0.8168256303401904
-15.54249871435331
-1.4196946720542982
13.323625237427684
1.081794448004203
19.747640831624267
13.59204704445768
-4.846925007537335
-1.8490511733836925
-12.897628493883149
8.896060887748192
-9.001887971231062
-8.891059651943923
2.2395587604324234
-15.756796728740813
15.739779728270975
-14.497969755146304
0.28517464322980857
-2.8177176740032728
-3.6786902996725246
12.666724470547969
-3.429088838492934
-15.46745375889008
3.081245063372343
18.815432600823378
6.888634942295006
-18.459821154366686
-9.954056255977314
12.960375002395196
18.564668405233547
-2.3915209450199626
12.577355441742164
11.54338000187628
12.163293838380284
8.54177461815776
19.379653138419556
-17.330189810770452
13.608271261973911
-13.40766429947295
-19.559511909435514
4.4639761029556055
7.229719793483305
-15.566160195687576
5.722534504215432
-15.318259866411159
-4.7659461917387915
-6.144303151325925
-1.831100304418129
16.523520437512403
3.8136583288370893
12.972714444020326
-14.739822907594267
-2.523236513624539
1.6284482544874166
8.320584326358723
7.013338160500648
-2.0776294220281635
-1.45879984323237
11.946736062384275
-19.82138576967102
3.5371773526039476
-18.383022019263322
-5.07406246382109
8.267004773129095
18.173988173460813
-2.048171924257126
0.49863862932389225
-10.111867669854542
0.6050587547231245
3.242780237189727
-16.148439118892647
-7.793331401762149
-6.0038331381996635
11.98290528027892
3.8238129499295646
15.307993800336789
-0.1458813603392919
-6.299887652406081
-10.071574276450082
-18.56060332864484
2.1059752596572636
-16.404838446446185
4.539573513834249
16.02312801026568
-17.71712030533367
-11.504601615920368
0.2590401071582562
-9.869030911752098
-6.802390153603701
1.7908933772257924
-18.52396997561756
2.1579289402858315
3.7510239850577456
4.05401752845588
10.166363816760082
-0.7334508375670765
-17.917898226394755
8.832587991858617
-5.193056543988316
-10.502267612946259
18.27787836081422
-8.735672697073538
-2.6504085103497843
13.595089333875642
6.945023206363171
-9.42609120739355
-19.255147531216302
11.543102369118536
-8.650119560260539
-1.2951350826381542
-9.120914061385538
-10.210962288400287
-16.61686557062619
-3.6215529583696764
-5.288644751926075
-0.5715630010955906
3.420845269129863
9.66641927908276
15.384640419682995
-13.254878635680774
-17.899465924224923
14.34567413804131
7.295461431941845
-2.1019850762313474
-4.404985047305562
4.627658950829257
-0.7925068928978973
6.141586680835587
5.380152416686613
2.793780830633853
-10.388269813923872
-0.44018836479677503
-19.005806012909275
-8.637265760408773
-7.243803538487054
9.18738797653053
1.205433333260359
15.441583149202572
-6.057214885148824
12.525942387721187
12.06298830972576
-3.1397313571982863
6.455981633826951
-1.0844992758747942
9.960266671344446
-6.853574643474939
7.175958357591622
5.886569747534324
-5.070869645534675
16.308401316499
1.0377923387753043
-9.922578869213051
17.558184583934846
-6.076530655742381
3.470399606178816
10.298458528635265
8.563939525633621
-14.637476140604551
-4.960300830026911
9.563645024890167
17.283459542358145
-10.47098932778285
-10.27470026409718
5.17710857221012
-16.55462726557271
3.7653930674805665
2.9629082955166766
-3.9527962045012615
-17.859488476844074
-5.530405041994481
-14.29843635759438
4.468543365614501
19.315715728955908
-5.831754026136128
10.783794298491411
-5.690238768761624
6.623651351435491
-19.666274642249494
-7.4931037186911595
7.261202328416907
-1.5797689491386215
-16.17216338898055
0.42503080565546725
16.435762966425365
8.174536568592874
5.014570983300612
-19.19066770614585
9.409114689121168
12.356712799159126
1.4669078799537587
15.612442690929562
13.351335811628715
16.915665955159703
3.446908666894082
17.617401484934135
5.375318889614977
-4.768911290001142
4.755841419506872
5.977687645656641
10.026549459345794
-3.2250343263577648
-10.263969828606738
11.893768471535239
-18.08562129459584
19.338323261787735
4.648238764592797
-3.5071442965520028
-6.314905891692293
6.304339554267415
-15.572212161890352
2.7772056292837064
-16.036522667137703
-3.949083671330577
-0.8005388883073863
-18.596969644873692
16.430233131824124
-15.073954233454266
-1.5487760556812837
-8.727019027732394
4.450000079635142
-4.412945264300427
9.199202636817411
12.423669026731055
-1.97947263690169
-1.0964499140593134
3.527529196405208
19.358565848801533
0.42891497066133155
12.068857682447465
-10.267328238847986
14.976367485474931
-5.087371383357118
15.833682125240784
-18.26282990366444
-11.14610355052676
-12.449516115529647
-7.953725267396493
-7.189003944990361
2.458907991129049
17.778281755328045
12.536908171484043
16.764718750696815
-0.23537930577377963
-18.450327699085562
-9.904961244437125
15.55573307737221
-10.725253472153264
17.28162479834061
6.274102581434953
-3.665817517396718
-12.917491995454856
-11.664335021689581
4.319247934652527
12.269247611317326
15.5759246339585
0.5750660003648349
-19.033314243079523
15.327241309500877
-6.690043548090019
12.51467510429292
1.189171690239462
-5.193911496000387
-5.316611603520766
-12.803170470889405
11.333955778092488
11.040733194231937
-6.6882265168654875
-4.1410864460153896
-17.414812793559808
16.33833488715713
15.576004749764152
6.86480446713254
-8.090225980148826
16.82584166885801
-9.335227553167606
11.815444546567786
19.253317569250797
-6.991993312390248
-0.7974293917926545
18.290055635480286
16.80909685085051
5.163616359652345
-16.042263418183435
2.34780067276197
-4.614192401455671
-11.220462290095066
-19.121438178702252
-5.724236564494047
18.169916928240944
-7.048014549144606
-6.02752414711528
-11.889448202355757
9.701033363373842
6.481102552743874
-5.054394824378656
6.161019107099655
-18.802989212253657
1.2552970069711087
5.193949958679394
9.131644220814007
-15.292388446597602
14.218030602749053
-18.450206092782548
15.828066532085295
-6.692683814233643
11.655866601635424
11.270771939820285
-14.71465557648402
-13.607583721898223
-2.941079575076678
17.034047024364753
6.592444375432919
-12.705610426687146
-4.273069038803445
-12.668202960000446
9.45496503068734
-18.68881660178285
19.652344399083276
-3.0552718436854356
6.398859755990657
-1.5616666282961944
6.656780972370825
11.12003640429456
-14.002697557241435
19.15489244609556
-3.465781172111125
18.952934330505443
14.339595557283602
3.958923961874529
15.31103205335637
-2.5493746605244
9.283974845107451
4.0075167047525255
16.144737088702982
8.290502470387565
-16.866234368820795
6.452051911021009
-16.54379025445508
-19.03042904371945
0.48706979035482334
-3.4395091433818337
-19.729296905751447
14.510917039732504
-12.892197079044339
12.15489388639999
0.841459829332937
-11.840541337015193
19.93885680312242
-10.364881711266879
-2.0364163957506847
12.68416578486412
-4.448489974070187
17.56694550853335
-9.97491137267529
-16.416304868094308
-16.61082618252447
0.862099222230178
-1.6230493034382363
14.997847551502531
-8.280082116080907
-8.46971902423138
18.162515915944354
9.908936896159858
-13.209047540825075
13.10566016583109
-15.097791807992209
14.28521828244154
6.609286484742974
1.5407900915799075
14.478577213432459
19.888035197953883
-0.38154680296769783
5.907062153181183
12.483269102793713
13.280691070465437
5.656286339829894
-0.46771601379651173
-15.201657310749383
11.003107098015214
-1.0874537609217967
14.589916112688293
11.85575208532946
-11.646430319208276
-10.140151536428071
-1.2391760592626078
9.27252148022811
-11.699883296348217
18.174775180784273
10.795796240709102
5.262141239638165
9.218380836137868
10.250320373963163
5.390970656630344
15.730512028088185
-2.008116492085115
8.163470890361882
19.510764449395467
12.426563870282457
-14.298553635889188
-3.8048967560321074
-6.1068123672791685
-10.92848088709292
-7.800806770099747
14.02204788655748
17.418468880798386
-7.335492448747431
-7.8513399382715665
16.336764968347076
-11.526338401367045
3.695991823317147
-4.3656807083636995
16.641351622006113
-4.7551374944132405
-10.989651715756006
-16.88833276612163
12.262094432706292
2.921955098718488
-19.225474425972596
-0.1913494476900901
-19.21352588507372
-12.025279311923299
0.6215434894907759
7.683327591117294
6.743226535257186
-19.504570956053612
-3.4381544899402954
5.512227895172334
-1.620319722809029
7.918799844229511
-8.885970864081973
-5.750644328781025
4.842548775498482
19.11515246230141
18.853003676809735
15.580693604877716
9.320042840367218
-14.287356668767096
-0.7061525725785067
-18.268562978262644
6.626335479783215
-3.182865459043555
9.029346710916357
8.005233840207676
18.07005905941154
2.2200733984203183
-8.853266490307657
10.493304262010842
-15.950659819969255
10.398786270799416
16.201483259971226
-1.7693374406678473
-1.1607641118996916
-8.383842629213042
17.258429405094518
-19.497364098270676
0.011291153569491286
2.6872968351548145
19.688889077362447
19.260074850652046
6.574442712012612
-14.153674085029845
13.587069697422336
-14.429856363166147
1.661745271926641
8.062569815376563
-16.64036665047756
17.747974278645565
7.583643013926036
-7.68695552176149
-4.277452463557587
-12.018341371353056
4.5696707509530015
-17.75927227252405
2.511801089066953
7.444077853337458
-1.5154980323097007
-4.227822824755965
-18.9462148792809
-16.300013875342
-2.4662780726626323
-7.507035076241939
14.697191373047545
-0.9729581230443856
-11.486539489589887
-2.025421079067762
14.29877367891605
-19.98727086512936
8.95753957970338
6.648318690740513
6.891300063167872
1.6233311023495531
15.611758879949107
10.182888777739532
13.303513855762425
18.55752860072785
-2.6704835222137646
9.744559417086606
11.180953395572402
-10.1226848204908
4.5220535414504255
5.19964930033186
-9.434553626506084
-12.584553610197418
0.9094395294332998
15.844702190622975
-4.418680929984937
-4.751611896178103
18.084432675566397
4.91647565076142
-8.344858654501198
13.426994404412923
-16.820079647049972
6.552272249640033
13.686483529648882
-11.685946479434651
-1.0310840860691712
3.0581391435542393
-9.875844087288176
11.391963010371601
-15.084249864896302
10.51259729923062
-9.931324250713253
4.2181168682391785
0.9544680364062863
-7.407606064084469
-0.4235272079393866
12.835374605253364
11.250586802615558
0.6310017530739174
15.179181446508544
1.0148739506865638
10.893955594524694
16.902262579893794
-17.860187488879756
5.062260968541281
-1.1352745710894183
12.645915070080989
16.752838877948555
-15.702432087730909
9.332034211999062
15.298869861751442
9.077260645047495
15.06566707138753
-14.513444229512121
-8.029336372985503
-4.579176915754735
-17.86433627098269
15.639393070524221
-12.527001405197256
-8.890710588942259
-19.1162207115134
-18.991758303440047
-2.365584877435232
12.118696936723758
15.566717271955476
10.125659728838588
5.587584584415172
13.244235297544904
12.181600792904362
-6.633521972885315
-2.578177125016829
-4.617714541124327
-17.061384432441482
-13.383429816286867
0.49586528189517765
-0.6522489395232114
-5.213495046591113
-0.8717861383996208
-18.770382791603787
-10.96776980210267
-19.598442144575188
-14.841803849635816
6.18450835413983
-19.87782743223788
18.696502703992948
-2.8620389789159404
-4.553259136192015
-17.26553348792075
6.449002195298981
-8.631786613465401
-7.02279742443428
5.315943396052862
12.402120595959154
-8.623553748880152
-11.416548130004811
17.521158588628126
-9.615274943087497
-12.866829834078985
16.873009835141886
15.098254794153156
1.5993406375791892
1.4600935822563983
17.79094438408
0.9081876960650384
18.638712573273686
-15.278675557791308
15.262591073389459
14.347087625702585
-16.07326673858236
-4.5645503837004
5.184086748700722
16.707426260490415
-16.932492387687923
17.95861225910153
7.200892023706679
3.501869612350589
-3.1648752420188373
19.762757651459196
10.501900173172793
12.603234403214692
4.839041843574133
19.625057177579464
-5.111986824912286
4.765614079289332
12.429767176933517
10.750948385775601
-9.417553818749017
3.1625312910494756
4.286006469613504
-3.8431580376715146
5.3667354593713625
-12.168673991238194
-3.299083741005923
0.5694974444247158
-14.88475594950389
-5.451815143245025
-15.512113717753216
-10.148123050113629
-7.514775849774139
-11.484695771130756
5.216828922285611
-10.131767420002177
-9.51077252817317
-3.4307281321866085
-17.010744216227238
-3.215954527920971
-4.175100280492114
12.103898257714548
-10.931796499767934
-17.162843006816217
14.142480105505292
11.25580807548328
-2.017404621519887
-1.1234722077727035
-9.135043644899241
-19.349666450784092
-9.423083813963524
5.486294870125494
-7.044985012019541
-0.062131092324186454
10.459355553073255
2.530293471628923
-19.936394295048583
-17.959909750132425
2.4651857044696435
-14.277514625984121
-8.785788808010558
-19.82342400941993
-1.0406271803924128
19.416264928321034
-10.486106437187601
12.467907506687865
-2.864088521062321
19.65281302808321
-14.753921770230845
-6.193765934751703
9.186412998629613
13.992989234209645
-13.038187511993925
-12.095218152671201
-15.542598550519745
18.3527838292272
-2.6803360291783953
-1.368969048257025
9.331744548413631
15.7756558531987
-5.602145041759643
13.631824749137927
5.440826987820273
14.899615054398318
-4.982011960523414
-8.319206092699911
9.109050667144448
-9.123481736932595
4.821253471682368
3.6540635363137
-18.89150486130729
9.78252386835685
-4.385955194906206
15.043399864750768
14.505547607486243
-13.676647418249575
-16.091123636530003
-2.9633638915859066
-4.9647669418014
-11.550568100854806
13.66759756174099
10.96084654623137
13.542033491359746
0.2278455264288013
19.511939804957194
-8.723925363372578
-14.694212578923093
-14.495622023854612
7.906158857997703
5.013316616705698
-8.420142162834754
-7.079288085269194
8.289520700352114
-12.521051335064918
12.51279215775709
3.8262880008147846
-1.9083682513745082
8.552831389383812
-15.555558487016704
6.976407965994092
-19.355591530967587
-18.245875007970405
-13.18189782615859
-12.110548920560152
6.748297642294098
17.015279526584145
-0.744981781174161
-7.527681939752968
6.405804624852209
2.6773568360276165
4.704309240655611
5.577651560929997
19.53548182565593
8.17625610286423
-12.60230749734963
5.420232163156516
17.951115064219685
-14.951700361415764
5.64920532612156
-8.839073711764392
-15.75233955942978
11.007005412582952
-9.499885194476096
10.933776187631615
-2.4860400160080296
-12.939494446102803
11.563785160751081
-15.99325348854466
-14.977319821669495
14.533695542823573
4.95632784564744
10.397332051287421
5.348724273568685
-8.517506280274109
-4.456712532690901
-14.206855719948157
-14.186555572084805
5.8042476516033545
19.10134441395602
-9.3533070444236
-0.14650269844526775
12.926875037035337
-4.493692483232845
-19.414249600920396
16.671944682709913
-5.430372788594923
16.848113854391954
-7.3967947280016855
-7.925480438345671
-7.107373557046195
12.11209860430914
19.694186179377013
19.68121049277415
-6.330338687733903
5.045762383794937
-1.2116127210214316
-17.610104423667856
8.553965424651452
16.74168335519102
4.258764914623974
6.613084244060488
-19.443720113039365
-18.53255900620015
-17.481472487900835
-11.152581104791842
-2.5845198829228906
13.898098612715216
2.446511511580546
-2.983134061224799
18.757117966073004
-13.24680176339653
5.846782869945525
14.695181960075686
14.013196199264101
17.611254326997646
-14.495279303451492
9.53613832330074
18.26334626224388
-18.455704570352864
5.35906546362774
-4.393757321093258
9.130469137626747
0.1751242159890687
-14.085532661501663
5.891364285110182
11.605083729214606
-14.279570614819352
6.966394703625582
-19.149686504003334
2.441511183099255
-9.524100366664022
-9.910024062113196
-0.37455071730416023
-2.2734617657127245
-16.434185351238206
-10.839120325913063
-1.120340937119746
10.64567823198811
-5.351479007374071
0.17011331001768681
10.663081658423607
4.868182179639547
-9.87561975706575
-2.740083248458525
19.423247127861657
10.994690885715475
-1.223477686650721
-8.54937794828334
-7.4492466228974905
-9.604916252494991
17.63614476485448
-1.978429589748476
12.673224545266862
-13.70456656700445
6.286097281815728
15.17393575059863
-11.238517607116707
13.623502760404541
8.429157872315965
-2.6503831535323954
-3.0191249627340753
-6.756351663824404
11.618138677940784
-3.8554570143362383
17.97586745373402
10.635160084508342
12.720715685337353
18.76994564594218
16.068667940685025
-2.7116338025433073
0.12999812920361364
11.954063117037755
-14.212475288614211
4.73604295156726
4.444261587137177
-19.651664154115043
8.591561641530237
-11.226188619222842
-13.231985136985184
4.112971046095481
2.701155431823892
12.311342196990452
-3.321693337513558
15.340079402545008
4.1178766029798695
13.228594381678683
15.956584772880674
9.254143777056921
-7.6631074371402
6.1291186010547705
15.818639009145855
-18.526835488373273
16.58143187718062
-19.23057089991393
-1.0203618155422234
17.182779612399656
-11.40867229363463
-3.8933870736190315
-10.44553399793832
4.950742062076504
6.618955797657939
-18.420554314265097
14.905780419950332
1.6108136820677252
19.554306115010277
-4.91602594025354
2.125665319038312
0.9834846122251832
12.903550572314138
-9.155028985654177
17.13800232355122
-0.9127087949360622
-4.985755853976691
16.418883468855398
-4.255539855084326
6.673052551641852
1.4134299468157643
-8.780629238440572
-16.658088133188322
-15.59076668426397
18.736749070540746
-6.314986998772181
15.753789672178613
-19.78218600169573
-9.627289744949326
-5.491947857951743
-1.8917130191218057
-14.992344994671477
7.3998911777580965
14.652505902685256
19.601619668129473
17.35877558434779
-10.302747498272623
0.8254123474760569
7.399448818665771
5.11890339852998
9.265612035187889
17.98217307871188
17.003635942496544
-11.48755456529997
-9.754840087417445
-11.54364921943821
-16.011228425820555
-8.29628488284136
1.0192194055799995
-10.627221845824213
9.304923386186378
-9.41630120526954
13.203599380793236
-13.543493858938675
-12.326233880424988
-7.941601764808315
4.2228556021345796
-13.896032300681584
0.991407582689785
3.0253852734190545
11.108426013579837
-4.616932284056293
-9.26926984094424
-3.3235975089172953
10.522954602131996
-17.106889194723387
18.414368925537048
7.720136972116119
0.9323153717031474
0.324481228835225
18.834071196031303
6.606474591935999
1.989660133972837
-10.697356655041252
-7.099758575628847
-3.887365525710532
11.302574914541875
-1.7400866059676225
-8.176561747814649
-15.668116627185436
1.9314386136581234
0.7631358733620388
-7.56064329818698
6.17914631851378
-2.7211329016742667
8.598837075841857
-7.563028299789218
-0.12805995028730877
-0.922415546506727
-19.67942165018892
17.09215724573746
-12.507675404612822
13.094399771576292
-18.62507478875517
18.17188564207506
15.055108253760359
-18.96118799815426
7.91071131852128
-7.077876522230202
-0.12075201508285716
12.31583684521577
-3.5967033098606436
17.20649005340517
-19.8507121523025
-4.515598782785904
-0.9408335132518317
-6.789272024981816
14.85663272491864
-0.14671114784368555
17.890276380490427
18.122407641216093
19.853987328098192
5.60899838409167
3.4194495491875934
-16.98099024354796
-8.219760669417028
-7.195277854723097
-5.880403716949765
6.916771254780997
6.133933223679655
13.992793716165053
12.80392468731197
16.160350102695034
-17.72410950017184
15.757343998940186
-3.9622161779520226
-4.066159398852243
12.789906105735696
-17.553740589857675
14.593136885007318
2.9784297838578198
-14.482315986267732
-1.1250710880489692
16.966430062055295
-1.0215374464726246
-17.59236398433627
-1.7022339612108652
13.333990026169744
-13.428887404942342
7.831912113840268
-12.00130705640456
19.06340112285274
4.909491405677059
-5.5282456849471195
-2.8528923631518985
11.41794157634277
12.736345079020957
17.950325361817974
-4.658009782885442
12.842415252700413
-7.3364927832687155
-4.680831075251843
11.173562802555228
3.9994679815315983
13.037554737929156
-16.307274741414382
-17.227228388445607
-16.470897533894615
11.129468053592007
14.661394148809599
-18.233327410266238
7.607333419644419
2.4770655211556623
17.635222792600118
-12.787215149761204
-8.314510788159946
5.920110954451168
-12.321159639190968
-14.975723129022459
6.02366825880102
-9.126183626886654
-4.915337039158064
4.079201588347409
16.13263670362592
15.204306163786384
-16.809958098480312
-5.168345966461745
-8.3349386625558
-15.848241228363298
-5.536793877187748
15.348274296046405
2.2285794158299694
-1.3289448605537437
-19.395678796177936
13.134057183911821
-16.350863265771885
-5.187007495957516
13.190774174224686
0.5638376261055491
14.866412333277964
4.3576180514062735
-3.8351707989320083
-12.831512510987082
16.51497882283057
-4.002226923859311
19.10698652537625
1.586499250927389
4.538220944594087
3.2560769609350686
-18.41027859464159
-3.2618584325014766
5.837244788666666
14.918325519428151
9.145591034147902
-19.754519410215355
10.013972642607367
5.740569866722964
-0.7297964831014916
10.314286031509457
2.1617363946174137
13.719520712031844
10.739439083452446
5.960445165088316
5.825104862939195
-5.939006160641096
6.843691863654968
14.525343767189007
12.842206841780843
-19.838157713193922
-12.655617139840874
-19.74071745401851
-15.786628306305142
3.5494193467251876
-18.05171753521314
11.31361375000128
-4.055894454841781
-4.077605475362036
7.277616587338475
-7.865957772457573
-6.296372028714522
12.289955657891824
4.676334175523728
13.821738270422706
16.057112109379737
17.3712777172778
-5.635577856401227
-4.664111659185517
-14.753514383408838
0.6744375893650592
1.113477868070749
18.262713857508437
-7.689613594768376
-16.49209306251794
11.6596664042358
18.327847397013784
10.494456731792646
-15.514951897733088
-1.107865636431491
-19.485718729735094
14.616748640467698
19.90431099626052
3.969259574442276
-11.986199291387557
-6.0054979116958975
11.645066268309279
-7.353605981957809
4.550007157588642
17.621280366056297
19.520391289790084
18.89903905780421
-1.4877105157407797
16.20783943296145
-2.2732836893032804
-18.933627964890086
12.549822256340526
4.340645288700337
16.26206834376962
18.47648406965679
-13.47030258415447
5.896992434052855
-14.351658159818882
9.613221023499342
0.1891988059394123
-1.0206897110373987
-11.618429838037745
-5.7463983936404475
8.840543411074474
19.067329254507413
-13.984419480466542
-4.556774570947834
-5.438259209731516
-13.801534280916826
-18.209888726819937
19.555958809525222
-12.672542187115962
-18.87200926738202
-0.476914912277838
-13.052223211865277
-4.181721707217481
11.900574554181365
-14.563282086317265
16.59491968823761
-7.688462990979787
-1.8966777139119841
-13.844331076287247
-3.7280458941692416
10.860379707446665
2.361040343800692
16.145125578950015
19.662162637722737
-8.177900323619237
0.614832421744282
-16.464921957620287
-16.69623746043298
-4.117680338766355
11.870285223853905
-7.317194176594391
-11.318421710825813
-1.9870731524519734
13.707400792624796
-13.665357034983199
19.99547073669457
-17.44204994007442
17.06639707828286
-17.29046761849137
6.019572602716281
-10.380629731049407
14.098953224405562
7.221163432321667
-16.21320306003188
-2.8669193868939793
-13.484275519537103
7.874302182127877
13.49196483681014
-16.439111982007176
-14.032289655529384
-7.529357218086204
-15.267939719376145
-19.68317664519723
-13.746802552210848
1.1534691370219186
13.65516169582257
-8.351173679633973
-16.551615498960707
-6.5914033949694595
-17.697868764829256
-1.6510630070026338
-10.981477001679236
13.455139171140729
-6.991010481667157
9.170277770497258
-19.0624139447474
1.3594637080285175
4.860590458775054
-7.991330402413418
-12.367934091932886
7.799277074322099
6.346089900850643
2.9625296295267454
5.802063175743935
-14.171107469215007
-19.291085158937683
-16.637331872981935
-1.4814434753821324
-17.00347987926651
-7.363531533625496
-8.118832744538578
1.2390879185168266
-14.744191270519128
-7.740826692818036
-5.396655692333985
-12.007902560899947
-18.234296260587968
-5.267943065163404
-7.358664870656932
11.237355077770196
8.512027058213057
4.758002483558059
11.561177120344123
-19.318234427648676
-4.101908929109168
17.87425259955762
9.084046750674165
-8.660190300332594
8.190972172586811
13.921325070310388
-10.146782823983518
8.420621596579778
17.693861787330675
7.910888326073703
3.2826745956251138
17.815036544781762
4.592925824218636
10.231459329957389
-6.5629559341747665
-18.43001981041674
3.8617111227752865
-5.8630120158249035
-7.808830703430889
16.983414553420083
11.688556599110619
-11.626621066664281
-4.034887063386794
-1.4410520573213539
-13.610785597310148
-12.768451125494614
18.930605452821908
10.383132176946958
-6.696348652824419
19.337874622038193
0.8447176463554413
2.7015616672905907
19.7186521031555
-1.3319427803563286
-2.9121659096711383
-10.693167108168469
-12.132153145802121
-19.27996344209349
4.099469468862349
17.07421614601833
16.034797904872768
-14.340373236840392
-14.436287896179767
-5.085364027609668
2.0354438249067854
13.323928824325435
-3.2049657978799395
-13.734565927816469
15.807883069015695
19.3815575056597
12.828627138786743
1.1576978092887948
-10.47719192959027
10.185262143435935
-5.231364007157815
-2.1026619162811215
10.341508569005306
19.85990136436508
-3.174088078478235
-18.44848911277927
13.8904847626778
14.041818558928902
-2.4349492807407245
-15.441732953798532
-0.24554310115107114
7.335900365380169
19.995484294285447
12.810363230922562
2.62042347283127
-12.075094520532708
16.77321805707384
-9.936646618500431
-6.651773937204348
-8.823938431278044
-17.508205896698648
-14.597543452943484
16.83380868274864
0.48646384806050946
9.784831201994848
17.048199979722057
10.141111473006497
5.496083439493901
-6.24400684698012
2.7512066457132747
3.522063236830636
-4.240027639171352
17.35643114065524
5.1484687572419965
-1.1309612101035071
0.6599614597462349
-7.330712996408293
18.46844004165372
-17.642052143094105
3.038446677206103
-18.19802734321959
-16.400340525781026
8.096843659930187
-9.15666113599169
7.17654306238423
6.958897550562892
10.237155778389585
-7.12152940582337
-16.66349165277974
2.1542837347951718
18.532508912763134
-7.74279626817636
0.3860991190151033
9.76748024167187
17.903132076754183
-16.68255661454126
-18.210747465534745
19.33867130319105
-5.45275502369822
10.050995386818808
-6.422534449256467
-15.651104012800996
13.299504201156196
-9.727975782701286
4.033322665235339
10.56505290571475
-18.235341030480846
-14.105801093326642
5.772596217235652
16.52840114853143
13.251737902663514
-17.162024174831686
17.873572932709294
-3.3998140265743224
-5.6794079143102
-15.506685766186067
3.359588174757672
5.95564131918244
18.647019009989506
-10.890926715378244
-15.692580537812653
17.63061379967254
-3.750250590520565
-3.26854711904015
11.723801728872843
-5.813427744645562
11.166716304050958
2.561113300838855
3.704481077119457
18.49696948680264
-14.002391196096156
-12.529172617351998
16.462612886615
-8.332466883699524
-11.784259604868769
-18.381320690607588
-17.78481944104201
5.239622450775016
-19.926744459574856
-5.4747308680858495
-4.855976610498729
19.65600158377729
0.38211153732000724
17.320474522917067
-6.816866771103145
-13.804936466887545
4.885231029387587
15.780340162918996
11.2262942159417
13.478995809545786
-8.638062799950518
15.128613350328557
19.35779888458292
-17.612764747624993
13.514284986726551
-18.027225805466372
18.52317732226078
19.434685798384756
-3.2835055945754235
10.859295059444406
-9.612974252330675
-17.698633420738194
1.486770525985719
-12.325947237872764
-7.529703494837868
-13.163695661453776
5.978750600215314
-14.449127046537198
12.246124920185508
9.532728737295272
11.331267567896532
-4.927442606424366
-1.2228702637429656
-2.6639187766818324
-11.591175218225583
-10.798490980023988
18.106668038161203
-3.0152460203270124
-13.493068767655476
-13.701194662738603
-0.5316310739709316
-17.32346659766015
-11.551648555197582
-2.6969909527525324
-16.09190858118265
9.192358561459265
9.346282541059065
-17.256039720477414
12.656492934027817
-6.220031244173644
8.804252790164245
-13.805420319698772
14.946923239532538
15.283300820647838
3.6338003176927423
0.5945332028208448
-9.32826365551923
10.112011837939882
8.658754347044603
1.5897276648261922
1.8693271695127969
11.840078081138564
-5.577573274908637
-13.956718353001424
-15.876507554605226
12.453336982927851
18.998088364375604
19.597842520636817
-11.267149793970987
10.547428071385752
-11.530930579489343
1.3976352042022988
-12.0167917683695
15.026629065731726
-17.158722323528526
-18.309497968247584
10.556579313285486
1.023073720925403
14.475841996638827
13.530712859474491
7.663965800173141
5.102041420453048
-7.2499707940023015
13.755819520181156
7.650962331340956
-6.191385860376663
-18.046474140202527
-15.566945513764843
6.927247142976491
16.80088849525056
4.321518224253001
-13.08066981140874
-0.4953571095185261
-3.6404578089206225
4.371925461686406
-13.467086153812847
-4.492597105183602
-6.088681046550857
-16.461777693097805
3.8946410056199525
-9.653804514172473
-18.486500698602168
3.4773628443755698
-11.68133720400494
-9.899593811107096
-11.480370490843818
18.722682001990556
6.8467630534068356
-15.945139949374468
3.550038020656416
16.84069085214543
-2.909506846546929
12.399548623970368
19.8122305711265
-14.938591727402603
-7.9144268807018605
-6.769308415189794
-17.800205282056808
7.984339807065375
18.923507537348563
-5.8048869825967095
12.764301547053435
8.650510703816565
14.856960942470522
17.79155369577638
-17.88670009599473
-3.37330003831039
-5.822398958793533
-19.370465118358815
-17.91453916873776
1.0487942522960658
-1.3939185934904401
-8.095708189749606
-9.386143610768167
-18.76503756649587
-14.26475626056671
-7.452575520250626
-3.465684097113737
-18.662181885712542
14.54414591838048
-11.934849822422088
-7.970401132317493
-13.528417736595975
-14.09741314905574
16.051962226953307
-4.703858662385553
-8.30040079044091
9.000546252610807
3.153807985525102
-11.494167287895106
-14.515060183211602
-9.1499057784775
8.100142603706043
4.079148885159665
-3.136030078593354
0.6160804360299537
2.1930132299278497
-16.9620755086941
11.623989093598315
-9.013423259764103
11.205134803085272
-3.2114233793886307
-19.28808276208834
-1.1602936847490923
17.7196703866248
-0.9370900038079881
-13.920932550529264
13.108657569754214
-1.404768162194113
-4.744577236054006
19.090906488573005
17.211902561553515
-13.438778329586526
0.6458959653528566
-13.705481442526493
-13.909113896936054
-2.8313755425896012
-5.132961897538625
17.690804434882082
12.422679247126155
15.841927770356186
7.6231118745480515
10.08970116504927
-9.792236920056379
4.900030412498051
-2.220116047045142
-19.42415751965879
18.591376251500392
17.426981372083418
-16.531287736618104
9.9034767933591
-19.926930165766215
-0.33723766422596313
-4.491913708527138
5.800452044095611
10.879923790043634
9.841587215365184
-1.6052122878999207
-4.050241279394076
-13.337752124478373
-5.193086607343226
11.096077032223484
7.558216899508391
-4.494769217142252
-17.429757371327437
8.061642567755438
12.432605101652626
12.228607224514953
3.1169836440842893
15.994157002090837
5.349392743575887
-3.2129184256333865
-8.529368566314597
1.169202648705646
7.952051357233451
12.924218285928426
-9.980210517134038
-17.672056289887955
-2.533302980895403
11.791608656013132
6.283537841088979
-9.675366730015691
0.41885638430445127
-8.646255783285453
16.7463158297604
-8.258985649327336
16.378574297871566
3.5207067956559293
-12.576596531674875
-10.518802201716383
7.972008376906537
0.2715678493076439
-18.89088949566672
19.088442697644645
-14.844647104296635
15.558708182412772
-9.584208662919185
2.972385346836756
4.7044482386761715
-3.762657869775026
-0.09240823138219412
-3.1064570041059625
15.08789473022994
17.468302388615257
-0.2881796732999895
6.417584470553528
5.76277505190675
18.80020640209075
-10.514148311686228
18.84303896031878
12.520781207435768
11.957755311382524
6.073488492958564
-8.078866873303948
7.42755313576798
13.71304911824246
-11.859064633128643
-13.225219726174974
1.3629131954036708
-11.209512286999654
-0.20290566884472483
-12.71758741805963
19.028719657202572
-6.6234067731909185
5.021021227529211
-11.033369455085683
-15.825395403401444
17.008256781213106
16.252457262457213
0.553421882390424
-15.439400151895937
-11.174283485870191
-12.272715575309592
13.278111313418883
-16.99885923743868
-2.472812804414268
-19.189176395830756
4.689629557213575
-10.176524752059448
2.9554724775378247
8.16080627579952
-17.53135888039678
-6.945999278789126
17.690305194610403
13.831292843223288
-15.98004887356347
-9.49238423087123
-12.990933951715933
13.856911839582907
1.0597515657773826
-8.212557159764442
6.438425812689967
-14.555516557417544
6.671228819784261
11.102170288762622
0.11311558009356659
-0.5636140810081116
5.844856515683201
7.047567199286746
-19.622672642774933
19.376413161751444
7.294143349746776
-7.048487152775271
-1.1080442579738943
-2.0396250860492557
-9.161872102879451
-11.841729821360264
0.4533087262511124
-13.55921423303958
17.10486478281026
-8.037615529669884
-6.664828030442722
-7.595639358087439
-16.937388612790706
2.0994166283973996
-9.84751477983258
12.513113771386962
17.84520249326622
-4.836715308932602
16.30158658309184
-5.783624418737375
13.640928165614994
19.712162397301462
-19.136521446114763
-9.15569175169412
2.051519121038364
2.3999463744283744
11.41206401521179
17.790785741753368
-19.468729121896402
5.542297085712047
2.79313782373886
-11.914082380605633
-12.636550316837724
1.6001632416750553
15.61400398506266
2.8071347603851677
-5.634356743006261
17.811023041032065
19.936450590171596
2.0934046848127537
-15.848142729170466
-19.822832178733847
19.2107713023008
-8.006964048741928
-9.791024742053832
16.0652504621522
-6.366095662625209
9.806175356461008
-13.93923057449431
-3.2402963008363805
4.922145034610381
9.310321422916289
18.211082959677512
2.4035126613658306
-12.849003757232712
-11.483397948012794
18.475104296757152
2.6827481426726543
-2.3296781481580666
-5.7789848148809675
-15.395776861866599
2.99974198576065
2.916405062697301
-17.670163825312713
-12.287250558920642
-11.000332366189664
-18.408342531449012
3.5373105247615477
16.229189718019605
-2.603838115400041
16.880889678544293
-16.94384939885446
-15.163347839174971
0.6092690098267219
6.511535551496888
3.440529691266363
14.466005075974849
12.209032102570184
-11.754653358871128
4.160502745287246
-2.624663196635616
-14.27687069601253
-17.28575124058125
-13.26468062078928
11.992412884425203
0.039828510121932226
-11.581436469222162
14.683718015259458
-12.780719986758777
16.52711851461403
-13.50434978553217
8.690219393360877
-4.54553678642899
12.29336008317108
-4.441168373652772
-6.713266172982344
0.9590656893671579
-2.1520843706395
-2.2256703420847934
-4.522819736643871
18.515338074540608
-10.513994521948833
11.459154191081517
-2.7455339874175877
6.08804312039128
7.5812317645672245
-12.939829709366562
14.216851763514192
-11.829548089725265
18.568374519865138
-11.034056311830032
-13.463005639253183
-9.278634761636662
-17.075877330337285
12.182270903766266
-15.279529391753721
-0.15558721524327268
-8.720985240226145
-1.7569273950289954
1.2231988409700776
11.956539248519825
3.230128245985359
5.971567234534373
-19.284738230534394
-4.737945434843143
10.192428257711711
-9.257047924281947
-14.704266255465814
-17.292403312055743
19.10802906815735
-12.604281982285457
-10.490518753064887
0.4147023329413422
16.6256283012615
15.43769126255581
-8.771102325607373
4.465741973317279
-3.2514756100822595
-3.9088365586443885
-12.775691304835988
18.947273372796836
0.02770957910657046
-4.851173063104476
-10.621121590074143
-3.966848488479336
-13.350292965735377
6.631193359914068
15.453780809813907
-18.306972417646254
1.3197308607902656
14.058615311985633
-19.94316898467542
-5.536955090171665
9.650071796811606
-16.555325287591025
6.232561033488963
-9.283600122505863
-16.51797835263935
15.914977367851712
8.267170812358565
-13.915728024564412
12.052456819917147
-18.688458090965057
3.785164321052072
15.60919357665017
5.842115955290911
15.261723957157074
11.4067960072888
-0.986928761113294
-19.385556429938685
7.689108457337532
-11.870531063721469
2.582434874047081
2.1408463993022373
5.731938036493723
19.58281915874386
3.613915997549171
-11.246424408538438
-5.4882289070569445
-16.11714896121817
11.460201891257537
3.5034227258195116
-3.7710991551194866
-15.820172683290256
-2.173688356674859
8.788597730736853
2.8918552955832375
3.339204417297303
1.9803337615053032
-12.53597151892917
-10.575604222688142
-4.409480379840481
10.32115566564638
-4.504415030866188
14.644153018174208
16.246570615833647
3.164844733075199
-9.672965283739568
-5.591767280960799
-12.444925497419298
1.6567006424611428
10.949577399462061
15.074763478625655
-16.47884710023545
-1.2354779843591075
8.582960552668592
15.314987818042376
0.7178963320497225
-5.804937590518611
12.652793024324119
-1.762670511635001
12.743590753078202
7.559863719332615
12.688743862473785
-6.67345895572061
2.889268292684072
3.9385126278624867
-17.84944401131659
10.135262947253189
16.030158508764117
-15.914049300269827
15.585176395063812
5.619889280718727
12.89606529446597
-16.902696387639903
-4.066363372902565
-17.79042756772578
16.35305021440169
13.17846633337571
18.94104041790291
5.605861922615631
13.976083492596047
-11.31138295476498
9.375954758818061
-8.707788923659109
18.330679009695523
-0.8909899142727156
11.884015097605023
-5.935577316188137
3.4537872167097134
-3.7468383951297
-17.77254071176531
7.7070500892410045
-12.962514355561506
11.706443459619141
5.896709699820093
18.2813209093977
-11.74148949530672
15.369034871276611
-4.033568820420022
-12.1872542569835
-19.987202600832145
17.971114993803752
0.42582151722210426
17.461279287926452
13.845670039443561
17.42316163221495
6.171770509812401
-8.68984905809016
-6.8713883986609225
17.30960197398816
-8.712771493693152
-3.7952033502327467
-7.126732397033223
-10.958643685000204
19.62803499884521
13.594609531862943
15.869139003944248
17.609959260105512
-18.608609089694838
3.555047827368032
-9.004702399060665
6.2842760233641854
-7.252878477639385
-15.33468617451791
-19.278203968610153
-7.10866609106494
10.133417003646173
-7.113996719854182
8.626876250663994
-1.4947357796292664
-3.5332501545801094
-10.690993990313885
10.672833484738469
18.982273353956096
7.605342782458294
11.314001916398986
-18.685807578188363
19.88757279945871
3.0464209842449073
5.761075163579235
-18.936270314470015
-17.870061871827904
-9.73873995750358
-16.11908896243539
13.856908880832293
9.89535602450626
-5.581970981475418
7.486185663317233
-7.663453394213624
7.515936992078753
-5.298766325440294
3.8394051831408547
12.435005270322776
-12.003419959513337
15.730167593003273
17.543259326238505
-2.9063154305928585
-16.91688321995359
-5.025800696359845
13.228095583926013
4.353938769598621
-10.581290367188977
16.680247931388152
1.5706906762851638
-12.798082972953694
-17.99885170741248
16.853823771114136
3.16746829986581
-1.119809050838171
-15.12802175097912
-2.665343507118049
9.789529802591574
7.127457095552906
-3.052753783449276
-8.483437705460851
-10.705045341319952
8.79215303364444
-16.38569903018616
-1.1312701999989727
-2.0611649377419994
12.970938598057735
-16.874727614869208
-8.772299669753325
14.500321764672222
-16.80988501363968
18.25674893691407
-3.9252492258271765
-9.098558754627506
-1.9174586498616435
-2.6239088433660918
8.12485807422686
9.533334272601532
-12.3497160960682
-0.03332361292320485
2.4326004238991246
-5.830807478058922
-19.105671361128948
-1.4039254846307685
9.745378677108448
-10.265340927678558
14.389568136742653
-5.3021033962157595
-9.78057850825401
11.817891828012336
19.736299869557328
-3.5847216580870125
18.047699547812137
-4.77391969980844
16.881458294265677
6.23534758882321
-14.601146410165796
13.754886806652351
16.039136485335874
-11.665028252003111
5.769784576439967
-19.96078581037859
-8.720184510823735
-5.4906106677543
-0.9745015639011427
9.803718122985071
11.141844145271286
14.867244888957401
-7.938079824909273
-4.366990556543552
-1.485590738323424
-6.371316321757817
6.004413184630607
-4.1244218368091445
4.5190239249006545
-4.806601369111947
-6.085785086206128
-11.544732060866366
10.729878611480807
-8.185976044281276
2.733506854126059
5.377175779260771
14.00591207358221
-3.814292528941742
-7.21824809356772
18.400390711468518
-1.8889577446635286
-0.8247681190484215
4.642494941193775
-1.05008943187633
15.030739713625401
19.704835599823895
-17.50406207227457
-12.930492541262538
1.4668048592819218
16.26285226224944
-19.06609054399675
-13.514030791482652
-16.04926529662501
-13.372289300323171
4.490692875725763
16.240952724614104
-3.139252314298652
-13.75621727389975
-9.821345826243736
17.795760486636652
6.104028158671689
19.96651001606631
17.11428655981829
11.096746954106806
16.930463935859052
14.33994597859477
17.623520544364958
19.93590492477483
-13.24930989244078
-6.281796507053855
-18.58505404876111
-11.107323676280645
-12.81078936320936
14.883618865039537
-16.670915984114917
3.2948777428023135
-1.7206444021315122
13.497579260859695
-18.252487785082305
-3.6857267327127374
3.420428773927835
-11.5241571564205
6.857468851877403
-6.347306723950048
-10.599409743395615
-11.613010526776009
3.480287694136482
-1.8598810443859648
0.31130703162682494
1.9457173214579093
12.260634327179886
3.393341525051426
-13.514280740537995
17.655124141384988
-7.062344096017451
-13.393345198067426
-19.93185550011379
-17.7293312309714
5.313204861991355
8.360756048764166
11.063033876710819
5.116253029458381
-19.87172587923663
-19.05666734646657
4.229999863444402
0.1593957165891382
15.526723533614785
10.16706452958553
-5.2439450375575944
16.63522414295052
-3.6393249928368796
6.571821966069145
-12.846996306755427
-10.957219160453015
8.52855407057525
3.506040653625057
5.503206393270368
-0.982212519857665
17.210566408080076
12.688302604328278
18.34785286974943
-14.073912430264821
-14.865302125710302
-7.635479623047585
6.033191281883404
-1.3933790057468265
-19.00262008784103
-0.28833192333034674
-0.9286765745369543
12.731868450459622
-12.873075059984105
4.318122363592668
-16.19218897094328
-18.663366591739514
18.272446512490475
3.3595118532228128
-4.238066763696903
1.281279855752274
-18.96093785207961
-18.78714424443752
5.814321362027847
0.8837805267935579
1.431093812966921
2.277264232965514
2.232317189461554
18.046122926181894
19.479462741445197
15.247918801090606
7.162915694835789
1.4204231902139917
-18.709405940694648
0.28032093885961373
-14.803808863975405
-3.361620219130952
-16.155764229444372
-1.7077016934329912
16.46433913568479
9.314934407866513
-7.3708412439159545
-6.086685653241748
9.939201490112872
-12.191247879267134
-4.5790276266016505
9.023624856524183
9.781073508831682
-9.291349954340383
12.820668075576222
-13.970976078391072
-9.456901895391594
-14.014008722926183
-4.655347679828816
9.551236298909473
-4.206194359800591
-1.0699033612212183
6.32550862223723
-15.086770942670867
-12.33824302974741
4.3542834381383955
10.557053108439867
7.9617531102066685
10.437707117024626
-15.870510380898848
-7.675630488692153
18.421785070909905
-6.047479246842036
-8.738539187222173
18.648487051120505
-14.635244317769711
-16.592341741640034
8.118287378569438
-16.493449438995135
-2.638115687453059
17.9844015695518
1.1068131576900981
6.326291311140192
6.191426165969268
8.842821696810908
6.279838355263042
-7.396844760219654
-3.503873993329961
13.86929779771701
-0.4487892508898952
9.897553637610507
16.48670212222725
-5.806829577789552
15.574890884333875
6.1780903712627335
-10.644813632330532
-14.57196564546701
-3.3064911059098634
16.967570648854455
-6.178454835502585
-7.503996614454881
-19.73342890037189
16.061869405300882
-5.447852532453439
-3.101758389374389
16.525059216901333
-5.014314186738904
-7.156079056964963
13.83385813349689
15.335627610816985
12.010485442136776
13.917921003705075
-19.657952795485464
0.38114788121438536
14.843171667724725
-0.8992812215274597
-10.541101873459947
11.606285590709419
-16.80409433330655
16.4193043849398
-3.9378717920343504
4.714322433602053
-11.765464413362153
13.390267742142427
-1.6383865032347664
0.01007336127905134
-13.799392244603954
-15.510154700715697
15.475831370032232
9.14691913345817
5.609750808917969
14.808505698943357
9.48366718712354
-10.359265876617325
-6.3817969070958736
-12.103540276236675
-1.6292023994611284
12.17376223558778
0.9287323279565705
17.07427766674582
8.919037916586781
17.447784704429587
1.4360006801932812
-19.91789132429778
11.79708575854719
-18.84158469308079
-17.971220741926416
10.879494138190747
17.470101868731966
-14.320839430744453
-15.063247956973793
-16.887852414986337
2.9136763749331216
-13.516053469867341
13.025597278079147
-6.060520935304563
2.6065447099807315
12.285126386793706
3.0068520790925106
19.468384862393265
11.644644598513707
6.005912476351121
7.782825630851647
5.988961868082715
-1.853417244850995
-9.479327944755163
6.980407681562895
14.52594155801863
-1.0291638721218206
-11.179561144936532
-0.3982177476523141
-7.449159039821783
3.020168044192168
-16.11364259324933
0.18047453262008872
8.92331971647263
4.403130800839637
11.972253534568615
-11.72769063735462
-4.807151100529573
7.280531965084943
13.607839217782534
15.793594957600675
-6.5928439677800945
-16.848253769864296
7.682524567478694
-8.578611617061384
9.29589274061555
-11.948062492835687
-5.581076103145826
15.755977371254552
14.405142091532724
11.099386742475215
10.723315466651478
1.988695589615233
-5.396544383039865
-13.56224389081913
-11.11447100908283
11.822839176244688
19.234592530840807
13.039396174779647
-7.198567027248881
17.414669547243307
-10.09945252723471
-16.01554213413356
-9.46925454399905
-11.380643023700374
6.540643290134405
4.8607375520034495
-18.16670163905565
12.421812735230048
8.095226046910188
-18.12510577631798
1.2871828407651478
10.459315596446274
9.992867327897102
1.0210985857432462
-14.585948330292364
-18.348907188702412
-17.24951886389338
12.500919229629403
-13.949202060610268
4.135160353167663
-4.823870437617558
1.2574941558179589
9.015393206205506
13.939904738646277
8.894366531463135
10.06154196342671
-16.38303823891924
-7.474735610497859
4.5976409995714995
-11.876799958837672
-17.59201422868312
-7.62019768098221
10.757288702570406
-12.254164094378467
11.089826111250542
-8.722727930551653
17.54710196545976
-0.5804600441039334
-4.4297563015155905
-3.364869246551244
-9.086407712816658
7.001005389970704
-0.25721189976876957
8.39019624762659
-12.984370781321974
14.041692192117324
15.246198134542382
-6.963246455510884
10.972905518202825
-1.7617171259627042
14.997511270485731
7.23670396943232
4.841435176981168
-9.331042871908423
-17.98885333130258
16.593080160938115
-7.875924753481902
-6.490876707303341
-6.402858044844528
10.878942227332267
-19.522960792074677
-7.540103672709936
-8.247569343358023
4.7339226615252485
16.571039942627124
-3.0312762958820088
8.014439083001502
11.560404025355787
0.060581877801798356
13.221064519668495
19.064384136256507
9.499062585253046
19.041626481859858
-11.698522348169313
-6.249806702241072
10.85263666220548
-13.214086198733636
-3.1296540670484987
-3.026723032011521
6.044040643646561
7.020810661702196
-19.979439373194616
-2.191843520655329
13.005746363334303
-16.27222554092264
-1.673652395959131
-12.442359114245667
17.35198583808979
-5.557788736205866
-16.993455798760266
-11.597731330403892
-2.137889993874378
-1.7460679222177724
-1.1836292235624768
1.2215625680181752
16.24783465413782
-14.875488223445661
5.832135864289178
7.517943702616282
4.238750914970563
8.500441775059919
10.157775668540644
8.54074208941639
-10.589579528763169
-17.901628754769753
-4.863764219182535
-7.689641028309232
-10.034829429236272
18.674661362312825
-12.048311242931252
-10.207285748328756
-16.2011796403425
-4.831253412531126
8.706377445607053
-3.569665913727789
6.401900969674017
-0.4649097197874319
15.891467411775636
11.870864116856815
-9.38986504442151
17.255210381978998
-9.058547078001652
1.0107408489241578
-9.087873122202286
-15.889608991953871
17.4452413316001
12.800556361878208
-11.16124755530099
-16.724944483149553
8.859761355940986
-18.520951037035186
8.227985050336063
-11.040587729593113
2.3437344781833716
6.429847881130062
-12.281050852675959
19.85704550830728
-14.041936281335232
-3.8622852255289715
-3.962330186498207
-1.3050015508539268
11.41188436908191
-17.82112911076048
-13.252186821601533
17.978239426799938
-13.841534993970335
-17.10577578265042
16.23294002057162
-3.090908579253732
18.077680850786052
-6.291444815829777
8.298734547408078
15.40915556385282
-7.6915207061916835
-6.97568111004764
14.251942598548808
10.745985801160597
6.370788428670462
-16.788110268542358
-11.678884368964436
-10.666144814082461
13.419007298928364
5.666622005955652
-10.100763226828121
10.19365399021964
19.594185050032465
17.240531240123232
18.365090572721698
15.966624452660938
-14.131443544359822
-10.00346831591553
-1.6939388240480149
3.4296652472382902
0.46981524717959644
8.271180968770018
-5.92395530439541
5.36402187693799
2.3227785539824275
-2.6336010508332635
-12.28544709362058
-14.725263898525615
6.607942865886976
-12.702213518450854
-12.5796639340194
6.202394663637492
-16.085539763931923
4.671118243232506
-7.334907013932561
-12.976637504594741
-11.330318528950652
-6.424373546752218
-19.979410907223656
13.880181501577425
-0.9703055593960421
-9.76328281260296
-5.695940330884435
-18.895432446583072
1.526267399701105
6.122386283438619
14.021899165156867
18.601664737777753
-17.221267924600983
-15.40077866599708
-7.792929112300362
8.484988269905678
-15.193204462327774
1.492731012987658
13.281744046192323
-14.291131500969803
-17.88552004864409
15.193223672339343
0.43266226743656944
-1.5398145511469075
-18.439810644884524
1.2345842575186374
-16.63993018773192
11.169253925725933
12.297523643913422
13.047149763167681
19.68772616130525
7.731887468169948
-7.412118832264918
-0.9854725388253769
2.9229286266263017
-15.22729898631396
19.450468367900037
6.729802912877073
-18.343766697943508
7.5011516429906955
-13.938383759872757
-11.213681436074467
18.365417556103935
-0.041102548443614495
-5.1789771051204205
-10.360469850416107
-9.685486571935247
-15.98936141949423
9.860807075720984
2.3522095954075226
-1.8915176747282736
-8.160909308960083
3.2317024664705016
-19.51039353213362
-7.184346753915488
8.945342754653996
5.543075733428129
-16.793739331562477
-6.294314199228165
-10.576853690234017
17.396496094214186
3.5759419432796165
-5.601760262530222
-3.0452436202943574
4.4220160882963775
0.5173817606690605
5.16285365764821
15.338898136670295
-11.78921686233394
0.8996709079170415
5.124954960627793
9.969471609415457
-13.14642125474184
16.091626894112665
2.008277783278647
17.458568354310458
10.7912281141158
15.178001331206652
12.535787221959424
-16.538417600554634
6.389402300634764
2.6679313596626706
-4.800839631591156
-8.74917376363976
14.919296999909974
19.210013958650464
9.808269055027097
2.3783901809127315
15.765654164229595
14.867439585083616
-7.433068994363392
-17.3796237887462
15.26176110082109
19.50940552428618
-19.929276556297474
19.519745211764416
-13.1768738080412
-16.71761313293722
10.172260465063005
-2.825036350552203
-2.6146585069845543
18.63153500289461
2.008606255961265
3.401565771680378
4.153043203617305
-17.507094365595144
17.34269681202221
5.241633256531458
6.061853205288948
-2.4622714948581503
6.227187799579973
-19.872575285965294
14.022522261242287
5.7391997331392695
-19.157224071717827
-7.024775490398593
-7.461624752276123
18.376811725702176
-7.745315285638066
3.233288578220762
11.227290676087328
18.770966733812216
9.507528764206864
-16.918825176544836
5.983353658335805
-11.59641526477165
-5.2084426831968855
-6.689862699007612
5.874403952798723
11.322497621598373
12.991364944062049
11.34874412871476
4.783333705855103
-3.078465921309167
-2.068887693331831
14.243649514182948
-6.1542269748161225
9.263743912138626
1.3565946996205156
5.880186669594568
19.489207329476955
8.31814586722291
16.10388860708511
9.959345474515029
-18.649472933108733
-16.847024245536943
14.055044096870596
-9.939905799585077
13.429825665776029
-2.2588856889982623
-9.967341008544155
-0.43775767088653694
-18.473607946685174
-18.491620360673018
-18.258189651684038
-2.3867475524597594
-19.41223250507337
14.970661385199179
-11.514782376995347
-17.687119140549598
13.091103152397459
5.700193096964902
1.9251023404897118
-3.9046316016447733
0.6204972130687594
-0.8818733362578541
-8.8758387117946
11.50801609579058
8.689921136338828
18.78049802186367
-14.380499938986429
-7.386798593903778
-16.926450439045343
16.402589832628053
19.763408157341416
-0.34015479849617236
6.153642967176232
7.168768438757933
-4.2002020019080675
14.078036117058986
-10.787315380012434
-3.5417019689536673
-0.8519010378926772
-11.218644249250715
-19.029740671763072
-10.2559815802993
15.50347626366203
6.052423672440796
12.490238738967612
-4.3572893485526
-1.920484988586928
-18.302557732952916
14.086039064873454
-4.710328671573274
-11.82674373910011
-3.7563975871273954
-12.748182110065201
-13.009237394910969
9.94880184388532
4.266022017852151
-0.23876019057331632
8.787721598361347
-1.0338026294944491
-4.441323701804777
-14.09194839707212
-0.5279424237740784
13.581105938252833
-1.0188910280335648
16.528560366073094
13.628551995495506
-7.0702765750191165
-17.814052222341576
-13.543473549564652
-17.409951471943362
11.674629024650951
13.640739023374266
-1.560967085292475
-7.389527827028392
0.09207345635921271
-8.867359831491623
1.5995521346899757
5.287579042125849
14.810081178754672
4.704818290060825
2.100381294354957
-7.270359986685083
7.366010101423029
-18.2604917433829
13.886744647398764
4.3494687702963795
-0.012534657393988624
-4.0058436957931995
-6.735677972426583
16.775853776562847
10.665624447500175
-5.352328569856407
-5.202101734905691
14.132250777476997
-18.34444896722402
-8.645487280788778
12.836209741503481
-15.919394165120258
10.492019135442693
15.86280343727612
18.499092021015223
-10.748070101397524
-14.34004889326352
6.399283791289768
-0.7034533255415276
-15.472802249839685
-18.467269891129973
7.991460467797481
2.8418113349284333
-12.270039234583795
5.459852594589769
-8.307264219326234
17.890380000139267
-15.964198121063117
16.12260992754971
9.854502929587934
-4.36636785231833
8.986605433735594
7.856779183428042
-14.661695377308043
19.540914060311437
-9.83623445467208
-14.25790138171143
10.434426122968969
-16.851002202758053
-6.806720998579237
16.522715160361592
-12.312131196211237
-0.39762164038648606
-3.547871850710848
16.20398449538913
11.837272325360107
-15.325522642903152
16.742209087668734
-6.579292324627332
-7.6841861848753155
9.174291153016142
-0.4904130701411624
13.50538252277579
7.730548267380151
18.67923440814677
3.8945139642866167
-17.327156010902055
2.8792125848588555
9.18896859773372
-5.62987627612288
-17.925436109850565
-2.471783018270468
19.186081183577357
1.9773961463799168
-17.78006631595222
-14.881945311261395
4.9483988374888455
-8.77134050340095
12.1418470886792
0.32750069423050476
-17.455707315938156
13.102324297978605
-18.779464933202753
-14.492167892245655
-9.153836096196537
3.0527274047579667
4.978881516561145
2.5245847762820937
3.633328641612053
-7.299867396830862
-4.2057406919878915
-12.276846696914511
12.408951542298674
11.967932544597986
-17.922894944422634
-17.12543748423066
8.324958809873841
1.489924321707523
-13.982725469685562
-2.4525240582314183
-10.160756050748505
-3.851216257853345
16.711939783115128
-2.364023032173108
-7.710577886362518
-1.1597607454867926
-15.773234538617116
18.10035889246967
-2.9441074612815825
1.2195896075576975
-3.546954075316915
-8.03072247877096
-2.8531707334679126
18.7224726097852
16.14318973130886
-4.8246805646952495
14.793427676674888
15.179323040602227
-7.28546859744009
6.89058671834788
12.940700010613092
14.69520759348147
-11.595602657508621
-1.0161195799457126
-15.78725243653841
-17.438072319036266
-17.25003515737018
5.125100330014455
-9.374955599375635
5.386264279903003
-15.816167087763958
-5.358993052174137
-5.93044077777488
16.579051685948734
-18.936480130374036
10.378166738256933
1.6523203913917506
10.477016390099667
-15.441320685632341
-8.584059243070069
4.94508095820947
9.494461942706891
-6.298253864645783
-17.296243032036216
-3.2500900961228787
13.101691919287283
-13.619884281808709
7.148281672392667
-18.4693418294548
13.760712503186305
-9.904687993962353
-15.602724211394708
-16.35475847857
9.9676368465285
-7.919018300458088
-17.467671128630894
9.203491610061448
19.397856880525815
19.26326685788578
-17.074647861173496
-3.366744874101517
14.352145480995148
-2.317279044762955
6.28669002912882
-0.640702366037786
10.002770072488566
-19.076675880683204
17.65839458774704
17.31636221947567
13.460059194521449
-19.445672225826073
-14.269973234876057
-2.664024726320857
0.4598328470968802
-18.567537285742336
-15.972958372607952
17.714173073563096
10.173259734673223
2.0781830104002808
-9.453012908721314
1.6810446122377982
-14.805305308385158
-18.4214422295137
-3.1388196002184756
9.690665056198668
-8.663237980831093
-17.9197126883644
8.889825864423294
10.421471982743324
-0.2988907393993543
-5.42619530944712
4.897915987306803
-17.722505012045353
-9.645701273494112
-14.603139934732967
-14.243172035657752
-7.984820246393651
-1.911907833053128
-6.152248340989598
11.91002729870113
3.2181261370964975
-3.4298688416641454
12.678779610714713
-15.779333197431441
-18.837924627632137
-4.156242754220845
-14.924174879970455
15.964542347667091
0.08774687451687058
8.182911405143898
3.022325910994091
9.57128001814619
-18.24347484500338
14.597610705960939
-5.915548989718914
-9.773958868270931
14.696542456847908
6.131811883798299
12.978701214778596
9.706396903346072
-16.321557814278638
-4.987361006753769
0.09600829842977276
-19.8127861421734
-7.291308120699341
-12.644801102521367
4.43146980249707
-1.8078823475569017
-6.852391839989629
0.8144572886300523
-16.630103662370963
15.346567021258686
-6.697730056477376
15.131205274460434
6.195233417533462
12.329494496114819
7.764036312733467
1.9098303543099533
-15.998544485636451
14.94094929470642
-10.211032447449998
4.840311688103181
13.974200179508081
-19.58705965392388
-11.742829237924251
-17.990105595923293
-18.692160265626402
12.894443024117955
-14.275253315099397
4.059398112605052
-5.867003877363516
-19.26612347048255
18.944278920302573
-12.4699183011769
19.293256980039793
-0.7298545115548407
-4.486789027964129
-13.193399915159688
-4.57328588570685
8.49870204324447
-18.307783931379614
-13.48237461052674
13.91402481736786
-9.121354954026764
12.773533440165352
5.110013795369181
-16.88625538739664
-6.529683492583995
8.487060027725338
-18.461679665206482
-12.306091641476407
19.5725109840809
-5.490512899259553
13.749277435414797
-10.837200872229381
-1.9049025948007845
-10.466191023565155
-5.928703359831955
-11.342293699693942
18.347855856070822
-18.35123424066779
-14.597073047065372
-14.403512095790312
-9.32292446357815
-5.684745779764974
9.016793792938557
1.5576532021588285
-0.6187218007340469
-14.692016231217874
0.4494281102634545
9.86154623824379
-19.52398931548104
-16.348341534872077
-14.228955506291928
-15.663711909592092
0.8849384264697022
8.677000898360166
-6.968680794188419
-19.743195952176528
8.608498485929701
-9.507717831910117
0.4604053236714769
15.455430548298708
14.391253584464842
-8.19185498571633
16.246666133483963
12.085850951268888
12.193629376952387
8.251505530006465
-13.713241838794858
19.216914821573965
-15.974311498785006
19.910849159441312
-7.097409849142927
-5.947106657283804
14.01838550232955
17.165415906129546
-13.740006466567385
-4.957795636910372
-11.956455146234624
3.221842751320718
-16.842519807172927
10.038803893869321
18.00064385122547
-14.959174940596117
-10.509299666643312
-1.3048508645294667
0.8331884949089421
16.149561337550573
3.383533841552186
0.15631092363545562
15.915970319618602
-13.350149103925313
-15.520051143387953
-9.76851837260547
-13.287048070197027
4.953498962621726
10.51900019196598
-15.399258217716817
19.916640541918625
-14.983430872766306
14.363389368675882
15.202426902385739
0.4992782403476568
11.491172017094318
14.402061410245764
-14.840940959286533
10.814619103330138
-3.7306475954628056
8.778880013412707
-14.816328549512008
-13.22122689038476
-6.986372544386317
5.529750660272462
-0.9371916088095986
3.765059116972399
-7.902708915168809
-8.108713137763534
12.58369481822917
-14.502531667194987
-7.746070928337323
-3.0812453213355795
-15.840502240569748
-10.125603206904955
4.7600291267448505
-0.2692925951351022
-8.695408987416915
-14.2038819019771
-14.470058762377867
-11.052702245984527
14.645286616271996
-8.011916817735392
-18.760290963072002
-6.293781304699323
-17.02735630430336
-3.7707125991937858
7.660142930184023
-18.878643895399037
-6.273789204784727
-8.368544456414323
2.0567881387873754
19.349205248246506
9.549734458833786
-2.0780213130297334
-19.26513822919313
-11.672296886971022
3.5807704914208713
5.49086899249663
-15.440827190556012
8.064240196605752
-17.042598956182452
15.516483397593895
-3.2578198992112988
-18.283402772479896
4.735947194024035
-1.0455546312913775
-11.928717262315729
-10.301183066008605
1.5764262666636455
-17.619782338156003
-18.92808474114065
-12.667383385962768
2.928966520940609
9.936761618433184
-9.14537841723341
-11.275292194276854
-9.167090229348066
-19.397050521056304
5.43912894547735
12.19290668491685
-14.647893246127094
-18.264193687558887
17.653281919241188
15.674130340748206
-18.804382673722657
-17.249813547647467
13.91458158978088
13.664383359060437
8.780644698582144
5.958084246138526
-15.400341137591557
10.241902493322343
-14.957145732192231
10.899162833397959
-9.71547258118913
2.160568735748445
-2.4812056942801206
-2.9502885706878423
12.704955423910839
15.185097807409733
-9.27213419715101
-3.6880351537385856
1.0955836199574307
-10.990055743365946
-4.921805666529352
17.094239147521954
9.442406703679449
-6.891865413334667
-10.609863529303723
16.048998068490945
-3.7073996389776873
-15.683739296585419
-1.4982679572044404
-7.6065170578311125
-13.439885859530367
-3.830888677685941
-14.10210406575953
-17.272738284541983
8.169741183290888
-13.300563411926923
15.04882405748279
5.735180737125894
7.274217458209854
-14.90581638795302
-0.01880307584875851
15.793501058449422
7.026217630503968
-16.37843947429466
-4.168761447677278
14.98910114561469
-6.488581571141104
-8.037954442520693
-0.42077356339287064
17.24104657610593
-17.475653243233644
14.611567272701443
9.055365165785734
-0.14293038349740073
-18.62343070610892
-1.2456752106418811
-19.30745755729445
-12.780016158826676
6.445048943405194
-14.78133279642314
17.744739903180317
-17.262730819155855
18.212632840196214
-10.787448142259631
-8.97438128631717
10.731202716740185
2.028729675022266
-5.8135846675086675
-2.1574086908262515
16.93374243108879
-5.470636398691365
17.81676416661383
-11.702264638022392
-13.118671179973443
14.534210377808868
2.6645126573778732
17.233660463114155
6.350836934263263
10.336427166441709
6.729613292790045
1.4075157733440307
15.510219616329387
8.261892703682115
18.977839635965857
17.380593956652433
15.20585602195461
-9.720532290506917
15.849844027118117
-15.110684275656059
-12.634094842396962
-5.600532872254934
-4.154228658765643
-6.261601954995646
3.0041415006549066
-4.803595168728334
-18.653400617702033
-9.71887631569385
1.9276518501491893
-1.0263944657989974
-11.311137793827925
3.5619894769039533
15.08646838502537
-1.337343588217891
2.3897212122079203
-5.442066653860467
14.268956958249966
10.597793562683016
-17.264988827417266
14.284245983764691
0.970396917449527
16.258909347533724
15.094622092310537
-17.16323490891718
12.561804614346322
-11.695534619785114
16.054382278740363
-7.215634624039783
1.3918924449077288
10.538941435685459
-4.913219113682331
11.443234976466385
2.4346274333239073
14.033128403198575
-15.359920296913408
-11.47067982500474
10.622614671200932
-3.280866462299791
15.87043312560921
5.8343149032215855
1.4826231620125725
17.27972437168151
-1.8751682132464538
-7.40310601782638
-7.363329939296577
-0.1592540149086119
1.671501370312484
-15.332899179222741
12.