-5.883446935202139
6.390433350233362
-2.1946939781870434
-6.563982365707183
-19.826100121590553
-7.4566556744578705
-1.5737959600430003
-13.176259131700103
-10.824486944541135
-7.0583699995622915
3.191902121330209
-16.813904101151177
-11.658660387243804
-5.178957690206891
-6.055118618578481
19.428094913993654
-0.3810315173512606
-2.4930769261887136
7.440240874061669
3.7905632873039927
-12.753793216751177
-11.006972647908473
12.065248199801452
9.160035907998086
-17.293268058982484
-18.483468899204546
2.3581896718363424
-11.33442525356716
16.815522713662247
-1.3070750297238405
-14.388811865679148
8.516972616637524
-16.387160184338107
6.858433703042799
11.876047656577576
2.5851107697958007
-18.63669708508631
-19.303327457924368
8.643492586063193
3.99295838725045
-18.77966590072969
-9.56170414968918
-13.74513780200835
18.072348536239424
13.88131770685169
-17.0059410051282
-13.383188848722885
-15.46276830851285
-8.329305536578747
-1.587192737646145
-12.204510087561445
1.336071428323315
-2.4585238114023014
-6.672439020224704
-18.82516654802512
11.381605856142542
14.075730110975627
19.62940739829608
13.230436744507998
1.1097880274495822
-6.393282063694148
-6.226600955359295
7.704747372021249
14.540257082336012
5.075215592418051
-2.5188585888286674
-12.486066004532518
16.19706376307473
-4.873382541262533
14.605769654026133
-12.850003198042392
-9.55493313203451
-17.41220614617509
11.009545917278231
9.330584762876065
-14.534636270461526
12.151834655402162
2.442247320694907
-8.771959270229729
-10.535259455358839
7.970456887780077
12.58739765344923
-7.294094003042954
8.348997810864546
9.653595091759879
-14.906443317750394
16.322534702058988
18.569323405960255
14.246573490640174
3.6919621029798755
-12.23049441692552
-1.2165026862500667
-15.663295812803897
-8.137746226230114
13.658754089634655
18.72852139973245
1.059858302134657
-1.8363213773888631
-17.122907980732485
12.860122933636433
-6.87368778621523
15.771466357520893
-3.51522676830929
7.59929924984181
19.47786585111769
2.4891940590962456
6.204291393023794
-18.599702148084152
14.116184123698815
-12.233107637116149
15.30434627908528
3.3119973075414464
4.631994707270696
-18.32909184275218
12.92599083989088
3.873822885060555
18.23677479304105
12.381818342151945
-13.401957535670554
-9.91494269957923
1.0261813876126347
8.479823948799702
-17.92115866763846
-15.236392775500267
8.339376326972321
-1.670130568740401
9.734881338778703
9.490560860465163
14.302310416273855
11.94932276527522
-14.823112656335912
-2.01643124193766
4.4200802355425495
-12.92455812320111
-13.324266131464562
-1.8688133697200868
13.03357869033136
9.205960985259125
-14.939008640610583
6.93741942421228
-6.435804390417989
12.507614878778838
-1.7251441806665326
5.312039519610181
13.414916177611282
15.674595476326878
-1.4630975747159027
-9.818930905635067
9.394181514246025
-6.67765216026536
-13.087576177705413
-13.15477974231181
8.878785914471617
3.4453690581376506
-7.009427381867074
6.649362818459522
-14.259390451534184
-17.56974025148645
10.482413636278928
5.376594265356243
19.376557421609107
7.561584581762663
-4.628197344781748
16.521693999788035
10.614291531157207
-18.59785152861221
-0.16198580016727604
3.5765537221620605
8.82503742456366
5.996703439518761
9.756109189225203
-18.95329355194592
-8.585312651561798
6.849987524285286
3.160072740365756
-0.7325761261821064
-15.69514372629397
-5.767848731168677
-3.613394927713884
-16.399130999317165
13.017503850203418
-12.209437694023745
15.133429342633718
4.846187925518013
-18.917054940790248
15.302270424368224
3.3592612523921233
17.817222824969214
-14.842441597715318
-13.421223780083062
12.157980134935514
-13.596363616727443
18.747598500359658
3.237589288472577
-6.993977165013314
-12.002490686543501
-17.00068570390979
-12.975598364391473
-19.71937792034683
-16.148893316696782
7.3429181334532885
-4.5330068183663474
19.662424833324735
19.946470367667814
-19.262912643498858
14.210895328476802
-19.819331974437763
-4.2061888555524405
-4.95566674348105
-9.759909683715552
19.21172306316535
-10.335349493983038
-3.574494501880096
-11.259057985306598
-15.602478650034413
15.217052542513272
-18.754958790139113
0.03330537722793281
9.453225078880372
17.2584917653866
-16.089835178501115
6.181860569542039
-0.5367169249995243
-15.62855237127561
-10.2087099520433
-13.004411833063138
-19.982217880935668
-19.062319469410603
11.596845827740438
18.72719812926328
-7.516249477597645
14.836013337616862
-0.04561200761611062
-8.79799175551597
-7.182166613502012
13.586044098558084
-18.71085935480407
-17.725112960367746
-3.710290093419939
0.0506242866305584
-6.937553553210645
-13.833060378924792
17.346978226414585
6.410825817417489
6.287300441381241
10.42315905772714
13.449016810033655
-8.746937922329515
13.752454879800716
1.8941844267290442
-0.7994753326696546
10.450563421624178
15.63579591383067
12.26483124846262
-11.324194313732598
6.6557633656870685
0.37241149409112495
-11.509489595236975
-14.697397789596774
14.359142047006479
9.375130947210085
6.7487927175798355
-8.212124017444768
-7.258894631652328
5.891656257413764
-7.768171849927551
16.76809073382146
4.37290634905451
-3.3702541479223846
-15.156342925773906
11.990332747677964
-10.390828052893895
11.802910369060452
4.112601239908571
-19.385645970157196
11.292214035327977
14.633313774806155
17.131084097445864
-18.295022278600644
-11.599958244770821
-15.130474703179232
-6.91441002329524
11.68880624288278
-12.10865544232055
-2.954256933170548
4.728766883652025
16.27555329919494
-3.1421634386084847
-5.1680718807889825
3.4804459760031463
-9.182429731578354
-9.422979256874843
-5.0882148743812206
-2.99921065724493
15.216104210651899
-3.1247203015126814
-10.323589491905881
-19.105884673676208
-2.7721940068098583
-2.23790292833009
8.012905858051372
-17.928734395022715
11.459367084256058
14.697504301796293
-17.357790517780593
9.019052291377086
-0.45143802248025366
2.321301346401654
-15.342292729639041
-5.312014019146183
-17.46486864239248
9.534137431749578
17.843232217181303
0.9116653115772912
4.004058714213539
-8.970706356209677
7.061742729790524
13.647082675460027
2.1956962466123926
-16.188832885062077
-0.061015159438024824
-2.539080665399279
8.844156551430725
-16.060593289167336
11.78614424459569
17.666047394053656
-15.356030957547095
-4.3209271752228595
-1.4258338281929426
-12.864213477217397
-4.894820267487955
-12.949580977827555
15.999281539455204
8.883861954088491
0.7407931293076686
-1.8516575393365144
13.756262329584032
15.619993572553433
-17.16592702172194
-6.737532325266313
-6.720958011772588
-7.040908349682384
-12.830672258191518
-9.858590725222971
-9.395624685972535
0.6643156912553465
-11.126150660981132
-6.552066664205212
12.098906799526148
-7.099839293747641
11.646996104026087
19.177570832353148
3.7678499378318904
-18.420855686493233
3.0004173130905443
19.214589101931153
11.28254237087647
5.01288306172729
-8.74942670779129
-4.750675028396882
-6.912899161690564
-17.52649354449516
-10.086057012965215
-6.258185866440442
-8.3552380822209
18.92901437344819
14.181318360505607
9.40523215270009
11.919078236632021
0.9070612700849701
8.185766596856368
-7.759101781643963
9.041181682848702
-8.95457625995219
15.861837812900568
11.806158255183682
-2.8863194138856194
13.99791102937182
15.905132412377277
5.091746786227006
10.266102719787202
0.8163539744072814
0.6812399098632298
9.518303499469308
-5.157597155579268
0.7430338110813324
-12.05895333934492
-7.941004474166423
4.00763520870656
-1.9526991813585184
-19.93971753861426
-11.515347319894577
-2.0232879259514363
-8.470248186026787
-14.24432605949562
15.858565155351172
-13.413952131805935
-9.277978859518164
7.697681184460844
-2.7275478749645004
-10.608405164511048
18.973714417516774
19.19238217464322
-0.6202931218779781
-9.299118347884674
18.01389182973432
-16.303855401820325
-14.091644708498524
-8.912305129622284
-6.8548396020993785
15.358372947451457
1.0981936487481363
-3.930428760754104
-10.71458188958708
-18.170307241393942
-14.82406581672902
3.4226514575374836
-7.242966377123219
1.830954916204874
-19.840813952523654
-15.560887572796055
9.333239603494864
2.829237048184339
2.4628679457184575
7.004013031614555
-9.931565726996725
15.175126734454487
7.429160899902865
11.652773135795425
-2.2117391936259665
6.656182484244763
15.815124262551805
-11.239177479374476
2.554684121930876
18.648919749705982
9.765048445984124
15.48454816782143
5.824235626370008
-0.3383270747982081
12.137066108178814
5.439096273263541
8.005805098482938
-6.433926713419783
3.78247584197927
-7.537526701448943
-18.804182795472663
4.259214265386518
7.419315039891309
4.857347166183658
4.234263074826625
-16.96829553304173
-14.96453974449786
2.6338022197237443
-15.263115681983916
-6.376942739949506
-0.01931474502610442
6.411931644516301
-8.72088860116178
16.887320751415082
-5.265311594642444
-8.358202882809898
-14.872042001231822
-11.536057300972015
-4.643012904888382
-18.356159159042967
-9.590933056157219
10.226518142962213
0.64381381600721
-9.47059039837313
8.114093011521216
-4.107277716401473
-15.199091650134072
15.678415563637515
-15.872099286829467
-7.693587902290865
6.443090184595608
8.88783514545938
-0.7514838820025957
13.624624131101129
9.100065659716051
8.01027209682782
-13.050725868335572
19.86612304514763
-3.1205264282058884
8.375949499196995
8.3208086501662
13.795348688332382
3.5910960453885252
6.784718413325539
-0.13178047917726587
13.482218352130637
-17.011569077064948
6.583460414176798
-4.157214221292866
12.39674839142485
-7.725606696380707
-10.929419878195414
-16.996358402606177
-2.5854164543671665
5.855659282395539
7.63992959106865
-7.574966814791949
7.5673262706374125
-14.837905515360518
15.846080851436525
13.42037976543849
19.649519609005722
18.60917317866877
-11.310695894175634
-15.06618144025634
10.543560956717862
-13.234646228536242
-4.457997148397244
10.290431939306174
-6.8188542310671
7.505144530453244
18.188427146452497
18.450041327989467
-4.1768832271049625
-2.880561203616864
-5.347527307383398
-12.518995132787092
-11.732244113204779
13.787853327187982
-16.967463392201093
-15.963713013887011
14.89432734227163
1.1691753945692405
-7.133419006938055
-4.279602694748084
-3.460692064084604
-10.297891047724676
-7.405839372746762
-0.09984514237386222
3.0323660031737134
11.248500285766369
-10.916595567628518
-2.913962166061239
-3.2667129467877842
-15.838225545771243
17.967660073088226
-19.67318480287856
-12.12220269341
19.72081226601056
14.955074620580277
-14.277454472071742
-17.576550661427966
-18.91394406489465
3.5175806332510575
2.4932801705056953
5.20921314012698
-12.51937478629069
-15.684391893221754
8.279580942838226
-9.08269785628956
-11.921754768311544
3.9728821208183405
-17.075300157029865
-7.9076589857437085
-12.252059612084487
6.69507096600006
-18.767183805766635
-0.11682346557194734
19.435975299085115
-16.91003567698172
5.88841739681531
-5.6795548856735
7.217485733505413
-12.693142863288735
4.838348524076888
3.833229439130182
-10.782527076703566
-19.442710626388543
9.194933144557499
12.516794322945579
-11.770351562555836
-7.1874483944780465
-7.872923334294875
-19.742810587599244
-5.093758495293406
15.107163997247191
-11.503788315133395
-14.200812452722754
17.9583854795128
14.426798343349162
18.473456366336258
16.876844293422188
9.934837014452885
11.448392348440887
-14.536935273838921
15.961356955599001
-5.007052643507537
9.595865382928295
-0.2220031348208522
16.663841049525914
15.420079680896421
-18.276319552073772
2.64326158437067
1.1826706004814582
19.536018584900482
1.2202333766770046
-18.42254200338683
12.368879342552248
12.934605197259216
-8.547606275707595
14.67470189270366
-4.286875937277333
-2.2004121317912606
-14.659029521673705
-6.896125835838621
9.117979735702036
4.026850678257116
14.153393133945976
-4.201931795362892
12.180983006536536
-14.100524337572606
-11.056932536005363
-7.225800244516304
-10.974778373796067
-14.114626444207076
19.683506208736972
16.1347532429633
-1.1149995147612017
3.0684096963055474
-10.041265272858201
10.924402267082431
18.87715941696421
0.6067677717706097
-4.951914020471033
11.537277581798236
11.85057224890133
-13.184648165305584
-8.434258124639884
-10.11237631543407
-13.354021249307184
-10.504900973346988
17.48262061546683
17.528258276807726
9.7376602686683
-17.70601067887473
-2.068040041694971
17.465384616961956
-7.164535878098434
12.177126954815705
-10.06676419658049
6.713887830674892
19.389666322963294
1.2355319760463068
13.138656457975777
11.660413159738013
-6.9093655462055725
16.397249902994723
-7.927503208973068
16.797340448492307
2.032402600226405
-2.670423883374685
7.783189540322514
2.2400221263199285
17.510532900804122
5.935063873759564
-9.075213839559053
8.3886272388918
-13.015389743907653
18.22721301561947
2.7676620176860602
19.91017535426058
0.26831161262891357
-13.983040862604303
-15.455681168817446
7.498800061219303
0.08198995027981582
12.926468718096189
-4.536919635155385
2.6665215074515487
-16.274142274571282
0.4090201790007626
9.478363492988407
6.429359985828992
6.9749275109339095
-7.630650870028287
-3.8288159195399487
-7.312587779241465
17.699674505504085
-4.050466542337933
3.1475466534745493
-7.47111551760967
-5.340622853397473
19.11355828559254
14.452350910417294
-11.8570590042725
17.064791810563527
-10.25339782453154
13.742207954794054
13.123908973848636
0.19635032494117155
4.135200857691746
-15.863362950658665
-14.077497046917742
11.749480644703496
17.872245328318698
4.737457234525088
-1.4181779279272853
-16.45188131610528
17.3037299205061
16.96519691498981
-2.0027181358461874
0.5133663935370123
8.576399918373578
0.46735826531049796
-7.673427228421449
1.5977417422621158
12.568785705238085
13.716251081582058
8.684161128754354
-17.67376118342132
2.2299526613871343
8.918599224894269
-4.41394863739578
-17.324374857544417
-4.224327802560559
-7.171844867588341
9.518251849070825
1.3186370293018435
-9.520864917504483
15.755437356917255
9.355101388714466
2.3199247798477245
-19.396847563768304
-18.375997815902586
9.326474890753897
-8.335526478231202
-9.378267474352873
5.033963828132837
12.291804029913031
-6.674074681911231
13.650811118410118
14.825653137700087
-16.755924352345183
10.424471767022887
6.177868561976844
-13.65138725424182
-1.4923329798017662
-18.10335474341132
-2.4942543086927174
2.0312177272887126
-1.6954165240333623
-9.619728936732933
-0.6500991543712189
4.705578708781953
1.788650599098034
-6.621242705289493
-6.133993098210109
-2.0739523188081854
-12.006477373316997
11.832426172803725
19.139648438280943
10.350131359298693
-11.558483559016022
-0.35767282296550107
13.420587782036009
-7.0079190468899135
5.451146852512775
18.812110966649975
-14.647168937335696
-6.421925498636947
-13.818490033482437
19.835596052673182
-18.616072963385943
9.882198678666612
-5.287739052332544
-15.983101479021528
-12.573210190427325
-12.748534432403842
-12.980669387300852
17.0167910843727
8.214513213331731
2.62241277002126
-6.435688202727388
2.2641049161963807
-4.6239491725016855
-4.472142218989923
18.02036658690345
-4.136953727623052
-17.70825740375825
3.0358892658272687
-1.7294143644899087
3.8515809334603013
15.609559263582
10.912399471600903
-8.47552022083677
-17.68692338810157
-13.65937726624808
13.919553510331554
-17.15320375282175
3.9646189086642245
4.269471093254559
-18.08703011850662
15.365651153895342
12.34145309850242
-1.5867334452133548
14.596877613330228
-5.387018299074317
-0.7336311584716313
1.4868105847766913
-0.7752332339140438
-0.28670547344196606
2.6414515081986387
0.539632140692131
16.963151393576823
-2.5011873606651527
3.1354387198041387
-9.153812857246946
14.218965700550484
7.467416215725521
9.458901348419701
-18.239536966848853
-15.33090123925113
-15.76682143254688
-9.313512484224407
-5.981498091493446
13.896803911450178
-14.657241097855994
-12.486968897779835
4.471919713790847
14.156378371945543
11.137411898557573
-4.9928180603961625
-13.919448931544984
9.530847351171666
13.00542654857611
-4.51052275189674
11.067549900821465
6.801293566751227
-18.161792937286645
18.30085747366521
-9.964032005641625
17.544374311349443
-8.069094052893565
16.28873543230354
-0.8445060263726631
0.3584022782787599
12.025393138196677
17.93411322716672
19.206139874871788
6.6333454497932784
19.047141199370557
-19.901498813146375
8.16586757427757
10.431327083635722
15.691299763219384
-16.141076203921312
8.532440379876526
-8.857579090598794
-13.438324472616383
3.9930392897637113
8.676391471318382
-14.799531168932871
11.044947225643703
1.143076520630153
2.6000692207104557
-15.279367389433327
-2.6999353256250913
12.227824365307328
12.069186566482195
-7.1444653083906005
-10.396629166596401
-18.84416164653426
14.775869471161435
14.01076404174718
7.045154668969644
-11.883694927621434
-11.14923349317323
-3.4557272926116056
-2.562406460362471
-3.733794802218643
13.214081744711272
-1.4107378649568076
6.49206388225986
2.6057014328016948
-1.536327684272667
9.455697756607407
7.89901166602079
-2.388686788274441
4.942066058969083
16.061943283203085
3.3932925698388985
-2.6871924698369654
-2.6586363526940815
-10.604942450273903
18.217800185769974
-11.596395192939655
-3.536030992822873
4.322216510169255
18.400154056547848
-15.884247200480456
17.751080922855053
-14.871474570064294
9.810986669861169
-6.804055486155374
4.708270614503171
6.837186560880827
8.809991844988613
4.358677803168792
7.386336196786303
-5.551849922777867
17.27341730268528
-10.759815013614059
-5.140236754156128
-19.388982843471933
14.509266637755857
-15.570850038268254
-17.012821077704487
-9.476031231710147
-12.820681691780216
-13.153998228547469
-7.605328236887171
-11.201153848743846
-3.427654080460737
7.307104980375797
6.3656032337546264
-10.078776055748385
2.2516457562620182
9.38954196648102
-1.9271193368400539
-1.363177466108617
-6.360700125081763
11.650621183919242
8.147358408677633
11.167139566043751
3.3292091782435094
10.791443122276657
-6.216608672853795
-7.759012373776022
-3.8194961352139103
-12.069492640392516
18.84105465492999
-6.769291292691362
19.3013763680841
-19.520470853970583
1.2602686365550433
10.268991905033182
12.729414086757942
19.542550544273546
13.423443935877366
-14.01102640417803
-10.612647888913571
9.034001072929808
-8.241135201922841
-6.3364192611408665
13.621238446326494
-7.5652651326484985
4.972797402033283
-1.9295824044637833
9.078207291473976
19.779115033123666
-5.931494724420272
-16.310528653305767
16.394728394198445
-11.28690353953083
-9.731165028501065
-1.01515478077782
8.498748164057726
19.964293091974994
19.38038396806352
-11.348073737370079
14.736377700234883
3.226487042153906
-8.045243031684928
-13.081447029551487
-5.737184150940866
-3.8779577100227556
-10.077319710342984
-6.696855413246986
-5.397053738343702
-17.502638574646745
-16.069419962082637
2.1622951550558334
9.660935905356396
18.958578241962
7.357350545043015
9.21087953856307
12.99249966987469
-11.116710899422962
-7.755020692171337
-16.702946041386106
10.847440444603663
-1.7867747928739703
1.7197882134468614
-3.8728672100333803
6.654953193182472
10.216630334393617
-3.5363018536178785
5.453555478330678
-15.832157370208467
-3.158748711315333
-4.603540009457138
15.731544976813915
-10.093333035505946
-10.335018330315258
14.171668626295755
-19.58355818235964
9.589791309373702
-16.05687982150514
-4.473481757845539
-15.06277721521592
15.186160258927053
-16.694871746411287
-19.799296304211595
0.08287096392606941
2.116729536301829
-1.960495969299977
-19.223257678680422
4.762016233310668
1.9684153372578486
-15.159391444655546
0.6022019713471529
-19.520294099902245
-1.7980066481881387
-15.888470454694229
16.290921917640475
18.483668829726284
14.871594343612593
-18.166228126327443
4.079273884546598
2.2137880554013307
9.512189179062812
15.156296785310069
-3.3520735532803556
19.6826873170008
-4.356744180673235
5.104124821039715
-4.025349604990161
16.526209440112858
-7.584670145965324
-17.31155918254927
9.78256883056019
13.014675911702469
-5.413978389061995
4.647747916172769
-15.145058924330037
12.146377124502031
-3.1944536110399966
18.920695282011067
5.428634540874896
-7.931556017358851
0.4172123819414111
11.992366986923521
12.575891685987372
-9.723809594097034
17.284755421321485
-7.389427913117167
-5.071415520937332
-5.833232804514118
3.6925081363177945
-7.516130565131283
11.827013782087967
0.09428331968339876
6.9296919989653425
-6.938634159607373
16.536803019115
-13.867808616484343
-6.483614896623028
5.494183779032269
-5.2177043550176805
-3.5905340361656854
-16.988718436424286
11.120171845679998
-9.558800054419576
-16.027867894852186
-9.372124322986384
16.19818102036792
-7.063603809213724
-17.915426842185752
-2.0350146202449864
-3.993710822016048
-10.558941033762753
-19.727152311463477
9.426151357967427
-14.192924805160283
-10.179035202810262
9.46199719879641
14.775784617877555
-10.49202210355567
-8.819788758767064
-5.301537291821479
6.401290436145057
-13.065796713003541
-16.0877071643758
2.4709749654375344
12.330661020122797
7.339055437382122
-13.057225295088838
-13.527684077518582
14.684805279300328
-1.9343482473435145
-17.18296075035374
-9.667483048648053
14.779687508860462
0.464993611915979
-4.04493157961844
9.355793303153035
13.64389805878011
8.022222077877785
6.3061741631870305
-8.854333367450739
-9.483393934542384
-6.519916648246692
-17.106414665430428
-18.97152772451951
10.09631010535163
6.977670260459732
-0.8327060298101898
8.07112326823146
1.2497905266119247
14.186043093999288
0.9893946668505293
0.6126951473486599
13.516096097241487
2.2314065690494616
7.835852558294604
-4.1985698745997535
12.240828584353821
7.997263333095397
-6.037264123172331
-9.64503320410261
-17.693105419143077
7.62413250703521
18.570947738531494
-12.370611642661116
-8.03344901975076
6.2861690616122345
-1.19741734363323
-16.72172532898962
5.541679926118945
-7.922339614962667
0.6062127954264085
17.49632127215822
-10.549891865215812
-13.350020009345588
-10.298942448405422
-3.0843252624007604
-13.550427756781644
-1.9607277861925674
-19.182042498384853
-3.5801353705671204
-14.180744962925026
11.992136115787105
-12.743181229387819
3.936678519063843
-4.471249470829019
19.08073699716512
13.01914660425416
11.105299864728618
-14.453909517913889
4.904333361496288
10.024831078882475
-2.4872058587680392
12.015801499957504
-15.082443547992792
13.94371792519749
-0.6183890627246527
3.2190795877063927
16.639083148866412
5.273396428663663
-12.00113945733273
15.919278857814774
-4.335839165060227
-1.6302790293622529
19.448210868529834
11.207284885477684
-13.857155273895017
18.982097984596315
17.918957232792067
6.024778680045813
-12.521682311947648
-3.600334102424
6.594419550213626
5.706956202826788
5.194387149976393
-0.7182159311572356
-8.609201742681464
-17.333693601191833
5.078840242704334
-11.262247910875853
-8.407087505065448
9.298203446180654
-1.3712944074742666
11.009220610321005
-15.82249491371563
-9.746838543990833
7.468564540180477
-3.562466000263065
-9.991797642119739
-1.340821798160711
-6.797579187660903
-14.39421620283845
-8.056093571127096
-13.645466530563922
-0.4010840111524203
-14.45182042298239
6.869420266733247
-16.259285498450193
-2.894980272242485
-7.447956371724347
-18.627127047656952
-10.279288823115294
-10.530135217869239
-3.9938017236464205
14.590069110557934
-11.926593795707703
4.345584859617215
-10.896220047813049
-10.449975541324946
10.29774585669379
-0.7617307546061056
17.372588934572846
-19.148170421872216
-13.73773367201656
19.095667972827833
-12.975511122683931
-10.378173517721287
-11.245549906411988
-9.299368255239418
-14.76218191054329
16.67499233449159
-5.412308594440791
-4.669360479515312
-3.874256803170802
13.44037675946521
-12.265470705032108
-16.483896575395676
-15.415068582165246
15.960439217548497
-9.807502376748847
-1.202656137844869
16.00089924300918
-17.669329473495882
-4.896118885619995
-11.152851267977866
9.5783459199871
-1.7274913143150208
-16.435205149647373
-14.091199348767072
-10.213813938974248
-7.197353715301018
-2.156305061297328
-4.544772631548435
-19.996313451978082
12.541675268235572
-19.094261631096767
-5.718995572541473
13.232590314496868
-18.373550620607894
-13.532144480038536
10.175121855644626
0.22397565188473578
12.54146645538215
-5.469181353955541
-13.068879041871014
-9.954959472465962
-17.985780151083127
-14.647804290003679
8.60509628452466
2.363204914443372
-15.259733987696862
19.73612018046292
1.6800231211576744
-2.404712767228517
-18.596023098104993
-19.311056358048276
12.934565701361265
-11.061011370207336
16.131704870119023
-9.042080369287945
18.61054441044388
-4.867493848501283
15.247548087367818
-18.08780858692184
10.668543271397848
0.7536219498336862
12.145051664161436
11.201617895402332
-11.15163391598811
2.749126122605947
6.583300962084735
-11.505412601166455
-12.419060611919747
-14.812965520100235
-0.9349016790530875
-9.856407284426098
-7.044260217891782
19.426071846038127
11.347583217976911
-1.4290570996217191
7.392165839973117
3.676766934141689
-18.683871609433655
-15.93970342683443
-6.982997167178144
-8.906281631494135
6.6884650751383
-10.606795589252954
3.293769926885762
-0.07791938702931134
8.010640988933343
1.7951862076676726
15.860661123878735
-6.720065808429219
-17.01645554713089
9.179489265756374
10.892190395822894
11.874427548999744
13.73239182003968
-4.3270398789974465
1.461049767702356
2.503454502459796
8.746768580902973
13.655956187454827
18.337916802306594
-0.8519098062989592
6.6599492648921235
17.14999662483641
16.065760551895238
-7.577369955801686
-19.361025296920964
-14.187125730974376
-0.9401615684346325
9.80899559574043
14.3460399464783
19.31625134130988
-7.176949375457333
-14.057701310424967
-6.232240211732467
-19.09421717417903
4.791721643570984
10.24914395322796
-11.598162497058585
9.34907678953035
14.375717794375568
-9.482332945155765
-5.188881124090635
-11.309621820955593
1.6298749621356876
9.806604773042245
-3.8461541891322923
19.222647542484182
14.206322535300956
-4.9085000763922615
-13.998714848083154
1.2595516543755991
-10.011538751874344
-3.8761803896111147
2.3506666386123456
0.8369350729909257
-2.265388486135585
-14.700057882751608
-3.338949183918718
4.579435330277445
7.563301899965435
-17.242963308033325
-19.172539901733934
0.26510686478043866
-3.217935011451477
11.32012106945195
-14.279888062786537
7.828743521904244
-19.236390011055345
5.7887179154068455
-16.712305547107583
19.60596265030673
13.633081659629298
18.508658001576002
6.208475913338187
9.565661190403631
0.2268717351480305
-18.483605564911073
-9.085373974262044
13.739788852941032
16.857333399015324
11.55853472951232
-11.799941550937788
12.912573004155703
-1.3149153844614005
-11.11039776176674
-19.363368453944815
14.700764924788892
-4.471687828472692
12.871146502082667
-8.081442188839576
11.729934509287297
17.3466143416927
-15.615124186928782
9.384188927026372
-4.837882851550969
-8.006834289151751
17.43758896997943
5.144977949399639
-0.8697671918951109
0.6724041246562571
17.179545956949767
-12.318932307167545
-17.283645532044197
-5.831894563039096
9.996076270298339
-0.7371649918403058
-13.443193846814815
17.35473786634519
1.5651228432278401
11.09149616961573
-4.743291051657064
12.932289223888496
14.111011863155532
-12.962976382841296
-11.338254321674874
-1.0054733342931073
5.520032595262112
18.179432387425237
0.7315031096030431
12.104242585110292
2.0874042356970115
1.0296000960785179
13.459394102573924
14.667730168821656
-3.279487845521704
-9.994558005428654
-0.2215900819461183
11.810059483845809
-3.3705592301133045
-9.630968087336536
7.476559393713266
-16.86175278392208
-14.847843102390872
-19.728764604539105
16.491654749534213
-13.420149648883974
-1.9322668051031826
-7.778331528164655
7.305562130191099
5.304672267216702
-7.539531963927647
0.31080446370037507
-16.274256106886227
12.154794850907777
-18.124699072940416
7.330205491876708
-7.943411625719449
7.085063609558013
-12.916673314429193
4.143241849842205
1.4194442453337999
18.48488919215106
-3.614215564302544
-8.498690898735868
5.670692965851213
19.01617868956403
19.820548889451125
-11.902577331591901
2.9061387267499583
0.864943917441142
-6.926232791130968
1.3457537050365218
15.480809675305423
16.156032442144756
-16.03347657672441
-15.042156119439127
-1.0773124230521276
15.563116285054797
6.132817517347693
-19.429173239437446
-18.347710733264687
-12.524508399550797
-16.223384979132543
6.637021833311053
-16.221208636484512
12.934632492515263
14.762190012073113
-11.596387408897826
10.09463629824814
-17.877173215980093
9.335912201291809
-14.669470000589735
8.29099148092456
12.41978800674378
18.58159989544187
-13.239990873581537
-3.7045683050942593
8.357574213545899
3.823596355633864
-12.979340019244404
-9.904832875576792
-0.9739687577063236
6.50525617719703
-8.2800742534904
2.213510957003656
-10.250599455567823
-10.17875418970377
-1.7798202027081373
19.872437323599556
-9.996779273298051
-18.10577080701747
1.4431338221403998
-4.5810504176617926
10.115252787883534
2.5869188092045903
-17.905868945906818
-5.212061553654221
8.194370188640892
1.3167653748034844
13.117714259289485
18.14129360597385
16.076112692983465
-18.376121235246764
1.913041638139596
14.004628232932887
-3.568476195230943
10.979212486402364
2.867186542248483
10.353527463458015
-11.85848148922159
4.397135488632902
18.78720470849443
18.81605228649198
-10.122550694685554
-19.57291045128024
2.438109348164609
-1.724032166591158
-16.1862742242265
6.455673358657435
14.170788098925463
-12.921257453360386
-15.82323873678031
-2.997031042704972
-13.451083594638455
-4.51470424694676
-15.107641070156195
-0.6873584518273468
-15.248322748258385
-0.9791495382655597
0.72339441275874
8.921691525926548
-12.017719671478586
13.376646724814677
-7.166454384420904
-13.990628660281864
-2.3399495143206863
6.4369517669969945
-14.75210297235407
-16.424164136711173
19.272166720929576
10.241877655496637
-19.91485567932304
9.529230588682196
18.27891305880528
8.958369187702367
-16.569081013795575
-13.893311638385942
-14.74916908846243
-16.781737289114247
-3.150778929590299
-19.438378755698928
-9.09400539335973
17.65072366652406
2.3819475799430556
-9.046280535520715
-0.5424824842687634
-12.172582002057041
17.44380990389559
16.47015588196833
-13.31318491591107
11.045550520799257
-11.513387401885534
-8.462066047674636
3.6358984235112928
3.218385344093143
-4.321733868048753
12.686372011043197
-9.522084542827475
-11.357692017243778
12.893198774108278
-3.89952322928497
10.874517649231663
6.430852697178253
-10.386020944576174
12.301273873917758
-5.066969680500746
-16.767721899992345
-4.398760018061964
9.124752989196349
-6.4781649066697256
-0.8570920633795431
-1.7061511928633237
14.068258514740187
-11.520887394855666
3.1647808441350094
-9.953044112015572
-15.919415699862679
-11.25786983706102
-9.370966147749481
-1.8502137239583973
-7.991502635351605
-4.99570848759182
7.179589412016249
-19.64699497618771
19.06881390899362
12.897129753736309
8.327430099404808
-13.280458871469968
10.694473577362626
18.80393999781731
-3.7012157783694875
-2.0625409295559827
-5.521684427195371
-7.208453736516631
9.474354327149534
-14.416195702692235
-9.628836489884641
-12.232717735824469
2.8888351542580395
19.27786423181911
-7.365450279020669
-19.690579089638916
15.754913415126119
16.14894432771355
-4.980975752240976
-15.576541681078808
2.3081198682379664
-16.34225329119062
-7.85446107877258
-11.293450599257525
16.45315828316788
8.815031165483369
2.6762545076236
-10.080489241747532
-0.21891484544160988
-9.381827024494509
2.384074917105874
9.317426615504765
9.136263327485882
14.484754733360276
-17.81165584915472
6.228562257713914
19.097341269271183
-12.440935822982041
4.443076778334195
10.11570748347728
-17.604750625027144
5.233633854123507
18.752649131197053
-6.789195426457525
-10.918147583731104
-9.222138192658793
18.31532916608934
9.025718193580182
2.200538303420082
5.514528865745309
-7.505437386869094
-13.703106808089519
17.7074026640472
-3.46597079982455
-19.261782581611556
-4.220574129991569
-12.111199811383685
1.3083374452976955
3.747440679445493
-4.816921643214997
-16.10216716830896
8.868723252158297
16.800586987553018
-6.3152195132605335
-8.899277712363718
-7.176762952585701
-6.612936983834414
6.35523871514993
6.7552055774812025
18.078371342580972
5.736621575445795
12.892590594154349
13.78119745226384
-9.71642753393347
-0.7015680367233514
-11.672664494523119
-18.69386938881847
3.206322150874037
16.23290534458979
-9.369675347561293
-16.37283909475467
1.1325996081022325
-16.89303055049187
4.173549183494572
17.622678897060688
18.6573914409476
-15.209402916650134
-0.7199386402304562
17.049937800753774
14.290312060438232
-2.586029581765864
-12.984667615008668
18.84430782184254
-13.05071033701902
6.617117255692669
2.709924797681186
-18.780992420267427
-7.203319480234489
-16.909986193673294
11.506577293839339
-2.526821409569383
16.241817146187962
-14.001896447103297
-19.276062456412426
-2.0636201825326594
-1.235388923426413
2.6974266974168692
-7.204714206624793
-17.900005041664564
-13.20827369041968
-12.943296283010795
8.500227035681892
-9.067641087421926
-12.976751682990098
16.965310330354626
-17.647226021391806
18.89881566488657
11.853902708350859
0.8280000564904881
8.004549368502317
-7.268046423912594
-8.362632185416729
15.565470499647809
-15.277937073551971
13.272229009193353
-3.594441478024507
-16.603714345059927
0.7629798052547017
5.0778192100382
16.5936744948161
17.479108388978858
-18.85322449097135
13.02388203473916
-0.3969946117560106
-10.570196372309105
19.954399949084966
-9.866592076760426
-7.327358396279795
-0.15445400355957872
-8.994139511231065
-1.7019162968985668
-0.3887657702752456
-17.762222264303094
9.541363720404664
18.764033805567998
9.751307912436879
5.210637753080114
-15.729980612768507
-1.1836239040799725
13.470516326874517
-9.222642437716999
4.587790603677373
-0.9991458811936766
-13.670467993962019
-2.6937749844731265
17.974203092722895
-14.440762242134738
-16.5696108263124
-8.935788183606403
-6.435004441583869
18.576617688785355
7.685587055909963
3.2530809419722893
0.6534926262124827
-1.149200462045755
3.327047937774246
-13.243997979021799
-7.574510841607033
9.060068479481366
0.6222701306162577
7.411414539561584
2.528963976291653
4.371004503447384
11.885993943128138
-15.342293003015936
-17.862363340058266
10.245644708205248
0.6245439916644848
-14.705432620255227
11.402751358320828
-3.1012742084582783
12.291144146970097
14.611054359373092
18.811568635238153
-5.226246621773946
-7.849710929727172
-4.0002785435506105
9.431585881695433
0.4583215205040574
12.559596306673967
14.943528212434948
-9.801531731091107
12.298809400899202
2.4169781269839987
-12.91385427857441
-15.332489758589162
8.92987901080167
1.2012631630419968
-18.826887709998857
14.803824485655355
-12.850028784393754
0.023160266098983584
-15.224889831383535
-10.76143423642522
5.3159194625458355
4.4881072321264455
11.939759278544507
-12.062634113971061
3.4560199503205595
-6.023154750841435
-0.28437668396909643
18.294760224430405
-4.428261428565442
5.973137344893544
12.540197970933662
13.813602289933534
16.22995735262687
-10.842024711219146
-6.883639476983383
-11.775409850188264
11.60087520230444
-5.6539566487761395
-11.411785679036672
4.372833987054442
-7.421575318150349
10.33202070229272
-13.103126539038765
-17.316095261146472
15.884432635999353
6.745923788985806
-3.6498856481137523
-16.57876465334391
14.653056775471192
1.5162670733932835
-15.360743496056122
-14.120428738597157
-17.186299494093447
16.087189212321526
-18.391176679230405
-6.26064201599911
12.363601599837324
-10.610860554028205
-2.2209853278926097
-13.804752134955791
-3.052853962477478
13.960914201684119
18.56752534212685
-12.241978513359765
0.6166340307879423
-11.285053890636668
4.545697072962636
-13.106867744677828
-5.477560361582011
-5.062536412905807
13.221639883199565
-4.865113364728678
-6.719634218362875
7.075116957269152
-17.38293824129961
0.19256151219903117
2.231579021958364
16.830089956026548
-6.927995312826294
14.696786599364977
11.970092525394659
-0.24428795306710072
-6.539331515943182
17.40386668989057
6.731387184977105
-12.653133235195199
1.6316589223275955
-10.812105331519222
-2.106309453721238
-10.19090827730654
3.74149160731519
-19.304427831033575
7.197467718904065
19.388735404691587
19.637220709081177
-18.365257953430874
-19.693931226014783
12.33998378287388
-11.541601528056953
-14.091895763467228
15.964941614819367
10.792782947547188
-14.236459994629795
18.309855109566314
-7.658606218838177
17.504108282102287
-16.43120241559091
-10.369503312008753
-0.47491570549364326
-14.14678494162037
-18.935956813506056
6.519734923575108
19.832517134368373
15.833506362784291
-0.5630656109882715
-13.47577572254199
5.116028088041752
-13.185293133622622
-5.025466217483267
18.886573435703454
10.344039382412753
13.760776400204655
4.179065429691828
-18.487442244562974
10.594566626612554
-4.104363103738162
-5.026723110146985
-9.738627971512948
1.1285649675781073
3.182538511984312
19.550695967958333
17.13982336846881
16.875986912219687
-18.981719111832508
-7.105539438799129
-1.6551504145640727
14.442445647303288
-14.828260134784816
4.165805272059014
3.834084364416384
2.3497909801601864
-17.13886954389428
-19.92043186911681
-1.9386450415309184
-2.4613201680303973
-16.398858181571597
-5.7415912834056115
-10.947163101790549
0.8806082679739724
5.722442525778547
9.045301355132498
7.7705472134958455
3.4717911444901297
8.04047689029818
4.19922891657647
-19.819128103808442
-5.244594181015664
-0.15138130502932512
1.689993204192234
-13.43954990807605
1.2447032787219214
7.256891408806872
-8.439111719014093
9.369737684389122
-19.747359726879367
-0.331878566301107
-0.8598572917592193
6.64673425523717
-8.912467978076544
18.378870391969144
13.673671031959898
3.029887777063962
12.202914804368973
6.139592812797822
-2.478552550799815
0.505415888203192
5.774299407257651
-10.122707161418102
11.239036522617557
4.695526506023562
13.065390534117157
6.783937864802855
-8.60667689717529
18.718343345308917
8.573862565964259
-7.755881546391276
4.745778304203402
-9.010065225166892
16.35444475827098
-1.616165167133655
-15.107631757576847
-13.417790790117312
-9.739844515248421
13.641498205840414
-11.846264911486415
3.3075181288827373
7.899534260974761
-6.587193980178121
-2.257676351921365
5.052026428901847
18.224045933850178
-4.647976970588875
-18.763577836917303
-18.18882954550203
15.917181137523045
3.6838425604012386
-1.2398838191459696
11.030914231381349
-18.544976276668773
-1.7704543196442337
-18.692164222223113
5.428777750895868
4.30265627536528
19.53927620812985
6.559520979338423
-4.614868317371892
-11.20590679671999
12.90658734079323
-9.693399997578972
-16.741402951700223
-11.551758641821742
1.9766044485590406
-14.788824533947897
-14.463125273340406
4.9415751160615144
16.08878510721967
4.806671178343546
-11.004696886864815
-1.3316341892627435
6.520608200909255
0.6494366397191413
2.8825814134102217
-11.881588405666314
10.184945948056338
19.48279433074103
-14.841575366320235
15.9790614834587
-4.46020755981737
-13.597800141745306
-0.6345386737598169
17.704189773689684
0.06726340213075588
-10.20459863904598
7.1812535397103545
-17.36957868580054
8.12814488118729
-12.13077462905976
-19.786131990095118
10.216070702880717
-8.915518440438404
-16.72367748380246
15.467456092283385
8.56684516978692
18.209609287869057
-13.918286207540778
6.046633768670681
-1.9953014889449534
-4.779978284520126
-11.230114652355274
-3.0023287338050118
-10.76101706997445
-7.523561820487714
-10.438605871166597
3.826354464488695
3.893614496512118
-15.453275623694456
-6.343005272782785
-12.044170566603519
-15.38659235207696
11.9409211220919
17.088235646250844
13.400275178435848
-6.600876694094794
-8.701765695565404
10.953861966368706
18.647130976298712
5.61055720787893
9.80194317077138
-6.39493736376307
-7.395995466577636
-6.633342163891536
-3.4002488680187923
-7.624933263141621
2.5391864992140967
-5.161198827561616
-18.100201144130736
-17.16334420802104
-17.54892592558726
1.73719815150152
-19.891335649634154
-1.0096036810490396
10.93624416240198
8.851985519266634
12.68660036802084
0.7908096304271623
-6.637881669909591
18.543266404023733
4.182230074567578
4.394244479758807
3.9807420414966543
-14.089063036853604
13.86276437697034
3.4110505019398474
-7.222966896444403
17.71922670153409
-9.89078284995502
-16.32021726601762
-5.189028875230051
4.603887604717194
4.191867139215084
-18.860852981822248
15.021165603896186
4.847017872554716
-19.000221319201486
2.224543648284669
-2.8778363936204663
11.925199496242836
9.720771573055494
-7.690328416278188
4.47739664188866
-14.518237992668874
-6.045912728342326
-12.464724414624797
-16.318184950475015
-0.8533676487613739
-11.692168883118686
4.867572847057513
1.2779433856778581
-3.2193501096352684
-5.1537258342154
0.48569170339697365
-14.88007596959978
4.4548462907238076
-19.79868487372087
16.327809356163137
-15.712293405811305
2.387805804821973
11.26482190465915
11.310176453791442
11.067548176459074
6.243663149394763
-14.384092501206332
-9.708793895457358
18.93437692471163
-11.59322329040144
-7.724950912301125
-0.4160778988238789
-6.75398355336187
8.288280253065984
-0.6987083524480724
12.431331696310842
1.8411971232857667
-13.658220707411814
-18.382784289431832
-14.739297463088178
6.556408297755695
-9.47878576217227
-9.721781523287971
6.110372101662826
10.380475062536409
5.152197158930406
-6.312002179561862
-8.574217200308357
-5.25272593277473
19.852887519991278
-0.14491553619282982
0.9331127993067803
-19.376886327559653
-6.273926681825799
8.381054504741371
2.932867371638963
-10.630695077492431
-8.956428805791727
15.763490472300923
10.639439886211427
19.31013048344243
-1.0365966745859403
16.12765441243924
2.019626349495411
9.801572100258042
12.598998679250272
-4.85664017699575
-8.169040045328462
7.620418665204678
-15.156919366135813
-11.355947880409873
11.531820537334184
15.43718579411749
6.856396110495968
19.65321564252192
-6.719091436678335
1.7867640252868924
-12.286435193121621
0.6988398501535151
-10.377884810311361
19.827816607883996
0.7078773487709213
13.571988104237462
15.462387608987278
-0.9746816451378457
15.08825049703158
6.389340912491921
16.368834262416208
3.694761555715793
-17.35909064611954
10.35318236804924
-13.724894846568603
-12.012996252968641
3.125749638372433
-19.587035619760833
-14.742088733263534
12.05048242802372
15.153243701345914
0.5890000288961801
-5.916591693625204
8.15949387011046
-18.632512660992923
14.390539480407057
-19.69372598692704
10.695301653779083
15.778888393689819
10.206186120001576
9.645426140186906
3.6495317978746833
15.809017287010938
-3.510801904331217
8.456415999998597
-16.357704284299935
-10.87669014908602
5.602384311500117
5.946115213737052
9.325220178375552
-10.84845172951991
-15.024094898927917
-13.387135969471586
19.69263214165187
2.837441469833731
4.931466150258682
-5.583845946402732
14.108462646964142
16.711962526831364
-15.382109324489054
-8.59997397133014
-6.895836235042697
0.5770192372150476
-0.9111882679756391
-5.7588789229223725
-1.389658440278648
7.2508191144684275
9.862281550713284
-7.136857982014476
14.204012043988158
-14.07917023216604
-8.443897492881707
-16.765235213061164
1.7594484088834896
2.819864227775433
10.567792110008362
1.278217441001427
-10.581374621626264
18.202746532694093
4.1727749875464255
2.835437070502035
-7.464214153157652
-15.065580393940078
14.286993876998253
-10.731755173078422
-12.261936284079912
-7.141236589032317
7.359652739617623
-9.659531622082515
-14.551218293335126
2.489890187399265
-5.479968252775546
0.18272347193580174
5.13416972556125
-14.00174829325242
5.884701899461433
-4.171216091498312
13.256223338675518
2.466953166264382
-2.9130162151978
-16.30276416010264
-5.705340549451252
-16.05565286502239
7.508258684817186
7.334337079834484
5.43040942723583
-10.235025925106083
13.3097738079041
8.264505972448276
-19.72271460800385
-18.049254678883916
14.425817380623073
12.74546405024494
2.059989652926717
-11.426602213267763
-9.405670379000174
3.3932113791515874
-1.002996380831366
-18.09280736987806
-12.456085710068905
-12.139625649056057
-0.5948081857360812
-8.328704605207772
3.8475993649589526
-16.74266344777131
2.894371730043396
-8.283588814622771
12.921650136254158
12.536849035105888
18.631647387259505
15.706552170567505
-9.054083209672763
-18.17624611793888
-0.5806666810591601
19.101156603106602
17.939339844906577
2.71627381759917
1.9981530632781208
14.010405021310405
18.599327571444576
-13.38753054355272
13.802647813669338
11.038940453495009
6.891351653817299
-13.952069411523894
9.764787899270022
7.184453466351272
-6.6543374031989355
-11.89012519284169
4.4672639552337685
1.555560874763664
-0.1536303992203223
-13.407129435809457
10.71309749934333
1.8163609085935235
-3.1587961498566415
-12.319337332366494
14.26883092241517
8.560671547503347
8.252678285963654
10.215142216649483
-2.3383523146798026
-11.197300918668969
-15.28719528242009
15.232362764448567
19.657215362733623
-0.7037376934333963
-2.7266836992208425
-13.644316028820462
9.850738919900191
-6.005761878876328
-2.7672605029550787
-14.583117750741476
-1.7309233654806278
3.953904555648684
-16.562422389002982
-14.547353563382739
2.969936318411076
8.419319581194863
-12.969973631657004
0.1748377062542943
-3.0258471018402844
-16.686652943313575
-17.058497386885143
12.509945465964584
-17.37143011390379
-10.682336149676948
10.543789243267607
4.517258508313262
-14.059527833110224
-11.409197486756497
19.85383082435792
-17.832478593694713
-14.845929349220581
-13.163578390750272
13.814361960408583
1.4264881660381654
-11.330314210446382
1.715497412626263
16.78665375802624
9.866501785718988
11.192032177538344
-8.076619870484478
-15.748633807176047
-19.027516290915592
-4.629331818145603
-14.33431178235345
-13.10292264326498
0.27582308328244665
-17.288670479132247
6.517334877409951
-8.375458790945185
16.604755342534695
-3.5488590273373966
-4.727715260238865
-18.900508756559162
16.765315264942572
-13.55457831315842
14.698737884762451
-6.210963544074941
13.987492543204574
-9.793866586334437
3.8728377928959716
-17.160211667581645
-4.827796626788796
-10.10384548439947
-2.140726349035667
9.603716830444572
-8.844161186222417
3.6494101147737723
8.435289903430725
16.09241933124258
-6.8823978569889555
-10.613882142989773
0.05221869778813115
-13.996861065947176
-10.441056122363555
-17.126456440510935
-10.294422072525805
9.992675023095178
10.920248033041382
4.537457889276805
13.935122784296603
14.4544395153886
11.194672644501246
10.840201014217158
-16.98755956900871
12.944410766555983
0.6512958898124701
0.37852894615783583
-11.997027401133042
-19.36097554360733
-6.305516643691686
4.67624608165503
-5.4129062871754385
19.265750026962913
12.269607463128573
-13.437129601429643
1.2439822547025479
-10.716382085858939
-5.214863202464208
-19.623771577134757
4.981943825168848
9.574558386214136
1.8400641580156574
-16.262267245369443
7.969290638900844
-4.507178041076493
19.99240621050447
1.15487664514432
8.334647042109957
-16.347011074404882
-0.1506519896424443
-16.098290281109385
-12.832712610812527
17.866181366747284
-13.160956545816074
-5.869585263654354
-8.83609466480577
-1.8109700698244957
-12.343808891401391
16.57037259013328
9.493810874635354
3.443232274075765
-3.2781613117026893
10.441133376411504
17.63938862561622
11.966058956005526
0.11376514516359038
-11.544409881144052
-6.078402757155143
19.093916581976806
-6.372708039522582
-2.396279260550642
4.201838622433982
-5.836886711227844
13.489705905412805
-6.710758619283311
8.480164170394822
18.270135028491346
1.9223316157980221
-6.771897842610354
0.9250840364745088
-16.004765760197934
7.613502498943475
8.294803590714977
-19.090943136289486
-7.018242645001237
5.51710332633953
-9.980819562514833
10.405588781728078
7.670116474887664
7.911486503215578
12.979838094144114
13.740643187700925
14.340991689145135
-4.701760645436641
-14.728682504854698
-2.2150208917043344
12.647922267564084
13.860834831277629
-3.1078632167442137
-0.9098786912267798
-14.67466252084684
16.184504413861234
1.714282489888518
-5.156007839021557
-15.198730941011096
-13.793839885870742
2.4149874540515697
16.427073182858607
-16.376459928739905
-18.664156792472447
12.827158786252078
17.1587673628416
15.135885358979301
-0.3011735078177047
4.286716238545026
-5.250597821292011
11.777191316853909
11.020406136329473
18.792289330438102
12.535133483805161
13.340599654566432
17.044586171358276
19.677041755340923
-14.236843638179458
-13.677837541046433
-12.41648861258911
-5.688316198994761
-9.510637576472526
1.5869504958678462
-6.5080155698045985
-2.9229966369910763
-2.933712478596906
6.060227448387909
-13.715771175243084
-7.645964668885089
5.12162412281733
2.1518230219200234
2.4396080403926312
12.260003549868145
19.524395897825563
-0.20657538844504586
6.320980819013222
-6.924861610590018
-9.778404085931998
15.495731570536812
3.009737076611131
-17.386615405066447
2.4968750189723607
14.459673317658506
-7.596596235487926
6.169585263908601
-14.981530385385135
10.578810614866295
-13.663374922548899
7.001551488491778
8.581431264305248
-10.727930350579605
3.8757789696253013
-18.264330350300607
8.790399049434832
9.812872744404885
10.055186053306628
11.831746463841
-12.142768238680848
-10.862688140799843
-0.29649438457775545
12.080576612392235
-17.696036420256252
-17.1143156710383
-7.921029872738963
11.484319504178998
9.481084033243668
-8.992061517735944
-3.000799923121555
10.69552252002197
8.088064928459374
-15.720527454004948
16.07073940996174
7.082899090188761
-3.572924736040658
-10.91094230467657
-15.269448079638739
1.6221200030838574
11.068145073995602
-11.814969589504045
8.791910502384354
-18.554743656255035
-0.9336135127656604
-1.8466493876515067
-16.37177788404128
-9.403449272261891
-18.587763968224213
14.86744246667169
-9.11485582255617
-2.979191063106896
-1.284823188363326
17.0396667835264
-16.990267646704194
-18.140080511606552
-19.60475089325071
-16.517343497470613
-2.1192087586178054
10.636137785953007
-15.201187710223177
13.53212841884713
11.86584450317146
-18.904807261129662
7.343137095187945
-15.050562154108453
-1.1187672823931578
8.081493007356222
-3.490146670254987
-1.3143082758836258
-8.806839682941717
12.041020899364483
-0.910433144064978
-8.992116446252334
1.6221899810507878
-9.519511178278925
10.200632878697565
-8.711061538950947
17.471122870388506
-16.87822042066852
1.5194215166667817
9.654510575575483
-3.2247922075151827
1.3805063120144396
2.9036422595026323
-10.474545186415511
-1.8039603083629494
10.124509930100064
8.158877398137811
-8.965660420479185
14.032589703757296
-11.376160477796727
13.843034179128438
-7.314331777744908
-17.640267031411092
11.912121633942284
-1.3521865502870511
16.183145555246334
11.797013403279859
-7.81818035422987
-4.093987599278549
16.620880170532985
5.119416830835064
6.068125777538743
-10.002899397971996
-9.070439958656902
2.9213432759242224
0.2973902169560887
6.172767713911952
-6.436754659965631
9.44129321431193
4.96832477548411
19.308551375293227
-1.6032448682892024
-16.391831239845214
15.49372597629808
14.231736797427779
-13.7198109653994
-10.058572974071174
18.803278055415078
-7.89897392882725
5.247006340571726
18.447625617746127
13.81655599874405
19.400011121013073
19.062825835043085
4.207904809341322
15.294522881649264
9.625634954371343
-14.349721448675705
19.56638652329081
-2.020359028934344
13.195688200468034
-18.43279059872195
8.91198003821517
4.82280403851415
-7.669562703988898
-15.45847916975957
-6.628540949694411
-5.0654558971205255
-12.914121403409368
-13.588567567608028
15.283606599617343
5.864371703508269
-2.187902918183479
0.9707320049117953
-17.040139983364536
-6.219992965756793
-3.837882345379594
6.892701278417089
16.150053134620123
-14.207411465381337
4.898453589684646
-2.8729105363732934
17.643146101855507
18.313503993220188
14.146938892275365
18.234251092775708
19.763712660735997
17.49081779574064
15.424802931396698
-8.591579436729933
5.869491837080112
-15.802056483880534
-11.574322141996326
1.8719609001370472
18.245612664462378
-3.213323349428631
-17.884912475757258
5.6642100028162545
10.599093887216036
-11.650185964092884
-2.996084464916798
8.410175319690943
6.300369032151902
-13.345855293015031
-14.797144989934843
3.272545829728717
-4.0196583212788095
6.4817979229848675
10.185966638948045
-18.61167189771967
15.279652820592418
16.10203364439083
16.769245333369028
-1.618159559508502
-2.946393205845954
-8.14715550716651
-2.5756225066752805
19.9914323270483
11.823702258656304
-5.534972455540931
-18.562308578927677
-1.920089931593921
-15.06619461687193
-13.145456172444359
2.834581847914354
14.164913941116652
2.3541298134948185
12.4438100584307
-16.195788223205113
-8.490280305781162
-14.33122388985061
15.117169077298193
-18.87792548140216
5.885084501270196
-3.99673715938998
17.274159319878265
-1.2501376588631672
17.1236013074885
-14.819465001256784
9.91641427749165
0.49973982290071106
5.933871987424531
0.24185297058502897
-7.181685529486895
5.750737050767995
-18.432733229702315
-15.757292113975732
-17.132692315046437
-4.537208028691889
-9.71564565297915
-16.063447007271083
2.021903400495006
-13.532355844260323
-5.119387864876872
19.12021475491369
10.454303878870498
10.149353845546557
-11.171875640147771
19.787449128119732
-13.558448262883802
17.706288238529375
18.001336797514547
-18.806378916527827
14.5225691765432
11.579538100016997
2.4555492971144517
3.3731104483671075
-7.023938178835337
-19.945402242147665
-13.562943764260007
0.4781876482027059
9.923654633406503
5.680740046239897
2.292645211705139
16.18095047883795
19.524923098017936
-15.491690941585471
-8.100801469089308
-3.4520500264230662
8.527956990871417
-8.283568304749917
-10.341108315147727
-6.606206308860273
1.7084127615886189
-19.665974319704468
-9.070161438267093
-19.638671051843012
-15.172641418633468
4.825485934374932
15.623733363400653
-4.054703109283899
-13.598638232578967
12.626998755929158
1.5813631548315072
-2.6591175979752
9.59473168183969
11.15358509506759
7.288168364166303
8.653357344980613
17.355174159036814
17.888779083978847
12.15350948539453
-4.060768192721355
0.2767057936978361
19.249883063038318
15.672158543298714
13.239695097857151
-13.228104504076441
-6.497274021670059
13.504085949656506
-4.509942206675653
-10.399430686584585
5.022238075141914
7.353485453197749
8.717517812980304
-14.842493320908087
0.08805114756904686
12.78402816362783
7.092414845483603
0.19397208221323936
3.263418227330874
-2.7971832901992215
4.298940136509181
-11.181159786091639
4.758001618691257
-13.973607873364045
11.739555207455577
-4.934259124124427
4.811619356981808
-6.9367446350356055
7.873834495964896
2.0756552334661365
12.231719689453008
16.06229196055019
18.296227899812997
11.617241666775882
1.2136345853451935
18.777555807465333
11.911205876683777
-6.826363520311546
-2.384736216790415
-17.670629280974843
8.168209308392463
14.703176342193615
14.247438222466336
8.346249479310323
11.183953325584149
4.357404477868762
-2.9284862786367185
4.692954387272437
-18.002357752207736
19.04292623688933
16.90958221133379
12.15542511372832
13.222758152114594
-17.756998704630675
11.122511543107521
19.328837835761064
-11.302105485481576
0.19874456172112787
6.305011253902592
-0.03474897631122076
19.02092315544551
7.427022364257656
2.0949013246670702
-6.227791303726388
-1.34245940353604
-17.427987466132233
10.252184879742284
17.03208652928813
17.674679343846933
12.49676862849455
3.416718879625897
-8.13351622455178
-1.1801059280033925
-6.7309838795761845
1.4355709556122633
16.520857905915058
-3.406768270438185
15.754882650420882
-7.7073575338133615
16.620296867056858
-3.9350962401310525
10.01256381960657
-3.071728264419331
-15.611402641651022
-8.781044250828733
18.776224423710246
-8.075515067378065
-7.5532946518848565
19.299192419683557
5.816601328886357
7.33950514290175
-19.48457983486787
-14.976004109250148
4.294677340424137
2.4827494944732784
-11.435662840343408
-2.1871825421348348
19.634213844376603
15.194885025609935
12.478399846529676
17.55595813440005
4.703984179665291
16.184179868241642
2.5988291546753928
9.665393271496168
-6.843401371642415
1.9591886725346015
-5.3999981025166655
-2.953385839247371
-17.721939677816437
-11.550800475480196
-15.479225915861651
13.687550778746889
17.573219255199398
11.5782755467534
9.912674002961932
-16.608107407294845
-18.887365712032814
-13.082212136124895
-4.445537334404413
17.3116525851402
-0.3989297078523961
-10.990398019428099
1.6305779246367393
-0.3130090495206481
-3.49596990440574
0.5314545805505233
12.889243432805195
-4.974580675405434
18.64580651411213
19.570307066614433
-3.2013864585072547
-16.464512336643118
-6.401337551580305
-11.134323243166758
-9.241258338206046
2.7603916969971465
-1.3221136455955396
12.64772869678034
-2.689787675225336
19.315925134953183
6.9014398659343
0.7690707383714326
11.962337351741738
1.007813059543416
5.990277658292662
12.208465367024338
13.245858276706798
-17.387171240716736
-6.8118884288673485
-4.046781246093346
16.087450506963776
3.2948205087379563
-19.366637807875243
3.9717958635740374
15.145211590809538
14.107200917184308
4.118537301595442
-10.00991945284921
15.973609135645887
-19.84055961754096
-17.1238983182565
2.563878978548363
18.090544552947485
-6.706661097245075
-13.743513641715403
-3.5058913777241827
-6.939006706637208
11.27079377243718
-14.934510699860692
19.637344758833194
-1.8824936993777257
12.404425723822946
18.97731534979428
-19.414781821865716
5.220535018987608
-15.658000506883054
0.21976219045425793
-7.9875793408673665
17.8738944873229
-16.488575924832475
0.2655629873461507
-8.945946921878786
12.459883584748674
-3.7404802833133104
-0.770381946197098
-4.946725853188344
-19.965638316284217
0.4485529756031106
-11.131833166624801
-11.253268876535225
4.21448783326403
-7.623443081364627
9.816619524907829
-15.18739656808679
-13.627186865907124
10.75215409088149
-11.080332280551048
14.701695487335435
14.418039925789174
-18.160192344520432
-0.17648623907005856
-15.157825789710637
8.327637037788556
8.781793898145722
-18.10833596288166
-5.895819550477167
-15.012528633272101
5.257815822518705
-17.9630675376469
-6.392827254053785
-9.426318428437451
-17.528281113463294
18.224558870101774
0.4072656095540417
-14.669023777790118
6.471151823370157
-13.527472150613558
-13.886904091572099
13.519543224529656
18.228953304974638
-16.574231388855956
-8.929868670187364
7.838715980944006
7.774508294016211
-2.9340902567869946
6.964109774187158
-3.9075691078220274
17.919207897828485
-11.964280867274617
-10.242775012334162
6.268994367176205
19.58416432232248
8.361792659056718
17.00777237940089
-6.921270196988779
15.398731216063013
5.019385331352808
2.215400059864507
15.30344251680554
3.6860437030888917
12.59469621622965
-8.66042389332485
-7.7240598312199715
13.740501748484434
14.21089940948643
-19.382621775398082
17.350540232833836
-13.492212284396352
18.40258444394516
8.992369347348568
-19.27575745834282
0.6222550365908397
-2.427586910682532
0.40639516013815324
0.2889819308146535
-3.6246999111971157
-6.089193030417661
-7.9432328307499045
10.10006287834966
5.9695389050964955
3.10647641698532
-19.55200562590511
-0.5824678832593833
-10.449345849639338
-0.6186402606186512
-8.960516483045073
7.7566974299418305
5.492701754455819
-14.57247902262386
2.6620200370512563
13.767880104527386
-17.240303161730857
-1.3584435851239682
16.070464187103525
-10.08117608234961
-16.72121016261268
10.649424054094926
7.70028074479605
5.501886246028469
-3.319863112372662
16.555817366350993
4.260557084614085
15.76180888256178
19.33358587320187
8.713108579404874
-15.748685587042623
-16.35385632375197
9.334635028034004
-8.842994217115919
16.777736499011716
9.626401145264886
-8.325500212655035
-6.519032749179425
-11.19806590979338
-8.458377923971604
9.171130740853002
-11.990529032331526
17.24506839381651
-15.149906204603006
-16.724164988028303
-0.6102110007689419
14.420795112150927
7.870688711794674
6.389698858195686
3.1084138196731956
-11.436739451266424
-12.578749395973947
5.592625739669717
-19.635419471509017
18.16796269020476
-11.881791582181386
-12.940833345934909
13.304585847879949
10.2217140177587
-9.110389013490948
12.415416982452584
-10.690652536425617
1.8404123322746138
-8.706477746785325
16.94790593565198
-15.304855363136394
18.772860171564254
1.8821757638896308
10.249614707122966
-6.341039791769848
-9.59054799567804
14.285113834274966
-10.89921815634022
6.136174155705781
5.732851051199006
6.631658290732133
-8.059404176422941
12.261648370276966
15.563713024190015
1.9924162533920509
17.19511524238016
-19.259811386743408
10.282200273665289
-12.42994853028057
10.311261464328144
-18.00838177448803
2.8932826028326843
19.44486545941811
7.165127746868329
-18.55723784466332
-2.587747043883436
6.412572528853808
-2.690970098842371
4.922215815583492
12.25760308402122
-7.776239689020832
16.38483258790785
0.4049711151114046
-2.7245319228974942
-14.72544152765579
9.404344540014364
-15.090288414524426
-7.2699669793633745
17.270588124877115
-0.2665426003371074
14.929148005711141
-2.3038537408718085
16.580446326120132
-8.927425746660536
14.149570355279984
-15.584645938791475
-9.29210717514987
6.465961835819044
14.658160260335869
7.8979447217719745
-14.70239182106312
12.549978055723372
9.831759553851356
4.210212466919721
-13.52193610826188
3.918938028959875
5.374338464771494
-2.4980103036714496
-0.8152713616098062
19.50170585633822
-5.013298993472288
5.727105920420538
14.390397862135188
4.586125836636725
-18.583466320897767
13.58647023128897
11.546008821581712
-3.9255765691847486
5.166210143472398
6.34714936762267
-14.549650978183184
10.528823456779591
14.858774976131627
-5.745079987949072
15.41155087782088
-2.040083015160441
17.254773532241792
-13.063619004785018
-1.986052171974574
3.5016522818871607
-17.321612387150008
5.168907974307714
-18.389042456468975
-4.6349331652495
8.219745454757621
17.95110001023781
12.100078685619465
-13.788161498009352
-1.6653942876723136
-3.887769877028685
-10.977563438292748
0.3850466310621137
2.812650963564799
-9.66059982387209
17.92507942923214
-9.99256178782796
2.5780567507434746
-8.583375049931817
3.90145721596598
-19.14032521086922
0.06479767165088646
13.14759371699602
2.725592857596382
-3.658606950719797
-17.501131822447547
19.073180710029966
-5.517556202797396
1.6147248004054973
14.448369790329345
-17.84588899800024
-13.100191396887473
-2.661337749654326
-13.894515647067065
19.546249801733353
4.230483396080196
15.641273332162491
4.977709991323888
-5.732108868441408
-12.611973617659453
6.090106950539891
-14.506180845148391
-3.946781352934579
-18.327536383871973
2.091105528948244
-17.63728699972581
1.0592147841326778
6.095866286221451
18.479792406403433
14.025720772831988
-14.045750454546408
3.9370389997905377
12.212404110976692
-8.62805726763412
8.991290760915902
10.066745657080677
-0.660611055919059
-8.212022684256644
9.993040045227787
5.0651084177119365
17.056599315479943
5.953312282062054
-17.133495461282177
-6.800029891125551
17.643003392748298
8.14141081123639
19.660394003553968
0.6492750829942295
7.56466757448527
7.722812760230443
-18.922085795058486
-10.910086519278659
3.7162510486293456
-3.2883692938172047
-17.490447478548376
-6.466176270175019
3.6247732861964295
2.1164608038166577
-12.786528301044658
-1.5029000793709741
8.358745679624555
-8.746599291263548
-7.432512802186025
-14.470053020779922
5.1851896893296825
-0.5752135128224865
12.427522171104819
-5.888954900057456
-2.667756418925549
-12.094881005840401
6.008182492776662
-19.998257585986114
9.233741574037268
19.489066272558006
12.48172319024463
-18.294948943263442
11.914796442988703
9.633010452420297
-0.17064919643311072
19.796928595926722
13.400118628717244
-7.634713016346236
-8.122330425683888
-9.971859018649006
10.322072468615136
3.305537242436838
-1.8141083569417624
-1.745369091590554
-12.482165602363079
19.079066528937844
13.295962408710857
-8.363336264125522
0.08408767299389552
-1.3245666748353067
-2.4861938357190994
8.23129796840259
-15.265647706030734
9.984816733141606
-10.203250288654125
-9.460861233893944
0.5122272689851286
-6.2574096463964946
18.83730431096327
-13.66153334062107
18.464910898534242
11.56972137685517
-6.066236838292882
0.49369890388369697
-8.904444470280811
19.123409870164217
11.497529150310974
7.70384632953046
-12.521665771118155
-17.384044956580066
-15.590896653661495
6.403606199623056
8.375818750089365
18.59716290538416
-18.53328984421317
-11.59495409025363
-2.2686341462949855
-12.769672681101913
-3.043387278578095
13.255022559193009
-2.999765088335934
-15.751563613173403
17.950059053977164
9.823997223034702
17.896689370797368
13.235556217353121
0.24832456222564048
10.363998822549473
0.6435390783448511
-18.573729522698304
14.242316057956046
-2.5663472050573546
14.450397974492716
19.0328681169772
14.107032506794887
4.080791346885476
3.314482872017951
16.19866719715243
3.143362607476412
-9.903294534541033
-4.879559843551835
-1.3016717399539424
-16.896496112502252
-18.112329001156176
10.042215764948455
4.889289377650638
-14.44509659338156
10.239645108791319
-14.043700269632051
11.193176374501693
19.740916808544966
-3.63455843490582
-17.24078398798591
5.351942743225251
5.298897797158343
5.268076339916558
-3.8888672586867585
-0.6865447922849945
16.084316176133562
-17.58706749202716
12.073456698362016
-18.20155015371567
15.155601866976824
-1.2159341623489262
4.474160681779669
-4.130665153172668
10.232725408274948
5.026527538840746
7.7062366666783255
-7.716639459390944
13.243108493926528
-6.571498236276923
-2.7362875318533924
7.740579853747182
-12.885924366580902
-10.175757110310975
4.152424685031811
-19.445563395840345
1.9820890927882964
15.321504571448813
-13.423284155459324
7.896203482101193
12.288922961971764
5.049011989386933
16.962392652638286
18.214182231313586
18.773644731823374
1.336149478875619
16.628467707881768
-7.804389268914257
17.55946450840392
16.608806829132384
17.75373788970942
14.388953735918406
-0.9109891459398334
2.6622032016917245
-5.53273866550307
-11.293201546998892
7.983911115505833
19.94325792397231
9.478244096018503
-0.46474680473540175
-12.996840907385625
-1.3563802312257351
-7.689049760443037
11.278354858725471
-5.379854846164726
-2.327685456984497
-16.373231227429017
-5.581838085766083
-5.74410286465319
12.749555805682945
15.434220189245082
-10.37454378783174
6.802060894382855
-4.863390170012707
-11.0338605682607
-1.4964392322902142
-5.209097703749276
-9.594414335503853
-17.65594841281937
-18.60766886758022
-9.406462783745976
13.713545508118948
10.527258821102894
10.726591822737216
10.715115024383351
10.298992371627612
14.800971476294762
15.972178779214289
5.7299631692979425
5.017626970810561
-2.2062768282641834
-7.791725255142579
-19.958489673242298
15.443451655382965
-15.554677542595186
11.627019874032904
1.6637660067016142
6.760293429062891
-11.93089499256641
-3.9966976503043803
-8.470497685386885
-11.665326782527226
-7.876662396211206
-7.276300173990112
16.260447173274784
-12.178072482836463
-18.107008667781127
14.425416190017735
-11.080548246088227
-0.5063989950901799
11.736306661004896
-16.459428460060156
-10.919401224276832
-12.4074848514439
13.85351832413911
11.846021859541189
-13.998879642441437
-2.612665988314081
9.728161083430862
11.820640530359658
-18.090818096642135
15.273094886329886
-16.1672841052281
-10.779192381903137
-12.628786083373008
6.408972966755652
5.832322639829499
-1.6659191205812682
-6.650817050342148
4.260396896805826
17.95959389608332
12.087120505201085
-2.436250481838222
4.776657552912567
5.416300028064903
8.265239377585864
10.990876709075266
-1.911441513438973
-4.785963300600621
-15.535910427202806
-12.802765754240738
10.341059257113685
-8.372090359333564
19.822845843661547
-16.604846209270573
14.831807886599819
-13.86408989491137
-2.0736121971713892
10.564475784165346
10.59177678873716
-0.7196209871260173
-11.93873295149697
-18.97779334140267
-9.888067522673488
12.13060828192149
-4.8624699850837985
10.86651847772277
7.7210922489038545
-17.20195285365261
2.990731631909508
0.738825138223568
-15.230565190235176
9.920502116708626
-10.858174010100988
-12.423325352648543
14.490276997266278
-4.1553406999002505
-9.78424039228813
7.50334562157407
12.87560792900203
7.241720370268439
1.5293751260180741
18.22979689499779
10.078469169560048
-4.217777683980696
14.302304181551982
-5.655338969953112
9.396448438661913
9.469179810627718
-19.745879134653528
8.734049567317726
-15.829582979070329
-18.332969947216853
15.445555895727779
-12.546605500175652
14.155881576154286
-19.589494312638266
10.643673162405616
3.393744231531027
8.695837435792903
-1.4613690194739632
-7.2305058689139745
16.10986998235851
-2.244928924885272
10.740000297730173
-0.8298365366238549
-16.16066973021532
16.58592443076048
-5.457715068350497
11.453471375671704
-5.162333535835293
6.51707456423199
8.459722066649796
0.3973775954172254
-18.291010618406037
-0.3313198232325867
18.804802854875078
-14.79573690150807
13.022921773296815
-9.620242476566382
-15.541310342409957
-18.156641971787995
-19.14645086797981
-0.4223460202159579
-10.121347507855663
14.891376647557053
5.647682335319267
-18.28008437761987
15.037324487819355
-16.47309642729408
8.088174183152415
-3.4136858912362733
-13.964085557753446
6.02253652446678
-5.0360673505593425
-13.73560292605022
9.929462244931852
17.258845738913656
3.506889220649768
15.656506874906732
5.623179587077644
-13.217087016688698
-0.7395943480508507
18.68434837279215
-1.2852866987688394
11.107076207837416
-5.8717550720688205
12.733942918090428
4.441975092070109
-19.280432896752373
3.696556173023925
2.165250405386967
13.580172503415959
12.61869500349129
-19.55455242645357
-6.418604496566793
8.108244390291077
10.982527189615269
17.62173822809296
16.651244724685192
13.264657519646306
19.813574003591768
19.880247471343047
-18.6425933149903
18.167352170600715
4.185591900121555
-3.005044779933602
8.777551364594917
18.23608698413112
-1.1475749286510926
6.468217880619925
11.546570033412848
-1.9758014969671187
-2.0339491604544904
10.051998455309228
13.089529153503094
1.789510566113531
3.763487158019135
-10.521603179551224
5.32729879821586
-5.405355448084993
-12.792543855452237
0.6969861834617497
10.590069672335783
-9.569604354601422
9.806591533059827
19.741728807591677
-14.142662155872308
7.616183526563493
4.949779466133464
-14.454058760343322
10.043657625397337
19.29828091632652
-8.49741614386553
15.011880702597999
-6.399644661677005
2.2790296532444323
-11.538239148433593
7.931879025877496
14.436329154132544
-10.852304019041593
4.732307938353696
-9.857291639517669
-9.035363910086925
-17.17541751480459
-9.0114360110901
2.890098363235939
6.219329184165208
10.112211719066202
-13.749709784268989
3.852811673107226
8.042763005337324
-15.32904534808177
-6.567468944150514
18.681829909633393
-7.4331925061964945
-6.465601009386393
-3.1476577782494175
19.301596723113974
-8.251946890522408
14.061273359952573
12.355102124471443
17.204392936367405
2.203926532828895
7.165116593751783
-14.170399160347813
-5.415332910786258
-1.277259004072647
13.778865902167034
4.219848972003355
4.646171066720516
1.333543537706138
5.509060428644869
-17.721450386679546
-0.43857037737677373
5.0662040182028605
10.92874057532411
-4.541363296273474
4.484588522961872
-2.854597025729227
-8.322713764292269
-19.47094331786669
-9.85274080179282
-6.264760771459251
-15.57110779724451
-4.5474677320442325
12.50133046480466
0.963191102271761
15.13458975892653
-11.940277057622332
11.321645444246254
17.56325818737419
-16.020431274121506
17.758910754135407
11.182214844013238
11.78576144743107
-6.498429068228951
6.623076495351697
10.854954444242875
-6.903231173302853
13.221018222202012
-0.7988245627634782
15.540477484973415
-0.9303780472975909
12.556857913334973
-9.831252597092766
15.005316334202334
7.344344139890762
12.263514818988163
-0.2094325533885879
0.5907406879068944
18.883394718918346
-17.949317446539258
5.729495941362188
19.86050035835246
-4.303600045338015
18.0131604675852
-17.09613833792212
12.951874860572197
1.408600591327847
-12.698221145102018
12.300314956321202
-13.261970469243987
6.253262004352969
-3.961519233669506
-9.447120113192312
17.87645035929767
1.1750002231080678
0.8279733583403655
-18.138677915114197
-4.157131503115426
-18.24419639535791
-13.891750501126051
9.553081334704451
2.5044533816915795
-2.5501849848581344
-4.495122459937203
2.379838473573596
0.9180892158803005
17.66786678411271
3.108485594987968
-16.96726541981652
-5.403582906006683
3.9211304246439127
-18.58596351884887
7.7339189251298315
-15.384436814882868
14.769510943433865
14.009637856145595
12.435068101016135
-10.196650379139584
1.2277812976783373
11.590692425412954
5.715321273865577
-9.475225679721575
-9.98816117915795
-8.94123262732104
-2.539544500735083
3.6761591260112354
9.451538013680697
11.927313435102747
14.119487666239095
-15.853149013997685
-3.702728127999137
-7.310998873819873
-4.146535205377866
7.112378360502415
-3.602192286732805
-9.125547085488872
-19.66647897043272
-11.102371420356775
8.074491870885694
-3.1652865716574787
11.410369829768982
3.41466299397705
4.215838206365554
-5.94744496726876
13.24530259559775
-8.917040722152784
-19.114749026884695
-0.058131615453032026
-7.0870704138013085
-9.726978186759311
-17.24842559589755
-4.513338327643886
-1.8705766924984886
-17.083849973923005
-6.821432685988679
11.009790201399401
-19.067336061531147
-3.146205247064131
3.009390532795141
8.448180854971419
-0.6832933978403624
8.772300337300738
-11.066222751729287
8.291794315848673
-8.273718893268768
14.090171748637133
-6.193284982585796
19.388228600751553
-16.972971229915288
17.573404029274137
18.14475416388356
-13.19360638346093
-9.572053680992262
-10.867270432110963
7.690467639096767
-0.12146049464685404
5.15906026852651
-13.743993503954211
-17.07715816819674
-3.004348624418757
-14.980851791161221
9.347457309598873
-11.113427741503262
-9.466548960709202
12.432108192490887
-19.79362962254525
10.055036216310992
13.681504358322208
-4.406365484046816
-15.604778011517638
12.018732766765126
-13.229517885298424
6.038974118485882
18.895495873576174
-19.151805173722675
15.280499148476977
-11.779370880998368
18.26509032138882
11.66012171701595
3.055457510849493
-7.505602743375146
16.442560854208743
-2.542492278978944
17.42500962269616
-19.579898733775046
-5.143997516996457
-3.769166726087626
11.674238879444673
-18.520276370432537
9.449747636333171
17.806912942653113
-15.903425935258873
13.693337307012605
15.366687924555983
-11.780923464775563
-3.736688046801131
11.769107030969952
19.967283327971607
14.313874186693866
14.47959466063152
-10.15305126231735
-7.547233814161407
6.601760963394309
-7.619949289208172
17.00266088637651
5.793131443988571
6.910419859027961
15.843144292275127
3.291566141651
-12.507974372968086
-12.669850191459947
12.05600069718652
11.579263654639075
12.166230684216877
18.447608011171084
-14.304817631034066
5.1036830257990005
-9.715551549141264
0.006902848782015525
-16.300714183037126
9.3550134012631
12.238256751708406
4.361149784673138
8.16617490219981
10.813419186081305
16.396595195016054
-5.2520236082837535
-7.84982274141667
2.9361020806086344
-12.365431287285734
16.150317627027114
-1.8094364202675308
-1.0482044227903842
-9.877653390320766
16.80951749017843
2.9183588542320393
-12.986342141776767
15.727311167444967
-4.163570045088623
-18.21390058396252
-4.3177498068410625
12.00162906740772
-5.798664898272987
-3.1944646558270335
-1.144457147519887
8.268867314205774
-9.93294168436699
14.637680225727408
12.648886032220695
13.985916661091707
-13.732597251885332
10.51456012876237
-17.16459086360932
4.196787294710379
-5.2568093381210765
1.6696083182283914
11.076670074690895
-6.777488915007828
3.7670923610543383
8.220005877669845
-6.041231404773054
3.223288039920419
7.322238163679877
-5.064180670402777
-12.747649557609595
-18.414158777593656
13.6995445922227
10.551000693480002
14.248559609097533
2.410863458744103
-6.577249849997147
16.513493921337584
11.871339796313304
-12.284485786924456
-18.24156693300512
-13.3856339342546
0.49877779246754983
-0.6652184134429717
2.7570880524608725
12.93389975437519
0.004370829699453793
-0.8866377186709364
1.896831508248063
-15.917509116679796
-0.4769132693547249
12.73296398617336
-10.80983525188051
11.159446927598875
-3.4963993181149
14.319080185951478
11.723741938912973
-16.946728480727007
-4.944026341544028
12.045464031834896
-10.52870842254272
-16.01226744660356
-9.653557934393797
-2.9857632135216186
2.410010793673525
16.090060356296625
17.039814302006164
6.8813934845497045
1.2778317574749636
7.199165012065553
-18.97102794945717
5.28700190965235
5.861921052426801
11.667561857831782
-5.564653975204607
13.723362029400135
7.110715853230481
-18.0650021000891
2.6393059592176797
-6.8123151291100825
5.054843610425166
3.537083783315488
1.63133662069081
-18.151120111472082
-4.43353209462526
4.3567842999519755
0.7490576779894553
13.459333801176527
17.313555016281335
11.37588600225273
8.068226305974882
-13.234378912053435
-13.0080352066346
13.13476564643959
9.724510631012574
1.1655356936616066
-1.6271270580497301
14.166197000559983
-16.38465903144796
-7.690730993644465
-16.880587159992185
-5.022696279361263
-19.859973720757964
-17.30962395816471
-3.414433469268122
-1.775652369350695
17.492999099648692
9.030372243742754
5.754085883281238
12.50090094122232
-4.567454067573529
19.04650908845494
-9.19708810340178
14.713600414983723
-0.6494859398918642
19.878386618527678
-0.9176519913865704
-13.438582115528956
7.904474298766594
-2.6389974932158147
-19.03184063961544
2.299807723144628
-8.466886677130647
3.6264443509539817
19.769474362123887
3.0862829416591318
8.152355247431085
10.048018095953427
7.44635438711164
-9.100502047470034
-16.199244700580508
17.273200453562573
-7.70567589093015
-1.476859950045835
-2.1306125231529194
-6.4643506284113315
-6.5770480082624605
-4.5821410488008
1.0608757112957647
-3.8319442177916514
-3.5173473485994577
-6.045130929333888
6.1646512576414345
-15.46308491196684
-4.594479151624
18.48595081939989
12.396867911103996
17.981160063047298
-9.77078090260557
-12.197691080727463
14.369813041752543
9.949012711683437
-18.579062131917166
7.789729340203184
-16.226089586570165
12.671910873536817
-1.1257417427628909
5.7021163668585615
-18.67780942173894
-17.292617464631807
-17.856814101661428
13.899927094784402
6.611447078265126
-5.124409641839387
10.81767632037213
5.787839310658924
4.733388838764448
16.446678765107848
5.221213507749528
5.351856271338033
8.489241117306179
5.982791071083511
13.930019888002228
16.840621358008278
-18.284146290699866
15.473106222024462
-6.6185577877357815
-17.27854435446612
3.244305926426229
-12.102540341786895
-5.286396283923146
12.404098514286389
18.608685244273403
-17.846336405811716
-2.17433600894735
4.547365770299756
-16.606323184602147
-14.056294999310207
-12.681825155048596
4.801082162160153
-12.814436373725218
-3.0298969791412524
-15.891604811563095
7.545631204018083
11.986790850610806
-0.18449934241640165
5.015351332985695
18.260748656197258
-3.2631505227497257
17.206002953859397
-15.91630635026803
-7.168614283229395
19.68987156224908
-14.88045338307709
-6.0886768259254875
5.489298511229293
14.77502815315799
17.840445744074344
10.475837075053128
17.882096615832232
9.269793355310085
-7.012271435555535
-1.55329705066503
-5.824402637479853
14.122149106598485
-1.3975868859185852
8.477111600614187
10.433058310231068
-16.50952855203622
-15.78890151023812
14.670559287432255
7.476134419936503
19.20975720933997
-14.27012936501201
14.659713677715217
6.65049965612118
-16.27276393410755
-11.912623491100142
-15.356735150271215
8.882635829001014
18.908419142649258
4.499141020648558
-14.717976177384244
5.734985248850144
13.607187299920241
16.242619076856506
-9.810155698507156
-8.643101016516027
8.866925129464182
12.476256174194205
-10.509250174468491
-0.045738579368833854
-10.876031452136242
-17.39510272102292
-10.266691154969735
4.899386240212333
-16.607814424508472
-8.999352345800627
-6.15890425234606
15.513986332844702
-13.330357452254527
18.52120023076916
-1.642086198301822
6.117150974117628
8.832638300432947
-15.324513049595069
19.991469702678664
9.515589564292434
-0.24257837723798303
8.666926051005433
4.855369544625866
12.778525834897657
-2.59463359412209
8.963781325958955
13.422919291207137
11.091143802313262
3.805677663100223
-2.20475325421139
-2.9967435469936596
12.212658429550828
-7.845273308347561
6.542781442055528
16.652673524068426
-10.297717899619133
-0.29422474968476564
-6.474334095233591
11.834507716487416
5.803744336682065
9.623762159279767
-10.287773420979441
4.794295113160992
-17.730026701840398
-6.242986740090464
-13.562825805829481
-10.721975840471107
-2.314040425056106
17.875020766014742
-11.384827575837143
-7.054942496053794
3.0671212473112064
19.242767475872014
-0.9679316095390753
19.04917892967616
-6.314430058567243
5.8218416276294995
-1.76124148607855
-3.8872570223878
-11.05646721074638
-17.11806593254487
-14.861966234717428
10.191919080782025
-0.7945453247743082
10.00648121551454
0.4131218056836232
17.82796954605808
-0.8812366496949409
-4.562946894865325
-15.489503274973249
-13.399944247855021
-3.3130155261625163
-5.125230392897411
18.72195054326116
-7.450979481895082
19.04190903727634
17.9853701918018
-15.46134579069005
7.17739844538794
-4.566724202891411
-5.0444516436393805
16.997020034188125
-0.9439360579955149
17.05778310108311
3.1956145285397497
-19.186148051605066
6.076411335608263
-10.430907295292076
15.70640976995817
19.770706073951338
-19.72811841699261
-12.724089051004155
1.3463045171102372
7.739982361730114
16.49723158217541
18.97392036585292
-3.337499574845136
-15.824885344431339
4.931678728984238
2.131822782933863
0.016278580888545946
18.22108854217675
-13.78896909332453
9.86560828094333
-12.399099094001457
5.896410296914741
6.58193918260686
0.01608169096424561
-19.96975892429177
-2.3711123974507586
-5.689924209248925
-8.134442220820528
-16.480252592758546
3.721574408714833
10.476088979462752
-16.49444547547042
-7.774510133857762
12.448339563951599
-17.48890110982841
5.004264259943675
-1.6476114561161808
-8.747371003773075
9.732132597413347
-8.8030802040822
5.201818172687833
16.598875994758643
19.56492910362399
-9.330578558745461
5.951224948637908
13.499065783240816
15.32293304243126
5.906750247532308
7.024053436954404
14.404473551317416
16.304443974860583
-7.369636846315281
17.408139757276786
3.7416527493913208
8.836530488480129
-4.4916989448806
-14.00641396532559
-4.058475409674486
2.6437356232519704
1.9679362271112026
-3.3410912244313806
8.122578539828979
7.0768651364433595
0.4220889757768198
-12.320607636075906
-1.3076145303593059
-8.053014811580024
-16.137751221080645
16.890094293091515
-12.486935591122453
17.368885903438226
14.646585708370225
10.4014360014097
19.9255419954046
19.33576775481528
-7.75641292531458
-2.6328402475941175
16.44997570358744
7.7502637738291895
10.76117511927784
17.54980483086