13.992180899905328
10.833050431243272
-6.805837328459434
-17.505684987503408
-16.457272754275355
-12.96979287773751
8.72217124274939
11.492576175212918
-17.602058946361566
-14.841511655074285
-13.931124847539591
15.135900348756664
-8.472638775577632
-15.04317371086021
-11.758638628298277
-8.650006848505258
12.45504404200139
-13.106678706350422
6.752009297979452
13.568099862344589
16.24234989412073
9.26470565250067
-13.82754912514807
11.874870793042405
13.518934616876571
1.0391414970122135
19.719085624922513
-11.369188071643674
0.8168921214802118
6.012091040962243
-9.627192296593856
-15.738904714381249
-12.795261287328712
-8.602409964545789
-15.930800934994199
-3.510613011953616
18.09466321014517
-16.344482414962748
-12.722803827901386
13.355474587571543
-12.320856383003346
-18.25419011485177
12.95032582848431
-17.625577206494473
7.961039609200906
-19.030485202487455
-11.229444829929687
1.9663811061526673
16.176804098990395
13.11473132567756
-1.078003879158512
-3.295633730184232
-18.91361131103396
-17.58423261978022
-9.110331868185643
18.391443532737966
-10.909908555276239
14.319244857489267
-18.190977117410192
13.648978307455003
-4.463040681189391
5.284886404579417
-10.902607153878812
-8.833551125156927
0.7885602010299486
-1.018170241671669
-4.234248934581855
-17.026831558927583
13.70143778456228
-2.1357270911775963
6.929223591760589
14.26765594680679
0.9351983233670857
-10.39749596130893
0.6793816905807795
-18.39723185109069
16.403473014353033
-8.98764876192583
3.155872989478091
10.540802833162726
7.004851245700969
-17.43620077017072
1.2111521693495142
-17.311825800216823
-4.757824191870711
0.4394154569183506
19.07835049200873
10.196070304167264
5.598172753497288
12.076515413123097
0.6405696077724627
9.920597462573735
4.973111768987309
8.965458009760766
-11.915670996187009
-13.633156203309081
-4.591758778266627
-13.975435783761627
-10.576300033380583
-7.242077068329515
-5.179695875163745
-19.412112036646512
3.9640845094421024
-13.207834684441853
-5.652826753986474
9.587569121123032
-0.4987462359641448
-15.302493883620837
-1.6047039210684275
-1.2434280747671593
2.0227366017625386
-2.4459257749018803
12.131015831477121
11.774953822648516
-13.642953289605067
18.086378056587186
11.897402509818416
3.4407300476915346
1.0507220597134825
5.270442580650293
-6.765999017954737
6.2271846166046245
15.14082158656391
-2.3947897215272747
3.7963998753550356
-11.733676630367377
-9.845543430160992
-6.856314748577086
9.18258050368102
-9.684105519808197
-16.762365188240608
0.8749612938307614
12.17919900303535
13.541500414147343
-4.481621005741188
12.220094677544552
-16.278382576803672
6.100376390555411
4.572419379322319
19.23240175726866
19.813997915298394
-11.12862159774239
9.922716303462838
-12.386040509939281
10.52450838041549
7.756098767550796
-9.49194195696423
-3.2125322512034806
2.637936584064544
2.1391623116102494
7.918263873941065
-18.14981862249462
12.610745753629658
-5.842843013580325
1.0760090673561749
-14.299730212234367
-8.045069865996748
14.400851137027914
-13.757239161792189
-11.12166160080871
-0.2561591627619322
15.067520254235106
-1.5836903642256104
-6.226667171466129
4.8864460575687865
2.027108077042147
6.080932775610705
-12.782486024234196
-14.294892444474417
-19.271847600989858
-9.08856302467452
-16.94034262260592
-18.918814318597917
7.959163560548319
17.049971664407984
10.717785769218864
-10.79070931014237
-18.675273588716
-9.15879665182409
13.716075611479354
9.864610028012248
-11.66823525400536
4.563818021068936
3.274880900247066
-5.100697447195053
18.87309580718282
-1.3085731598540562
-6.078997421706177
17.53682356882461
-9.21839541938625
-14.829313557444031
16.13927575588211
-6.250444473377335
-8.924149208585215
8.607337349883576
-12.037282451187291
11.146455175525524
-12.17568266331822
3.4565800486695224
1.5430954298232002
-10.997267823096472
-9.476569427389666
6.015385028211291
-14.907414395309463
-4.15662591358528
0.9447564900772463
-19.519830125295755
2.8080808284891
-13.81495790536908
3.699992641637934
3.9719456188890305
-4.990150210062922
7.774379386572839
-1.249773010091836
-18.436912265826404
5.578670822268485
18.821919152790144
4.242575545459992
17.520378218944046
14.365010499779686
-19.421805578911773
11.644132111004694
-12.884881053856132
-13.842586799614608
0.9817777245353696
-15.83552664057979
-17.116754992560992
11.870058960908338
-6.371188750518101
-12.090711190042867
-16.310317250015956
-11.84095939408782
-1.218652712909332
-12.336246993096584
-14.412110055756573
-17.489288001916865
18.02196632991908
15.774835590724614
-10.768876318907008
10.0050909480277
-13.40527559190416
-19.16922082192758
6.303927474977119
-15.353204830365925
17.389620683070326
-10.803955217729087
17.877188551533138
14.219594472300209
-15.47873791167152
7.76572686535301
1.0334545236492723
-5.483796612956514
11.04108280952692
-2.8344497757704232
-1.4926707558564623
6.090364175879298
6.941535732053925
7.24253143790169
14.160367143037831
-1.6713188195582127
-8.573884059609828
7.169182536943268
-17.12799381911627
-16.68938832971607
-7.43296432651411
3.054627266012826
3.9468325151486283
-10.056501237658125
18.92644917557464
-9.105740327777742
-15.284952863006772
15.325644411643133
-9.937455635248963
-10.681330096308015
16.76594148363398
5.47949464183311
17.058688743283483
3.9654573229703516
7.464804050841973
8.790460148621165
6.8899180415122565
11.533040276720037
12.444216601592302
-9.717291444556274
16.841222706673143
2.6917487084812386
-14.4823257198306
-5.3918780198239435
-5.007478704357776
14.219894020297858
12.344559227552026
-6.848231170722032
-15.063129807969688
9.584649630864241
-15.215005023013148
14.367458787802903
17.669626836224758
17.956331249926173
3.3323799177348903
11.378321514130842
-2.9154785566223396
-13.118530126461568
-11.9421011398329
6.970266523350684
19.6470575982487
2.7118105108814525
-3.276451978782706
-17.433601174858996
6.767473820331272
-15.060510276434517
-11.542591388416108
-4.2954175329162645
-8.672352099293882
-16.093317683274403
17.602928052508453
4.2486844997795
-13.195756653172811
3.561920612971761
-4.468630522880446
10.61329329345643
3.1665988487440018
-16.481229416827325
-7.738367407968019
18.355874972239192
0.9189973752318217
-18.461438946103236
-11.728244886831561
-15.974460325335391
-5.601137018242248
-2.147184073986356
-5.133440540823454
7.651293954490477
18.244554850830895
-17.787729155308337
16.558794003955633
6.7763278561391225
13.020854662498948
16.223320477676353
7.020041382989014
-8.41916444515114
-17.755420554357254
13.066818143630307
-12.012692093201359
-4.429016785202444
8.860469005699926
-6.524159332447237
4.00525601028184
-4.54955111911052
-8.55747932360359
-19.652908558253465
-13.816437929713338
-12.337051039963725
18.67779764045993
13.77905427359596
9.487512968240225
-8.269432158769332
15.946368030717693
-4.532445331482503
3.573228493255062
11.625271007363946
-12.2778842603412
-19.31513436595496
-1.4683382610072648
11.1688177843209
-8.23685328646608
-4.905728054277056
-10.507183962417269
5.626944985582902
18.125112340601788
-14.399054639862413
4.237393318119842
-7.345328092558127
14.675761949322442
-5.923491460069034
-9.393143715685618
12.339633171427835
18.346212620467064
2.507470116084349
-0.09761987369980574
13.539982924614876
9.800689094589139
1.025576230199512
0.8549441238518263
8.532337379008478
-18.960870599089127
-9.43711239396718
-1.386802513313448
19.34475999017907
-12.835837462740006
12.694052017004921
4.000728157768133
-16.68728542363448
6.74545842682118
7.983066001262831
3.669923148213531
2.0226280249707607
-9.021516162817651
2.8763750343979453
16.270172755106174
-5.4031905032795855
-9.398655411016005
10.617812527040584
16.342167302632028
9.714112569420212
-16.989497670618398
-11.472624890115508
12.319172706411095
6.372969108186567
6.248346707665835
-8.349011027667697
-4.383559909820928
-18.059175175716543
-16.166015153090363
-19.542837102335024
5.803347069425978
10.973829163215967
-8.271190653245078
3.3693465654140766
1.9835716283651728
6.73877343261853
-15.204148838425997
7.85001627972143
-17.382387364409585
-3.2947601368266
17.300726595949165
9.420008045425313
-16.92692553645489
-19.44007329705899
-7.911574930951231
19.609551681357793
3.638635821665467
-3.677527197542993
0.17518281119489032
11.311744405694842
-13.550861314700096
4.365857388142249
3.1567243587013962
1.2357984375334823
8.560627313087288
-1.6768962867748414
-5.676356423269899
-18.96936451239162
7.413557263835486
2.6114431026181997
-2.605177069411674
1.2969691035974442
15.45531137550713
7.703096776502999
-4.717844217591644
0.17269743478682642
-4.775417054621043
-14.587969505497664
10.79661842628163
6.21153440997216
13.680956304868246
-13.142401523676783
17.450858730762775
-2.4752396812523045
4.534695371109532
11.104668373248874
-7.595657217355143
-12.167295174387668
-2.2202028119208173
10.811413112879173
3.5596624718821133
8.756971038735802
-18.92442910970376
-7.299159297439415
10.476300423371676
15.851203527900736
18.109111316263366
5.556255127033399
-10.288425425209269
14.4652068873149
-11.936083499880343
15.384352618874047
-14.47643925834113
15.528549425220781
-6.651883674076631
-15.642971010617476
9.19802377589636
7.681738138168338
6.57464905367484
-12.50767740182393
-12.06346935900922
-0.3061964495816305
-5.317589842228937
3.424100339212437
13.732190763370973
18.181881321147756
-10.868834612564733
0.2255788947317967
7.076828777086245
0.8265337458627222
3.781213831168575
-7.238558921079301
-11.482964320394213
4.101950339815875
-17.292220723670326
2.8781648560537363
-17.002113020977102
6.990949350343545
6.3551915509626475
4.7020767535472885
-17.553225385674757
5.725877921090337
3.3963451929354846
-14.962202987701554
7.0420972995277324
16.394289652715095
15.186388606667578
-4.9288160700559445
-18.72616423741555
-2.2546782510133703
15.710963554258505
15.623141143642066
-11.586398391684881
-2.927301477687301
14.193390248186788
-18.337512166902236
2.6345739351369346
5.5331458421728925
-13.894671375488809
10.188160137930844
-18.800685246981203
-17.819870745449148
-2.750191345122918
1.2352405273937919
17.45903460755492
10.763449376065857
13.42491344057624
-11.512646815477407
-6.266971733088775
-1.5082671548783253
5.432707838407008
3.923754992638262
-11.116369662807042
-10.019440448599761
9.627528027401478
-7.640400397643132
2.3512708289235853
-0.6656590642093789
-5.275490093485487
15.616409222684418
17.43436575433803
-0.7013614701545698
12.611570169911452
7.016723784087002
1.2362818149395274
-15.649663905747143
16.320177000545876
13.441164952342895
17.815128853286893
-4.6143159503548326
-12.381243081743843
-2.3127590707248373
11.048266019775461
1.2942340833980808
-13.67465730258603
18.979462382534557
10.526193911276692
-2.489521046751129
-8.098711036901518
-2.3471743519270802
-6.304918200631757
19.711044721834085
-2.7587181818350217
4.567169190438701
5.094321064129936
-10.59959283352519
9.418397730609055
-1.384277186704285
-14.431812290589562
-19.63170769583597
-3.721658401850622
-15.026552217603623
18.617944305008294
-1.9097080721319344
-16.370883344902598
7.359981432829585
0.8728163323616975
8.954967774842459
-13.026141030009928
-16.181584430677972
4.670802014133862
3.1615217447254764
8.126055058586083
13.120191969407074
9.692607516848945
-3.2729654858368775
12.009323589183651
6.518275676465461
15.194537852070212
-5.648063282061088
6.353689961154757
-18.99920276744535
-5.170203334703412
-4.84611632669948
6.101034263269952
15.670469097590157
-1.0833851011131372
-6.141983815829676
-9.918272308802125
12.744331476650316
7.795282857323386
-7.227697175179806
6.883468141602126
-8.07120003948345
-1.0138547506595543
2.5167891135883913
15.44208086030671
-2.1432431440445967
-0.8105220464688436
3.453148029472576
-12.513306591011695
-0.0393101208303861
19.62029085157222
-5.585338098993912
2.1397032492155432
-2.6181746469971614
-11.671285531705857
15.488914709674823
-10.456931322743038
-7.846312962352595
-16.403786618924926
-19.776610208096393
10.09907474446878
7.302174175457434
-8.947661182469755
-6.6907921527599115
4.697251226462477
12.339908901357802
-7.831637804797467
10.698464122774794
-19.205149760263627
-7.818539326922348
9.161358370532817
12.285740997784636
0.49252943710082064
9.365035145793112
-18.48714461057977
17.345067472866262
14.89456996623916
4.795440788537597
0.4241010342205698
-5.55301031908559
8.434812502848477
-16.41565563472977
8.08949096407705
17.928506544473294
-13.080321450546077
-16.106416486952266
-13.578045299945035
-8.839148403076926
-18.734222587975307
2.4572952007051008
5.266872742632678
-6.667173369311627
-2.4721120521117257
-2.7293093682645555
11.279643039874312
-2.156342919281016
17.282315977827366
4.763101686143646
15.353796982263567
10.567476917315098
1.1408026141303154
5.139491868730332
-18.257897881658476
13.71513135544393
-0.4496120070702432
14.065336322822084
6.670353796870387
4.554378600112649
11.014915064983342
19.241630515301985
-2.644256311460534
13.035490526030145
7.354113770130738
8.194155942290934
13.893134856411876
-10.499926215531188
-2.521308879469686
5.880659066881471
-2.8199724080922906
15.427964458741911
4.831986005146959
-18.06733139004061
19.778824447159174
7.914337884040666
7.5297864717937415
-4.186480589830195
15.154204952953656
-7.075334256390162
-18.899011579600597
-2.0817875534451957
10.794520377003597
-8.61156067423952
11.920524286402802
18.306201829236464
-9.152191561977347
-12.319204484481968
-0.26933071794471175
-16.317989880496416
-15.579424931760375
10.231625661456114
-5.52857134510524
-11.264431332333533
7.781532686750168
8.248540768669585
-9.512704618783307
10.984999429574557
-1.1397264206611482
-18.624485719870883
18.408142637029478
18.71172055754508
-17.042165257617818
-2.6976494205981396
1.0200056478425488
10.749151273408721
-3.5253147800940994
17.39721482001911
12.00293038621168
18.267274846720305
7.397333780166026
6.455367279297754
-13.152298439142225
13.818677775254535
-1.594426550415612
-8.650565439304124
-10.024448392366892
-5.4515801412949205
-11.983229554149592
8.88019861342606
13.859598960354333
2.8212288365729563
-2.6617940267898454
-0.35751362379372154
10.891422425545194
-6.86319394209217
18.832575669978382
-9.563179765788439
4.478010743705525
10.700493995072854
8.901435267897618
14.504114379461178
12.588722092889768
-12.46068262007348
-1.4903310238924838
-10.45889589798129
-6.661680319271465
11.412644664323949
18.36881710740299
-13.273219183058327
-8.081823474556376
-9.70365855438152
11.428821020198559
4.403484905767101
-10.011001111966227
-13.191649289482958
18.91450460176813
-18.852538496875006
-14.498770530710456
11.724395229506026
-9.705472292023076
-3.832774323090206
-8.879178183334577
-4.276612406901798
-4.728508713536993
-10.453596449758177
-14.471796043458633
-13.06542582059845
4.887022483767286
-6.894702612108734
11.201060996490973
-1.0744526257288598
-13.273449935521548
3.220170115940711
11.723984619792581
-12.245734618506138
-19.07249501828626
4.354799637702609
7.678640371738087
14.219182804499432
-6.896594118708009
11.91803911017001
19.42509018545249
12.533971354472513
17.46977969483232
-15.781271274317884
-10.669599302010688
-15.731240542808598
-6.701944044329151
-0.13506651656346236
0.23137190543031494
9.122072013287784
-18.75698908745796
-19.479246801632698
-7.607281193052717
9.647772761989781
3.2215655926376883
-8.202317159295358
-18.033833418735654
-9.659784088670751
-15.02993529399193
15.988585992036086
-18.688615817051655
1.731028026383747
-7.651437785503688
-19.05977098178097
8.632066329962427
16.23660903368252
-2.2767265144970352
7.125698843846855
6.807907346126555
17.296259532499214
-5.919985945331291
14.149145976040579
-10.16225568405638
-13.34173102563919
0.4490463150324757
19.34016218160049
-5.50308172681715
8.319451310390903
-13.94416275599963
14.752094426863025
-5.360301967335275
2.6871661774339692
-16.198283619478776
7.692077294109886
9.717131321894108
3.724883870304332
18.174740903374115
-15.903825028080544
-6.770936994193786
19.779170882907614
-13.429464016065978
11.324725579676034
4.452162103946019
-13.434816737138293
17.540394364626863
18.477621469400667
9.896775744543302
-16.612701907249637
-7.763025783483336
8.206232218253298
5.943738528141861
-17.34762911624238
5.1053883735932715
8.683359516090814
-13.479078270216164
0.9648151538127472
5.671361341907936
0.019493709319768016
-5.057396420876277
2.6862706912905274
-1.0461943215049274
-15.700655582814868
4.3177729288373285
5.361531950479925
5.687448594513764
-13.939313541999493
17.39555745932303
-7.720297262292384
11.333117525823816
2.5910041153925434
18.028805522767698
17.304333399812457
8.965067081909734
-14.95852535495208
7.252880871279611
19.48098325797178
3.415274372203992
3.9121795105053927
10.184089960104465
-14.578359203953767
-3.7538291598304916
-2.175014754944499
8.968536233363231
-9.557959966837878
17.51371108829413
10.492329511990938
-9.32763940190827
-10.143095343155327
0.22932076103089472
-15.969654295403393
0.5062363616678134
6.842029333788826
19.78148380904196
2.4777803787326746
18.161866324486752
-10.881280734355926
15.550856661625083
-3.957741816482674
5.101563941628594
16.517536646671573
-15.985562278723947
6.502872334127918
12.622323800084452
3.352693866765275
17.29434366425535
8.220467721805345
-5.325178156895088
16.921640430334016
18.000907996202145
-6.267506887315623
3.073876295432715
-10.73378456783674
-1.5481039789957407
-15.773838681767675
9.74825261098481
0.5572359643993074
6.47054166590744
13.211528918645456
11.638305535906277
6.590200932022505
18.932204873207255
-0.6464563770057516
-12.18693192189647
-12.116977732810575
-19.813375162990738
-15.45753703463931
-13.924365892418301
6.853756091487483
19.969881041360814
6.2272517556050815
8.207212929494222
8.684046179380694
-2.6035427015728843
-14.023953798685769
16.165310808094013
-2.376083331998462
-15.670456681989794
-9.869221423294473
6.423830781629132
-11.953176420217094
-1.4511798882449938
-19.280949386951576
-11.589653975893768
-12.886161314341917
1.2059304278892427
-19.322290303684383
-2.699643566973272
-17.028078009419243
-16.896203919089125
-5.435402367495126
-0.09264044080776657
8.94352552528812
-6.223654136752854
-14.46658580314541
14.262644626415025
-12.932516913859278
-5.674836767964546
19.78075403318976
-16.440144965175335
13.85886428086048
12.481161911944383
-4.390556626924491
18.593401443455527
-19.29234012648277
5.695027778355293
14.449844436079438
12.90168803339322
7.537721243818645
15.106037404337492
14.69220331296983
2.102212445641392
-19.09719683460115
-7.755425654122558
18.294552497764847
-9.356833077402268
-10.960375189732394
14.85369764952599
-1.958749646584515
7.170619462065591
-12.161664512093457
-5.243392963495793
12.676535552942802
18.992229038750523
-12.944715900987141
5.4709644676640465
3.3230395691733463
-15.6584500682667
5.548762181066568
-14.652437027929764
17.813886481488012
-10.841963197001462
8.167055337268472
10.132349305719153
-1.946303403997799
16.65287757343519
-5.261778950341718
11.354254587699636
11.47965850607019
-9.703117035898039
13.320048573339022
10.824561198081138
-9.87905301107656
-4.690226786841958
16.64961472369712
12.095728319856512
-17.498640219919245
-16.80675093239597
-15.988667022427308
-11.179420072650714
-9.96055969491088
-3.0082622484644332
2.174361958756382
-8.117636564109132
17.400925643568485
2.516708750119655
18.855037115138316
-11.880435133156597
4.527634166898427
-3.886819922553144
16.269281299811553
2.9936005817738973
-7.94659290400341
4.481873959721348
-18.611019220385202
-14.584600524600614
9.957138038535849
9.609217316790456
-11.202216095466762
12.055132070932011
-8.652359428402331
0.389530140639458
1.945675282330658
18.74929178657291
16.984336649849936
17.875674940366494
18.365331334051746
19.64310529479048
-1.0302472959627167
-11.16418066657635
-19.186180320842873
3.900165111083492
-0.8472537771282873
-10.558049464089612
-17.122674802649822
-9.223096310194453
-11.482487917935607
13.513584548476075
-5.478621854977694
-17.899616396078926
-5.718204898622838
-3.2498822564697214
13.679419977736217
-3.357379019277225
-3.1764292522375257
8.61917455256211
-16.597190596346593
-9.175383807130197
5.475569948576037
-0.7691391005948702
12.407411844845846
-16.22972129909417
12.49043928423859
-17.660864436837077
-3.260031595771295
8.007888709091219
-7.33180469955256
16.32679238858926
-18.706294750806762
-13.755987718165352
5.2467749017310865
15.358004841593804
13.333572535798169
0.6805601501075458
16.955141611928973
11.573427076099119
18.678769094438728
14.070375589936333
4.070357190852398
12.60597841245184
-6.845613972275903
-18.07630350563921
12.619559364763468
14.076446333852367
9.540699926262075
2.7158600219358533
-9.046111189986362
-7.8824923925288015
-10.798769701220392
9.41554064989787
-14.646617929665805
-8.252452928540759
-9.388517546755217
0.23884570686728424
9.141335229009158
16.40284833489615
-19.88477562388844
15.571185498126205
-0.18281863525520947
-14.414320779504868
7.8254208237543
-6.060430045158146
11.694958867780795
-3.3858618548759942
0.3124674345560088
-0.0034579237000258445
4.906797458835431
-18.08047772551933
-5.785602589196204
-7.583791588312385
-6.916371580213374
7.353899807237486
18.158898294366757
-12.200715271717595
-14.752171120900908
11.692719206468404
-3.2600407368773006
-6.815772710165827
13.836889142980652
-17.536832744279558
-9.692272769020022
-6.09770939297189
-9.710287232048769
19.823198777181396
15.853689135575102
5.709109995502203
6.980263103174934
15.285372735494292
-2.734110939790959
2.0675567906614987
15.396101375169138
-8.439100863025551
-18.68863869089138
14.318863802535049
1.1099002553040158
16.910638032120666
18.066692333844152
16.547175758495094
-13.394054411272514
16.10171164891093
15.823298556819438
15.792672540349642
9.798026677422122
-1.1415296301737925
-4.6274464609639985
17.651418272069932
-17.948470332423923
-16.543707433353593
11.501003753310222
17.293326619116613
-18.203028365761508
17.423377923929394
3.4388361413461155
10.748975533048114
-4.0498677397802005
-0.41099894095276923
-10.851399151094965
-4.109238960822603
4.714104369785858
15.869723678209326
-8.424340591283258
-10.156357106561877
-15.661856044350802
-0.5147537137120075
-6.262988898533228
-17.084953177258818
2.2630644282786996
-4.757229943316679
-17.804382496099343
14.098637567440775
4.325636489087515
-2.2031122257877165
-7.162281958859955
4.222118454465068
18.135103217096102
-16.318078443599845
5.416495742669731
-19.010305216646636
-9.647150188380609
-1.6578540545530949
-2.523547481111965
3.9592738408919246
-5.879366117094872
-13.416665645777893
-3.04087705163246
-9.712430459943388
-19.95906401426722
13.124182390654148
17.02177223540312
14.777624237865268
-2.365719267427803
-0.7589955343771351
-9.187541641405668
13.921398419992599
19.484207274627153
8.085462781545495
-15.614028843544418
-17.676539986189148
-17.124954324524268
11.908245041883493
-0.7106329412100649
-6.54722761066262
-14.474976447916728
12.70981974993942
-4.741567438164607
-18.419750955496617
-6.700786048812212
-13.722400225327283
-14.801288615992153
10.546067013178359
-12.338903216063777
0.09889369445170715
9.337686646941997
15.240658737953929
18.70455032085666
-4.97531206902587
16.617400822066585
-2.3030752175593037
8.72886717520128
16.348733204212827
1.7152988536730405
13.558393683221915
3.439182966107065
6.488239147749475
-11.55757119999171
-7.282692571551696
-18.25450187027412
-16.81229902142997
-2.6870293555668177
5.23439637283639
-19.432851221360885
2.3016991584054125
-2.9214930336691722
-6.875697992364188
-14.485467746214287
-12.532591817723908
-10.64220036782023
-0.0954730595716704
6.023142946996632
-3.8129309307123123
12.643792236253859
-2.1012117485151585
15.873776440508102
11.010889800708984
-1.176890458103145
19.617464537334747
2.9216215634260756
6.519239965666127
5.036233227730328
-4.905976896650266
1.8632287600625972
-19.09427248632213
15.009490618710231
3.763245307458398
10.994899848466552
11.469551780676149
0.3510978791015944
-2.5964524060096004
-14.771176105228738
12.578157097384668
18.213746766461142
-4.371730758918302
8.392851139351414
-10.142744633457141
-14.6277722267725
-12.649528073999363
12.582187754719875
-11.184200317400887
2.195209890129547
6.603329353790883
-3.5113923755771594
-12.90796795628089
11.428026268309452
-6.1947386352771225
18.376908071235036
8.58665072483543
7.122867265951083
16.53859669526352
14.010193906510452
1.5831929498183719
10.865706466740885
5.443552897353442
3.128278076221818
-14.187929873996904
10.46137593740275
-16.273075679312157
9.257405649554727
7.627355252798509
-9.448640922330851
11.839825858705627
3.6386546412381513
-13.591127936368643
14.463613402141085
5.317886242481897
13.02398816300375
6.415158376734009
12.886359934607434
-12.202498116402278
-6.6934538100929295
12.426743357918674
2.35542914377406
-15.141859265567422
2.244162237310114
16.956448077468295
11.393237466345063
6.3500103732832684
-5.744787235997668
4.751927480284888
6.2805107294265206
-0.29479396821655257
16.200728988406354
-12.899612788140482
6.214660237977743
17.86853492257216
-16.935144370444704
-0.8300479392862954
10.480603411573721
-0.7530316061194355
-15.883779610848666
-8.892310938310573
-3.5451929157247584
7.613149838614053
6.248125071615771
-4.695067770354267
7.224782477860245
-8.823717584099168
8.315255667991138
19.762552372958908
-3.747957289130195
-2.8777668012758255
-19.572129169921105
13.896369953746103
3.0804295876394576
-4.000563671458014
-11.565697864966275
8.156780567691392
-2.4663662481886703
-5.665821237696921
-18.06612074676253
18.612326477119268
10.991191088173945
-17.030015364141413
-4.7946304608419865
13.89178415055391
-15.877333412116954
-13.454008181037583
1.2218095813504348
17.812466500058093
-11.95266366827406
12.734446127650124
17.92640621833563
7.560044902673493
-13.008487691057109
-11.753962865023446
8.840996946378322
1.6342872532441604
-17.278305951971426
-10.53922402582472
19.696187728895538
16.52303350794439
-0.12696610315615686
-19.72081865850622
-16.411568060447106
-18.193419938926688
-18.79107021117938
-2.916424995141959
9.055811878612086
-15.898759653338445
14.2715640321562
17.558034926248574
-3.8574046033773683
-3.6591078665890073
11.12546169795554
4.364956882389841
-17.019219951689575
-19.907153053674893
15.657999804549675
-3.42840770145024
17.877314872040635
9.00430017967253
-16.397445909209388
12.946531245745042
11.414199071018643
17.857696290154955
-15.436733448889637
-15.37250683091309
16.62113658351651
-6.046014798082805
-13.418203506920277
-9.74361710318751
0.8980754454739106
15.04241512209267
-13.388768693735052
11.14128634140583
-10.176827550726276
-6.540797784946456
5.034785234224792
-3.14339897237776
19.015358946935265
11.084129644180123
4.383458364122596
-0.22001916497596952
15.196034816960776
7.496748393579942
-12.342495985350364
5.644621397324233
16.86514098178378
-3.6500549721693467
-9.950933736142078
-16.372277409326706
-14.205002584087332
10.566037129956651
15.566868712289363
13.6486421802961
-9.149003917602418
-13.220520594994598
7.915843826867107
-5.225786090818918
-17.87843495334888
-4.349601373975567
7.521309719068864
3.1042158139722815
13.746827309008168
14.451053056029671
13.338960006830845
-7.557493485304484
-9.705707959276495
-15.606392677690915
-3.814313502972052
-3.65019922173445
7.77898398378294
-9.089146593866278
-18.852462247472573
-17.82172257019472
16.93364327370658
-17.622237879322284
18.710502962770214
10.777954849857206
8.224640807611102
-4.284334740855522
-14.54536072614741
-16.830596228054603
7.001531611694517
-3.2258073630642947
3.6169153771380245
-18.428923788406983
6.130494692398713
15.340478376539153
-18.70615025654148
3.8867581347690745
-10.185003525628144
15.003632613917546
-15.295552583675395
-10.598277635063166
-3.154086836054937
15.698499895414372
-9.855965666718216
-17.94193374660255
-2.1969454548562126
-11.423406820828355
-0.7204179807888558
2.727518951618194
18.82421663838261
-4.8778477692777
-15.134896162382084
4.6679273061528335
0.6992267797127738
-13.275413457900207
-19.940311841742698
4.700238701646498
9.576884101364879
-3.616919119051616
15.49105616183305
-18.893222364532576
-2.673420903049344
-14.988954578265968
-15.889293690225719
-11.470513761673015
18.568656981255486
-12.942205008421608
6.419742012387335
-3.985024160918428
-4.951532803094128
-6.703070389386031
18.008195683425534
-2.5704652945002167
-6.82115304664614
-15.209360222209366
-3.913262988069196
-7.902777986364473
-13.99397936153941
0.8419291150102595
-9.876616635584634
4.761449723796169
-8.77071284693371
-17.957418001180002
-1.0172288358794574
-18.299995629153027
0.6040409578564123
18.49815105954302
16.927716107592182
-18.102871246426737
-13.805608528015657
1.5823586176312467
-1.7049992015289028
-10.336022490530649
7.44375713797513
9.016999746239488
-18.059867545241698
-5.002738339834764
18.114495811198395
-13.403727294901682
1.5096983034731117
1.7460384866943137
-3.0561617902577076
-7.259559392504871
-6.762019254231145
-8.650998444218047
-18.429735044108146
18.616898880618542
-15.20863643901274
-19.885972919695618
2.0203577698653454
-0.3488635686903976
-19.47222126772829
-15.146632291265302
2.9992107587598973
7.096265458926993
16.915872060228693
-0.8869139954248766
2.531320657764496
-15.913963354184734
-17.45974407130777
-1.1951883252239917
-13.637705125345953
10.660055023583904
-10.674094295161707
6.999698368314249
-0.6552921131995646
19.451189007240977
-7.135629015485092
-2.8252618872755093
15.15590881344125
11.537241149500336
-8.320578526348719
-19.127903565993197
-3.2589751117268726
8.35910678851485
-19.988850781676234
8.75784130768124
-1.0215206972751574
5.792691466404275
9.95267291032664
18.38658447736556
14.335739268036832
3.783817248762613
9.281078580817201
16.589485594884955
-1.7743126868857537
-15.701219389682448
-3.621588244541609
-12.851708548754157
3.2273198965365353
-5.7258548054883605
-8.536133796534887
9.807137988642907
16.235679986758235
-3.6456508595564507
-19.56378059425202
7.058486384511355
3.547714438627775
-19.467233765961304
7.6318004344476655
-10.56249796234015
12.825481416462935
-18.99902944746043
1.3444330356780938
-10.644030836718352
-10.446946464875966
-5.084009858986946
8.07335365094886
16.709025397381758
-4.8542168512077275
-10.605408470363207
-15.612467958782453
-16.333270455421513
-15.509950608236075
-5.1483761441733265
-12.442195300747759
-9.578353030739581
0.10819537335232354
8.96189222601977
1.0905220403011704
-9.370442601953934
4.460758541799656
8.264017963389058
-1.623611730635588
-8.35896020167199
11.730593283607714
-16.463846926219983
-6.29087000401903
-1.703329974557775
15.107539937972291
-2.7875592252542525
14.508083142501633
-18.585299998410463
19.350411631568647
-3.643011464705207
-5.865502041769325
-0.008424336372780061
10.647763292752263
3.60865889705714
-6.0862861200726925
-4.813891068635115
19.95235053854475
-19.25282821259618
19.578209543170644
-14.721907717930304
-7.085848378988073
11.318206166713818
-12.540501060213977
-9.09573245053334
-2.7021231583049676
14.412612404507982
1.4783013506553964
-17.84112745682263
-10.345209687288328
-3.7949575436333305
-5.771551867329494
7.277607914618951
19.775950787409045
-12.666520372590192
-12.200605524415202
-19.67596331843687
-3.0240837285055164
-9.357490183488775
9.89395575220033
-0.3401777640150172
-10.420619926072128
-10.883083619190291
-15.536311376148504
13.948921360697497
-7.305648091779178
-11.513154192300266
-7.086987743017721
2.3549155389424783
-7.184535467634024
-6.662726737103526
3.7454923356349425
-17.606292152064356
-1.9721214973828864
-0.6245827178129169
16.759903019943494
-12.676681359909372
-19.759776202134162
14.975521239306119
-15.560381554825756
-10.273011021664132
13.908717871612161
-7.9074910206711735
19.13879036009091
-1.5166894233822923
17.07778877539794
5.341514478371199
-6.42264558732052
12.933954827550409
-14.75764341575266
-7.770392461502809
14.517275520708175
0.07583792386306243
17.995088224291322
6.147421251181022
-14.856466123101564
-11.545403448576996
-6.261816959614386
-4.408320972213296
14.24750125785095
1.7533973279092478
-11.420180820474673
16.464690566472527
14.124363753317866
-0.07720791917068937
-15.893314858321887
-19.44900088754944
-8.179399091628138
-14.785188790870286
-0.13935348506257128
5.989514567388106
-7.499692502024278
15.658990885626743
6.8454293455493165
-15.117992837682785
13.730321982477221
0.9055124092927755
-17.071964847068998
13.722040300576602
-1.9737851864159808
-1.5127791840536844
-11.644872926403277
14.22276926252814
0.8104174940878508
11.177503884364704
-19.82130729828573
-1.2143313891526617
-14.288896996301848
-1.4719800045578602
16.83644754189308
-15.485864523016737
6.774636942670039
11.263400073284942
19.824331717476255
12.814695579773968
-5.6484591476277615
14.136636603473008
-7.837139676410683
-1.343640542091972
-15.176705986450884
-10.247577780081883
8.261383241920921
-3.163027879259861
13.860851265339498
-19.73398934738905
10.407897325093565
16.989226436743216
-4.632341995498157
-7.046028145352462
2.161378852857286
7.432261479734571
-9.51998826564109
5.531736224482028
13.171099386816529
0.006135674417603099
19.544630057990524
1.3023623363628545
-11.568502933185037
14.328336744108853
1.9655522863168393
12.841383926037501
-3.11427853521392
8.124825979833183
-15.836998575769012
13.147924961310508
19.564754954045377
-7.596319937524241
-10.14854427269122
9.815196033888792
18.417622735990236
4.496668940275729
-14.647850885922015
-18.913716678986198
-11.253880363785434
11.54144277214624
-15.126682700462869
16.74889848760798
1.8607055608209109
-5.790029430688698
8.579367201009823
15.7220562075373
-9.496780160157968
9.060429300581628
-16.965826707965043
-8.593763928563458
-17.865605577845223
13.84960092172011
-10.252967609175503
8.718173014264273
-5.161807286907036
-2.9161658040774228
-11.28062434725177
15.367444621725937
19.2704551344639
18.40119995014848
4.230101027403961
-11.948257242575515
-16.808022557416038
11.192925313338069
-11.800326018984869
-19.429316138186007
-10.375128873584973
-5.083690268371001
-14.712941754932917
16.36366987389301
-11.532253047160816
3.711690511584681
-19.44888289186002
17.906014316954938
8.789562526591016
-11.142506992113956
4.084917741523547
-1.0045140866795599
0.9015144740787306
8.886062036151692
2.882873096677624
0.73144338496137
-7.497417288050055
6.3634987278886115
-10.103760191018614
-2.819972527179573
4.381346750043438
-0.9954733162505924
-1.9809247612554017
8.463095757014763
-4.8150751490893775
-15.730101084985089
-4.682937108974613
13.361590353055945
-1.7228875328547346
-3.81290143763065
18.404093329079465
-18.612893352560814
-9.593132217199013
12.450271366100203
-1.40904099756035
19.791462185508344
-16.770301184214436
1.5316467730696317
9.245823537785888
-16.202283428830665
-1.6268817885293316
-10.188463305025985
19.794960462271966
-6.674449114078733
3.2238298515055277
-14.048454719420377
17.856850598776774
19.542824489484765
1.5169756159447942
12.967730410017523
10.653463941550172
-18.151178058713406
-9.508081776753222
-14.876698198785018
-6.880622170901308
1.895625066136688
-6.779615617829142
-12.282142952258983
7.333240251329354
17.50886835403344
-19.489461935226892
-6.929806218834216
-12.109956245010292
18.30094323048045
10.9192076874826
-9.352903850309474
-15.574723595767136
-7.665657948328413
-15.13827386990628
-10.887332181247942
11.035825368656987
8.469166475239774
11.284426711440837
-3.887359703387716
14.08306805429175
7.483298610153799
17.879466549374357
4.8489576593557935
-13.875685955862798
-10.757678331527192
16.50678568554781
-14.96061511993629
4.447771836403533
-18.734319487860475
2.1715518390570665
-16.131628137334047
11.30343946361635
-2.2141347145084147
9.278957501043372
-1.4546648430198594
-16.070463530836516
6.289274343928021
-4.859538299151609
9.592149154885231
17.40254197406162
-3.169210605779867
-0.9055863827068258
6.249044317424467
6.785037052739881
19.659836604274865
15.354103510032623
-7.312436923366029
2.015774106639494
0.9843407508366653
-6.16072920886721
-6.268801793653051
1.545689677616366
-18.58703880208129
15.32830170516474
-14.997514478935944
17.30789414706375
3.3348883695791116
-14.696445668575082
17.384211287264726
-15.130761948085691
-0.629670856246701
-13.419153301400954
1.188912566443733
10.431915159391384
11.122844939693959
-16.224013316143818
-3.954053729500192
2.016351603346827
-16.89929293519922
-12.874666311464162
-6.84360529156098
-8.86018830521358
1.6854460757911092
-17.60220275929313
-16.923208899413158
-5.067639859719479
3.2695152525655367
4.186546257038337
10.415959057427536
-10.86083815944978
-18.924009018477165
2.091785686489196
2.1930653437459853
11.636410996624711
3.196637902601939
-0.6940610808199636
-14.437349977660702
-4.426811630566295
-1.698389049145959
-11.188339673080648
19.77626749347455
17.49338203303556
11.557496748781105
-7.855962271937917
17.0936032223143
-12.783842294045922
15.455102439210023
3.1475597754047655
4.577140636497212
-10.925901681940626
7.3077831976032
-7.370246982937761
2.9277437398717865
13.02728214345558
16.87435220138834
-15.529984117144569
15.595291470664733
-6.16303653106106
7.232219277858896
14.22803844744346
17.569143018560133
-10.50147592277867
13.130916005387569
18.236512145604912
-15.098939233583701
-9.472927875628354
-8.83460919199762
1.281344307006723
-9.763176022615227
14.299185201826255
12.295423976735066
12.688276677976575
-13.048829216490896
15.182303566189034
-13.520364678320718
19.826619164196316
-14.087193959927236
5.406378567742852
9.107056744746455
-9.669165878440257
11.283523742925151
6.91917432113835
6.9159541672673654
-2.9229769417114255
12.566634438078772
7.90369852926332
-10.303188146857444
-3.964684292391361
-10.510630801372427
-19.33359430828116
14.636323967164486
4.411150677072307
-1.8082123396352365
-7.888737130397372
-18.195806506112223
-9.02961198128093
17.57968808160311
-1.1836818457409102
14.31851747613161
9.30975375158964
-6.624341336289653
-3.866117311575131
11.3574436269483
-18.02010452438808
3.440215645222011
5.385269367228574
-16.731475556485638
-9.171323586215848
7.492591449948552
-3.4739301489710215
-4.298341054286148
1.6564383076095055
5.551131772716751
-2.051931737529223
-8.96099375883615
14.58333138045888
14.721427557589983
-1.3989210793343219
-2.974302050986111
-8.503178506483714
8.564415821470735
-14.030979580754925
6.303152665658498
5.053313915809902
-9.923451934943115
-17.27501078275075
-12.710397780681074
-17.136638041194537
-3.0916598297432394
14.616495608535153
-19.607856600721938
-1.358893947906573
-12.327942372804547
-0.024203045873658624
-14.154272389573453
-12.230504225124976
18.217532917344236
15.031383759265275
-3.865975155466984
-8.859366540273435
-11.550240636036513
10.202423778303032
-13.98269457544114
-11.402951790342776
-19.69027162626884
13.272796033988577
-15.349850752064643
5.3028436074621546
-7.250593832833099
-6.711229933526091
-1.5200329729847226
3.828362487919591
-9.46458805360113
19.72042042210626
8.970988353097141
-12.780430493306207
18.870683447102408
-5.13412607096317
-12.715754077901394
17.749272311229312
5.609736973350508
-6.749560792552721
12.501275777453841
-12.964311670048652
13.033571796352447
15.866749715697097
-12.074399620592292
-13.25921143559254
9.421499206718863
8.158676268103505
-12.32555992473996
-11.05745886322952
3.7457359761883566
7.091387114930313
-12.675849064212521
5.803573525171387
3.4367697974991565
10.6968940291349
-2.552584406615015
9.270705930768163
-17.366126745669916
8.68071264071633
15.277169374673285
16.668923967693374
-17.500297319660916
2.993785217992265
-1.1753152127875524
-12.62963924800661
5.032766043090664
-10.169455493822724
5.84565056738413
-0.06360413717138869
1.264993478137022
-12.5542231404213
9.045739245776268
-10.830816894563121
10.085899911780956
-10.914259809724488
-18.440216320958402
-6.587549407195748
-4.942194798450409
16.83518480472219
19.89038947507703
4.576128572129402
17.761708234877517
13.575568978766633
11.2761929534282
-1.912962489535932
2.700440961298071
17.67102668615611
-13.558242807696491
-5.5348559920178175
-1.2525371001713026
-9.518975651945771
-15.769499038294533
-0.3590157244582528
-16.25336986101192
12.727234751591176
-2.5368789735392916
9.293470048432049
11.03864236690978
5.501832490940416
17.35445291516993
-4.786469296923599
7.603130067633728
5.99427922439439
12.159142427966849
-17.921693147344993
-17.286048204420442
-18.922442062948512
-17.343785626737432
14.585202563977127
-0.5026207066760513
19.659186814186327
-9.491700120217285
-9.588198856591642
-0.9773717314679686
4.098871691402724
-8.848434949535257
-10.078744241758413
13.591074494707023
19.44526020395118
-14.746866284108776
-8.91084562383492
3.3324539482705653
-1.7339852574967018
8.60771044490712
2.0061804130338743
-16.10320418646369
4.145516194334284
16.78640514185618
1.2389701433599427
6.999494445873829
9.899549778346017
11.547751380223815
1.3529720390420543
-5.5601599150669845
15.406032603127436
-1.179230568685913
1.8780414594092356
-1.4501957930381728
1.8123481729777708
-18.14035313604554
9.600254119851321
-3.497506428339989
17.57731919789351
8.776412911672825
-7.823461996655334
0.8021327607105668
15.01765891889248
-17.218774250136114
19.465641703134246
-9.581887398158223
8.066751512499
-7.507035474176448
13.193996064426742
7.9835692717794515
4.87354390701023
-3.112845654804879
-14.523038083274159
11.374888976782618
-19.791247666044143
-9.387201650557602
3.1728114247444665
9.917839000094588
-8.68314529766618
3.048018815697997
18.69300964306685
16.883966919324216
-12.241449106513054
18.409577162578387
18.562885463146877
-1.7534268237548325
-2.7555057644401337
10.092204304317882
0.7799906761583557
0.24873416173481644
7.58123785256663
7.090143504750234
8.184380307899808
-13.08662440014194
1.1803502892028703
4.350473991128855
4.8322272232797445
-16.780807827243297
-18.2573719690925
6.779162109858635
1.8591762694002547
8.533691520983481
11.12867842743853
-17.5276508111643
12.995474479081025
-6.274383196376876
15.59393221615914
-10.53705796637657
16.738167403558947
-13.918546716807999
1.3394486281482152
16.355233972390735
3.1224046028437655
-0.05406327738002403
1.920963430499615
17.37045843618901
18.41845155140031
-16.382083692215744
8.665795881862653
-12.616044574013273
-3.3628776216081704
16.211340137541214
5.340645943776977
-19.64465540596763
-13.242556805130423
3.4473065769717657
-9.606327410288209
1.29818005808605
-6.886010188199467
4.590832837113446
0.800009245679906
3.265396952393182
4.274117807292967
-15.554258415566892
-15.184585509903986
-5.9180002384630335
-0.2057349177740022
12.858710834096868
-8.727567661158048
1.3626180764114437
18.561258665142937
14.002210206366193
14.034547678422442
-16.12453693304911
-11.054225320706248
-13.36771077735872
12.388832851897575
14.477604990858765
-9.033479951995398
-15.66880941934684
-0.2846775011900604
-3.2096372509840876
11.238280334721846
7.765724568534267
-11.199139828322537
11.02217270162333
12.090810763381675
8.926302373240812
16.232740666966457
11.323553762194365
-16.077388017057565
-10.854738858195066
-11.190079630595973
-8.964635716136332
-6.233442866974546
18.584631568464722
-15.78213423140895
0.29419522923701535
2.847429206006886
10.427070891548635
18.868319186751805
8.97060814375591
1.9025149486404231
0.35658388277576947
1.6259167081389378
18.78986089665994
-15.265754213564415
2.4106096059667834
-17.162111675328752
14.13766218467169
-14.058850858549183
-0.9153452463885969
5.780725569591503
1.469020021094419
12.54407428812263
-3.654473042953125
10.98100908953807
16.996157127593044
-11.62677664441594
-8.391623395198282
-14.89243190950329
16.050343022529425
-2.54348549333427
-9.425690564813447
-7.923223052535157
7.601735575866904
12.75164853842999
-7.152956931784139
-6.138254025877302
5.043732040881327
1.6080925885971666
9.562080214925558
-6.553526809819136
-4.627763957144637
-8.239012418376905
-6.027342865322588
-12.394714018098005
13.495660984818791
13.783526983930962
12.085048404792474
11.172747667445428
13.189493802569757
-5.965890651183386
-1.5932832947473656
-18.127099880682923
18.57963403724473
14.374390274903412
13.951593474369531
-7.811702741305728
13.379582494702483
-19.434904200274985
-19.446125405100098
19.402545880983673
-13.727048105662071
7.641590441796598
13.637080071391466
-5.419552958941193
16.693054448604876
12.778910743453523
-6.922708964310743
3.9936818882106238
7.637916821303158
5.77009891399215
-10.193521592742423
5.944706771017039
-11.554677434970642
-18.432229350714316
-6.902302810616089
12.017271840457653
-15.427875458532675
2.3272803656935324
15.374676580203506
4.771179091154764
17.49464120698527
-5.015716421711897
-16.055320367108013
14.361291712547946
5.685681709389151
2.504863686365411
18.69622500679418
17.64041037245476
-0.43417809093196524
-10.142962646525046
7.1134007206963865
-8.788053807712881
-8.627548428137736
-1.4865058017349533
-12.838833161149799
-3.681125837207478
10.415620522418667
-17.407060036989872
9.864272807941393
-10.17399382231428
-8.895785850334278
8.379930282646345
19.339833374439294
-3.3694616981607197
4.1478195522136545
12.420329845384622
-3.588398817849793
-19.78679405671507
-5.852707379025471
-8.380680380993528
6.778909164549823
5.333899169832183
-6.509870452172461
-18.617271298661823
3.9110037448508272
-13.247320244708835
18.20215827257762
5.093657935524149
-17.526140318631704
-2.3747479953519246
6.156656007458956
-11.175406339241567
6.731926177170241
6.222535343657736
14.895049980082518
18.838174224976775
-10.851363354460211
1.2374076388157071
-14.659241641309674
-11.63618361399589
18.82298732641044
-19.444751410543176
-17.590955537603072
-11.720388885818407
-13.276945167186467
14.893844524590023
-16.738484927133918
-19.20540641011723
-9.471916380909615
-10.57960687603455
18.822739100533838
19.33123778034654
-4.339732326159563
2.804303407068449
18.043501596001768
15.81764400775932
2.972276247195129
18.609849649184596
12.661866323989045
-10.316836322471993
-7.212097931160169
1.851165609868545
17.82182702196601
-9.081230708957278
18.757155277259614
2.0696021510048155
2.2829969093023905
1.781669233498846
15.557526003454598
19.482727275575776
7.585991617965895
6.159576934399027
-19.805632791267517
-19.510538193161366
9.51223726811461
13.677903189583162
-0.7932903493503609
2.2772133347082573
0.1312640817194577
1.2504447561259688
7.092951455957554
-0.13720494382644333
-2.0656816438970402
17.350232372808144
1.4858335861766463
12.055321637583539
-2.0533347041847065
3.3228049784756486
15.462522122622453
-14.705676141897875
-1.0865184839271294
11.08108492006047
-13.766345946451377
-11.744564265613583
-1.2693221818993052
-5.011502419757257
-11.92584828900289
3.067489802236665
7.306321318510687
-11.523025892409766
-17.0655573580214
17.66440951282067
13.421750093076533
-14.57089934240734
5.266902007586705
9.53491292580777
8.45061342047767
12.775388443478988
-2.96203923109006
11.808434905254806
-8.602260884189805
-3.4035053248252396
-6.551052600381823
12.632318696932693
-18.879028005887836
15.576538836032945
16.277702376148184
-17.826198673813177
5.883392756823348
19.29910896557005
3.673816505928027
-1.887963225104187
-10.323569324029084
-3.7222777780098824
4.9870145827347585
3.677856014709569
11.95317683578336
-18.395587120691324
2.641531796643349
9.358810928406385
8.742250161394335
-3.896026752221214
-2.180519851377369
1.3893620325467921
-12.495945588777522
-10.673760555030608
13.8481508419204
16.967481073404677
16.996484449439265
5.600557367038242
-0.8170336118888812
-16.14785286677686
-19.156854025563334
-9.172943184367082
-18.22467421091053
18.81297041093707
-1.3649129274818677
-5.588212044606928
-6.726446020678605
11.38663449989751
4.712918509608684
3.35815586777095
16.208478940160298
19.31257249449898
5.926295893691016
-17.935353744390557
9.184943477972052
-9.605577438671414
-8.854359782979632
-6.057673010307415
12.05315947689273
-2.3039812838144904
13.477881424186037
-16.04714813488542
-12.546806739346916
-3.8597561186334737
13.653557481895461
0.2816767048642319
18.25776574981151
-4.382439808371515
0.6768018931318807
3.9721106777610835
3.027630219571911
0.6933145562296517
-7.988240990385741
-7.140352606430778
14.317657704591063
-9.691312230842462
8.197519353944283
16.671032412257432
-11.648312287580502
-4.938882648280103
-6.473923418716847
-4.725197172585434
-7.517060707684266
-1.4508709537818945
16.991904203021498
9.02224975115383
13.731298137058154
-4.0311111440846314
-17.808126808514437
-6.141319887993383
11.948134463325854
-0.8893449874459591
11.374047530656203
17.837088420689568
7.704637518796808
-6.626586813387467
14.254574116287948
-11.245463127143696
11.057399462655006
-9.213374261391447
8.909278674418776
-13.361080398133002
19.840446454176572
-14.066262187324043
1.2523737085534563
13.784087909416542
-5.269027266263425
13.224988783939075
15.929569376063156
4.104250575974714
3.1408004724423293
-6.869181341925085
-8.832287106304824
11.888433702553233
19.598234953234922
17.798585449787794
-9.737131470909786
-11.65288215811023
-6.63489855872009
3.845346975319657
-10.430488727446896
-14.677804214574728
-18.85880147534491
4.015120905997243
18.649849687956127
5.115365952080463
-4.462605486757081
-14.504841252597975
-19.731390257602772
-6.263901551398941
15.596454332069442
8.592880006436769
-7.37952027858376
-3.029774097747506
15.500271773334518
-19.402319540585722
10.97104983924342
-10.895159497631566
12.487471608718081
-12.70517435906758
11.907461854798164
7.43743412478873
-2.1913554401212743
-0.29365934962656937
-11.704405708703899
-3.575090279657047
7.670467293688702
9.148200285403185
-2.0024432061116215
-11.820108684985758
12.87167910791932
-0.2738444577187984
8.686818751561901
-14.362924621458347
-18.51968117276394
-6.536192255880927
19.41286747430444
-7.694364886760914
-15.36146917404504
-1.998798207383821
1.8326219107856723
-6.4704091240764185
4.548611297324882
-2.1839757750223576
17.953384035197303
10.824946636677435
7.609865707948437
13.499606943074056
-16.6857449422552
-6.828260593549814
8.0116556350942
17.5817021691875
2.787970751118479
-8.09185264300532
16.132529165089736
6.706358592750629
1.637722781715869
-2.656257138024337
6.183662799825523
14.087819015155048
6.911649658665041
-7.040050257424726
4.942635424599761
11.27340971622624
10.536561090370853
-19.410093847520685
-7.632417820607053
19.662227520873337
-0.0071824688464445785
-1.9712180551787064
16.17751071073193
-11.836621204407525
6.358090136412457
5.263568351528718
-9.693165057352996
9.435395830149726
19.046347365183045
-15.080490446478073
-1.227091690260309
-3.1122528946659855
18.203726864823828
0.19443460342584729
-5.683433196061088
18.3695543935317
-8.568985265827038
-15.143293292990858
-1.3597542199354073
8.850333647871174
5.008903366359391
-11.10208031657642
-8.610614421404424
-6.373075651346634
19.852232269689367
-15.558645915640689
-14.363489301373281
-6.329186267045008
-14.651017574472395
-12.685479317204926
-19.961320956563043
-0.8578749377956818
-14.322936157973638
17.584860609114173
15.834177768394127
-11.709156016128727
-13.30100848536317
-3.908245376641318
-19.048882453009476
7.885640519541202
0.9483783463163888
-18.885804109100604
-2.916493211905717
-13.60756112545154
-7.14558933864485
13.739978260399603
2.8727483041794883
-16.73030104169431
16.373753172107932
-6.890441662248357
-11.135952397668234
-5.098886045685509
-11.797077729718538
-15.647865139213515
-2.9482292731254525
12.575944809598028
-18.497617414067232
-0.47542111910151874
-10.346014208664185
13.93546779275568
10.528641012789368
11.411173944903634
-15.582412644333537
-11.242647489632631
2.2449384259308225
17.361678139352655
-3.1220710379645027
5.906154896204335
13.129498728183094
18.794962567420114
15.92365395834085
-14.341634033666303
11.74558073711301
-19.412019328075495
3.30890101834186
-12.058155217773173
6.012038168426006
-16.591499645433988
-14.334920661156122
2.4904898803444624
8.035473183173742
-18.0309062758229
-1.7634285336111866
13.860985248748094
12.43407576353502
15.971446855481801
10.682297633570109
13.650649422663498
-13.646578664640522
-1.3923670467524545
8.020375326418122
-0.054978146938722716
-4.598441894386545
-17.14342686017797
15.694418368602456
5.430289609583564
-5.492773996424681
14.069088491204397
14.994325869272117
6.7858811200477405
-15.799186494177775
-1.5522910560803211
11.54062062002929
15.210160935632558
-6.427991163284364
-2.9263115061452467
4.469817915955801
-18.144278677204877
7.521147165716663
9.032430427610226
-14.827024799886477
-12.303343052964472
-14.26135008596523
3.3533663997238676
-14.267719962285202
12.597515202918828
-11.609155605072683
-16.14310906667979
-2.8777754957788524
-15.922908261252871
-11.996792672035305
-7.705979962354075
16.44229265676008
-8.249526471874562
-18.86528518204556
-0.06987078336018726
-5.799833683170505
-13.575843604066936
10.127848137074132
13.325318381388051
13.390990228963389
-7.662040225629735
6.271950167531948
9.023495243835185
8.270623278259563
-13.76811830035765
6.481073798946504
4.636671382531237
5.359863309204059
9.89673903328713
1.7032529234476392
1.5633765294172797
16.609920861058384
18.866441318226663
7.471912484320441
-11.027931375220819
-11.202734723596928
-4.317206561696324
9.32131997014158
-11.309297716176335
16.173141953647253
-9.192266624080126
-12.93297134663787
-1.6841308842055227
-14.114870633075402
17.848176219247584
-9.375831480423722
-2.6107937773262613
0.2607952297692364
-13.632251007330947
-18.24680470251224
2.3190399461087132
-11.193928486485788
12.47984989515588
13.25052847051721
7.574601869715096
5.26042700445705
-3.54576563630161
-19.122986691171224
2.0432688224240145
-10.391555518657988
12.042480383188582
5.271249503228454
-10.938752692099527
-14.990488754204879
-0.49360061818267553
-10.111049743571328
-15.776289105782798
-12.669797648724757
-15.69157286669606
6.253038633664666
4.612150001844789
16.824718603303488
-2.5219861371513375
-4.957708810358739
-12.508601798466081
-15.901998643890408
-12.111726472625932
1.9608793129682667
2.7924273043315893
-4.957078941005548
12.833599901483545
0.08453487803615545
-7.7060637790366115
-7.864512476706631
0.23840690183352464
-8.047203451984988
-15.724395205130604
-2.887655812055435
-0.031829578794436486
13.908724923964051
-6.115734100564762
17.41478110828365
-9.219712212394398
-7.159158388869491
14.298605011831413
9.676570977250456
17.751752737844754
11.302624429418305
-7.84437870432718
14.714673006258629
12.75944757377205
-9.202149194133451
11.061475831189888
-5.060351271079174
-17.765997795866856
-18.872672743969297
10.236647469808826
2.849854678359552
0.9832590213651855
12.901229633949647
-4.020997358429014
-3.453003263564092
1.5112867216768464
-12.207399361427864
8.42855763802207
12.229872661974213
-17.659454858638576
-17.772414806603223
-4.713391307105553
-0.6034347030982943
-12.832921561612011
14.72109029166203
-2.624468187271848
14.017344850839713
-0.5441915585611383
-3.0146659729833445
-15.600408531804533
-16.85446638024309
-10.92291696831679
5.718113172961921
-18.290134666279123
-14.23841491992202
-11.377367697616476
5.972899787515104
6.619086443666525
-13.501313313217409
19.465197169277076
5.227233492113147
-16.86357233581421
12.544351701365535
-7.171307825161959
15.194964674009498
7.611576839512914
13.788068248619929
5.420216570473354
9.434602203342951
-13.26560696010231
-10.719472041014884
-9.612558819270397
-12.607777841462905
-14.113381481459433
-3.3961517678308475
-8.977760683686817
-4.658560751867009
5.146618080825775
-7.912522585538175
3.1689312181953113
8.671567058939882
11.983443411331713
-11.732584544456035
15.993729770544057
7.1934873329580356
8.61088501044723
16.412459019120178
-10.961540158226546
10.752540006082643
17.078168931582425
-1.1203435602113885
-14.71857571130168
-5.561536171299185
-16.14147383358555
-1.145778518309072
-7.792073959357886
-8.35387978400869
-14.494900258162478
-7.202750434236265
9.41401488005156
3.0063494430853233
-2.4507733674506866
2.9430672490948595
18.839818914649328
14.81928054892073
3.2180228169549565
15.432337845440813
10.155453952477501
-4.0444977032315155
1.9853194795979547
14.0002355358695
-12.148063534615448
12.427313165952242
-15.864115997336832
-0.5164055453412253
6.0132530492503165
-1.5834019575102687
10.297409209635717
-15.908346060253532
-16.421540643758505
-5.50208985183756
-7.51761609076488
18.363448463135022
15.012064142124004
0.8605293799434399
-1.024443315094004
-15.469693868882835
2.893470816357567
9.65492308982617
13.498839913018188
-11.254210003710273
-15.743659684042388
0.14513154437135256
0.12105462050485016
-16.24119712098523
-1.228420702811853
5.443963485328204
-13.174709683735601
-1.7735960308572274
9.209406661341077
-8.741443648812407
-5.701173467009998
9.683860579734223
9.559702385035152
18.78421417108524
10.05808106461426
-12.003153035726282
18.042985160097537
5.883433900656307
-6.9628219787367165
8.881601619869741
5.402283702337893
0.029202885539056922
6.87597465986326
-15.107908778981653
18.12344884629028
10.824167826882125
-15.327096090656106
17.36622779974749
14.374017045252685
7.785430016809759
12.919645282971658
-1.1379094151958533
4.270292150841399
-11.937318924816612
-7.122379323555105
-4.162448090651502
-9.205300251411606
-0.3108482581071854
-18.178518107513316
0.4977290430901107
-6.95163562474332
13.051866481012603
-15.332854912051381
7.320069974301383
-18.91227715085073
-19.123410746464845
-18.257508419654044
19.244710013473608
-19.554105607445564
-2.649514793605473
1.9219653720885645
16.60614481669542
6.895384057433208
-18.057770372868337
1.247149743936646
8.67662694289649
-17.284437040526768
5.688439552982455
19.94013772286098
1.6032668121763471
-17.799232255565414
6.135116441094013
0.7117378450472387
-0.056066525270214385
13.237618149790656
-4.635480331218517
8.208289885588655
-2.5843513068680615
-3.1381889169666657
6.88991359623142
5.941504336689732
-11.66712492216468
-9.592897489312268
-14.944783421310879
10.718579663077733
-9.59027788654744
6.525227171844218
-14.238816113960485
-19.636305576836214
10.221259223930446
-5.741810231803846
-9.665554750944608
-19.730371796247255
7.138335006818039
-15.016662876297392
11.169133422704512
-5.6767351117243905
-12.544548873386233
4.96562724525749
7.365190721641728
-7.088868003286173
-15.347294131043245
11.125531566167552
-4.2299474874977285
10.185433016530826
6.338854020571205
-7.312278046470144
-16.3223637623547
-14.037063773125329
16.584169541193695
-8.269529892309432
5.426047043225594
-19.905181975841856
16.428588067510503
12.12513176667936
12.40573011537522
5.760560811555571
6.413114244762788
-7.5540304301225305
-18.809869278882474
-0.8539068425500176
-15.203985125525797
2.975299462737027
-19.766194768961203
3.4582322250780777
6.120527844403746
-13.336543329648855
4.213965604782601
3.540953671823125
-16.57354458596682
6.698507749934315
12.222621554117154
-3.9493532502320896
17.52670725842411
7.597954646871848
-5.517307232358029
10.236074535878782
6.995272217628504
-10.241657537989886
-7.495048964917901
13.942088937051281
8.405197783342441
18.26671032405433
5.455781276060819
-2.189453077382769
-18.44966572917096
-2.61117345616778
-9.29285868224678
-15.825365707824686
-2.3608051796674623
17.503821457933796
-9.993694955332115
9.176622053767929
8.428515528370827
0.07462299585300869
4.450974547976312
-8.456730155984031
-4.098111168389416
15.406147181044638
-9.99994685781794
2.228159676120626
4.937073640185584
14.922388457308074
9.031896048295415
-10.136853365180848
8.174484208771453
-12.500756721503908
17.279459869124985
3.193006520121955
6.986231148506967
9.726149706551492
12.096091809608701
-15.335887390414378
-0.7876111000688191
-9.04843568161914
6.785416408625423
15.242233121092127
13.745930993442393
10.558120599278865
-0.7698867025327836
5.83773443135248
9.919215060712077
5.473843796462017
17.789064841718613
-12.842024097354274
-14.062757614758969
-2.1220378721058566
-18.492579451360946
1.0437318405840479
-6.304060606982556
5.785058607027217
-13.516802377210094
-6.831420389131363
6.577429615975042
17.57733249230708
-13.08307180980265
-7.771308191522603
-18.217728576871703
9.721127485536847
-16.827532944335893
-19.587872628622147
-16.090169415472335
12.011119182391248
2.289307664357171
9.700134529497127
8.23965286687092
-8.827750752956675
17.08660805535638
2.138274451264323
-16.093971170851056
0.322925180142299
15.539375473555054
11.219678227489219
15.710731751617885
-3.967791619783018
4.367761766197127
1.190686357007813
5.31942858660317
-10.78983594118971
-4.728170399704656
3.437357900328486
-17.731618480590292
4.592232776815614
-12.580721172800269
-13.868376124447632
19.791348900518727
13.791948292329572
1.229496073749253
-11.394511499209944
-2.525685362999166
3.0661045871742267
-16.57987036930311
13.738835641639064
13.502165080830096
-13.93302708082922
13.011103421195166
-13.083738547878712
7.6299738469871095
8.531765364979918
-12.984399487888489
9.068658639065369
-12.364221468329614
-10.260627972918325
6.855379406239756
1.8803607353414478
3.6678235881237775
-1.4684684918227298
-17.51707740420875
-6.262631176771961
-11.80019855355722
13.749624228908893
14.295243286993312
11.743537698405689
-11.659490381936095
13.710775716978475
0.01811276914487081
-10.39968040680677
-12.020524947959835
9.97395845290962
-2.478843251149435
-4.84568900681959
-9.962473118686997
-12.35840631286285
-17.244657550126327
-16.21318061099541
-11.331567862254666
-8.978107354415172
18.263587964024296
-19.838891371602017
-5.487825566859193
6.713097180860103
-14.621258779779325
-18.153315223434614
-12.399073994441782
8.120298088316545
-11.601014800835415
-14.781402624376053
17.65484067218538
12.625752244571409
11.562879976728407
-19.070294555284462
7.768349278932956
15.747126122329156
-10.840101688349728
-4.763668325897017
3.55676343051708
9.009943401959891
-11.613324882615972
-1.2090995204462374
-19.980765967977785
-4.87220025496503
-11.235194786420823
16.03385079030445
5.466894526581363
5.755472867019591
-9.783665881040115
13.934213697020667
-10.125638130901145
-12.079901378644378
18.323717022361315
-1.3286732368428815
-5.399827064038373
15.831018003269158
3.00467280668693
-8.280695113080867
-19.358058976267856
-12.966371417240063
-2.8657256703146814
5.367149824695527
11.511350401373498
5.753786170375665
-12.186214489387947
-17.637250068126757
10.736721575646143
0.8412106365005876
-6.083181611364905
18.194311498916484
-7.135812760623459
-16.437134906552792
-4.603467926297146
2.702958364066088
3.6491315129630664
-18.430419934621742
-11.1976065998675
-2.9745367744610007
-12.755095033636259
4.023158261893805
-19.707853288152933
12.099467568039621
5.026787208288646
-17.706786550674604
3.713352686500752
18.55432126095159
-6.338793272245052
7.498378910740119
-8.497746047653374
-1.5780067441640178
-11.99891135081061
17.316209662981066
-17.92355372876978
-13.564474599293103
-18.933294590089346
14.075211070586391
-11.986483175880164
13.413229102682621
4.811762341664128
-17.918827321865933
-12.17491965451298
17.346257306351006
18.272879679486138
-11.923039506745038
14.29639505363346
-7.561989085576286
7.040758648845792
17.883641357117874
-0.8579393352123823
-15.160387705550233
-4.718053655060768
19.687101712325138
12.383891514049495
-18.17663600166547
-2.361921757299868
12.857241503207334
12.159438109531955
-13.426782145254652
8.29941323873587
7.200342176065412
-2.3665732460317273
1.7546194568432405
-6.8498350869536075
-2.753594623317767
6.442447016295464
-6.71689408810229
12.08516259851612
16.16407468592321
19.117844190418097
-17.034641394621648
17.753616830402322
-6.277331582846713
-13.009183974153164
-10.701668578865938
-12.995767782194655
8.2489364333967
-4.371173754922118
-7.778597623000518
-18.14553534492618
-17.395768720284842
18.237384489035264
2.067743301788166
7.8726615473833235
-19.145883512688417
5.04229488008313
-0.014046848963282343
-1.6124981630545
18.089537616779808
-5.462599675102968
10.973706646768264
9.322796318295808
-17.96574904547215
7.843135163779017
-17.706963158642534
2.886157019881157
-2.705418748210967
-14.949786428071693
2.8566687853033876
-14.915120873756514
2.325823471231093
16.01572727377851
-0.4131780693688185
2.5889046582055713
17.355751535091414
1.6105405524070164
-11.0044309247343
-9.312357849001845
17.008469138502527
7.73784100962834
-2.324197203145985
-10.70177534910989
-3.2481031908877256
18.674625219337443
-4.225457104105965
-10.196781868549722
-0.5739429182770479
17.617796205305865
17.029652055455372
3.3835404210115456
-9.272731193752142
-15.053800474339978
6.892889036138609
4.245764715982908
-11.290277432669647
5.284658506687336
12.796764742238594
16.99837711163945
-8.016413959366577
5.52775275618691
19.873287892769945
15.16867706806439
5.304635837671391
-11.389126409825812
14.337342066551116
17.978751479221273
-11.468086436003922
-9.754798052926636
17.948668819870093
-3.034546274659178
-12.9637337963758
-2.168146260382187
-13.457822887110819
-4.015004129943174
12.847245961049822
-9.096685819056995
3.4283742098612535
-19.644653870909202
-10.86071181329038
-6.867484666828085
-17.41538218084333
-0.8827269990709432
-0.2623223425465504
1.6244300024547798
5.10770523793515
-14.405154053821514
-4.434111687668075
-19.93190881905805
-11.338171615693664
3.58460116605821
14.921635368616755
14.327214583448118
-17.080950480906637
-11.762760631792508
-4.613545915638992
-11.1296485309121
-6.177428615522228
-18.978661790868756
9.182285924628196
13.485648913189188
-15.691545662166778
-2.3227299142740243
-17.277996955790815
14.974813300739086
-4.219987277903652
6.111681320734085
-19.922843840574508
4.452897921567903
0.4909361298293575
-15.729599472505832
-3.4977117959762722
2.1422123062290197
15.6825739523848
-13.85528971782791
-9.192967833502351
3.342155951993284
-2.878114402871393
-9.21764098018774
0.9415897459481499
0.7252125619178713
8.623353871785856
18.6840019617305
-8.816252282890002
-7.726843879290417
11.636285356077636
-4.475044576099897
-14.157011485650797
2.596031342409404
-4.813276085636687
7.4402356770050915
-10.30482013349323
-0.4294205527005843
16.637417469427177
-5.801682694752067
3.472260581174634
18.058192184898402
-5.77939400648