-19.351619124917043
17.961128682293456
10.80646585910467
-9.466645560506102
-2.6476982114824636
2.268549947312387
18.36915951492668
11.53391473136855
9.136054403958973
-6.984585772608156
-6.043034129053314
12.289167762270658
-14.247054683942943
11.855067677760779
19.40988301986706
16.198944407956603
-2.1327179533249705
-5.874789767321058
-17.13535174218833
7.271065042958899
14.90710659668266
-7.525759542057502
5.568637981179837
-2.78542275276207
-9.711839260220433
-5.924438890577601
-2.457245137436594
2.124717532208649
13.82985962305711
1.4044628011905331
-18.83527697401792
-9.346841044268253
15.704307635367336
-9.698378409087208
-3.1812183220073393
10.789872931795749
5.612505486631861
-17.54742768983075
-6.953762503079268
0.08717666913554112
-18.338011638707734
1.4100810858793302
-8.940102307925226
13.842448738163618
13.271070414260706
-9.717126506787825
6.058137052251826
15.125966985614149
-18.43422673732131
5.154606816591535
-19.343677693335202
-8.289119751326982
-5.949625182633188
-4.179012902308777
-6.389852180011427
18.17513867841084
13.293283634946654
-9.924934798019066
-0.32680334672597766
4.399827588320278
19.56169073997215
3.9558035400737595
-9.881557273706875
12.726093871364327
-9.571480135282346
-16.858764041704987
-7.693485366271812
-14.469749542580136
-0.42517952784788804
-7.636901661123897
-17.892730886814654
5.762356287352304
-15.542463382043405
8.159604764620308
-7.522354276166428
-2.6627393303997025
10.252713794526503
9.80857172847044
18.25272990604578
3.9274739835468395
-7.621879266176354
15.492510355349992
-11.06815907524191
-14.964518151105874
-4.132872780128963
14.471696262538785
-4.726106088370564
12.705709554023741
-2.0290616974890057
13.649504532109965
-18.841163588185434
-11.802206720390775
-3.4993009987032906
8.319435597448049
-5.231165987647799
2.7412083361450215
-13.361630542173515
-11.710389057350472
3.98692865976313
13.829500150203778
19.043626392179988
-2.2165873725533025
-2.8803386153936863
12.497830611024376
11.201693411503477
10.602589691729452
17.046054284366576
-2.6930490435370373
19.429502140043056
-1.0740779062808201
10.724439808714848
14.12250532919878
-1.6186771287192734
9.409018932362837
-13.449066109555998
-2.36132722592523
-4.8760795397483
-16.349829264118654
5.329954468686424
3.872548816092028
-6.08098327433944
8.19226925004882
4.384163907920055
-4.743883525457608
16.159906008361624
-11.381644721919542
11.518161780316927
18.795626099012537
3.97940010361987
-13.150839503488655
2.9253712570056436
11.89093264940729
11.665113053574636
-5.324203565376223
15.428452255231313
4.420942568571824
-9.032175854915913
18.44579823074443
-1.431511351035013
-4.509706515883405
1.1202618120228571
-12.258935557862989
7.3393632255589125
-11.12099263355442
3.254116067434353
14.14441924897406
-11.964395708998765
-12.552795193080053
-4.784096239643887
-8.507866795194108
-0.21248480229640876
19.23192758534737
-5.3345455077997315
14.599325812713495
4.35396861620746
0.3111103678742211
1.4599030804086723
18.546991993203825
-9.108629564403415
-17.15175453919713
-17.476599028225696
-6.08137577718065
11.85898503852421
-2.4119905703575597
7.88589587760044
16.907586396841104
-17.15826173210274
-9.573210581942778
-16.4199080959577
-4.396914528742819
2.1901730923919907
-3.4448485133379663
18.390470683218567
-3.5941821105832794
-19.916579395409837
15.119294870990068
-0.8668719939173926
0.11848011542468839
-4.095126546666341
-16.092245926752323
-11.887677371441793
5.91359252254324
-1.319404728194428
-3.1035233043966386
19.223754336262125
12.666901775178502
-19.796656118916562
14.430969513376326
-3.801810519091564
-6.6116262728498665
14.849358051453542
17.298791048800418
-1.3928304499033395
16.72797941622325
-7.465280502950918
0.5284480675447334
-4.4664477166394825
12.773095387862682
-8.237325876803837
4.342291323116946
-9.68578666220646
1.9416897445157097
15.28034037292943
-3.6295754563692313
-6.407740783622099
1.4164809344325135
7.168909743424731
10.877219975549323
-4.714332628214702
-9.263378015405674
-9.74782517863197
-12.986282854764063
17.754071575017136
9.1455444162034
17.923716575019583
-8.102017500445218
5.782715961235599
-10.449511150385362
2.512850830367647
-4.373055331401638
7.684768581618904
-14.302734932024208
-0.4282381959168511
12.812840164608986
16.430392401735816
-1.9429226889032094
13.9047381148143
-11.95558649925433
3.9385275020842805
-14.997574232027851
6.929254226795688
-12.954143614209425
-0.287436103995784
0.2851064500184819
11.08553302912533
-6.06331668269371
-7.45710036052499
2.7152051481281774
17.933151739069572
18.238343764791892
11.515841541106518
8.140151394882626
-17.31974906949004
12.108264549908213
10.175380949553027
13.549223314754428
-2.1919801166784367
18.801036769177216
15.899746308794228
2.67419983405215
19.006897297446713
-5.908811845269483
-7.689065323390935
2.4205977824385663
-7.617565749486133
-5.841544990807375
6.111198383173388
15.835735086160142
2.5698444371697136
-3.490702524070773
2.1504557173566567
-10.403084705316532
-1.8942936688296896
7.500769623732385
1.8958564783391019
-6.501856386607457
13.243521843343373
-15.753791047579107
-0.2683747183469549
-0.031733147525660144
-17.25880847873343
-8.671324609918013
-8.5883120459361
15.009191015562983
3.6896302801574095
4.533239361584805
11.349657775140503
-9.259807856224022
-17.11360169988669
-14.314935153747786
15.746072316917747
-6.047952349481349
-3.0947512394870387
-17.868716105528264
-2.7297439071684124
17.673261871579854
-14.02993687761887
-8.126730012684593
-18.36336241885954
18.991392161807454
7.550369046112543
1.7715232748769338
-16.1037485556774
16.67839912337763
-10.650780577862179
-12.981666106016503
-7.706667252671453
-12.137660027732569
-8.99098359873685
14.81335994625239
-9.354786745347429
18.618172021058747
-3.3479579670022694
-13.640695298286992
-7.521283389629211
7.575609163972263
-2.408820822936697
-1.336773054264576
-16.15619484572668
11.422100806948027
18.05413036449896
6.05868007134881
2.983738963229122
-5.2923652032206405
-0.48763324742905567
-6.3553292775610615
12.50075269580298
0.8346855275495457
5.956650416336089
-19.249993819079254
2.9445281581043687
-11.67814937821532
-14.146320005698442
9.108566122163062
-2.6242208310775865
-1.2262391130000623
18.69151386481481
18.874733866546535
13.223518439087528
-5.831444534033272
13.648793144660402
6.021613253338906
-14.737157914867467
-15.134018124219999
2.189732942369748
-4.548442384956605
12.111161820671626
7.25854147110698
-15.647148884658804
-2.7584165968160512
-2.5870891816832327
9.362691965559083
6.00066243168914
-2.129371705264713
-0.9070892475915535
-4.8818187530228805
-19.04168764407176
1.3886258627683716
-8.949547408795887
-2.8956487451021644
17.079471741720916
17.069615206499037
-4.4363771365795515
-17.995816500899686
12.622497051692719
11.860244746338328
15.599732888634954
18.917681917638554
-12.594295638281135
2.524400580629859
10.84409790219885
-5.88272941160449
15.207635079626066
10.829290248573638
-2.8690027502699813
-7.1668131114509706
13.10653930826004
7.49374639280958
-10.92394944356942
10.88816965658446
6.962347787469021
15.236707587642123
-14.992066752588865
-15.077289189733394
15.132515489250068
-17.86808106579851
-11.019446061214815
1.7410107866665214
-8.334410811712193
14.896326598806333
-19.816888548188494
15.85696762391214
19.38336525398129
18.577361736861192
8.027343903349227
19.808540467668145
-6.608937651093068
-6.237222129827419
-12.506598129597158
16.414901778151886
6.163490097410573
-4.486404907603788
-6.103488126287857
-3.4296223899793574
12.095470529637026
11.650664743276408
-7.301134364187805
-9.023346072451313
19.488334371577707
11.73059136631813
-8.7386425388118
-10.581603230038343
8.971780070191656
-1.3502551760986563
-17.33629959462767
15.085592124834186
19.276855311482286
-17.82850964809352
-5.147076916428116
4.4037441498264585
9.616182571009638
18.333184596237942
18.07541024849808
-19.595102105611254
17.457524813342147
4.328064439437867
15.47518647065489
-4.074417740849965
-7.055369333922453
17.84450066208708
3.0462487528203788
10.142046526188935
6.984683809544556
-0.009327130303496745
18.768800793207696
3.3239586600494917
-0.5623451405562854
17.65652001405772
-19.537220573121274
1.443491411195943
-2.810570513734959
15.213040517723151
1.6230125632715655
-9.708616320021903
-17.667059045343464
12.181633953977368
14.927014821384773
-13.98172623254756
18.82991671865586
13.497183302761854
15.411280295177072
-4.315689294522059
5.324236162440986
-11.972601269831156
-12.85842290193392
18.217074717527105
-17.644108746386156
0.13910413449798043
0.08617979354819028
-17.429649510041102
-13.851958368767757
12.28215617364259
-11.427831908808855
10.052891509851747
-14.375661557375082
-14.919743730949143
17.15862325663472
-15.812737124059382
2.5298316905454215
-16.861879770346896
-3.628886998000965
5.955964375794153
-6.400022155330651
-3.390116195322914
-14.108330311875484
-15.505634621786593
-13.586356065607994
-11.64939647677313
-2.4636648284592297
-15.927934009062996
9.961932049591521
6.96099442211483
2.1617921691336086
0.450646067717404
4.220661079537329
8.216513568750084
-8.203514895039934
2.9917791927213457
14.961516350072998
11.326657283625376
5.896033158910086
18.720497839178876
0.6957718984860328
0.7875224378478585
4.8243678817125115
6.336451576302764
-12.431421482068433
8.565809549902891
-12.897500144950108
17.819330412275384
-0.10136454062961775
-18.066500398481157
17.57275999852225
-13.851657548037487
-1.8817651358963943
4.941041624258752
18.602421483727774
-5.871530139121655
10.056098277956092
9.50034420581149
-4.651973320207045
0.2142714566375794
-19.882361410816358
-5.563332645487286
9.742832527187986
-17.300066702038926
-14.216120828987147
-16.502781721978227
-12.776820185872122
19.45072370504765
15.42615625295634
-5.64708770060847
-19.640919930805843
9.194068093837373
-9.017040793502137
2.3540613040023715
6.346832318489195
16.793759942127593
9.228793035885321
2.4432327358004287
-4.861944273753171
-18.007143138088047
-7.815312406393682
14.588179204681929
-16.841114067563293
-19.045724502650025
9.534549002298135
9.934992092664444
3.22769950561975
-1.0864433627897476
-12.9300259381316
4.7327841009070895
-11.811509241973752
5.213616157477951
-11.603225309729922
19.986144227348788
-7.258221929032995
-14.3378742553443
3.2657420978957
5.9764909532675645
-2.8848471812245435
15.659567216437658
0.1759973244005124
-17.737566114784883
-2.71519830284495
-5.746667481790034
-11.713127035861287
-18.754679185618308
-3.753227871000348
8.133710386822848
-7.510749124015135
-16.258606857513335
-14.663295140571702
-14.183677180835193
4.768580866745236
13.219088588106615
-0.20787187201652202
15.352803353544516
-11.039955144590774
0.8738542132003566
4.174126960988044
13.826152235257759
8.925393314938791
8.908238639927276
16.058652009806842
-11.124253027376785
8.651584025535946
13.907867149548558
-9.55895244611031
-16.684126316462834
-10.625376990784815
2.7932767944954087
7.194682343714778
-12.311664944544
19.59648057254978
-9.07868608461956
-11.893896662100412
16.14724182090547
5.226682100887167
7.722591760379373
6.153964355281897
-0.6778330137158051
7.75793907963644
-19.37710112292983
4.390838066230604
-0.4084252794682186
-9.203826650870855
2.338995828055573
-3.931816173215381
-5.254260464136982
12.320082997552966
0.6592957189707889
9.314093528531984
4.458537553612359
-13.372829754441709
9.944260761114322
-6.200707974359677
-12.549755495505423
-7.301959567554777
-10.65733056797971
-18.660417751130062
5.2224686010852395
15.894546225174714
-14.494000846755393
-9.04869391131173
-1.65293997999688
-11.559546485527928
14.538330777973812
-0.8227064113636438
15.422984107868245
-11.374025860154461
6.374179380367298
18.38474038683308
-2.9089599573839777
-12.38687656548828
-1.9448514498211544
-17.813123220671553
-9.055140447493141
18.05020819605155
2.7437605456628944
16.13316963001222
4.983112395207797
4.984905075065868
2.9149930254514267
-8.60517951168401
-17.828019800474525
19.812343084665848
-18.28507726781573
8.17742386506162
-15.785321382128066
2.0000194125651625
-15.035027498307718
-14.727842135477678
2.2902958044260657
9.187603403688627E-4
19.323736924369534
11.632808652901915
6.0241862657357
7.397781781143152
-1.5893870835556072
-19.31256470228329
-11.52760394761184
1.8725542222986107
19.64710959112714
-4.241837779742706
5.31842912525714
-13.069097904394265
12.14585202542446
0.07283500333712567
-5.867047347284284
-9.101208732429743
-12.251670318651623
15.440099999709432
11.775966409156169
-10.479437400052486
-4.261395350939829
-9.20308792576292
-14.32228745826578
-7.549322616718843
-18.307977295045482
-0.747952221597842
-15.267392989946252
-9.460728966130976
15.938850510637856
-15.135430030924413
3.6405204897621104
-6.329624572751186
-4.661947035236835
-19.460622593094374
-5.7458105244491176
-11.916065230198845
-8.589697729004659
16.557694557610823
3.0470460055127546
-19.265100343446584
0.9350641870587353
18.815543147928963
-10.978983024157497
3.083325885842669
13.472679468835246
-8.745578796763617
15.333428046491122
0.5214788410873261
13.354895652930622
0.7236416193978954
-5.858993161500923
-9.427231617992241
0.3342052630770844
18.639055885916065
1.1478498449495724
-16.69920492074675
16.429288735295785
-1.623277639307684
1.8847065286518259
7.226935292445486
-5.13071202765822
-9.89613279183969
-7.4613080189659975
-0.7810414137288362
-0.46900160641871835
-7.073582334716008
-12.261221920592554
18.429643722288645
-11.647918170686724
17.848300555561472
19.106976826209852
-7.938619889135769
12.695850899736143
-15.342180312877275
16.31231874636527
-5.276707851009409
0.9222903327291476
14.876113970414139
-17.554055845613576
1.776775250938659
-2.1460450554551826
-16.806362496708754
18.15661204654488
10.965156898250644
3.1277761501113552
-17.718951224679728
-13.919541034112477
-17.432523844038116
-12.933580685832418
-11.356345811270302
-14.591244674498803
-1.619811746624773
-9.337841571442791
-10.728427776425672
14.187749236141087
11.133881770740054
-18.54935568189649
7.216509292993397
-17.995769060828923
-16.393234740802992
-18.296230125805852
6.310105807769915
14.309180712542691
-0.9796908977721017
16.769301978516218
-19.44873593666253
-10.535323482808963
-9.09579154601242
-7.07275502937636
0.015340929074380227
-19.22169522477914
10.672742931601526
-4.944336144800747
-12.503953115538664
10.136525074133726
5.997386584289558
-9.857819118760585
1.4310886564247873
-19.904064233725
19.21802701092654
-6.7864382659640565
-15.888971445793132
-6.498859267780933
14.34412979068103
12.60536771150882
12.754337602211962
7.5757977367505305
17.811722338361136
19.05928974451384
-12.05328407954636
-12.246040627836585
-17.313599860257707
-18.4405157732348
-10.73681052520081
8.595959398595966
16.31039490594285
5.5294794664432665
9.96862917070402
-8.342716168905584
-3.1322393868277985
-13.923804365186339
-18.120347745498734
6.9094363372600895
4.088784773209333
-1.5147821884985113
9.025739702652164
11.042287518947322
15.181419813807992
-14.059926365721598
7.433154756816659
10.062320148749414
-17.519208201308384
18.73017685226585
18.743235476551952
9.593404454911962
-14.229183144309502
-1.81209247441015
17.418193041825006
-5.814391077223512
12.409173959284182
-5.437956122904769
13.737255961154744
12.079610677731111
1.267762372918952
8.38448950782626
-13.503177808319723
13.292701991616944
6.490357386584126
7.725108439962007
5.07670926219982
15.772086896558747
-19.461945907964502
-0.1369334366676469
-2.5413509152900993
-10.023319272945432
-8.67227648293074
-6.573221795336934
11.805969353008127
10.859755804339667
7.899203832229386
-6.320945540717116
6.5150208488115595
-18.653951236855455
19.236754276350645
1.2506765419428767
2.4337691169763254
3.57241669062968
-5.326739242803082
-17.253738591402197
-9.81759595085952
18.874066555310648
-19.869772271481907
-7.857952326079296
-9.706544868152513
15.764308557207293
-11.777426433014305
10.827254457942747
-8.243792078794785
16.870949414376753
-18.049432764237764
11.781918946497054
10.708859370713391
-0.14022769647018762
7.5326317650306365
-11.608565550212617
-5.424443417335443
-15.329721782003656
-14.7767789703884
15.824774135100476
-15.107916184876068
0.437707928544242
10.176728756206337
13.340412086863203
0.15309686933654376
18.83018179150622
-14.352926839533687
-4.478879750819726
-7.7022422945128355
-16.880259976961234
-0.6591270044276669
15.521635404650233
-5.256535820415799
-8.273103369822827
13.126457325747424
-8.602218156439076
6.914243466441214
17.191300920610672
5.263092078359719
-2.4840524769009207
-8.93636570907104
-9.099960513215608
1.4635964621483026
-18.55170857143028
8.748600315233702
-9.037372230192018
9.847441992990444
-6.553705481605672
-18.14160472372153
8.30446405398542
0.4654037030660305
2.7680532214065963
18.284836742156763
17.793432737197953
-16.983487355065066
-11.852697384880138
3.241654872722979
-19.932143547334586
-18.60310669889504
-11.74366726176383
4.604666793745594
-1.038493843122474
-5.9717711515637095
7.043606501594226
-19.556817051002437
1.4811496265598905
17.90318827913451
-13.7172742613572
14.347615891050125
18.19154706310242
1.6513489689238448
-15.791372230169078
-10.194277013928446
-1.8766678223077733
8.552902803587394
-7.049726275516232
-13.006775613414563
-7.10649613977532
-11.250862768078775
12.794271845096183
16.93341066845592
-1.2286198504037174
-1.5513169937743
7.681523186252697
-10.453792814161606
0.17239368485869733
9.901905898234652
6.697164289369564
-16.31945896846283
-7.350846813663164
-16.14307523225645
-18.752256484755492
1.2237611849862482
10.38846370347678
-15.383317795619625
-16.82374781968236
7.514296675145751
7.540522903340229
-8.57933862068836
6.309389099911829
17.320757742964844
3.5858512100398983
-13.651695701147627
-18.545587570424416
3.176204381606162
-7.673174232257551
4.141208791013899
1.8413832041859521
12.32419523537152
1.66769987836431
-5.40437476163711
14.059038779205089
8.56025164696678
19.71439592664126
-7.891015029030974
16.09282541451435
5.031141314745394
-12.297103094202203
-13.202618710534262
-8.595646394098075
-17.498171667548064
10.113757090375728
-14.876050119494963
-0.871584823836713
-18.214651683942193
14.780654494325148
-8.421904671165548
12.3759304780788
-6.029730699387477
7.997250747939258
14.250689814896312
17.19009590514193
-9.262712260678953
-14.628024890338933
-13.443714056125513
-8.223470353211866
-12.332428339214792
-9.705560503520466
11.830110479654287
18.660706964592862
-7.480340955020219
-12.180903174492164
17.63527750537824
-10.673457101742873
-0.24018668887481454
-2.116145665009377
15.426914158741248
5.755750529362903
-17.408079379937092
-4.228239793042988
12.31285899664136
-13.543919764032811
3.320091256337218
13.268066948633106
8.540656605861457
14.874403012726823
13.748640261912477
6.632891455461369
16.49871101185198
19.019980858212293
19.99852378256724
4.930212534167012
1.6683561043499004
18.768313951100325
-1.2131153662831515
-6.265140079468029
1.322987954344228
-5.7603938907189765
9.234158391745638
-8.592396652538575
-0.25850531864624315
18.600173878583156
-15.544629314357326
-13.35158308424564
-0.027296213233164224
6.275197607835942
6.625219803706642
-16.268531691038742
-13.499821533822459
-8.818200540952787
-8.761494685748424
-1.5115095071819695
9.67796603954983
10.547679254695804
-16.79639069820007
-5.586994887978044
-0.36200016139107305
-9.530794140860962
16.074828530086272
-2.2391616606287528
-12.041503164875152
-18.073051621088787
3.9395245639778906
-16.31620254146298
-11.86980459390269
-15.423934571928681
14.150358232866978
2.7085867275615563
14.538383424395008
-17.73611778250003
17.34150518702711
14.113464558529117
13.735949085901808
18.92518688652624
-17.35825253593567
15.079664086208453
18.697840969701083
7.223603438764247
12.661477470210365
17.480502254368183
8.766674488247794
8.217457271619732
-10.415295879288088
1.2311239502920337
-8.515457089106931
5.015724222935933
17.857765278634126
-14.548928982767958
1.239140753632391
-14.208324402167438
-10.040327405689112
15.843731945156733
4.220726740624766
17.567469955967063
19.401350767142247
-4.388980896725375
3.2218538789537376
19.284946693239917
-9.983054789447475
9.831223644844084
-19.820546352896393
-18.533773353004342
-5.696882005130291
-18.941459775609864
11.857130644041149
-6.64889026937737
1.0534306374390994
2.738060025614871
18.649549270375637
-2.4548578493659647
-18.06599946047134
-17.42900559256872
-8.225523030318218
9.118297204349041
6.716397078039414
12.449453560232755
-19.224696210316342
-11.495629045072793
-12.15388625227487
-13.792786966187403
16.433851365402383
-15.67053163355515
11.346645515174892
-7.903736900445653
-4.911651688313924
13.889265337004353
18.789782809939332
3.429301567382513
-13.398955180135514
-18.809796592449146
14.573095859705532
-3.5555270396739616
11.04910145043176
0.5081958889924856
-3.1852886851235063
4.5065060624768165
-17.483582163199713
-0.7728173867442294
-9.882489919478491
-9.98593581716056
-12.8571190087965
-8.173787502393033
9.065423881127195
19.546110811528848
-1.0122458226372686
-11.068301943923435
17.714550994685155
19.96424614373796
19.13887066749505
-14.326124565196373
-16.15731542694938
-17.13442135073909
-2.167485421640176
13.641923214794744
-14.76284753621426
18.472671109961702
1.860198344357869
-4.5720011709668285
7.777686424786985
16.09744983553199
17.996407225305326
-12.290418348657468
-3.335962659894818
-12.450390548209946
1.4579792719568907
14.538304566321436
9.383165325631158
5.813390275376872
-14.823676085222184
-8.058019724060959
6.461864040360702
-17.89171713556324
16.461153587088674
-5.511953798179615
11.548733213783386
-18.65592325324088
-15.44823795648039
8.268731079712044
16.167395115368095
-3.659428434775066
-14.787126040368337
-19.527645714914946
-19.821758097638682
1.711720676667717
4.553808425500449
13.011038169408529
9.877108759531886
1.8125675769142013
-0.7357528207205632
-5.091165754523672
2.4614766941394493
5.665340666777073
-11.665532988552947
1.963749315273759
-7.6769621920136935
0.2508703032864332
-15.44855320562644
2.292039800121618
12.900145399169467
13.993256419780195
-17.1067072418925
-13.282132660761302
-1.7225202021409913
-13.098769529835312
2.914595706052854
11.025750104285585
8.206701165065017
-19.447855712067703
17.224654882104893
-9.738162799159117
-2.026413080858159
0.01661327382878497
8.944574846492568
-11.800282484481954
17.274116337848135
8.069566896689345
0.8223391017054666
4.817453269381513
-16.49271418958743
4.374355461909634
2.0534910800392865
14.145030490818954
-4.981386028856116
6.386411451049781
13.26314197839912
5.197110897657112
-17.00434212789422
16.163656541267514
8.89932354366266
-6.299613707419152
-8.458495817781703
-11.23782364473984
-10.551591819266344
5.2525778661844384
18.43586767974854
12.557601877741781
0.6973037349558879
16.785475952899887
0.46421502379818236
19.9137891110595
-14.626247387368675
8.017917243357644
-4.772872067722798
-7.875169014486211
10.93464608864084
-2.1409562987763024
-5.492430168336684
-9.530857590016337
1.652216564253628
-16.79402732743624
18.072108346573998
12.42646797568895
-10.605700175853038
-17.665838576984257
-6.642431408405365
12.033684178749155
3.413661525405253
12.990298679372316
3.2745992231846586
-19.42686719920416
-9.720588048551818
-3.7040075789225035
14.49900424609666
18.326044079857397
-9.931800706279091
-14.329000673986902
-19.27587277573023
3.7600546730905364
14.735482581048998
-5.588525967270632
17.77176422529739
-17.676978785478852
-19.320386975432314
16.23375619305331
-3.5073006197899304
13.192885461614352
12.322827089585367
-3.9586824457200045
12.441487425078776
17.76931818153944
8.883262546979367
13.854926494053387
14.959385026000646
11.574600435937725
15.131210288522283
-2.045000264356137
-8.255154183136932
1.7510409936069777
6.379171673030925
-1.5981244320355437
18.394898794959893
10.676154662388871
4.233332544881353
6.671839506043298
3.885769530491771
4.078165328797692
6.930042704148683
5.709445542659402
-10.828228896556325
5.209387675514723
-2.403010492500492
10.975652938857017
-7.359555970118375
12.594919828990633
-6.722040718649902
-12.41463394456015
2.5114296149780344
-19.379259056305823
-5.9252476974080395
-12.473846221254593
-13.047844254681
-18.807577501530048
8.665616342138101
19.31338144854807
-4.0308598100208
2.000236349714278
7.714325996776527
-10.25937951061914
-19.813479343007103
-1.544880313675332
-5.598280390782634
-3.419738613883979
-15.051819901952591
10.163974071549173
5.139046797061045
-10.291030751386998
6.690542994058273
17.577391151691884
-18.045736217366848
4.46718629880451
-8.02938654786923
-1.2492571723863293
-15.583088600063242
-2.7918300312753743
-15.045615685424686
-17.631804817157906
-3.984773525639614
-2.2172391705149437
0.1935575198289854
-7.903845489329754
1.4865493993695438
-19.721563657673972
18.446040101608105
-18.118245641932013
-11.320658230664996
15.028808522180341
-10.233335939752891
-15.975881115348457
-0.5722627723652565
12.426104085463244
8.751430342077875
19.19120942421476
10.362361398964651
-15.981192788987082
11.16311792689881
-9.652629201983292
-12.800614961622575
-9.136998037925924
14.166336802293166
3.9354808493228646
-16.550073858601095
3.2593118099369214
13.904850962560708
16.096009944222082
10.309870074487787
9.985794188111083
0.20948137729505234
-19.16553619190381
-1.2803157445905242
-10.894796430065451
19.85145511602471
9.179356887497882
-1.2989109430074386
6.815016950093153
13.46353662386339
-4.004315535133998
18.314693637568894
-7.719489428445133
-13.819934463436923
-17.98124843730879
1.8498214321791977
18.04613439946658
12.109619470714392
5.979181495403701
-2.7582387183517554
17.202898592381132
19.8222681049404
19.776699160616843
-19.630755874540164
-0.28490561961854866
-10.633012410463243
-4.380574126062475
-11.900050944045972
-0.03543845038279514
19.750624941337975
6.540311871095806
-11.684683262222052
17.988610940128595
8.517951877810983
-2.1386024469385525
12.868835157161286
3.3589060302271676
-6.758950203391624
-15.787737371505042
12.799878489342802
4.340473819770963
-14.861472861542424
-17.503196306508816
8.592739208121483
5.2550472505283174
-13.804065950386724
-15.681294915249433
-1.563432572100183
10.05245630733831
8.04436401627855
-10.808142991584049
2.201084445218374
-2.245338052879635
-11.459866592004499
-8.539471935941037
1.472478622932492
7.742650970110724
10.136345407375664
5.303622749226658
-4.56918357746166
18.82462954292378
-13.402515675672944
9.774366996689817
16.205088455248095
-6.229858587938573
-16.16338142669067
-4.471269969995383
-12.750511375150907
16.859646782304218
9.1403884616218
7.720045171478205
-8.42078739748902
-2.524216521525709
-5.475125391534439
-17.223482414752095
-2.7878581041665917
12.570176214865278
7.373937875233882
-0.5429520138321244
9.569532820805243
10.051283260288216
6.96598677399022
-8.595255841497105
17.438381389280558
-8.865290289855686
-10.805107853404841
-14.476840786204011
17.00188291456908
-8.833824978665401
1.2843333238467878
17.405010960819624
6.173408161685423
-3.952679684838138
-7.717390076167231
11.672906828928191
11.920334293626837
-16.05079085283625
7.3843002668218425
-8.347803011049892
3.8645306418247145
-8.120839984383359
-19.76786991308774
-11.51218807118818
17.083921114438056
15.558642185292314
-19.81205155726461
-9.83891196235604
15.995510623345616
10.695662489482967
-18.112490547571745
0.17664076378157745
7.680418535966819
14.365085047508948
2.6227959962303196
10.141261061048098
19.854824864149293
-3.8004001384597075
-0.3499277791178841
0.21276171893865126
4.1634829566893785
-3.244115852575792
-19.628982518288737
-4.5951051139074615
-4.285530226707724
10.949289331935809
19.909110611337574
-1.0257240880834573
-0.9708163294371843
9.847901423797829
6.932166223872226
14.994288698553426
-1.0083856645381957
15.496891590332673
-19.44315263558621
-12.813092786844562
-8.127712622568986
-13.936085704611694
9.841596605665181
13.938861151521834
-16.00379070301099
6.86955828770213
16.61214208089546
-5.111957592175504
-4.98178964908854
1.1206235197425016
8.020561513670245
18.5558266028738
-6.336070745315814
-19.81413568613901
-15.290746076803444
-3.9793133620615606
-17.71651630970162
-14.477764549342119
6.02841076226083
-15.80367955270197
-15.828158257069624
-7.002151544911509
5.926974455427299
-3.356725393875802
18.182977493249602
-10.967275370026343
-14.373506881997997
-2.8703197047480025
-9.80580486524659
2.5217009855725614
5.759511153751788
-1.3172633749575482
-6.131402572476766
12.371109613997568
-11.045228775801341
-19.827077752541157
-6.741031897738964
-4.842899855916469
-3.1704597275089625
-19.489999698423826
10.757768038934934
17.73608649664878
8.172008332574382
0.0012686106432227007
15.79752019956966
-5.8442114830657275
15.756987351055109
-11.713316809780618
-3.1874592602547906
-12.310251683315023
-6.761387289602316
1.0393642616581005
12.155706660162686
-14.356543786681048
11.854142233801063
19.11682959478655
-17.206097658336972
-6.44960544231871
2.204543096932433
-8.587996201481092
2.6200125513261057
5.719251732503086
-8.95206185780582
-12.486426510937093
-15.58409581707136
11.499943765020177
-10.95803998388105
-13.67116298643702
-9.362394771047917
-12.362142101346336
5.898120131538242
-6.029179924188256
19.126095103492673
12.96016235638563
-2.228956442041298
-11.717368905912565
-18.33909293692691
-14.984332962912044
5.966286968218416
-5.708766636453513
14.665385394978593
3.7064404682727634
6.791045553663572
16.77968979024555
-6.894588989130902
12.338918275097555
18.52302441412239
18.18133992762305
0.5182321834204906
10.944654059591233
-7.104335680074021
-4.775486339712277
-19.95554079298364
-11.143277653512541
-12.572215603886647
7.404547613803118
-18.432324599908778
-8.26588782403416
-13.160575175484347
10.910097056704537
18.458900772167304
7.085326901303354
1.5129118849319845
-18.863951158860747
3.3899556733988163
-7.316965239395383
-17.624222662322516
-18.659814744956456
5.434399393794386
-4.807468326747081
-1.2376539257758346
-2.4631003028394503
-19.74019244531588
16.10687363450519
18.063325221226876
-6.25670340349326
-11.66640532505446
9.471353233902814
0.4771961061632908
12.058130785035857
-9.516530926155893
-12.920659879371016
-3.8445611646234035
3.990194414773004
8.57514566946675
6.314946101249518
-14.71757732812057
-13.743473754508354
-16.16036067501822
7.903627512923606
18.376950203303288
19.293143577049086
-5.718857414933357
-7.112578633976394
19.501650283448292
-4.651841932977913
-17.54615136638945
-17.968438496248652
14.169994976735595
-9.603387823228715
13.621677571840934
-10.52755497624091
9.74831010021644
19.86007098264767
12.821847729985322
4.87037840340351
11.898583399066514
3.8703626416856594
4.8739811724687385
-10.790341074165255
2.0516046286194403
-6.127223906243447
-13.868686645162462
-3.335803227684245
4.959075094465305
-7.407631983762371
15.670044980921489
-9.866026849404946
-7.238759932862413
-16.719805490527477
-15.41994879239644
1.5914950668604746
-6.610445889900497
-1.5927039655805473
9.553466484022202
-14.18394594970012
2.115105770916678
14.162520256657885
-12.526055089550624
-7.048434106119807
18.742705410986623
15.347249035141488
-7.581585626145024
-16.996116532582374
-7.511848273574708
0.35418890816639603
-15.648900925222758
11.704289176833594
-4.2335459476369195
-19.739749896301632
16.457591675667828
-11.41996014042359
12.750305079141704
3.5356089302874203
-7.055488538197041
-11.17700708986009
17.18429591419146
18.856764918045414
-7.06765616440498
-12.069398266192678
13.359817548008898
13.349048199110257
-6.786992844207415
-18.323857167285222
-19.595394416503673
3.8189892391375935
18.97064615628951
-4.8935992545521465
-6.439717306347639
-12.6035202634638
-10.44519861374436
-5.446746890001943
14.109956350504163
8.381388186778572
7.537958003826798
-12.32708843407297
-10.54635211758491
0.076136349635334
16.579489536679894
-15.090803388391754
-1.9836912147723424
-2.6252688985014707
18.19863276641967
9.019801895524932
-14.29717947471168
-11.496679185653251
4.206562122903637
13.102003494489068
-19.218470991960178
6.377175059629838
-11.453036600355464
-19.363776607749777
-15.419856270081102
-1.6368556295927945
9.09229925921246
1.5479260230903051
-8.214059839288499
6.906995958665561
1.9873137632511515
10.205876046232213
-12.447648652656449
4.0784909931104885
-14.278722130815403
-15.2738725363719
3.158911954757283
-18.86084589829336
11.510497644749119
7.613831029813106
-13.22266630506125
6.980915287467802
0.8802674352557318
9.24707938280757
-12.857045088694075
-16.80583724649945
15.419677873465076
10.175519758842228
-19.163610825873818
-19.32848833301788
-7.952267099733179
16.621256893472115
3.6481377605974643
3.13804003064687
-0.094349666853482
-15.021423908470165
-18.539164216710716
14.893017244517345
15.037521747503561
11.864572194202253
-4.737314850489817
6.107094843023702
-4.659070171879911
-13.948884189084323
5.25977126480559
12.440000455824027
-16.53156405010718
-2.239650004455413
-12.778183210943483
11.40250852375269
18.507065807888033
-5.647700971707025
3.82810218071727
16.911978560986213
-1.1633460927977595
-6.405680121576637
-15.41688424692541
4.484447554452885
1.1614424834774653
1.5457345230887753
-18.083036200170763
-11.45202354696998
1.5571689996240536
-4.204506824744737
-0.13108755804503858
11.91058452219119
-2.513360119481508
-10.136211782739766
-9.34454442265356
13.824425990440929
18.687146541880146
15.586525303301634
-15.723941371424948
-17.708375277876822
-9.98864065471433
-9.134719585180031
9.999225558676738
9.186151982717394
8.06505575809133
-15.841580442848361
-3.4562605451852804
-6.440191209527345
-18.647498146100006
-10.841488696716448
-1.7811317881251725
-14.352074914583564
-16.42972919198804
10.983526506792284
-12.100204995625013
-2.7054851361950583
-5.339412285328047
7.256631820752226
10.607406415935785
18.33465785128265
-18.61109101942847
8.442166371661457
-15.080851659723509
-16.900264760366287
10.721512946534922
1.3296550977704342
1.3381587638747305
-14.529197381153418
0.7653773110858033
18.129324316182426
12.97708959616093
-11.067094360266406
17.907246897821267
-1.1414814871183694
-14.498832546659992
-3.2635220481740568
7.8921119731288805
18.067434897510054
6.933744975248409
13.948346643554224
3.917640153298791
-1.7264084429749396
1.859936631822542
19.427153590574868
-12.872342637329695
-14.256387791113948
-1.2206636064428302
19.658753426211916
-8.52348317383148
-8.112905753169489
2.6375554100484813
-17.36882582906039
9.321424758291258
-4.935156650791219
18.258023441736263
12.478329796577896
9.617311033680032
4.331822129677164
13.955374687681228
-19.260151624454064
18.999121963324804
13.492458068337541
-11.089827620774035
-13.06993508408462
-13.474987658812246
0.5659821113707899
-18.486345748452283
4.766780756532015
-19.276915428586236
-15.161182023129346
11.060253795595184
-10.836415990211075
0.8954008484572924
-2.4664019829695825
-11.756355914768172
9.775253647706403
-10.203668438149665
-3.4662470590321632
13.84288344900716
14.435585861643382
-5.273792065150644
4.961842069514859
-14.140882081497477
-13.943179213262624
-18.60976525261071
-3.6258414233094562
5.768945549268615
-19.212391109673565
-15.814061669656429
12.214904683423093
-10.168544347902827
15.73737363604915
-4.884388612883228
-3.403648134234153
3.7961424524654284
-11.927601887855733
6.206943634584306
15.896534817577084
-19.58543133876224
-14.272932643965719
-0.050376669327043544
-8.391149122199199
-14.81643631725869
-8.8200476173113
8.245143990365303
6.233483161798979
16.039186820436335
3.1195695333054694
-14.375467221001422
17.2661776045764
16.890822207507114
16.32913301500561
7.771403207532277
14.967829732976554
14.539195945186684
17.767006937503396
15.164515240740727
13.659459649810216
-0.23621538539661913
-10.60554568008361
-15.956714523231454
-17.760073725982487
-10.915922394698976
15.052944124759591
-18.131185891537058
1.3271651886135238
12.022182183880602
6.097300280723331
2.8237274227595393
12.390027420865422
-11.794934671412275
-5.8155503955195
-19.628871351233673
5.325385930255123
-17.744220392821518
18.96980543861754
16.779090682520376
-19.82983641910288
2.7133440252248135
8.624696770723563
10.928727827316827
-2.1219833929852427
-9.809893732344497
7.284700501462535
12.073074856477646
18.831427827822594
12.29074392570125
-0.7518179020382512
-5.19108253254641
-4.544735223375213
3.9799352038079263
10.938655611822895
8.537861296069007
4.105541692526806
-12.940437288612294
-13.233131812876412
-4.844945097625111
10.85325482656777
6.073049556714288
-3.3018792527965886
-15.296158796146951
-19.05536748243297
2.019054400227475
16.473090805217026
13.385542271575666
-14.528174529362241
-17.140041520244814
-14.017088070779838
-0.5110917110649353
18.260372271704703
-4.795179121489191
-11.227536840237295
12.729321309150244
-17.017736738600384
3.4956075887883067
-15.215795292521568
-6.754553032688708
18.536131593382805
-16.997240228945763
-5.493291823785306
13.312010313342071
-7.994034264685141
2.273026222058757
-17.420369397973236
-17.907938138108047
-11.980611304926946
-0.4260999871340907
3.5634196601116486
-6.002969777616197
-11.84869105570796
-5.410591965821547
13.36766436851255
1.5729890688932358
10.304520749511525
1.9723924076593704
12.96816055753898
3.506609207104475
-6.194989009389168
-4.396579346589537
-1.5324826471234267
-10.695450215045925
-3.3022176943515476
-12.814850717949007
-3.2874452616102268
-15.686427863203175
-14.38035102240601
-11.18016596587542
-14.052769844397218
5.015853084103398
-12.481776851903694
-5.564191666405733
5.339846034056759
17.448948373272017
5.760977235327424
18.973487223659106
-5.424356016016517
-0.02571384911526664
19.448416354121406
9.208000722427197
-14.361142497342794
19.19399389178311
-14.165422789689215
-5.101375922714716
9.33373141435116
17.230889154355772
19.72530209061128
-5.75961566618744
-9.42830695285295
18.638877569252024
2.403130541837328
3.7672717125680357
15.818514909886758
11.793827083878625
1.746788763090045
-8.913482724134898
12.818878216766343
0.6615893389622443
6.231673776213881
-13.437621371684223
-8.47197285865768
6.288386532460667
11.921032610908448
-16.867206009253653
4.8120911626509795
-13.420108684364486
-14.622366427352231
15.756065902163897
-19.352691845817276
3.6525473851758896
-14.378958407511014
-4.950369918529667
-18.6919272412631
8.5549522814796
10.528485826529543
-1.0426673896223129
-11.516169060229743
5.02552021577295
-2.5855612034170647
15.76847748357217
-5.546818811530736
-8.695890026848643
6.413240434318222
-4.950810233111675
-12.80728985268929
-5.670545071788865
15.589156143396906
-10.10916258108189
-0.9632307448826936
12.89572289668159
-6.443284777148612
-15.675432155348638
-17.933488337543917
10.651731827627337
-9.660855467324371
-11.946566337557666
6.14013836271657
-5.71968219334237
8.610259456474463
18.072577213883612
16.536147471617397
11.88252018836809
-17.291168546446315
3.600109168126778
4.363174509895728
19.12054001713046
9.91860431360168
9.925877573954178
-0.3721417136759868
-3.9415727250594728
1.5554030001037162
-5.90123485130141
-8.03931515965941
2.320211662285491
-18.43075851471209
16.77881601462704
1.115426561037328
8.333090237536346
-16.58321803228948
11.78748360266124
17.411308355458452
-16.01983615253783
8.701987009924473
-10.077912060294407
-19.624779617312647
12.989402470612752
3.20053317598056
4.296409970374615
18.754789590987784
-2.754331102803228
-8.296715732453821
-10.625569490756979
2.8502723678496693
-17.9592704249019
-6.452220150875645
16.263920265719563
-14.99854872905865
9.350123438614656
-14.414609851105107
-9.160759884587733
-10.13845421451315
-14.244341860888778
-10.570101514527867
3.6508643476022975
7.170595375616049
8.866246640278078
11.28092125776081
-0.23730149473579587
-13.853581658293459
-5.483911793555606
-0.9235442590167828
15.859240854945355
0.4651134739960803
4.370840965172405
7.258405908502191
10.750034550299048
-10.070742428674002
5.661410632789384
8.494629847561193
13.773696635907854
-17.687900497312896
10.184639935455984
-3.24464665658423
16.876398654841616
7.732658842706613
7.445976816868519
-13.2518858989766
-16.199618124702923
4.839177858714482
-2.8455074001071203
10.571918268251814
-9.625185842084747
1.2070877015639425
4.4569352280465715
-0.9122461386074505
-10.471280853599957
-6.658723682476296
9.639396809746895
17.643952994896253
9.039277258215467
11.475136439538737
-2.4027353109091223
-10.788551595065826
-9.568470507171188
7.823628135520554
12.790253327143063
-19.99293680742573
12.520133021200728
5.054529091001811
-12.705947686546724
11.52243655831645
2.3809531153223134
-9.193351627408495
-4.244860755499701
-1.4544776581180443
-14.662704522950175
-13.515105900988974
-7.1580113710270865
-16.197880511680083
-6.75896799938252
-14.788138373304713
7.032170118966281
13.78245721682407
10.386454163487823
6.848340967419237
-11.206493108668454
-9.234422456640168
13.861615303079283
-12.54180622045709
18.445086765554926
7.621985215892543
-12.653455213155285
15.780362689542208
14.97318741618362
19.628459167394467
19.55189063902335
-3.6283301081766375
16.599694323928617
11.208861930541598
-8.008152003406202
-5.2211200187855145
10.89356655045231
-15.429310259758546
4.114687474712319
-0.6693942698337487
-3.184058932218349
-18.87291339897521
-1.3851676472924446
10.098483739739553
-5.015101648925423
3.9751207462202416
16.350651273127042
-0.6150577884394721
-17.384489294684293
-2.9744170798353693
-7.3983070396782225
-14.1771774356926
-15.455154653530228
4.024976082202052
-17.453169904129776
3.5790785446493736
-2.966009674919839
19.56265640011086
-3.275696085517996
8.448190147426011
18.794654902794115
-10.846914602066239
7.874972621963856
15.57644351138336
-19.65915947706016
13.748970848102758
-9.726812221439861
-6.799328950755857
-12.320028211360633
-6.3118041049851215
-14.339589089592732
-12.22733195534027
-6.85602720551778
-3.5978621437790217
4.404290474198721
-8.918176873615815
14.646244504390879
-8.526169257218195
10.398865674242309
13.162727413095197
15.179875749517969
-17.74622034593635
-4.101901420903271
19.079259525602026
14.67597508954752
-10.678873293552403
5.858557747474311
-13.436733669763603
14.244668328687773
19.010218337411196
-2.8556984750779755
-8.349081393725758
11.056744324818904
-1.6656675687701537
7.5299711755078675
17.89646769707575
-9.186830933368135
-10.355087347280563
5.765262806226868
-19.296619941168878
-14.380493530610474
11.31553836622004
-17.03767443505904
10.521288979863606
7.658806276391907
-6.365574260349977
-3.126982739427543
13.827204724412482
-1.5220271015382636
14.142352484350937
-12.48525923865274
15.088335229104324
-4.615592150432729
-19.026307238563657
18.579788034012644
-1.91706012365103
-8.252255248712913
-15.495783912081249
-19.176029079773976
12.985814309425102
-13.634322237585854
-15.93075181675463
-11.982441956880109
-14.611068646914905
-9.057211085598112
-12.902965189528137
19.489424538459154
-19.089421183982044
13.695958738861293
-3.5569375847608526
-3.746999138178225
15.112445760199236
-7.002392904978176
1.1377612397240071
-0.04661150334023745
-10.753360193993968
-3.907350287690239
4.382518418362821
-2.201996720253767
-0.19642197585593735
9.61228066449462
19.38820857417702
-3.207115438949568
-10.724868216512057
4.130133167189559
8.540430686525863
-14.152912186432243
0.7290104835704945
9.48938805954566
6.798214940543556
-3.3520468181122425
19.232240165944255
-5.043080078964589
-15.940570264014378
18.270886342066184
-11.808300000645339
-14.52687516735724
0.8407693912142093
8.593770517501923
-5.91328439283021
9.759787249121665
-0.019804905274188656
16.421971979900768
-5.182266216315522
-8.367670077921602
-4.048845249496086
-19.616884163855126
18.339418462626995
8.362435144284895
-9.404315940813373
-1.9957695588692381
-3.8339844762738124
1.4371551721916767
0.35273209171040776
-15.66829739677181
-11.704073612929822
9.413254554019957
16.568486382353235
-19.41736381054931
14.843969411927262
-12.752373473033046
-2.1035266992464408
-5.295133925342546
-19.485122856669
11.38006392163507
-1.5405100100422828
-12.18318231752134
-7.502706930926646
16.650468648003717
15.268489258157153
-9.073495127381825
1.5679682072901713
3.136523323682674
-14.078809033157075
11.838814251641008
8.002006962146496
-0.4737456593304259
-15.5123200533738
13.255786382404693
-1.8785760590368596
13.507476452166145
-6.091540054629929
-19.81869747626343
5.913536903572609
13.095435324568605
4.047003524121401
7.23690399763564
16.605364098460214
0.12318442174901989
-5.215842735403612
-9.573627141556287
17.948680733386567
16.78792987404175
-11.636518131944356
-16.958397612026786
-0.17865180724402663
-12.888093981870078
-0.5588074382572152
-9.46798707762837
-8.567766603296235
-6.737804778790206
-19.28939515781098
-2.6700782131124967
19.457316876462038
11.516706731406899
16.023205307533367
12.591356809969142
-0.8683385032996682
16.45227289746473
-14.949580126610616
17.601307076790263
-16.217578437034547
-13.350620219691645
-2.12774949309566
-8.321349621609567
-17.35606044035623
-13.787551243260543
-12.425496450767678
15.97916943449222
-16.546855310120293
-2.140064616210644
-14.498798160503261
0.5930260219540813
-8.651645458076246
12.912774625543172
-7.556577147477892
10.863551485453549
19.68012227337966
1.9998062259223772
2.4532219847347
16.395525170436585
18.669663571665616
-9.835268098258801
-8.123695402974128
0.8951299853790751
-16.226249048143394
19.094164143596032
-15.200164023592514
-0.7240568617431684
4.280807797085195
6.893029967149445
11.2881195586138
13.165144826461855
1.4032398433483948
8.536478540714345
-9.110995549613442
0.9108210320803636
0.9847383366162923
-13.447877085082025
12.47137489745824
-19.074426589843863
5.035018228024256
-15.02406370213012
1.7703468583665192
-18.705532650832243
-12.631617017224265
-11.68005081896927
19.655911313300912
-13.107791832732474
12.34242320088319
18.627804053740192
-8.108175095414651
-12.821136158656788
6.285573269681379
3.333061009586423
16.705377409616823
-7.022077700257054
-0.7785024441756114
9.644641556060087
6.331892865783111
-11.001408458618403
19.07998139217949
-19.200050154905426
17.538946006405737
11.548503705697286
-5.430680813225418
18.396701623100775
18.77853472545408
-6.515473532469818
-6.647374270320029
-0.17991415960707258
10.11767215039983
-9.29520070123884
-10.457438450496932
13.75931987943487
2.783670428433119
-19.60712468691257
-15.563169713433457
18.337358480976782
-3.125407271552703
12.359611680603273
-6.261038789573865
-3.9291736952142884
9.173168810856112
-19.4619894210491
-1.058421843962325
-2.2804676722145203
11.925462698507886
1.6090830716195939
-15.765448208170444
-0.28963238121422563
15.997508592302012
0.5756556845984484
18.308611252758084
-5.009408444337545
4.401329489784381
17.250904488377913
17.77250652012866
-16.482108238668495
-7.402936548169322
6.0583853556290315
2.963440325734304
2.221302040054507
-16.021684310992566
-19.48401395185542
-17.935291682172863
4.4293361034013685
6.297612791166706
14.614227156588868
-9.535849408541438
9.290949863439813
0.33396320582859573
8.617345430515286
-1.793581819125297
-11.573658705250779
-5.747385274913391
7.022465318411317
-2.189603213593294
-10.703890074661162
-6.8753666260064925
14.43009519813377
-0.8785643280077373
-9.642507114218187
-19.236468028491046
-3.026797194207205
7.929785299487865
-14.544089851781724
17.061147273591565
-4.374246423114503
12.924391632782246
9.574799629656127
0.49052775257801784
-12.058063805705421
1.9025219009808154
-3.3493775426331
-3.7860446962377736
13.83793448322426
13.739131587953608
0.8779996512294801
0.025325380084652238
-8.532639218923425
-3.3057515937149233
5.078503809564321
-14.018967155616643
-18.731235400394933
-17.531165242504333
-7.058775351648068
-13.849445380717338
-8.090729399549673
7.243425478065898
-3.0842976977162166
-12.1777280896662
9.533029040096892
-4.747424163817154
14.389793627840739
0.874401436717477
-19.061247247547964
-6.050598832073945
-18.47145907631523
9.993941384822584
7.532555555703951
19.393382980003018
-12.814887293157092
5.767320560595934
14.73699922893654
19.534587121566403
9.247032499350453
-19.73284279015635
-18.992073320879044
18.638877060016895
-0.11161715152409357
4.671606769534911
-2.4321588105251735
4.751754242742944
2.7754704667094146
6.364218048747521
-2.707462140251927
-11.50038694856633
4.587710031667417
-4.482077824615111
-11.715114406028144
-13.276561466739842
-8.141440645401703
0.5777169263412816
9.3966082976041
-2.4893657934506592
7.537762940445511
18.244158780492455
17.271912274889033
-1.7775625412180744
-11.292847743018712
-7.101159676598119
1.399413315448129
-12.478978925765404
-18.9085894449226
-19.52633859064356
12.403001063312502
-0.9683935640797969
3.5243289216277702
15.64083248053047
-3.121136918043298
10.141989050784318
-2.3598410671049983
2.018600102402573
1.4027250277344194
-3.3822122811543984
17.869206741402856
-4.449251268088293
19.96920414876746
16.684615149587295
7.537194397311513
12.387565879299679
5.23468467663573
10.200104908727404
-16.050117652806165
7.854083593491712
-19.517960247125753
-17.491031528885586
-12.57615415174671
15.306574540380517
-15.730110654206255
-19.85797449007849
-8.768773828082551
6.32016345330495
-6.525295658925652
4.0058683273535145
-4.55224647822388
0.012924725738415077
-6.633271534146985
-0.6319270788277151
-11.074744784860444
17.0843146304317
-12.36532973609573
9.782734885745313
-10.703331391377006
-5.576846609434828
15.522140382946837
-12.62183828905783
-4.627463079526288
-5.909315175030599
-12.57894109949493
-18.361155949422706
1.7312737254319401
11.070435193486801
-10.896861443011678
-14.275961840785193
18.0