15.203806882774359
-2.5926198300794177
5.069726445094105
-14.566931031073587
-9.646165641920295
-9.551725727979687
16.275810505114634
-17.450903051936994
-9.901225245993848
-8.277832077468513
17.59944664953258
-1.5957144093107303
9.891667620680838
-1.2244613438420444
8.854458033261938
3.1175876940048575
5.38739960815715
-12.467900242433029
0.6366567102910672
1.6740112891611219
-19.40319542293702
6.22566426615958
-18.095958189828675
17.162932653539173
1.1719953156499017
8.76318250351953
7.719174189432593
-9.818563213134759
0.482499773907044
8.339054311265265
-19.509387033512212
14.93209597600275
-2.1244514607888867
-14.134991473616223
12.181418482296216
-13.371890236717867
-1.2201893264210248
16.274004843046058
10.09407694057332
-15.79857071066706
13.132018571257127
-15.877881565754134
2.209883351461258
17.404536431589392
-11.661203417759296
-8.59433166851475
8.020600522814568
3.199878960279637
2.923729812618163
-15.576733569352822
-4.322726457596527
6.338238798214505
13.152758514870222
-19.45619177756617
14.625821792827466
-17.459718736278205
-4.5447685714113994
-11.537745733913969
-1.407899700385265
-4.531640511913704
16.02613758426871
19.00394170666462
-9.645199633116427
-1.244556479817149
-2.2338667588349814
-13.34643067527654
-3.5859294075292354
-10.038577184366474
-10.883406855338777
5.828241515810312
7.549183232227527
17.906298907898993
-1.8672320050517328
9.904987632882857
3.0804454127395253
-1.5739172993132868
-1.7463294384891555
-15.866295067609379
-16.11633653645846
-10.54237199850862
1.9194159836297615
-9.503707332493722
11.710688647166823
-12.219418201813074
-7.310388455180373
-19.759867187132315
-4.635641413477698
-18.01893446718759
-2.238797220226619
-0.17007491169752953
0.05669550212977015
13.342950048916833
-0.9010146563329613
4.3322363264741846
11.19872991044765
-18.173678816133844
-17.855923005971633
14.211414729099907
14.240143118565939
2.224421575995045
-17.002630600289336
4.601778227015636
19.86138430767464
13.574007850672317
0.19081794662028884
-9.379350239921905
-4.60136531984325
17.76950334966576
6.108909075748983
-9.303808612052467
10.306135253247373
10.755812373742991
-17.388229080495336
6.064043120513823
-9.383408047458538
-16.918113731368294
-6.805710761069342
5.283916983123206
17.222884036037563
16.502428101015113
-8.557849282232727
-10.74973893357889
-2.9512101496809073
-7.286126512700664
-14.079118810278214
-18.23881430870395
-8.57679148478718
-5.704602540839328
-17.49952759202568
-6.411191444167347
-6.32333028663227
-19.26500631879462
15.375054074473503
15.086332129855393
-8.467699681964142
17.300949282682787
15.11694643618705
9.948812688417785
19.37306428117801
-11.676263716356088
-1.3857952721227242
-16.719040204334586
9.455852156460239
-16.945885312208482
-6.885189744753411
-2.5733732579550406
-13.31736128146186
-3.0683122003101317
-17.56797793496279
12.968159939350386
-1.8258532773127882
11.817320386387262
16.27359547365713
13.622895448656294
-14.642979818792409
-4.200813521637032
15.010830430017869
-0.05935804374928466
-12.681970736606027
-12.99210405884747
8.327724154988239
-17.464742129714963
0.3590422367375403
-12.356914871379088
10.033340407891814
-7.001357570100524
-16.069851415023123
13.842069653340623
-14.2915425541538
-14.45871690422262
-15.939081552396868
-4.167454840466487
-17.879135189264904
-1.7539289275285341
3.0677651142412827
-6.207542602505459
-13.604911966088515
-3.9288251151023914
-15.639385455306742
-18.210566079514052
-16.01077558189788
-10.528866232724043
5.168459635135115
-2.2412953927748234
-12.756587341122465
-15.321204197118675
-19.378155107168386
-12.227551571020614
16.061240947841014
-1.106784585304304
-14.504267124217382
12.982081504999606
-19.381853045837715
-18.80880081278314
-15.911841505931825
11.053136663573024
-14.97522572808267
19.050394119244586
2.9618588645989306
12.058506677821086
-6.602854599865168
16.091973715555014
-2.9289400295876824
10.897664176566408
19.711834953306088
0.1672321462407993
-16.180665626906084
-18.519522571732857
11.820769106044459
-2.6518082936418175
15.174186095978747
7.382434905358135
-14.418256477509832
-14.686762757251511
0.7122421348619277
19.713630812479735
-8.0354513659917
-7.191397027224774
6.481769010140063
3.1289682331151702
3.8541855952073263
-16.936027452395017
-18.727577371646937
11.148958311146508
-11.66839576287693
9.317075026692834
-8.659337532458963
-10.427242079575127
15.149398475948232
-3.1495714640056747
-0.22777114910141805
3.168869783487107
10.40863447196633
6.050422807744937
7.353823393969883
4.525669401551422
18.8556901249109
-15.935561309682736
11.195547841984599
-6.2303183228335755
-7.704725407982833
-0.48517500104098943
-11.759873293792836
-5.256051297070172
3.039083885760597
-18.478298642225187
0.4615391450914714
18.448142009072143
2.301607664508211
9.051514095308558
-2.9409713636006813
-8.733742672926223
-16.739555915181633
-7.40795735658109
-15.306251300681716
-10.870681533993807
-12.579516362924497
-19.629495529534502
1.0331925763431968
-9.677554521347993
4.69657540817969
17.160993751983654
-4.13711084090882
-2.6732143948746945
-2.797651297566045
-17.330789980027404
-16.095156284516147
6.968873390047317
19.740180516597427
3.8473362399437896
-19.162983212168005
4.145811624479691
-9.628680134028368
0.7387468645574877
-16.043710196735642
5.966338743201543
1.470383263644944
-14.088301306809496
0.7253496464810958
-12.593616509170268
2.8113277805157075
-19.650595881965543
-8.655658650882314
2.2456813636890445
8.103296030129883
-3.3426335969604253
-15.211517544254146
-14.78251112339609
-5.642439362673368
-2.84574076529249
4.669525707387457
-15.678128201848228
9.470976148940075
-12.726817168901349
-4.979764158101791
-15.887523206471151
-9.373961881128135
-14.765930227142409
11.319183478526355
-2.1260835165681478
6.947897279790489
-7.581858136374633
-1.4848407892698532
3.5821932993245085
16.332261781687095
13.872217248267887
-17.316436534330425
-15.194360854361012
7.562175736648168
-13.845344746736856
17.845919820878507
-8.042658878061722
-14.544287816539372
-5.426394236294465
-6.530734509676153
-17.45251294313997
0.692452900689208
15.074765767422448
-17.161492616530506
5.189719276059339
-9.334602838081771
-5.7371657812747365
-19.10797353797531
1.262728899273906
5.393413600542161
11.086738264317791
-8.139612622798825
12.862677598929338
1.9322428757355716
9.00774967300389
7.154842265352865
-18.454278067826046
14.978767995580313
3.749106811631819
8.23426389611241
-16.291183520647913
-6.705534796096959
-8.742309107719034
2.0273730275135975
8.708921180427652
-19.664764174441125
-8.922528750719959
-15.1667512242437
6.85905090091029
13.17739275255775
-0.42946905524896195
-14.104347270893541
19.241302552852964
17.30957295093971
-3.5033463049091864
12.130124689251822
4.119912537717418
-5.226664875482614
-5.544877497544176
-15.311315167204803
14.568137561092122
-14.908117469631716
-12.325028465005579
-11.071338051485458
3.2783876104250886
-3.736701630682525
10.934392388079477
6.979198081768899
-7.95897257247621
-8.313119052372016
19.376290647198296
12.491053702683828
-18.73501601630959
8.393410852976299
-0.21199459371554852
10.84804875351102
-5.161927976058816
7.070444058646487
11.062892396934298
-8.822507187555875
-11.586946879142674
-18.957398069385455
7.671357646584973
-17.448694203235018
-5.029346618419584
-17.076837521650596
-1.4623794484759323
-18.43022896237457
-1.094006990396295
1.1336070540054912
7.565833427401806
12.73509703444062
-3.5900369430814507
-9.212899307783307
0.3036372986379767
-13.10768122798073
-4.813246324564382
1.804880704519661
2.434886261712549
15.991384625128177
-6.802689665251606
3.799348402362206
2.782491216771504
-9.739209793367207
13.29322614210264
15.892786973357808
6.64624871665421
-2.291267504345491
-15.924513557932286
-7.691763200504212
-1.3301918909802026
18.009039609868395
12.046987204122743
16.601170422172096
-8.728401813285021
17.826554230806103
-5.424971994680906
17.582531757257918
17.1015002668615
19.30828910345744
-3.4670520379737013
-5.531801741572483
18.973940332943847
5.610795389733383
19.995975333368307
-15.48928116111858
-3.6843786861859584
-19.00193660111541
-3.51407435792753
-4.3394208465972195
10.026424093154791
14.249858969055232
14.398251624131909
-14.244536002541764
17.54777255909888
-17.347929289293738
-13.643525168399746
9.6330044079556
-10.595357185333674
-7.276402240772093
-3.7995028950998453
3.6338179981621685
13.452270210576529
-19.419414512821163
6.132254620046883
-4.32124434380135
-15.8014389115118
-4.810162798456554
-4.539091091140794
17.34543668032309
2.2881129810666962
-6.626686212632876
-18.97303768873732
-7.147134107701163
16.81085593431321
-14.480414511076898
-13.376818904352312
2.955780912147901
-2.4682595763579016
1.41526525405839
-1.9691025009896919
6.010559375203705
-7.069367029317712
9.649802961522084
7.154110705278178
16.801508511554545
5.24468706613753
-8.845779493443931
-11.632530438730884
7.741624282594394
1.9897763908318211
-9.721308381893339
-3.2550234198869674
-14.474156191346514
11.266066107058439
-3.594528042422837
18.170073696633445
-17.048870859798257
9.837592778167135
-17.47649335300693
16.791416993394918
2.3786340819615575
-17.895677057118384
-7.839458425684555
5.7546709897125545
-9.001295155151535
-7.439359954670849
-11.414289993639407
6.381661665022882
12.641392227797766
13.274241527289725
-15.959984596254033
6.543928235187934
-4.686815840339872
-7.1177457465886675
-8.070251960256488
-1.8992522296578613
-9.688171725408186
-14.792382610453085
7.5222700001413685
-14.358456828433429
-8.30525279842394
-1.8177800982257182
4.23840469919854
-12.109437481366893
4.190730727108832
5.4474089346865
15.373186001633805
9.82412030574924
9.724871317706988
0.3713637793619924
-15.778782588360558
-3.4100532895405067
13.894377179490697
12.994646921242918
-0.33205340216075996
-4.461441125853632
4.788216536806324
-9.761289062041666
10.548011386125417
-16.398956264132536
10.374274976305028
-6.979412134337956
-12.330579841929236
11.1105439370486
-9.686845082243178
16.310278005251263
-16.925460288909846
16.170381994093084
-16.235732747666034
10.138582860014967
-16.82068266644471
10.783717862317737
4.019579423530896
9.633975952818972
12.153676476719639
-10.47661927476181
3.106551536333562
-12.947184826637145
-7.895458761974039
-9.00143983258852
5.208979728569542
-14.52241687083128
19.44939115607393
10.435802073216252
1.4640814364689092
17.26299630831523
-0.14424670025380593
13.942251083726852
-8.609701786475057
10.221374231886756
3.5629324371566717
11.59352207083424
6.74245332985512
-6.084608769361459
-17.619556811677327
6.966883794036633
11.162999090658033
-4.20422315287869
10.143793072031158
-0.31742834370049167
-4.1083407413187025
15.509179569065182
-18.995493968551234
-0.6292451313675116
-14.222894021235684
-15.82811940253527
-6.7804999818838
-16.115843495897476
-8.4545148566243
-12.297318000683116
-8.936051556898272
-5.6241798271483034
-3.0855697050414257
-7.994727971347345
3.828487043524035
-5.739012302566223
6.909259632274718
17.57938809078074
2.486042544839151
-1.5727900155382777
3.9263250383284998
-19.478103166193776
-4.710919384025045
3.988399408084298
4.279374905645259
6.445981110495801
-11.275076151287834
19.39971937466298
8.20257400740104
-1.9802775124544247
-11.954333517275613
-19.91835847045931
-13.933840522269897
1.7625121781614013
-5.544417239794001
-1.6611797962233688
-16.89662175558645
-8.75127560541388
16.1816245536711
-19.112272472755286
-2.7088939448063627
-11.762329571887435
-8.299372932860575
-14.730956406101722
1.573976946826523
18.319482872073692
-9.626133683090291
-4.077606787667989
-10.066946435072373
-1.182633726973954
-11.937372216985406
-19.470552150545572
10.864891743201191
-16.682670884545104
15.41506570105301
17.761574784443624
-3.6968331962175682
-1.2136360341654466
14.224923453403207
-8.829795569613319
-9.079682627943551
7.242217600674788
3.3675808403197713
-4.167122644548144
-18.041574473325678
-14.251901402571253
9.645287594361736
-15.067614588884943
7.5514036080577895
-9.197554080293608
-6.888437460456917
-8.32772803220369
3.3714872578402257
13.770263515415763
-7.855821032831001
-16.64560351153487
-14.407043236616644
5.4416726701497
19.752895420288745
-5.598774786159076
11.006061414175434
9.40027240226259
6.720228361335575
14.08463219675292
13.721357170485156
17.978349188641012
0.9715998545739026
-14.089512773917452
-1.970979495434836
-12.979756337059275
18.17958222522256
2.3692019667921045
16.83824020220242
-14.42016818828856
-17.040801463999475
7.233346369329809
9.698749889837238
-1.9834818789672184
-11.928664118567625
-17.599300996937203
8.668437477337907
6.481864609689929
0.2440971248814634
11.593075734233867
2.940033956243255
1.9396845285784465
5.784874330173821
-1.5407369251679448
-1.7809534669930684
9.39988944872832
17.28863090604151
-17.828338689496487
16.887875592299075
-6.676280811272012
-19.18283067423664
3.066054260043252
16.966432963811265
-8.601015727803368
2.8072650520687716
1.8901228315244758
18.149263426825605
-8.746855525099107
-14.61704009158829
3.132901101399213
-19.96780486585449
11.680879659896735
-11.946746661818036
11.38082182042686
14.541769723275863
15.525324163177373
5.459029122884541
-12.286403665002506
4.981469596140439
-19.36269559923227
19.907492375949246
-2.8554289747241484
-1.1609049878052815
-10.667840573062772
-19.600311080001447
11.036303187819534
3.5168397164255936
-15.795672978723072
-12.950539385665373
0.6538872055970799
3.2315816244518523
0.8054755956771231
-0.7217852335517634
-5.186263580170124
13.542014866808053
0.1869134583264973
-14.61317268581193
-15.332707196858717
18.71492848050987
-17.06994934352917
16.050774465670592
-4.9742154513554215
-13.22439934730468
6.579619253640399
-17.35753854152389
9.67108986732201
-6.421410283263857
5.585741162071219
9.901526212678469
14.794199685752496
-3.2310923696780733
11.097591723647927
-12.135097482917594
-13.982700030351056
11.968549216089606
12.159751606495796
4.220593358633312
19.87889056853328
-1.3833159020135852
9.462896631040007
8.77058830406908
0.237990237510477
-16.719611846690906
7.957655580171089
16.78387517389227
-0.7678129002643921
-19.30060831233071
7.1207370045264895
16.45431814548897
-2.2036621173770214
4.195783868927055
-12.072622444973756
1.9621167879760328
15.655298380380415
-10.450266691987764
1.6877743779142662
-13.762582247504241
1.2628984562564938
4.665934385314646
12.760549399027468
15.19229750864416
-17.624020259315113
-7.670712039267968
15.056462898750048
-4.065959845629145
14.818994031500537
-9.798701061420779
6.005162206551034
17.64146582553746
9.569568661064338
-13.617287571829507
-13.581137368280611
15.979537115204167
3.6078994263342388
16.10393455861974
-16.957035954992847
-13.704020658691709
-0.279805463252238
13.410930890074475
-14.552841569509729
18.616397107889227
-11.361156648757152
17.647737967047263
-2.94553298121858
16.994625994663153
-11.037150126235534
2.047335207830784
-17.908062338912735
4.342361001781644
1.609250796606073
-16.193432795132097
12.871574210927747
6.4328864541370905
5.520749633713354
18.680245075933577
-4.727999703942309
-7.684815101742242
1.248796064434579
17.118021920652744
12.886608775168334
6.55285406247037
-4.499514191000241
7.119796952741755
13.623321703533755
-17.31443056956422
-18.721837479322684
9.962909997894698
-9.9439376279078
9.560448126385847
-4.881378908271294
-14.080179978458943
9.274172727937525
-5.162635437534968
-19.997511526135202
-9.29191314081569
2.745862511576803
-17.545001240414045
16.642198662864615
8.919264949312044
-4.769274222319634
15.693716178879534
-8.359683974800426
-3.2592387247825307
14.852114002181935
8.958843237214666
16.192563100336677
1.4364372120195057
-10.496144309749692
16.18273064928409
-14.457789280924054
2.4315748581052112
1.4840816818725315
-0.4900853264281011
-5.8226322476841155
-17.907612737901147
-19.669311052171675
-10.712560196781089
-0.7477063611306711
7.727828616035538
8.487199489001554
19.276916189027098
13.627403653956463
19.15474658202765
-11.736592701944035
-19.75239437030968
-18.55434237558828
-10.423410830092813
-1.0691340379852612
-6.515417386664563
17.361693246591003
-0.024846600085936643
12.127036982665992
16.653124462082992
3.702197203758274
12.494808333460206
3.60782520515723
-5.569933630828249
-10.135449496813749
-6.018005234968813
-8.457035361879619
-12.283478625056583
6.320825238543307
-11.84775644648241
13.088864529807765
16.356815124904436
-1.6261673428089196
-1.331894685768571
-16.527851486406384
-7.605134553896535
4.976292446017958
-8.191714137840261
8.138215052403904
8.436442741828593
18.453371155001093
19.263500274942864
-1.2488106653698736
-17.868568342669533
0.12608025655962507
5.244015020111522
-5.215224215791849
9.824617956433059
8.92007264843718
-0.3236584462563563
19.010015598404408
-17.53898628862092
-11.097861001985642
-11.890258643163314
2.6956340645529906
-10.495511930212036
12.042809336205316
-19.881626531112744
-2.54339865384571
7.037926592446048
4.128077723908142
-19.68798841210933
-15.498043139368258
12.770350432955937
19.774906670890765
11.224680085626897
-7.7331080298184
15.286985589695064
-9.80590430807531
16.505981988479263
-18.42663697146382
-1.7293922800007167
1.734617942775607
-19.0473084600723
11.771422013017446
-5.5497513490238415
17.134886797430532
7.559417735236718
-17.649222457809643
-4.43952624784195
-11.677665994436248
4.884260617088103
-10.682227014403175
9.220243219276327
-13.872911095010728
-15.645170699044705
17.48123706506953
16.814726381792354
-14.009491184705812
10.936949774076933
-2.222674958210572
7.485789515292023
-6.9189523481167825
1.876854126711585
6.482900879864712
13.318033940460808
8.262032364807403
9.910315500207084
1.4086363437769904
9.010913910649453
7.971162858960668
-11.86950862112058
3.2141867638196153
-7.985659680864231
6.012071173528714
9.301134801730306
2.175711110609928
-14.979675279133868
-2.796974733188293
-11.57066762416541
8.462950742066333
-10.679087323125076
-13.38511584549047
16.679061546755563
10.085475689141795
15.481606799593273
-4.833822398642397
16.29917699290437
-16.953238931684538
-13.314350759488637
-1.513506178993289
2.3219672664448474
0.6242054305068265
17.605869726111017
-17.410937981291298
-16.699155129939143
18.727557237282227
6.304760545562445
-18.422120396140613
-4.276990205924447
-11.058650623277359
-13.265812893867945
-17.554369468717272
18.46068084874765
-9.503710683997726
-11.912077044185377
-19.616455835881382
-5.693031101603566
14.241291236703702
19.759639160894487
6.168461768977508
-11.012868507854702
-0.4490695790241581
-18.96086315254438
5.034178623079949
-13.113560830376292
-2.0459637247711058
-19.972146222687776
-16.66186613756326
-16.422565912771812
5.331629801728646
8.616229819948078
6.328760550773367
16.030193929353743
-19.38478392394954
17.60499844259413
-19.19798674108862
19.076729506744293
-9.969845587801016
16.905267636222504
-19.643025978896027
-15.284226381641236
16.51114603718935
13.696031547619299
17.140225823232427
3.1969218151035648
16.65533269134948
17.239127288697247
4.279203068265861
-9.31939282378137
11.451679411434977
-9.348596591534903
5.92880051293514
-7.502293961868887
17.643276543342893
19.313647056994874
-4.964350282349571
-18.48242287109219
0.2527366301711176
-1.489256447555828
-8.777096172060475
4.269029763209641
-19.097277063499533
-13.727631153976239
16.62879135708235
7.387682476429948
-16.893703510902856
14.296501025461112
7.268924068240391
16.333915356324134
-14.382761437255871
-4.499297357915225
-15.517934694628162
0.003283912664247879
-9.15824356844416
11.713650056223457
14.381150766667488
-13.896877550071274
4.481193644522449
-13.869404400483788
-3.6285399079625478
12.834344122475137
-14.53330169421469
-11.535674192955746
3.1623802081029027
-7.696931136758977
2.448733106304939
-11.118388173452587
-12.346485355129904
-0.2272423241215833
-8.07249031575929
18.36765377200892
-14.816990528148777
-14.04180100815049
-3.9483767590500065
-12.407621713337438
-19.261937162633387
8.043730913077312
-0.050551952802578626
-11.816009481087416
11.89424052272031
0.736035654042908
3.72304434083237
-8.182517105190374
-5.961010260831646
-19.988956200354586
10.176469395739453
-10.205280851579236
15.92636961275658
2.7798754591466057
13.07503790891031
9.987627536272825
-3.682425222165037
-7.551992792421384
-11.66102682508206
-5.92804733141525
-19.636924893832465
9.977834564895414
6.3157102431429415
3.8621983267029307
-2.1178316392853134
-19.05263725143499
-5.54602832552872
-2.317948590556483
-4.514824414168013
-13.491626447658414
1.1917339904147894
-12.456053204386738
-17.684770362460394
11.960912892689262
-1.9509991260273978
-10.53355730202819
15.925530303137322
10.484513999771874
-7.863460557127082
-14.982226737543689
19.925689609095052
11.726140590240924
-17.97559316826483
0.5529778379668002
1.3115356980217712
-18.854994961716166
14.790025491839423
-2.7612874855931864
-17.909863354811474
19.495876567493937
-0.058469095076425504
2.34725723251551
-9.050453735577166
0.1739974623748033
-6.398607824173567
-5.713064997680375
-19.43863416152837
18.526696842933752
-10.28445301530489
7.889318071481732
8.872668596322598
9.90538155732079
7.760664153325326
-4.424807457743988
14.992866760446297
-4.3467660446043865
7.131410741267455
15.156542819875803
-5.286244304873451
-17.35260311805864
1.007380730368837
-3.2246644772973134
-15.958827505760773
-15.02114747834845
-5.372830694205337
10.699189654130269
4.490854857846955
1.615761079757636
-2.27954538401886
-14.035930056034584
-1.4947142110256095
10.53624810345498
-16.866251693081686
-4.738282105605469
-13.336808723569904
-11.429335813954538
10.082054059819914
14.861654228590773
-13.551475215353541
1.220969889849009
-4.5691181351344845
-19.987983597145792
-8.4203149276957
11.170863050697939
-3.092767701149196
8.809101513596936
6.478650419759514
-15.449791014723612
0.4315881162482107
13.580302969285697
-14.33703040857277
15.015867589880727
-2.72014197701591
-9.671862576360555
11.302060611550129
9.982139935677637
6.517943671129139
-0.3334971914318565
-6.661467260360428
1.137434298286859
16.074121455001197
-14.224130564645133
-12.77872914713483
9.63384491365656
5.350428585482177
18.549519169380638
8.388091189662994
9.462020093653724
-8.664386107048623
17.167913328521472
-17.46203242586926
7.63269300321603
17.74862533838953
-17.141082645287128
14.18678721221638
-16.062871890671065
-6.968520481192293
12.47735050628841
13.579419326123734
3.020420184162063
16.95102224999045
3.131967658413018
14.276316975345893
7.649845906571478
6.934877270656592
-1.742925183396295
5.421490275916689
4.387572134501198
-3.3902362021826775
-8.71229452947976
-18.870525243530896
8.276307010406214
17.372187833112932
-10.922967440190456
1.1179806962462813
1.1064790268029192
15.118229801961341
-13.996635847306651
7.943846008107979
1.1258843315893685
-2.4960339401455265
-3.4057605141328438
-13.550388360477438
19.006144078964134
4.096205792460786
-14.872798450119227
-9.793346498927944
-8.048278825763088
-12.548903308213696
-13.862621956601355
5.11500813107277
-5.965919433418833
1.9172674868916388
2.1036224539868513
15.68042198940595
-1.1027189342187782
9.644167070323935
-8.205636791742279
12.850115890481497
8.4487332285785
15.305856649450412
-13.512657952876165
16.424091271273348
9.773372494943935
-17.537288493734557
0.8522794034252144
-3.5115302808203595
-3.276565911819919
-1.3890819613765295
-19.67923335973961
7.9869813780615075
6.5000479246794605
-9.064815417236556
1.0975091901524117
-9.082632044824749
-6.855504003845736
9.84032107901783
-3.008125639303284
2.8262635404975676
4.531024428860743
10.906996374610255
-7.9504815568657605
3.7339387162934727
6.033001294073973
-13.090482300870496
-11.997238141218013
6.356861792693451
15.559076918604596
12.65969286571449
18.326911601644696
-14.593017579505467
7.7975726922543664
2.2861542224066547
-8.939029970742478
-6.00252656774261
1.948432714247751
1.706287663647533
10.613038065632555
-16.486556946597872
14.141548655621243
12.932205951275876
-8.370310179808138
11.41811228873964
-17.866427839218918
12.482942148058399
12.927497055861792
7.040899586032019
4.758542858194762
17.72582360614804
-7.863718126416504
8.637577861464017
-13.55925827309347
-19.73168621722474
12.443011668176915
-16.691133323513228
-0.8111709753988166
-15.745679660008864
10.640318797436809
4.185444411396123
-8.425579795420655
10.000002230177053
3.859405780736793
-13.168872255988123
-5.376240131613077
10.697398479806502
-5.0365298099850975
15.06745006744434
6.943663479843984
-5.2727235881765075
15.898007022620597
4.473119847636575
13.843560695631574
-6.713753476940706
-13.347975410672808
18.410926645437897
-15.347698471718939
-3.500561019986307
-8.839380870717441
-13.29915182199898
-1.018602361697173
-9.989291077014123
-0.18802518275405689
12.616896213134467
-1.2270186979414106
19.485626195306146
-6.19762137858797
-9.60436237624367
-16.356606863262982
2.471155683252377
1.6807724802267145
4.55458087356871
-5.516895365009496
-9.920726953659678
17.387188926338936
13.89936156870857
0.6255934227140898
6.245371871328654
4.365477396405044
-13.388784204661693
16.757843918933595
7.459692241323282
15.55214620904902
17.11465984317558
12.875434459875862
-0.5576489157754025
-17.908289091779924
-4.10409034318965
12.390973644023134
-3.4872224700601038
4.2403472509336915
-13.268439675713681
13.156256890876847
-4.678377920591114
-0.9515270523640851
-6.088881621909611
12.658832302030632
11.69837441120707
-19.1822271403848
19.06321375395529
14.500863205484066
-2.4700889091492613
0.8474906744229358
-1.624202170208111
-6.273648170340289
-5.924623025618946
-16.584963885954096
2.6092374633162834
-1.637305072824514
-12.05268435262683
5.262710517130241
17.99936022760894
5.058447802908319
15.681004715925305
-12.88946918628703
-7.907871493133577
-13.071665663147707
8.31143791226318
19.60107535068714
10.23704441789122
-0.8511240981132637
-7.294162312082438
16.112790179818333
-3.9086968494902905
17.441532520540505
16.344128803119624
7.744049817829527
17.45670654050518
-8.983194590061547
1.0008001140568439
19.80512759246968
14.930720028217998
18.52486778708328
-11.66769443282969
-2.3045128029587083
8.294632608484015
5.346782464035233
-3.748629472480456
-5.8603582027482926
15.185990081677204
-12.210406201866428
-19.65337960382355
-8.550077857776305
10.49952483984621
11.898449683367012
4.541628572942102
13.433782851182883
7.8012775483278105
5.985880631735512
-14.851194505847811
6.632295847573701
1.4103658491864408
15.954891114731247
7.056675285639038
-8.77245023169988
19.503637056837206
3.0628859095106904
18.940170445284117
6.032171841347953
-7.194497481120701
5.189518765546438
10.790137144436503
11.699369420430543
-17.01709698999748
3.785006431307039
1.4096401354379893
-16.5834165131688
-0.8449256093091186
-2.6385896592331015
2.02880862058937
2.992126769415947
6.501249890937437
-5.981328774502588
-9.545601882113225
9.971033661831385
15.405419984952921
11.455121894025954
6.2016277470054995
-15.59865971084708
18.80708724602836
3.760920806711006
-7.575924234791401
-0.8664777542603908
11.272698522773588
-14.880131194658283
-1.1826230938537172
-12.2324027018762
-9.537347209467448
3.2376837431671426
-10.128724386954456
-0.9325995121057709
-14.680794546970532
14.928974796738139
18.48860201947894
-5.4282968916295005
-11.881562326640891
10.136603090107261
-0.4972584846601862
16.834974587697452
4.685777067777131
-6.398955531200672
13.039849945172556
-5.085108601497401
11.986199284965764
0.104014278453338
11.218042738713816
15.816686786604535
-15.430193344998365
-17.32636641743779
-5.179026159436898
9.602436845260854
19.876915067110623
13.661887562152764
-12.328136417791903
10.955343669669265
4.72583506254367
9.77225449985946
-7.043301499589454
7.228909525717885
11.463609178197576
-17.179709242540063
3.775107299763299
7.067837986625825
5.335878348291061
18.845953252279614
12.157463441741456
-0.7587036941080818
2.8086432184833754
-17.846369727538306
6.0771022571823075
-13.000225659482489
6.031082079352338
2.1047849241325345
-14.550299142259906
-15.156160808291137
15.579618375224271
9.559570232610906
-9.511156484001098
1.1364669841507649
-9.131971439289806
9.712432651849486
-4.979232647651024
17.48074954713524
10.669524230121926
16.697520211406754
17.80756587849114
0.3872043587331895
-1.0599858644857143
16.74567519159131
2.0324623939435043
1.613699448560098
10.988764308862315
11.084883536577227
-18.5373735073157
-14.480090647189087
-7.706959601495328
16.087450000684875
5.0040112016350164
6.7226708041194385
17.219711465511175
5.572096912889744
6.5773819672123714
-11.116057012735077
-6.615273720346067
8.974473385620136
14.911647386363825
-9.390314215064723
18.676339703743153
-17.815970007113076
16.448311351348536
-7.6980303208729275
-6.259467379735057
-10.792168442638644
16.04801212547273
-18.767143493965214
-11.59091366781475
15.586004163347255
0.502054167191126
3.785722083535539
12.117577159073328
-13.844879600158887
19.372875184591905
14.38039021832082
-7.5343404077076634
11.009530189291993
8.658021792876855
15.309900302719456
-9.904877300532252
-4.536172864048037
-11.41566394504701
-13.556552474236558
-9.438004256547426
5.085290140199412
16.033053815380086
-1.619526761735166
-2.6490034738872836
15.255990151279228
-7.6148950493637315
-15.447740286102004
-9.20013703568937
2.4659361107427813
11.771562878190792
19.416072325306487
-15.378028507394612
-11.893231692777274
6.343091106292086
-8.375125250924729
1.3167328153656754
-1.4063101336527275
1.916642237492134
12.490082388969405
5.144572618189272
11.777448866720142
-7.516889268715442
15.62272973613294
16.871422026723806
5.712630314759565
18.073460285819422
6.752114791824848
-1.9106803341818122
-8.956348894249038
-18.07735572263987
4.1806656846241665
-3.1841380387377
7.144307716752376
19.278883542862758
3.954558125574298
4.289225958516415
-19.589610142022146
-6.776431939573859
13.268846894567922
-1.481381975725995
-18.719876201963665
13.17688814734246
13.053924946256132
2.430370932958134
-1.5771189492090514
12.986834389529022
9.796823836033951
-13.529955736544515
0.1401793139880354
-7.927942751714635
11.983752802081899
15.317856356305747
-3.4618045456547932
-4.433587809936839
4.324616016405493
-8.71526534001303
15.245613035380565
-0.4242351209482429
-8.160049979491664
-9.400421324945949
-5.052876079411291
6.592253100592561
-3.3236704528943726
-18.703154272600027
-17.254616708768893
-14.834486879996529
7.767702183188426
-14.856062423127177
-6.036203115565986
9.441680309088092
-5.444958128202796
8.8229901556277
-19.840058882627623
11.25389971666123
-4.951985548964807
-4.676032032799906
4.9919827258142035
1.622287237644855
3.278825249823406
17.449413304733625
-16.9478248506038
2.5250280081330736
-19.833447234707087
7.931646326292121
-15.460740326484178
0.3884964804184179
6.270136111735294
11.742617589223805
6.845371271943101
0.5769229312628887
-16.072901296885412
7.510928514728313
12.381770148302266
-11.544004385009949
-9.401343305297608
3.5004248686454247
-4.332023688896953
10.549813159605037
-6.978384718779225
19.94171391316329
-12.726379887011877
5.00118235818643
-4.628371842493841
1.7356687808199034
6.822920971323228
1.4429765602924434
9.29207577731868
1.253227686325932
0.9155298465449988
-16.669532345802924
1.0315943623043253
-9.229724291555987
-16.208705549104412
-15.424878182982265
7.932624291143846
-5.870615495954695
3.766542686831869
-7.556400207210228
11.019991830810874
3.054088579598009
-16.74021747709559
-2.2206188196021692
-19.5874767921484
-1.305677249742132
4.741730114310727
8.322339139415774
-7.76502672478121
-15.16303783183476
-11.075614177814469
14.9037240669115
-8.990785096056566
9.918975012733991
-2.0222982915868606
14.976829767149546
12.564911444506699
14.32247823713832
6.129513718901265
-18.064720383030544
-17.90309169868371
-7.183715222850351
10.62128835420119
11.59920463115137
-15.402301956295128
17.043230935011366
-19.498828798760478
8.951567557602619
-18.735378540796887
5.148596086803149
-6.796998422475031
18.29245625946009
4.615557348440923
-18.139428321635393
18.58170484337078
17.63724389774687
-17.3532767062451
3.5970257877299403
-1.9259797944389092
5.212702306131579
1.3993656956590037
1.8924380697162277
1.8055855662868439
0.75284201067916
-4.35569227399332
-10.496732019926398
-15.497465087307113
16.583197219471174
-16.301218207491623
10.098448745960976
5.397025330013115
-4.771055825466682
2.6321564475600887
12.712666107130062
-16.27091081914712
17.57337465774563
-4.930240066385338
3.7319593849093913
-3.7412837429558046
-15.480924094753954
-11.271165627658544
5.031169498612591
15.213608733842037
11.037687531763364
-13.689559290496508
-5.7228450244563955
1.0109498905802106
0.39589202300301807
-2.8752291928216103
17.49145230645663
16.824409256074937
-9.41347137580507
4.676414852711858
-8.197960708087129
-10.163363784788348
8.709474120171834
-15.882078529649206
-15.250815738400574
-12.546853408242665
-18.820924214695097
-12.991142131386058
10.923255976218258
19.55782866529728
11.900682426338708
-1.141822246718455
-3.066429116333996
15.76510261185443
-4.721565021441272
1.2288335728161783
13.912876801294956
-6.784079084334156
-8.749325298934
3.738054344301016
-7.8100292613655995
-18.498476207105192
-0.7820175123580313
-11.773554195040896
10.85894050566067
16.6218071625934
-1.9983944148134256
8.417832826071447
9.438144433889455
9.442179247442052
5.395076124103024
-17.02532041296813
-5.06987068904313
-10.965583209516033
13.252135164201974
7.577605715563699
3.3252765330155896
5.146292181746258
-3.62186777229574
-11.905307072663485
-19.279137290906476
-3.2172188024105637
-18.98632764663159
-8.256771618101762
4.557090568330011
13.233047162802713
1.83223030650176
9.94562675319468
4.437759271023172
10.775167181418723
18.853515012715988
19.335519061897536
8.007545392464984
0.45685601375639706
-16.86570966027888
-7.368322029590736
-16.79977566120453
-2.1401448050303102
17.5957472316651
2.4683438184408217
14.463783298118699
5.717357592266374
-19.398450490155675
-17.278676789423564
-5.484688204602115
17.970372867105056
10.564256457768941
-9.420360035415927
-0.9586863216675781
1.1124706703604978
-16.64206606777187
6.445201231376583
-10.554978948827003
16.305436249364057
12.50818620777192
-2.118950216834783
8.952023037335039
-14.340313762320154
-4.546429206862342
0.8717838861108618
-12.806369531301849
12.86175253376986
-2.9140796432959526
-9.936031012794766
7.893764496968668
9.840433197189729
17.754725134915724
-5.795004571814113
-19.3292752141383
-0.5721881786218894
-2.706831606650777
-0.6983566847507703
-6.222648606775692
13.89522655714807
-3.8176364400515297
-14.300824266642653
1.1191625168911266
-14.658094236971602
-15.74508606130272
1.0866277338340922
-12.661122395682405
-1.8703926361473187
2.2265573684394653
-13.780788656037167
-18.35835503874693
6.048090274361758
13.74977042772936
15.793029910876669
4.3837173332895105
12.29696827815416
9.322246867294588
4.079684830245153
10.092507157640917
-14.190985246170275
-8.242515095572287
-18.074972425307912
-14.487091782332646
-13.666329524384482
7.916752968398146
5.2613135959506785
0.8119799533337648
10.694767997444892
19.718496174337375
0.6520261139314023
1.1874986885490877
-1.5157270807244245
-13.579479403064592
-18.263858722864484
-10.496161721862913
-10.70427582000136
3.600891178286922
-0.03702064754470058
-2.440566162285691
3.5607468999457836
-19.272958061368225
-19.7411607383369
9.553956385452274
7.113376319657721
-13.02672379320061
3.648051081350232
-8.671380285163103
11.244431028545712
1.5467636446536837
0.5044052668031043
-0.6007101860906445
-13.941325133621909
12.283501853313425
-4.716792469259712
0.6970846150394294
2.223870677257569
11.143604378975454
12.13545807638414
4.858423336184398
8.45370897643955
19.8549964155916
9.311002177642898
-9.319532596882798
10.372033973379487
-16.98902723873603
18.8667128385232
-6.31632936679107
-6.349928665408161
-7.535408902065285
15.032733481166645
12.643726719011504
10.287124404279773
-2.0518158836166904
7.260747668977409
10.504373760248455
2.8788379525747843
6.7058884332020305
-9.394106503270056
-14.34301503819678
-11.706700299742515
-3.0751055401787717
17.440987433742528
17.106837684976554
14.859166843285998
-8.05074395508019
-0.3853356648169495
-9.697881213894961
-13.475971949665603
3.013692564482188
12.150409340320415
6.908892480633831
17.446745860275506
8.475999971091532
-17.673624272205114
4.43085705968717
16.715187695921855
-10.979382162796245
5.594881554410044
19.501353871538974
14.617640707358227
7.989851166222067
8.847537183240387
0.7423436268806114
19.33129149912275
-6.977033060306649
-5.827555250594614
-11.896912187184334
-7.82398862370572
-15.020472924705913
7.837155353629019
-17.40498321998466
18.63841309129149
8.417346807291448
6.11004313432645
6.792502048237026
-19.064922008144496
19.86919400878574
-3.7807238031936663
-14.632164810050847
-7.750786166655143
7.502572386782845
4.204547269472826
-0.8792733922538574
17.344745143519184
-12.090481960330951
-9.348065437523108
2.8258004817044906
-2.568354619946163
18.849313245165916
-6.429685450292052
0.19972057625027517
11.7346973922788
2.0558246502795363
-6.686324716051523
11.858281160314633
16.0965137425301
-11.258065520676755
0.19590745441017532
13.499029760129332
5.73790428610268
3.4435511304695794
16.953297456407157
-0.8226202708920596
-16.6933515716406
3.695210368386782
0.20572773908759245
7.727260876205847
10.391930708011252
3.8791957187712036
-19.72023614236287
-5.338824674318165
-2.5124770677659995
2.4057353327063282
3.7926889144091724
19.150114629626515
-18.083490053140565
-18.838980022552434
-6.799107072000128
-15.165809046639005
6.383428415336674
-16.96232896372733
-2.0136022917473504
13.75606147010506
7.315641030185226
-10.143790806238346
10.956414807383123
4.331085509824874
6.242501859719965
6.822057129077301
-3.1544395403149323
-2.867912528776074
2.372935224232805
7.347843719650072
-6.339282011708649
-2.006391295171529
15.28144340911102
-1.3626781875453773
-6.985801621858055
7.661768705420762
17.4881632093388
-5.912321901069909
-19.22662282766073
-18.422993700090196
-6.952114776628013
-14.495608598724207
5.564471241303984
-5.845174105789406
-0.25644995544143967
19.64338993054607
-15.471155099689966
10.91645643533419
-10.332692606324851
-13.185753858871315
1.372390170957516
-16.524641628271187
-14.811172681864857
1.9394883542252863
-6.596844974130667
-9.334226318931137
6.359878899573587
-12.317926184702985
0.8377997387020741
15.932499331640003
8.16208962298662
15.669098672245639
9.370320450550544
1.0296296172681672
4.284360352506216
-8.040445131727289
3.3522882976860515
-14.370359509544087
18.02951425560213
-7.3315887562057505
-17.276148269968644
-11.14536881319891
1.5467333269653807
2.849112207019054
2.453570207684397
7.313823440932737
10.12739336407548
11.024279032302914
-9.277080304800762
7.838361181158334
16.073439034266535
-10.968365644292536
-1.4352771097232448
-6.988298887626566
-11.943732486906583
17.870418516521454
0.5152310468815848
16.384726722668802
11.276408564116164
15.86832588727033
-1.697922755432458
-7.128598232749685
12.9079600923098
13.205197422253505
10.317875022871679
-16.139917162887492
-18.0569257332653
16.742126595639455
6.672735432528363
16.272949668075434
11.681200072992333
-17.464289725834572
14.193705906306889
10.823458593171367
5.708629473849953
-6.666382571476346
4.750741923353164
-4.132924054582565
18.794477736639948
15.321354021298838
-13.604118588535723
7.991675539821589
-14.422575921155838
-14.050288646828246
1.6422630284007056
15.755161595878022
-16.22639685729596
-0.3246621789348936
1.5141493998710445
14.356104802384252
-19.806114790905095
18.71026375089221
9.701921549475735
19.348031909124487
18.510185688332136
-3.6935051869972426
-19.280226505697378
-5.558874177499305
10.732335739382183
-12.005910344772598
5.076342364678741
-6.203371305627382
-16.688097610672685
-14.620221035456247
4.31930542108401
3.301492464032904
-11.09311185383052
-8.737427253520682
19.932528607545343
-5.225581547953716
3.8645210642496792
-5.835118279107343
11.321192302028024
-13.991362863789046
1.4897863889655554
18.15178556094188
1.819720780043177
-3.2437354233835407
19.640829693079823
6.710070613433064
-7.189808697364857
13.494505530381772
-5.719807557156056
1.4897295836887672
13.330701952422778
-15.953926727399065
14.040168891967923
-14.31011403409248
-12.361400162644465
9.688056280106512
11.572072660347416
-8.400471389652067
16.49749757114398
-4.967863148110791
10.248062512768577
6.294683208867728
0.8912263716177335
11.312891414479608
5.684065115385508
13.564041703883738
-6.744853824314889
-10.421778692754202
-12.070856749672743
12.065221822897925
-13.604974752375005
-0.6445767444548949
-11.25764331004525
-0.5083556870148129
-15.614325271666413
15.54782731342938
-11.323686379118536
-11.174951078025517
0.9891992176109738
7.123814725651478
11.113427584086981
-19.50874257803835
-11.022559234764259
9.25287778192964
-6.200545829846785
13.908925245581301
18.09759480567994
-1.566247142278442
-1.2566983728646797
3.7747344021200533
-9.312554986300308
-4.634217015643806
12.20397476626453
14.072340021220889
2.7894492494430487
-17.558053014794975
17.2469499377995
4.443282901883201
-10.96752700531538
0.5326003375926724
14.627174024566578
8.632705214368212
18.011758263603653
9.149035538469526
9.321557823003808
-6.625645301782658
-0.7620974805227476
-10.993762328683484
-7.930411591473403
-13.341962214259118
13.7747849704284
-5.005115508251228
-17.941436646408484
-1.576929190480616
-15.413410895054778
5.602180049439049
12.038903744179073
9.282091087070512
15.448845680533132
-12.654114864289996
-10.785029530349867
-5.423150114476698
-19.553377906726617
-11.273230440807808
7.474905097550632
-19.153694398108048
-8.047771045802223
-16.39795345744019
11.547407377144513
18.6514918482914
-16.21697128667368
3.74307981666918
-7.15386676355957
-2.6272656452841794
-14.337949302427191
5.760172617033163
2.3690247083919047
-19.687531803192535
0.5702465750199259
12.542835167745324
12.395060971603819
-9.875425614824351
-14.296880976307293
8.718085720908462
-2.6992068105975306
10.254483013505762
-4.49284903176293
-6.979722366434874
-17.696780047874764
8.85227264050565
10.982476265258747
-11.046520323261287
13.485686898708586
-12.714481754373676
11.528295144911525
-2.4153335944748875
-9.422106042568092
-3.239261347517022
0.9249485185518509
-1.293918003597522
-18.593622331680212
-7.915557260559014
6.979056769020833
12.714505027488535
-2.4058096899947756
-15.422805885373506
6.3072979365476876
17.302039464579757
13.332856528722516
-7.541494237891623
-5.314341417281977
-4.48350259722611
8.471779639606961
-5.363611486181593
-6.313272817161986
6.340931910138558
8.943509075869787
10.96376353243619
-17.203760148352355
-1.188377141180247
-9.609341609390928
17.490642872522443
-3.2072717078426933
-6.081213928089193
0.7253547987932727
14.813538895311503
-14.59817786215369
9.146151922417879
-11.394001281814532
-16.75824178838511
18.067029064444327
-5.057764387000244
-3.7359350525899906
11.07677360301729
-18.447593444617915
8.123723463042328
10.810995581009031
16.619711778773706
17.258992112387595
0.4208906086893549
-7.842688187423249
-1.1220298861271658
2.5244080286537667
-7.975555230553821
4.924750835047011
15.153809452703449
-8.419131974159612
-2.4103614013360044
10.84164789982173
16.346903406505866
-7.753233980381712
14.394627925667677
3.5537404164597284
-5.1809571157481535
13.22294646888708
5.208231806133551
9.668225975332462
-15.442135067910137
17.541147317757314
11.38773756066669
12.577720635930746
-2.579217693887088
14.582314787533441
-12.412381039753226
13.532194061248866
-16.55395156090375
2.493249988587962
-16.797697552790037
5.994237856009267
4.585377441899652
-4.547652007171617
-7.339958312999194
15.892226014278883
19.33457444750762
5.900764300333357
-0.8369624429625411
18.12944012174554
-12.205203031034282
-0.951831458872995
0.14865312315266266
-11.277697091521706
17.873003121173177
19.175822906597872
-17.122864521724424
-10.564124522979483
0.8165426360909649
-8.949513331612957
-2.991022281633036
17.698793545063722
-0.07740518674810914
-17.12038182675847
-11.398359362007291
9.694463384152499
13.453041860778228
10.926300214445352
10.096886036441184
8.70439468874331
-7.421285497916518
11.343201596777686
-15.837522501960866
-10.566685557530056
15.177857719219233
-6.306842971682126
-0.3820103690136918
-18.401159208547963
-14.793734574095767
-7.4697481356495175
-12.94719112336788
1.0906604619230542
-2.743962541191145
17.327029210958123
-14.960429538202359
-8.270523487219808
-8.325973875643564
-4.403851211733723
-12.232895530527843
-1.484798925685709
2.085432002446499
10.138949876948175
-7.619700667969047
-9.76170777641586
11.159978427470438
6.141461908557538
-6.8180067781803455
-11.244402239686298
14.65897030168638
1.292658261191871
11.93710210418697
18.46198067087998
-17.91346522685236
13.665535639100042
-14.01168504964109
-10.389338215890017
-3.611480668719121
-17.506762722057836
-8.414892644871985
17.327785655140417
13.31499722760298
-17.84634312575738
-1.0180220639679014
-13.425776024018399
-11.6545419173561
11.25911968592245
-19.742601883457837
12.799232714279903
8.905062023848863
1.9995941800894173
-17.763982720602975
8.88175934530961
-7.935370245868727
-8.350154536629159
17.888745651521106
-8.297680224303843
-17.672444854274932
18.181399182722245
8.020230066122025
-13.268480422171143
-3.7404589521655467
-15.179490300861307
-8.666434377247194
-4.753403875379302
7.587866181284735
8.819551486305368
3.7521903984767704
-17.311738644467955
16.983737655828982
16.596687727896068
10.669899781264334
-15.462513048745539
1.4113829961114561
6.255464160962234
15.365871166330415
-9.00721854823557
-4.561847328752165
-11.083645165629719
6.941327154561861
-15.554033719701415
-1.6434117262682015
-10.855440973714167
16.64409921958893
-11.028035360281589
10.080851304752876
6.453438011857248
-3.3904660400919404
1.9789569510679996
-5.702535880345167
7.38859377782736
-15.330018597542555
12.653490314667678
12.547488350628385
2.5588431631818835
7.966280208183303
18.298685344955537
7.961080717410674
4.491578929676141
-3.6234965645066417
-14.911058144626384
12.047022632473585
11.800021610290571
11.651457034281915
-16.842878439748034
-12.809393839241189
1.2870719751605542
-8.258420397080766
4.461040350735193
-6.7089412694341455
0.05755404448013479
-7.345246898100463
11.50174968489894
-16.01717220496311
-12.570684475583551
2.414231951526151
-16.701573117517945
4.26643285931236
-7.222171170733436
14.078061879809056
-3.868608350853215
14.235566768556595
1.1399567955854764
-14.640602795396234
4.305833012194714
-9.722521517238857
1.6622313915400895
13.957787579094791
-4.4882664451876675
-18.706648690499925
16.256379858486355
15.808691232327675
-15.646719946106913
-13.678691402159453
-7.9257792487912795
14.000121285384765
-18.40493656386142
14.893007805708905
12.686339436368328
-16.107504712335547
14.070105212210507
18.63980385002889
14.825224919772161
-18.80215616011855
-15.191646513953403
7.781643990905955
-16.0609441641728
4.116864598769361
19.297168129429778
6.553164456259545
-10.75738615542289
-6.129218982919781
-5.780978039486335
7.895994105005148
-14.978075645290755
-15.833782990104869
2.2044897830515495
-6.42954200164915
5.427349700739192
-6.520802048522242
15.748720701963293
2.4335671320603254
0.7511700262138064
10.1813345396152
15.065831085618967
18.01895337764485
-18.028671353751236
-5.068651206388939
12.130666541871193
-19.95526018039762
-8.044948043202638
4.756273927014366
-4.79640373609579
2.634649149042069
-19.592581903514798
15.159646403319641
3.226176246769846
-5.2960997718680325
-10.406456779660411
16.361357611830883
-14.560209272904006
-13.467370425811218
-15.825867813268065
-16.757781020680085
9.041917535311455
11.147853952518844
-2.8957062626256587
-9.47937951368421
16.753008117526157
-4.7586007911750094
10.479220038526663
1.1632300454584978
4.578624729859943
-16.301280939691857
-7.458763027050711
12.070587344381877
-1.7655594680904372
-5.712222017262345
-7.91229165750655
-18.887599286504578
5.518359527874317
12.419051873523216
-16.433785333161772
-4.037594167450367
-4.778213127428543
-11.395532307629615
4.46468965199125
2.187706876921048
-3.915202629813379
10.080926454568647
-7.084903256316238
-1.941426346521272
-14.438202413256182
12.84669218880115
18.43936950899981
-9.650095535594394
-5.262780043974393
9.291010824232945
-10.16353561577073
10.905421245628588
-12.064161042020931
-9.977604906440444
-15.165237275946586
14.699815692510448
-2.5210553932087123
-5.853236013340579
10.878766605767968
-14.918895843444627
19.367222754302198
-0.11817661694003334
-10.80279574999761
6.453807421413387
7.003283195950413
14.972983137720533
15.447555175715102
18.021070913434215
1.3960605215899946
-9.252229512024389
10.313243548893706
-9.051744791571462
0.2669486623961639
-16.990992714775068
-7.4027361876671005
-15.702355527635191
-2.964473507805778
-19.122989980056847
9.967625411357023
17.646021849157968
-16.887302358296864
-18.692370159950592
0.20396576751682716
16.608587850982865
3.89389144064463
10.138804373457731
4.323216886897292
4.244911203411846
-4.80999261011171
-6.442319267049967
-5.799470177505043
-15.199683470432115
11.445139160239979
3.3785676460420966
2.812357358933781
17.42298712725166
8.721291688504245
-5.60320668259941
2.683487605267313
3.888447765047083
-14.193635664991398
-12.862571196751556
6.258779930698889
-10.222362476574197
-10.346803350755565
4.723088915761625
-13.347071379507703
5.722328876539979
19.013549972481044
-5.914371731486332
11.14549085542189
-4.057472439066387
7.558982881292128
8.774304842059045
3.4192075877487618
9.03673466868415
-19.342980014777392
-18.940518741308065
17.014616207116006
16.838113537655587
3.9524348762509973
-16.451706979835322
-10.272230641103889
-11.557625454247692
17.169625212370278
-10.332125278901504
-17.60943312110193
-14.448158361676482
-1.2427439455158584
-4.804775508726472
-12.823075067464181
-12.124945804781625
8.470777651721821
-7.865231723184527
4.525145748134385
17.12794039029025
-1.4356598071750106
11.52225696393296
8.742696111864984
-1.4872277799521072
16.869493991918688
-6.320426304441185
5.569968985627479
13.271024231451356
-11.470755202836944
-9.188934264015995
4.277033930306658
-14.82403263813354
-9.259644895095768
15.783323607113061
-14.443227606456821
10.020703961754748
-0.37874277190868
-3.8659962153786473
7.268416650084323
-17.530227514646942
5.155039469181375
5.816348458353424
7.926806668175729
-5.069863059690952
-8.860371838548943
15.66466152043273
-13.283736478655147
-9.068013538115833
-13.023577390197044
16.541801126690444
-7.583825583957907
12.034377542928063
-1.13736193950011
14.81546523304307
-11.026488528449354
12.348600118708404
-19.18381786883873
15.298171474482828
-0.9689059842437473
15.7701726965428
5.995456989676722
-14.825750086984106
6.6342459077634075
-11.179240551874653
19.446371422266175
14.5838379693907
-15.98596058461402
2.6678620271318465
8.476050348262017
12.485053328260875
2.2545457918616165
17.82330313492392
6.313057674771407
-10.979245564373263
-7.580172039137532
15.137314778202715
13.808939553819442
18.59185056870841
-15.02046694179513
-18.1160176510528
12.953504596109852
-18.421767583597507
2.8070951050570514
1.439509666206714
14.72082444174388
17.926364339006817
14.422214281032133
5.388635955828846
3.421562979571604
4.952961575571848
2.7996668728919474
-13.663024666932756
14.442803609301684
8.08441682753001
-14.492774278151185
10.87566459696751
12.64848441652562
-14.757130310291187
-5.7530702027655565
-5.926376037368296
-10.197665238312922
15.505266835646296
11.676291336554335
2.001118294205334
1.4321644300040113
7.727127803126443
11.738740021709873
-8.18861100087676
-15.793843614579043
-13.827109166943288
5.891811791896998
-14.255153499106132
-7.520516975972566
-7.93243203340773
-5.973123001526313
-2.8672143043850262
19.391667350454235
-6.794871224310377
6.295850976904131
17.650764160867162
3.448417146980624
-1.4839302557029619
-11.4009197146662
-3.7389350261359233
3.096423123669961
8.281226978245115
-6.990777903017818
1.7681205949638255
-19.550919656696095
-0.3834570110609512
7.6382982689455226
-11.905496978582399
8.130063092142628
-5.459409896128351
15.077717737193495
-9.334095732963718
6.776845694091783
-11.230840441965952
7.003832115684343
17.048332892727913
-18.646687883542352
13.060154502152095
-19.80426654878841
-13.419280929160443
13.806485912035342
-11.090682147681484
-4.349220386525685
-17.6121405224556
4.017272315935788
-2.8224214216043855
-18.13386021952112
8.766148143927403
-1.6934321440814486
-9.757238416470946
8.207979327628063
-7.59201168469807
-1.5899150821702754
-9.700230658963234
0.24613927203095542
4.623474193635065
-8.202391354142971
10.110110560196944
7.2959024837410915
18.961633183927198
-8.202040532542764
-2.177930714382164
1.3102288501792856
-14.109568620147645
5.750696215059538
-4.450684774825536
18.293881659721322
10.27337856747167
5.185935251068869
11.928510594642322
1.185728112964778
-12.580335947022231
-1.7480120115091324
9.834435955493369
1.4199343272339426
-12.619710404743305
-12.416210316252156
-19.020550654646012
-10.702559867566247
-13.823639443939392
-4.69899212304934
-19.283785031042974
-17.398841247714376
-9.543668218010852
8.27983351125527
-14.983566561279517
18.253419313269617
-17.510336677799415
-15.712503302083292
-17.623550260817723
11.082529478802591
-0.9444868150956225
-1.3054970876555458
7.401638318313125
16.88329476339519
-2.293530561720239
-15.211841717219583
17.67811402671363
19.646928387804365
-1.3827515886734147
0.48205546407668365
0.8773128503182335
-0.24219581605624185
10.221783474121246
12.397282804576903
11.609843000857524
-7.209476020888847
-18.070046705510382
-5.576001944384185
-10.25385940215565
19.64412320737202
7.781398373713483
9.621999030085938
15.550454445655426
-19.63771959270381
-10.459869987765122
-7.242862220062065
-8.114292011313005
3.6274517899479832
-12.58339842738879
2.1235356724141354
-6.655017653492896
-11.14019727253853
-3.2485888089468986
-10.017469079884517
17.12556996678984
-3.18952413406204
-2.404876039689352
-8.836746352617473
13.405433062090005
15.757406155930248
-10.452904790285906
0.9641511972508994
1.5297636945210655
-17.222236020910312
8.726723840481764
17.978413039985675
5.459346765872169
-1.4706254716362999
-10.993146958163805
6.544566205911913
2.9797663029111945
-13.471252341242117
13.020039141360414
8.058488648820838
19.435780529119583
15.597085605608981
-8.5178255462464
4.969300916185016
-3.351203490091944
-16.539428527615012
-5.659349523915429
-9.434266981409301
1.5564554019358638
3.6918614630491007
18.80141637928852
-0.01361397044722068
-10.238966585354717
-7.579027440076036
-8.76069728164345
-14.872589530210236
-19.745365707528034
8.19395870949544
-14.389188338020237
-3.5832356865010304
11.555224422448681
-10.380813344311832
-18.211155920013024
19.801288896329076
-13.240544642995502
9.526610860263311
-0.7120429769767433
-10.650372081940237
-11.132653965854061
-8.935590212500264
-14.343467060389138
12.442528064345034
-8.842739153383178
-11.712497914280844
-15.011589893464974
-4.413699740560052
0.5743948995013568
-1.9297439038761937
2.4339776275633156
-0.3932721764647873
7.528631253060695
6.727119184582321
17.051112788720168
-1.608828312982368
13.937098510921437
9.367478699113562
8.922186662647484
17.59940672539991
19.779328693309886
10.86094558064255
-1.113523702046109
-4.215941400103009
15.41729633046252
-8.151673510932742
-13.221680060321113
-16.598608851528596
10.112177950625494
-19.536720361424713
-18.693973199818807
16.186464914871806
6.259505563267812
-2.456281620356169
-17.469937279929137
-2.958419162049452
-4.562281281936604
-19.246917075555597
2.2809980680640223
-8.216726478217744
7.817359442898002
-5.483720770852546
-8.733019104931472
-15.693569754838679
-4.564432454890767
-14.333767629433204
-14.682113212859962
0.05448543118695781
17.353778847931345
-3.0835941700772906
11.232171315504988
-10.421079484392436
-16.33004766439354
-9.804953423597137
19.402144516318963
3.64682957934788
3.7841378230232046
16.803274742766817
8.763583662120666
-14.73935324061073
-6.467292087228774
-12.335026968362879
-4.459603372314094
6.256263936673463
-9.621167323649864
-8.673847495981235
5.950028381431764
-17.727363935157406
-5.168175050756481
1.237077459151756
-9.092044721492854
-12.926791099000233
-12.880995351438823
7.363723354327799
-15.97005005805665
-3.7581988572879794
10.581411468371744
8.62906737353154
-16.82986311184397
19.762433001850617
0.15217751965074555
-14.864389796434626
-12.057263861204856
3.100156938071944
-18.32512734864123
15.981134682222248
-3.576377461051088
-1.6515438562213163
14.169222608260732
5.153894189880788
-1.3256174197443862
-17.836832335929408
-0.5874535621365915
-13.780440032178735
-11.049451025971738
13.907391670079434
-6.493409743327918
-14.565829325925801
-15.24008228951745
-8.172040199492944
-15.085563310091587
-18.358908858094523
18.75016816000106
18.337008276950336
-14.033406425124388
19.42991384530484
-12.972174505977971
19.506336358810344
-16.090963896970326
15.768844635553556
-3.401088946140977
-12.977475309117406
19.683791486431907
-3.2905009440918853
-14.1202042600862
11.255847826599773
-0.8893162213238455
11.994505621955973
11.310602660862322
-0.14496285264278796
9.115556935976503
-4.22633764605132
-18.472796880917166
-13.508779907819282
-11.4791065859146
-11.780446998612902
-14.35436513311581
19.124631665025134
19.61390125168809
0.1520067579265003
-3.4253509531972135
10.60692147990233
-17.005664610324715
7.161674648592626
-10.626876139972406
10.577205314737569
-1.5532125166974744
3.5332065463470954
0.6696703601467604
-18.35845954594565
1.4465741454898726
-17.575162965536716
-1.1015274559170471
0.4588522508870696
-9.056448380842292
-13.049961683357004
-10.530953594989722
16.663052220385808
11.039361553679488
7.085179071979006
-18.824966729058218
-19.10147466674843
5.888885177921015
-17.309761252148988
-11.748779391367865
10.896389644398727
-0.8697219779113752
-19.182839486664633
-10.404294446868882
-14.138654080774895
-0.9219481463544312
3.5182179708433026
1.1337121913558619
-7.934436506820655
11.232163207872674
-10.107001428100762
17.123901199382615
-6.860617735773902
-0.40705532776609843
9.746875162081324
-2.2040473564037626
-12.975887236862
-19.26416270598631
6.122762010464257
14.903093886853405
-7.101858862376691
-3.3340531259845783
7.651700702541881
-18.011444338700034
8.827130127634604
10.935804682759116
-19.406795310368075
6.145278746582072
-6.857188871889996
-1.4186959664920273
-10.063004920210066
2.451205857246265
-14.369609494778587
-18.080636151047784
-16.285232823881127
-16.463052609048887
10.56568087907992
2.294326187601232
-19.53081402804209
15.791743740529583
-12.477461452498853
-17.903667970844452
11.627825495559673
-5.886488044538707
15.65726482711861
-9.94296400539107
-10.010847422802463
-2.8389356041827973
-4.044315850746468
17.111615419167812
7.71474301364659
11.418276707249664
15.849950701639457
8.523794709898258
6.135043837685924
17.407470903076252
16.092747585616777
-6.244383203697437
-17.878314802034886
0.6927723653328499
-12.017483124889035
14.658127981739192
-8.70115827390753
-0.23550018968420972
-5.061042087480438
-2.428310121522461
16.97603595041788
18.913157651489826
16.422133837414975
14.667316681851794
-7.945950662452933
-18.917661354941693
-7.891099142089368
10.500523773399099
-8.74769038142591
14.144352294473862
16.08196552514066
-11.64947148114373
-15.003005410468258
10.800982551177206
-5.500114217637941
19.71487643570164
-12.426287830140662
16.03099332499268
0.01326431970769093
0.31777713460445867
3.5081078054600887
-3.6394472938989786
-8.263258947122644
-9.864110786614644
11.627107933351631
-10.215102214154532
-14.98477995565981
-0.6875047149562192
17.239386561993776
-11.910271498511635
-17.701025334935167
-16.128986772047178
18.598870599876427
-16.669024472660144
-4.793551825581561
-10.700247930772019
19.234459598389655
-0.015687432263362666
1.7405425677842636
11.08919906345124
-13.426325991159974
-14.73965495091251
-14.870916411296843
1.5088612427331753
17.409002079718505
15.316902971793176
-6.730218243713741
-7.798701578521662
-4.842975546912021
0.19705879289870865
1.527514894446945
6.090414208101063
-12.010925900877165
-10.22402860905499
7.387861885494939
-2.757452090811885
-18.900645872573726
-9.29027944140886
1.9616886006136909
-5.736132689424034
-11.023386082570203
-10.881362275174116
10.601570208553106
-5.435073666340511
10.98113036033881
-10.902170029041805
-7.474528346210496
17.83997272859854
-8.715169198709415
3.9462211980278603
-9.626551161982167
2.265738235197947
6.269090101609571
-1.7402861276725403
0.8881695484673742
0.7428085056772602
17.292468802668147
3.518624828375966
6.351649801814439
2.2152722031001346
18.43909399249047
-2.9193011357282685
0.5144707393506494
17.158547512537638
0.2810660401268734
-4.828275172798477
18.676084615668458
-11.25821054318186
1.888110591756412
-13.482059497671903
10.569992381572618
8.762347500680502
13.96813785382028
-5.40831833312842
17.849227387281516
14.564110292704925
4.728458054865186
-6.1305970464048
-12.05870081225601
-10.878437517664246
-17.79112154393717
16.844295225960032
-2.388846636273229
10.139975242921505
6.0885084391721165
14.171965353782184
-5.831448543494631
0.41768010379722753
-6.490968316891594
-0.050036511607316925
-7.6436631616640405
-1.6348761767958422
-10.720564285538682
16.52657966106179
-6.248464344347573
-12.952717292945021
3.38989018608563
-1.2578560520218858
-10.02037158339773
3.9582170009550133
18.113188710778843
-0.774629027623984
8.799175696996386
-19.5642319433064
-19.33306554731231
-7.208852457117301
-15.549857718559291
9.218070116347935
15.919296771993515
16.2649529903698
-19.03192664545825
-18.700601434231423
15.769910205822647
4.063822652918208
17.240020509231677
-11.063795665596423
10.699729444968703
-16.210134790997017
12.043946788987768
-6.923063293213595
-2.879513800981279
11.633469709751218
-6.659377349511036
-2.898759911795665
14.451717924953428
3.4429748034505927
-19.262532898169404
17.962751564785307
1.7497226786747078
-0.6983262856517491
1.5565884574033184
0.04412311000427138
5.845790508830795
-9.441190096372765
18.21068338353831
-12.448807251848425
16.887802010976344
15.815067453348348
-19.987734564046118
-2.6346904440309906
-1.0785735893461421
19.915660234876924
-1.9984028453840992
-8.227334439377675
-16.88476671016779
-0.17588513211906687
-1.1068253189889035
-17.888729248070092
2.0486138243791814
-14.904404720597082
-13.44214806627129
6.494157869720855
-15.099210427375912
1.5140454005171406
5.977334255375901
-13.280250746067859
19.30162997775951
-12.222513894702725
-1.0114094244751755
-15.637946219552878
-15.110138404329172
3.126087983556765
16.338006451614405
-2.116034101289202
12.026824442631884
2.3733788986322857
-11.882937425031667
11.417074885414085
0.06390687494948821
-0.5508631791775933
-6.4577011930304185
-9.949134240590896
-18.178975420813515
-2.968020561823298
17.610558529038357
8.33728523799397
-10.332711643811292
-17.752295138638846
-13.545407891158598
1.9719773809867363
17.479711120868387
-2.6663827494944172
-12.39136826910299
-12.726868199470282
-2.606879300751359
-13.7123914421531
-1.8570678907795681
-11.401302209259892
-13.659911586400568
-19.755556994961463
-19.692051159215296
-19.56784562696173
16.65115869166938
-10.843978497914941
6.463066165711226
-17.580312321670213
-2.040283114846119
-19.563465805530953
6.023946775422893
-12.062941873546098
10.40581106360062
12.566157835817052
13.983684455476876
5.857164626141291
-19.813299418320057
-2.720022468370331
-0.811896686185186
4.501590356570681
12.814891019853583
5.269490079612286
3.3380742621815216
-5.893660763114417
8.11163847758817
10.081277024554861
-16.388896668817235
12.651153324616104
-19.83886663379845
-12.634713403607329
16.100946097628096
-12.287860981694699
-16.098837218917417
14.450419773172499
-12.765666277384602
-7.301551467181211
13.280892277041744
9.22164284575127
16.788522743391212
-18.614456937753097
11.020275357173652
17.47887453435387
-7.3766945350622635
-19.893261434399466
-13.526613269152943
-1.3035471351791443
18.273778167065373
19.88884719108328
15.189096706600068
8.0471736687593
17.464709750676136
-11.823363434412414
-9.612061235118725
9.961261000620034
-10.181103356774436
9.72886431306825
-11.844602311626513
0.042662811274425394
-6.635129759164542
17.388351228620763
-15.346293322969263
-14.013737498699639
4.625286783433282
15.643793015858087
4.452604556034419
4.856411592539477
4.679743335262039
17.745012471150638
7.690232164346121
7.255327929100975
-3.5736124105802958
11.94600940542854
16.73768439564204
7.512240558927402
18.243993117982342
-6.071823138485705
-12.427946821000502
-0.5973450507644813
-6.3283712654235345
-19.80281836514587
13.667341739563419
-16.470008756948637
-18.68494396420527
-18.828742053917654
19.205322825154497
2.298816024371831
1.903498001618722
-18.899798737328318
16.375047013698662
3.964747094731095
-9.735242127802536
13.416386301671757
-14.734546181925872
-4.028447809296306
9.760260642937357
18.655222760221555
14.47474396420602
-19.712154278252726
-15.410062566228397
0.4507088562296033
-18.768685976066507
8.923960142362041
15.085022268987586
-0.5087679658500619
-9.074797710733776
16.922778685787016
-12.597675106149326
2.677759583059263
-19.820987380856792
1.0325351083050904
4.089698633244151
7.708970956781847
7.286575899520223
-3.45751642008722
8.994106219778004
14.643951643865286
-15.209929996734877
5.023288941565724
-10.693570950422693
13.136546328708405
-1.1574037818466962
-15.236440406717824
-3.772690695825762
-8.726258697212671
-18.43495696428132
8.932299749867315
-7.5382527241485455
12.907039394677241
8.508599042625924
16.193810300944754
-1.62519405619215
-9.730381645397115
-15.505908998359557
-13.369380452850873
7.291306326486655
17.321230114365527
17.26917791497457
16.42538524283581
9.904367451263688
7.665178843849798
-6.990867310238116
-16.31271063064306
-7.186135809498158
-6.842352580691289
-3.9141903832953453
-16.33726273908429
5.272263736785639
-8.679783389087724
-9.348837538608791
12.17537130709885
7.263672321593621
13.292815140314744
7.954475168302004
-4.99063275801625
9.388511874144207
-12.634710226685023
-19.787379501554607
13.675064387759925
-12.878149545251665
11.273085544471492
-15.545417492820516
-18.32885828608392
-14.073271672391563
-7.887286058265568
3.209908177574494
-8.194148296253587
12.062682080818185
-15.783854488373601
15.45548772050261
-14.060344286052375
-19.99697077895956
-2.7288370239622886
0.32688180504544917
1.1229193925199041
18.15111765405176
-16.478860180306167
-13.92849210280029
-11.339164236462182
2.8235404858243953
11.56218236684522
11.769828327583447
15.315268178137856
1.7301567998457585
7.216111216257456
-9.44317175842194
-15.30152972079016
7.351625522639445
2.378792104492824
0.48770267488869834
14.936392511577445
-5.566422142636425
-12.871136154261293
13.51509650003785
7.328015839882298
-14.851389224805969
-4.620096478747055
2.7701956197490816
6.432298688133976
-16.3039981169173
-1.490498529495131
-4.083157319773353
-16.470162403453198
8.00994750874285
11.783826781919736
-9.897550728978937
0.5213380883208565
-18.87877970110672
-17.97884184101965
8.623047818511466
10.572489517895981
16.860285614394193
-1.5220910237711784
-6.00105207280874
-8.608684057755784
-7.4362849940634455
-19.43327283308815
1.3096922042345795
19.6088764167135
-15.395035077815109
10.403617195485438
-5.976191981779792
-3.6067125792580796
19.476961776417042
13.830220091352423
-7.459977488231919
-15.856427562286957
2.3542496112485836
10.26683794712218
14.321295000696175
-15.843190785754082
-11.474483984264975
18.41572385567111
13.49575349127798
10.005452428206894
9.519893025241025
-17.75812524206107
-18.426490702778796
8.830627601781366
6.289721632017322
2.3904258209210703
-7.367597412352115
2.1985244424636328
9.901494630072758
8.555034309923663
0.9676316776883738
-1.7593515697049966
-9.147213264319465
-8.000814275681524
-8.138815175237294
-17.475759045890605
15.71212096967971
-7.5592474284208
-3.6846016305060125
-0.6736316695761602
-0.4689961887260097
-16.279735532407344
-17.603789293007154
-13.969877637996726
-1.6016888161709701
0.3441027261395959
-12.768660239644172
-5.621690350333015
-12.375297002471552
-17.40190679462597
-3.1675114001311186
6.267656085212096
-13.138876842297966
-19.511118744589673
15.079908151349706
10.818799232066393
-9.050131945422798
4.233409981328119
-16.58758319478722
-0.3697585919943016
15.228617377966863
-9.41122656986865
-11.191016605312832
-16.14612219093572
13.729880143216619
-11.511570855762061
-11.61905515859058
-6.176450269091095
-8.700693693650386
5.192354537954877
10.497390485561105
4.199701309448628
-9.456842555348901
-18.628769432072957
6.990386655426171
3.8721836921530155
19.80365350671486
8.83297513968217
-13.862968070412789
-4.568460331362214
-10.031988559302278
-10.003172673114475
-3.466701713369936
-10.486596384298647
-2.9064580100465776
7.405788829787745
-10.705082337900276
9.952710274986117
11.821239965245386
-6.37025858721131
14.058547314816472
19.980181960865387
12.261598521843638
-2.5746563996176874
-6.6599874914897494
-13.313010074967773
-12.657180134421338
6.13934791423123
-4.068193376983974
-11.352723051653527
3.3629466353076154
1.0525824034320976
-3.4659816352404995
-16.979372506073656
-14.610741670443424
15.546091509520721
13.110158445446359
-17.22320864671697
-19.514601559742797
-3.062476972301674
2.521190490995263
15.26634156946946
-12.516009508232155
0.15218896687512284
14.969113263076515
-18.25018184121927
13.274177407933003
-18.53227615103977
11.265952359343146
8.682839753373692
11.583345321620115
-5.952160959189822
-15.289474778585825
-15.923920203423894
10.003515048424259
-0.11043981095143707
3.4202314966685137
15.530694933742282
18.52724814349662
13.092530272524073
-8.322550792888626
3.2149977090654502
-15.835780567475176
-13.60009549192311
4.427824548579288
1.1881823201176402
-14.398828661661241
-9.177342622216216
0.7919422404092735
5.114546280315345
4.507760974272735
-17.185653031595866
7.847648404157177
-15.473169595466704
11.786864716575813
2.9652329340749333
-17.23991713056985
9.530775875964594
14.350534635355231
18.139048777341365
10.216588558438723
-18.414673703348384
14.210572946748826
-16.583582828970712
5.519333213329801
-19.744652707972413
-3.214770201531387
4.536786981873867
1.6889233997353088
1.8596847781474715
-18.5831160883715
10.695692556910984
-15.860832185576257
-5.814395396017996
8.249648431329021
9.057933681366379
5.357154572837427
-2.960478407684839
3.1515508357328486
7.41520092306704
-4.568085066611619
-0.05867361996336484
9.155702790805975
-17.02955394675552
10.78013856494081
-2.670616283690883
-0.5955887329346901
15.159353369443558
6.637334892651545
14.179455357664892
16.419760163534455
-8.2053183699006
3.975725097179538
12.042246177024772
-11.128162791211356
-8.788373881013216
1.7191905274963801
-13.845733018275439
-3.1837411208481043
-7.720939517183854
13.66175849957709
-2.6332498267159643
13.072707980859548
6.781603909341641
-8.358882085952253
4.346526037370882
11.740079792437964
8.743572400145766
-1.3844870355658614
-19.336540283994864
10.056729451793561
0.8800143923915762
-11.007150374891804
-5.43008412594823
-3.7361983569304726
-13.756267217930978
3.289570597237727
-6.089555235038118
-4.511006759772599
-15.479882277385393
-9.207998796827258
-1.3789681053954652
-5.39439421731506
19.39615711528706
-0.4185075916630687
0.6007825333067771
-19.365526808707862
18.158113381307253
17.19884468023585
-11.152784513690012
16.892206769079436
-3.399277463207426
6.451340425904224
-16.659334491701152
3.4801107500628383
-5.9160398151511515
5.5696447827714515
10.78806150457103
16.73549052009588
-10.471863329691251
5.314901255003509
-3.997541029458059
-0.5210784718081598
12.064617108793271
16.132542845949686
6.990256470179354
-4.34524897466968
-19.058306106299483
1.1607562320502574
11.593424721869123
-3.481758908062762
18.529917452787785
14.830707435559127
-8.81381990208439
-19.30082481843229
-11.176885445783906
13.438490836056488
0.9334225845049531
-10.461354242465863
-5.336823025259424
-17.521526298451008
-9.481383422422498
16.68785327472864
17.912505696285365
1.0274525463021043
-19.33452071778483
15.209428547486667
10.27805772588593
4.220275457607777
-0.08418673056649695
4.086831489652404
3.007923397136018
17.950353665532063
-14.539400643691032
2.1807839353876126
17.831653046382733
15.535182839202747
-14.532596654072197
-11.791700973430093
14.288322158934733
11.648012271059649
-3.591431223049824
-16.907431250954087
0.9353844415651302
-11.568120156427955
1.0100071949858673
13.189322359687324
-8.763979804973667
-6.683211223257985
-13.176937223892153
15.499477882935281
14.0248811143817
6.233581407914379
1.7608344155116065
-19.98245811993751
11.507277233752731
11.092680348153898
-1.1004287690811694
9.276758054268875
-11.951385450589292
19.278555082459626
19.01208350784765
12.829458792612243
2.039021724376884
11.084502735205227
-12.273251935039141
-1.5427580130857805
-15.718290723373922
18.810017314552937
-0.13973111656795467
-7.439904206980001
-8.904520536922668
-15.580575234756244
0.5726120725728663
18.031246202808603
-19.51730431391928
-0.9520641826721175
-11.595925259417541
-13.608637304521313
3.717704230084596
-10.165016635800615
-12.387062382439025
8.52361579842411
13.616199251791514
12.087788538334507
-10.011319156636018
-4.079522046088826
2.745494608819211
6.617303250764962
-7.802504659218744
3.673625721861093
-5.552966750666224
-6.389793750250137
-3.233427019191332
6.703946905186218
-1.5476750588770756
-4.785893612298228
-12.070431635662144
8.204601045873265
-6.552387531552149
7.875325326547561
-2.7903514396377176
4.964302921821698
18.219214934958373
-3.7815625790313057
-2.7194742200326374
9.59745008912369
4.055556359467406
12.158776694460776
-16.17575838240864
1.63371875542801
10.453031571246786
-19.399685951255
-16.476854175886203
-8.499080599320834
16.354912821295578
15.300721505039107
-17.78360461223107
7.2355209614747125
12.905219061608285
-6.058884489438508
0.23355368260358134
4.67651189385553
-8.55756088414104
-0.5549425282621456
1.1980236273037548
8.919417706180624
18.437889168275007
16.91754491604287
-12.703629669394205
14.34304588516909
9.732533581084837
16.180409226519437
6.1153903298945345
5.02053670948742
-7.996124210657353
11.121245874200593
-17.623726237546897
-0.789160