10.887154364085934
11.804325380329548
16.504986858381955
12.217682075462939
-9.135351259161041
0.590620974780812
17.866573001433636
-1.3275130989215356
2.092311056375401
18.48867957719473
10.01239877353974
3.298325939794605
-14.823515839783944
6.641109570578454
6.889706122710301
17.118256434492466
15.664273231421724
-13.11508692090531
-17.519136387859284
2.7276732528248537
-18.641224208280633
-16.535911679340636
16.478217928383458
-5.712088050086868
3.977148384995605
2.0282799289120916
-9.571111172693012
-5.947396242176861
-1.6186672202382333
-18.678334730314887
19.481811430735704
-13.810746558460604
-7.341765212202516
-19.728838777595243
-4.259150462806804
19.482646108107538
5.184927289493277
-2.896958901155564
7.733460408518454
-8.686788248512949
3.7896899358713654E-4
19.584663257360347
-9.206924467273634
18.80139843020708
19.159340994196874
-5.194869364614583
5.937902244364221
7.881461556064501
5.454844648883196
16.60372413257066
-15.266434345901043
-2.8839849016597725
0.5890816480790093
3.8816917789444325
1.0433160169003806
-10.633342411342127
12.83440238338094
-11.674898441896362
-6.407498457417997
-12.640637206885671
17.352634520096217
-13.010473784711255
4.482487144162533
12.691281701009451
15.971868307697413
-3.2291088103581167
-2.9667681475142516
-15.031737689823178
16.70671701292136
12.710029842551002
-15.728014674569796
3.6249036811752617
-13.905687549652939
-12.940320436029662
-6.058879470084211
-8.576916391669771
12.467283417331636
4.025716524579018
-7.769499969386127
11.881714846226586
-15.841328581442461
-12.87354657855046
-3.144582770971695
-11.012416335074203
-13.834776587896066
1.7022210673411386
8.403320111874425
-5.159763848695587
-8.890568129300934
-5.1916990416328055
17.284335767274534
14.822820482228245
18.472376259534613
2.5862975446654026
7.054372001848414
6.924738531722021
1.9795452249430525
-7.42797699156268
-12.49740295696174
11.722425930121027
-16.864520251686553
-16.83543556129417
18.315035682802076
14.393202488874337
19.15798293770203
14.199171547762141
5.479212482850087
4.577462148524916
16.519983094100866
16.76882396861383
-16.602125051367047
-19.905620378740863
-5.675149833835587
18.995318694574927
-18.47021366689305
-7.600224468353577
-19.445659011126285
0.8198827641280282
-4.996958264253291
-6.316178774912689
-1.1916106293199107
18.53472842721161
18.76444014522798
13.800229359779607
0.5302051349128618
1.0304244204659518
14.621359827181585
11.074201910229213
9.213164975741343
-5.728193697502606
-13.596222733416784
18.3190970018928
6.0360527244461935
-17.401972138469596
-11.358941247706685
8.039723221674283
-5.54612885136085
-17.461091147713475
2.5157245182991232
4.228956464794976
11.399275750559617
18.91322423248573
-9.99758940346975
-19.448549753485644
17.782200983254747
13.532732735578413
2.1520241259030684
-14.421918521065095
-9.073245994058134
-5.6435994261323685
4.5650015507030695
-3.6851497862473117
-14.811898910816549
-1.4613650668646017
-4.684300633103241
-7.009530339740667
-16.2291873183508
-2.8954860856343103
-4.885356266158727
13.101443496691623
-11.612688971929227
-16.134121305816684
-9.49435801032514
14.273656901863518
-11.311578969488757
4.929769416709817
2.0623927841966747
-3.0655123161441153
13.468441949336032
-15.188751244874394
6.917169356268587
-0.22454157219103266
9.655724690609055
-13.992643638588751
-10.21611996488251
-1.732378229751017
-16.659523243946083
11.808281687692283
-16.129853824286215
11.963920944637167
9.84931031747223
10.769168021318016
-2.446359662643708
12.700662567850081
-5.261307122741027
-3.1010895019395335
-7.635570736853268
19.906227682995322
-14.491193004009745
-19.91506473290151
-9.870087750726992
-14.342154928903263
4.551495407530144
14.176983476996824
16.87180422510191
-12.012384613650209
0.16073963674149638
9.91185334549225
-7.019018493007536
-15.480617270516914
-10.604414563013854
0.4102436125583431
19.18878040544329
-7.348185294383391
11.559872321447667
5.49418210179395
6.249321564263553
-14.098589441080108
4.401298324245843
8.537935684289806
10.750515808731578
-15.853246877362102
18.660495184096753
-4.155176449782786
0.42873094363840636
-4.840996141848507
14.315319692489894
-8.402070837930369
19.337514850263688
10.844690259994803
-6.387645053899401
-18.629928811783255
-2.8451524608726615
-3.7410347256604126
-3.1181943140916744
-17.995877327119118
-17.052368966793445
5.451184496123528
10.756144777291723
16.086073616982965
-9.743686683806745
4.578152311772609
-2.3016572220791716
8.91379532935073
-7.817326478230683
-11.736986065857987
0.480245565183278
0.8939359619038996
-6.2320815531535025
3.7983213411254226
-12.90504823939985
2.2489624702966395
0.4417537902459827
14.348408003468421
-7.549120011988105
2.0795536178559892
13.993830130732768
-9.128261331599425
18.024726035849945
18.416516954650255
-16.227394198712545
12.992790913070948
-6.624918354817488
1.8084282452943121
-11.892431256607882
-10.091689195291181
17.318387150778094
19.325030884860396
12.163979542606874
-16.983315932686782
-14.624776478257719
16.40302849555392
9.985764287035536
7.791749347323872
-10.374856586553832
-19.228348738079717
0.35736322712347146
16.45216869957985
4.352892658738714
-7.282601369890557
13.24513534974922
-2.8623994414885345
-2.1649219695878976
-10.944653688188698
-6.360701719197781
-0.6234804634570104
5.1551862654246285
-0.7539811341771276
3.035116234189431
8.635964668541199
0.7769622934279141
-19.584324215550403
6.477283307698393
12.045885535982222
-16.351857301591618
-18.355063962127996
-8.247296952739394
19.546230884080572
-8.812442943872213
9.363740319823197
11.260974941454407
15.61429288031568
12.36896882940119
-5.345595449087623
-8.049060609639422
1.263380245027406
-17.467729925605695
19.548437384736715
13.292034290072564
-5.498827943672602
5.371560096018584
-3.6021394271032676
-2.7343515683743504
-10.385199051021793
-15.112743911965039
-5.5917048044113535
-19.171753281128687
-2.0691876212273783
12.339551784601362
-7.155216702966012
4.490312420594968
16.52264914552763
-8.680689763167088
-11.224803490498164
16.655764331966637
-10.2837312546235
3.450525138508805
-9.60721012465488
11.147120162994405
11.037130479503379
8.912485282716315
-1.3256805410711259
-16.3014793801784
17.89483730345512
-9.064286396087024
7.0055255052939955
-1.363544298502898
7.625323610636173
-1.8390444148193623
9.456706634988649
-11.16426118562802
1.2868579225550505
19.23059589329157
-5.380894052387912
18.309878642706984
-7.443029683084706
15.929327477744451
17.883425155519667
4.894046474818637
-17.856055271612263
-11.06277771546782
-8.966022141407123
16.829903501788486
11.31002037181677
15.93631232344859
-15.688816053895774
17.705311142961776
-11.413166981186267
0.31095403923903575
-6.949299671919093
8.164683550254441
8.95799999124499
10.700299263824895
5.009050914158053
3.4610469330515627
-19.75621795971307
-0.8268554086569893
19.923295146546174
-14.267553007659073
-17.102751107926146
2.7930207488167795
-9.557821296620519
11.28130735566998
-19.41690405980628
-15.262424400076892
11.383389791255144
11.987336849530376
-4.918802065417607
4.936659510748974
-19.904063565535246
8.38793549741441
17.310468026202088
-16.359511496840447
16.671692644031083
-16.896564263649466
2.8988219769940358
-15.961396242957413
19.030718107526646
-0.011108978924294632
-16.669955265355792
1.0133312680407194
-9.577258660120886
9.82427124396559
-16.23223370041622
-8.479864797292272
8.761968372370422
-6.929887732391297
-16.301794173035073
-15.839130137300064
-14.846699720616417
5.516974694085963
17.056697991894282
2.934035696160258
-4.677185618319083
3.6111325196899173
-4.524542776003777
-10.842426577246812
-6.0724452641146485
7.035806776134464
18.5973544220031
5.029902670414227
-6.384783384353806
5.934285326948707
-4.985440193813009
16.812652650046658
7.0281562029947935
12.42350003024815
-2.2814499542982993
-18.26440410053837
-15.893168655833453
-0.147829926223217
13.04576927122207
1.2906530397154654
-5.80402634529988
-17.83057005196938
-1.5403997381431331
11.014569546531376
14.792440997354198
-17.546780175105503
-0.42507458368068285
-12.400195753341823
10.88147621279855
15.894044080709897
-13.902108088635199
15.952396542527467
16.61455650837025
-0.7466307284073395
13.389318755351944
-17.948232160416026
-10.56294526771481
8.300426442867256
-4.835174228006602
-12.071242724065678
-10.471169443235716
7.024831049028801
15.374465292432888
-1.3408925618228729
18.598707546641812
18.55950796009399
9.941167923559206
16.026354298478886
11.362185091527817
-0.22509135233448774
-11.238584334615336
4.021362097188078
-9.142762408415074
-15.607306430737609
-18.845177601041293
-7.876448863747996
17.628280677702136
-19.322560108225474
10.725865145154216
2.7882076765915222
7.368014693666662
-19.77548522431821
-8.852366250688629
-5.447428405383835
1.2407035423025548
-5.438283006269597
-1.9453612039194326
-17.113649551806304
-14.409387804481355
0.5494652964570825
18.478417431431666
4.380696383934392
5.832819374639151
4.273674970180178
12.985130202632128
7.677718832598842
-13.359534400450993
10.40441577950449
6.207483086597314
12.115113406654736
16.407220848458316
15.051969067653467
-15.203653627148995
11.646401146345791
8.295488247641238
3.488531317048974
-12.883190254204973
3.3051789268522427
8.189469190275513
-4.378158385766238
10.20732537180048
6.927252662864937
1.6540022697594345
-10.161959297264263
-14.630135721452895
-1.6396776789899583
-11.890668908532929
-10.238712505745893
-17.78746525680009
-1.5387186500596712
-3.5083741496331022
10.760473681999592
17.010900974356943
-11.275982530957464
7.839995714152131
14.763380432691811
-2.655726138805335
-6.107286876437108
5.180456986478092
0.7343429704495748
13.78621042142045
5.04210011519784
-5.196178976698619
2.7616222418575553
-19.8668184443229
5.032034876985982
-6.710500678560365
-5.347680589768746
11.80981222352144
-7.8880116920233725
13.573306878346514
17.177395315050305
4.06015600720297
-17.768481991558183
-9.624501978248382
-18.001257476967325
-9.685916372618891
-10.917745543011375
-12.020695076206081
3.865083360060826
19.75686720160555
8.363639020996118
14.33324227390142
14.89009140000995
-13.418205915186995
2.5707622207606704
-4.977759479554958
5.628941823297282
1.8389893987506554
9.980572459000317
-16.014180976697215
-9.836214794857785
-0.052233552393978755
-9.54285471999821
-18.36895071664172
-11.777350749340583
5.593581112294359
9.833034329967663
-11.431496879856535
13.261701960602188
-19.8049618568346
-4.398221817277896
0.2758720976757516
-0.885122851922052
2.953872820230231
-18.80912563461653
19.044944573562987
19.738912400278515
4.093360353944462
-18.515613495061586
-16.846358218337393
18.62175287320668
15.301365399839277
5.021285668158136
5.741932041100654
-6.5468599396154925
-6.797057079784281
5.3032024861606395
-9.045334409906953
2.766528101167868
-8.087309183041373
14.088435100548864
7.026589473261655
0.7692006507595863
14.617668595339929
-4.934576918439451
-8.481032856005193
-14.625623242440561
-13.349105245908618
-7.0216274149809
11.574794224615488
-5.351695608128546
17.084034906715225
-18.940354004745107
-16.761987262803828
-8.144699815022602
11.23267295952293
16.81530958438301
-7.53412754537
-8.781808193784304
-10.586990618757373
-3.993963022736363
-5.742749141709268
13.122716070498058
-13.24103048852676
8.643275734802348
-19.517656425507152
18.12846635530679
-11.90454469097931
14.67681150465151
1.6601158628213106
9.022392247685449
3.424741663251055
-4.388203009867437
-10.15260154792449
-18.098441312450806
-9.189521135898516
11.242747533657841
4.69945909995268
19.843750532086723
-12.385804149541379
15.248538352690211
-0.3414190512777715
5.068700067506594
3.1557368228767437
0.22850334391224436
8.452865326120786
-7.935944266160803
-1.4337770765973161
-16.203119653005388
10.119332626985248
15.520036504173412
-2.1215038824765706
-14.583636666567639
4.66520081006767
9.538752341208227
-8.864354743043483
-14.578128241599874
-4.538856924770197
-0.15193200987317113
-1.8596927690497758
19.521778312917498
8.897073858145884
-18.21687011845558
-5.955447659694864
11.054001666049235
17.161042517315366
-0.41761140215017534
-18.509771401956463
-15.355780292773641
7.812059114589932
-13.197473191154469
14.132962421841277
-3.2318748106909396
0.5932159127367207
-7.49774042054057
-12.206753548291474
16.26299672713894
-17.741166521747584
-2.409907361299574
-4.446056283010474
-6.309936192586502
-3.2236671363989515
11.321026940001282
10.812002846345607
19.169387162611315
-7.923199471627097
12.331583248600545
-5.403637207593398
-3.0331548482665163
6.481284941972241
0.7300656266308749
9.419334722421464
0.9542591364551285
-8.637901106481873
11.339371696382479
-16.69763141712744
13.46916844939797
-9.985339301085032
-14.734004698498119
-9.535430402453438
14.022825709104957
-0.5929796908937206
3.114184398455386
-9.227986593062308
-2.598635683754896
14.445567772709538
14.138821917508288
12.699906270756571
-8.844446606601872
-11.276352926246108
-15.218183880933495
13.377111531557432
19.010942216879712
-1.0295748015380397
2.801552582901369
7.643388049472332
-7.964184504832499
-17.16586925000337
12.77026856292116
17.49180275550286
5.351687938722112
-16.089256479236283
-15.338221538579644
8.795412304246142
-3.169059617223393
5.769312897739674
-13.710985377256808
10.399273846896264
-12.926581144896767
14.644689058279361
-6.219600406163309
0.618577576626631
4.665549116058031
-18.287006798401485
18.801725130514896
-12.978423202639267
2.456925351310069
3.4549421074078346
6.485296544908657
6.940244632957551
-4.425363448301155
18.159135980708577
-0.27358049654765537
1.9449041329614474
-11.248203392590765
4.4943577934846815
-10.038643459883613
8.689696592975036
-19.12268614836801
18.797835667934272
6.014280872740571
14.264747558496616
13.18530244003135
-14.434485873363903
-16.106018930794058
11.501436028088271
7.864698222256141
-17.203124097203307
-10.060932031497703
-6.090491670808964
-16.057963072320906
-19.773223466350252
2.5836205532511514
-6.3618677326079585
-15.545713009385857
18.61062985690078
-17.353169178938494
1.1911874890816954
9.289698842005354
-2.409890165785068
-6.16965043918794
-14.219767830598258
-17.01893885454031
-0.6471781084073669
14.924145904825721
12.38893100739476
-16.464327297243454
-8.997072863862785
-10.296414894353552
-16.401112731277387
-5.584516516489648
10.460292644550208
5.445444562338601
-4.032394938874573
-3.820160888601084
18.37354573046732
17.98630391907662
18.279198540146595
14.55835228505552
11.234903934263109
3.0969214713231636
-8.813695165890394
-18.537626300322128
15.819979952269705
6.548868762922492
9.853628980253049
-4.046333826539531
-11.364129849299825
5.328641350566773
3.485083316287284
4.30607513299611
4.61359237773237
-15.809290682694282
-4.539916493980938
-16.78485463503769
12.611024210837812
19.41694433242742
-7.6542997427950255
5.972929790665326
-1.106902463298578
18.64553590334507
-16.026671158014846
1.2556477858426902
14.66626048167742
-2.784467726208643
-1.5036956649576254
-10.175235978269566
15.091720760225144
-9.78173512706855
-17.82509382306317
-1.2972364473123577
11.374410439924311
-18.884456675891204
12.04481739297703
7.0224550948467055
-12.49097944688485
17.304843274415525
-3.341585950672197
-10.569069927696892
-12.862808735126897
3.975529130278602
11.359439309613272
12.923364922727075
-2.4460507512392766
-10.192450446984198
-3.419991255755331
9.518547734270765
-11.81416927332493
17.248653740649665
15.854641864247284
-18.74875751875507
-0.8149530205564979
-5.022099068881275
11.60201441376092
-10.510909237137739
2.0565729390518754
-4.456374347958057
14.831867532833492
-15.483317117985393
-4.394846785872151
17.47071069623143
-17.384255157202773
1.9584100496604542
-19.144913176712272
5.628448841805653
11.480708620807118
6.261301466639768
-7.096985183071261
-19.092554716556286
6.114147321070217
16.488422223097658
17.875450302766644
11.896757728922019
-2.1292669418131425
11.946372438353691
-15.786751154391801
13.428211176742238
-3.718746537549844
-11.142537493549831
1.253139071540751
19.15850165662382
-0.6369715567434362
3.9280344814269768
8.597324648499093
17.068867555596256
2.7456512037616996
-2.574992030931739
-13.796677987446252
-6.5222509365785
0.28799125509941703
-8.29609169997109
-0.14881165347095404
1.1129324170083308
17.57610534523699
19.178228402250312
-3.359902227705362
2.598479510377409
18.23915448090903
6.687135524938004
8.465619598797467
8.420487360514763
2.1702625925153285
-6.891152346037659
-14.038142196650423
-12.037912667887936
7.689320673991176
-12.923354481157858
5.309073779158155
-5.808451903022775
-8.406343622683657
4.2382276642975825
-16.34316198937119
12.35406187255532
-4.300665796964784
-0.5008095515549584
-11.54513173930833
11.415590339716061
-16.119621890637866
3.1934015446682693
-13.269533058149555
3.609123682089397
-17.89083784824427
-11.512022063261945
-9.781862015021584
-18.168818271258367
-3.035513959935617
10.97551542514378
-15.70702849266954
-19.079951866465205
-3.6680603856950285
-5.626000255848421
-16.88608392698793
-5.171311499501133
8.192728098444974
-6.008303642719671
11.459773440700417
15.457588066040302
-6.77369621199308
9.713558885947077
-12.991066259433888
-7.58146105718167
-3.998400554610612
18.002442058490608
-13.801072440105688
-3.8168548896001333
2.2348734367650778
-6.733268401648548
3.7799993089799315
-9.076040621494323
-7.948894702060706
7.18561300958018
0.059746032423507955
9.09703869551674
14.887979602593887
-8.570034479984274
-14.454503253447392
-2.1254434292766042
-12.601697551447861
-0.1320602405666591
-1.743315949259923
5.286894638218161
-1.4322624930029946
15.099623251208087
-1.527736711848597
0.8589417325973905
-19.480804523536257
7.421370485277066
8.53555388975711
17.33551679017794
-16.2195550661839
11.82995601800586
12.895448292640417
10.704025704838184
-9.531702306141327
7.7553442099057435
-18.30778713417918
8.703727782022458
0.06423323053811103
19.143135834832485
-7.08580083361095
-2.558003518586478
-13.537001957829933
-0.2709892708653143
-5.785315467919752
-16.868236495042108
3.5787266807541194
12.830404796797794
-15.92926518048213
-17.52486729894525
19.195278123195948
2.075460518858769
7.741084880536519
12.24096856205302
-11.768161386390679
10.278787811512462
-12.43718860921534
-8.130941034720953
8.943826214455079
16.5323076833132
19.548318976665023
-1.5106571172080763
-4.162012933428105
15.58270177381796
15.109638454252952
-3.991088897707577
19.36491408023818
15.177357320347433
-4.023918608052085
6.692563623969367
14.128004020289005
-13.075328399014637
8.245211326101
-9.44887965166581
15.686027224829232
19.313407220731456
-0.43410698902853184
-14.325253459482937
-14.426149779394937
-4.935960696061841
-9.525779779197823
5.703393195014904
6.083986664863417
-18.137196509005765
-2.0826872825294807
9.812698913311454
15.960184240414343
-7.527512437033771
0.23185177969134685
11.66963900445857
-3.123547926165827
-13.734552025485215
-7.767732400025427
-13.437503700992233
-10.298098134621462
11.328731325416562
14.525867168032704
-14.958636731541137
-0.9868235490007891
-5.295535784868285
-3.199829656118041
-15.518855217898292
-11.198133138164913
11.685393642809487
17.503706593133217
-13.290965608181363
-14.724546145410331
2.0866651463671673
7.260381090814654
-2.6661396832234203
8.763090765526513
18.827504644566375
9.979394116424373
5.207164969423054
0.561541860576785
-17.81367172055556
-9.105268753581313
17.49435605082474
19.9833864023782
-8.494471939561885
0.3249899797803657
11.448652737598124
7.282088379657367
-8.731241881648169
13.616612468206036
-16.76583119822417
14.741063512259906
-3.47965211615233
11.252148057268215
-5.110820401123313
-14.42682476325134
-11.530476799518432
8.06624984627269
-10.026624207910139
2.0158857290274668
-0.76338116127625
-17.921930395426145
-19.827215604395857
9.953903126913936
3.890647524718407
-5.042047642619178
12.929173175043054
8.248891838850984
4.147528617843999
16.7666990844382
3.9941734079633946
4.832845927765469
5.392430430721209
-7.149082488640808
-9.410513605459911
15.79665063749303
3.8541287076970185
18.600926236560888
3.425591209367287
3.3831438878341835
-19.780023349685326
-5.800339019034579
9.345843385685022
6.020062814564163
-17.324611383558363
-7.2376843762117815
10.210239123275894
9.489599898490809
18.44257708945471
-2.6695734779640645
-18.817992091176684
-19.34792397500393
-7.654586454074197
-13.228711557022098
3.399184292818134
5.229275081982511
3.565996037872953
-9.564252426721547
-13.716779830370793
-12.365408804805753
6.733405787693766
17.840670477277556
10.301426391789011
-11.37145414567958
-16.2322555155221
-9.604721883464165
13.272585479850463
-5.374886344186965
3.7628034705563422
-3.185565173690783
1.1706970714152831
-7.466673851669512
-1.9492396039252426
-13.953447748469646
-3.7663233988707177
11.014802537208816
11.016306669112485
-12.800231022414895
-18.456048129045314
7.087030350590794
1.9535206778055816
-5.796702757449253
1.1551334176900596
-10.766162985733164
13.424658453770057
-6.5902123251164255
4.312924670655036
15.262373970681203
2.0364346865549052
13.359158576392936
15.991828878424784
8.299285846230493
-2.305743166824822
-0.1621632401671107
-15.759802624741814
-6.946770400269923
0.6334631695009385
-18.38079548005804
-10.626782105230145
-6.358103936997615
-6.2128267556362005
13.116537709157889
-6.795116772781373
4.056973780186183
8.880904977448228
-6.4552112971481925
13.001405067258652
19.91552327874095
11.37015205910684
4.2296817231794535
15.30963434875931
-11.978006006683803
-2.389190427314084
-10.251734614636927
4.244584259663682
2.659536774572018
4.856105055180279
9.026178905831422
-9.483941913691595
12.901836736068347
-5.880498192660784
-6.587514859364543
8.297332008171026
8.855155969377929
0.9741207519042163
-0.037836060136790195
7.348127733863997
-15.85521059341108
14.209172099450555
5.912375877891979
-5.870605456490008
19.149735625332504
-13.630908261877227
-10.251923810638148
6.879982022187015
-18.721910133369313
-8.871752997503384
7.999176285711535
18.649847348814653
-5.642364255255297
-9.270685384952287
-5.1952668994486615
-0.5659445492301529
14.249358002650922
-10.24375819363193
-14.137868589090314
-1.9181691876907507
-1.7829109352671288
-15.459792298731916
10.311899351865321
5.792690062094422
-4.685674938063617
9.58850339727367
-16.211348560502504
-8.137930967858228
-7.973458401992165
-3.70003133844331
13.803923970082728
14.785215061556165
-14.135704612348722
12.576182662748423
-14.397898355127555
17.87952881272212
1.3933009383704977
-13.104258438576991
-11.688879931728788
-14.324600628420448
-19.985962815650215
14.619110934488958
-9.315342805753325
-6.0664431577119515
-0.6320777863274287
7.053419507898447
7.482261787124255
-19.508988632952907
-3.0517521384769495
17.13128939268791
-4.039859888789028
-2.9124357240817353
5.635220390409451
-11.769805225080777
5.87428563098139
1.0711430522582965
-13.938926198070657
15.22104165837056
-8.804018159171981
7.762911407684882
13.252427544097877
-17.371274828170208
5.5878177383032295
-3.756456102928176
0.3846764834672385
0.9519317915835614
-14.343641703166412
13.751177419897637
-18.058760525790383
-10.775128816112245
0.9043748446623923
0.5131305831037096
-4.384934303340216
-15.860208128604981
-16.49432809209216
-15.713383704818199
-0.7125028905259541
0.4535782158502073
11.65728052385537
-19.61832553425456
9.347599328246218
17.66604654470281
-8.944523835282725
-7.287067971781633
-5.398142640896522
3.2887808325891896
-5.2148087203986115
12.809748863665085
-9.226992058573128
-8.891933869160464
5.861892953647786
7.627296491474532
8.823369139793904
-17.709855082569522
-13.610686698606651
-6.835129137417244
0.7448046984897836
-2.529186932736934
11.05369126646314
-4.023733564605735
-8.511031630986526
14.592685100501903
-17.016410742129185
-3.0198435881652053
12.220477865851016
-2.2632698136060014
7.671221879274718
7.2129342071367155
-8.798871649962274
-12.20551886332435
15.181262094016496
15.060027841686015
-4.775154258230039
1.899829389834359
-2.3595413224022685
17.50092450600509
-2.9161652337175106
-17.38111433379576
0.6833077803224725
-2.969983085631867
9.041464049029809
6.587666574834458
16.62675976314197
-10.635430067865492
0.19356496578927107
-19.67183059169249
-1.5316477111502849
6.9660468839264595
11.973012922684397
1.1047751245556405
-0.3375478790401161
-10.283100799417827
11.474491530595017
-15.311325031046028
-8.11025223633946
0.159784156364271
-2.6284940978217577
13.019447616524587
-8.547773222495042
-9.90788997153015
16.29719373681931
4.231162678500823
6.31429248061016
13.094500206932544
18.890530271215333
18.073039183368607
-0.6879491190612264
0.4666491359247402
-17.617406572920736
18.083875933023023
18.34534426232897
-10.376888385102454
-12.379301831257932
2.7812133377531936
18.498147530068834
1.7306309379599654
-9.614455508724195
-10.932206027203314
-7.3959663772201125
18.84828630475353
-4.534182198356316
11.08814613658189
-3.3028125008295497
-11.399944200215263
8.235979401714168
9.884751442193107
1.3438136152214923
-8.901748353394265
18.46129283453606
9.396227249553593
-17.35153656942124
-7.5692312475137555
-19.493410508342286
13.697940818975958
-13.220256864509627
-10.801892242971576
5.09701639681105
-3.456901219062697
16.359589217614264
-1.7155960056756996
10.405109243892209
-18.540760122435586
-6.5992056804150945
-4.955761954815902
7.561829141837492
-17.352814501598353
-12.042756345007973
9.840193869783267
-15.51143813015135
-18.487881569990275
-19.08079786538609
-15.107582610198612
-14.825789169147683
-6.561062264132143
-4.0657195943722115
-15.763291663187683
18.479996191035106
-15.882503010817146
7.133865729104816
-18.866704721127427
13.654209664617113
5.224434487697884
-2.144585364753148
17.38580441954845
12.332383105252653
-12.381289016217178
3.730498795185845
-7.862021383185365
-5.319117317857369
7.146696934908089
8.286528134715088
-16.75164963366832
-15.516076161010574
4.5576368676481
12.2070010529699
1.9555254791584922
-15.826447919380389
0.7736287091756182
17.489071122493193
12.00649054049115
-17.273153280808764
6.455776565498141
11.28111395650609
-0.2216404843940687
-7.129251564418105
9.07116958968416
6.7611538748427975
4.810998470910267
-8.799047905235383
13.41838562817098
-12.235385905149494
3.2189937216244644
-18.593253138490766
12.97492655618661
2.0311857870464856
17.05057225233744
2.8710426782144296
5.880007022887984
-19.64809817066465
16.718809044390767
-8.994349437722748
7.621245619420591
18.390021920107444
-4.570828655877616
4.800757643187829
19.556014247366058
10.949352664655336
2.821018121723526
15.178937649456358
-11.366740787179328
12.006098288850588
14.061249775421729
-14.19085393463317
-14.68677667023921
7.896990351599051
-19.065220014174614
-7.317696113683713
2.0709069496940025
-19.522734242954428
-6.219267846704749
1.8981028082050813
7.808418072115316
15.74026721575369
5.5390392679429326
-0.038378694157131577
16.749275572527658
15.784727444780536
-4.285024620289914
-11.485849216833518
-11.542661002367115
-7.866640408231046
5.799042766525847
-8.491934933318124
16.976218197765377
-17.602530803292925
-9.690778938136987
5.834067758429526
16.825462515618476
18.664116605921393
18.239277194643392
-18.309134270150366
-7.863395243011219
4.491417336963785
12.143861620368739
-18.923822610635085
-15.800740983889199
8.130292391568567
15.711931856088135
-18.838098238681106
8.094830029701761
12.543824951505435
2.1659330888832393
-2.570880016262585
14.626173658595093
-3.849052298127937
-15.6921499250392
-2.012737669825114
-19.653593382052858
6.095573741856462
4.862628762841489
18.580080053379696
10.391531925922592
17.539870814739523
13.809762545182878
-16.415550322675642
5.462109747331411
18.263931287563814
4.593649970065336
-15.044890879283507
-10.489120405603916
10.98334503253685
-7.803270283199248
-16.960312998430993
18.94758419912472
-18.269921206154727
19.193429668114632
15.093438229741551
18.978671152603148
11.077632767309069
13.112333059645835
14.11973045858089
-6.436356213635733
3.0626965769780092
2.435490175037639
-10.552417037241423
-9.947970134790003
-16.532831136716894
3.7428377131985613
-17.182679671541848
-16.184185981024292
12.199556821863567
3.5779924142707387
12.41948077689861
-2.3447479107893514
4.297134896500143
-8.462851943875918
8.685112524330624
-19.038722216202423
-10.75406918770958
-11.451770882688677
-13.151519120387638
19.57888165645832
4.572535687583397
-2.691553831387168
1.9570265540051146
9.90940364225224
17.998384063810562
-18.904817653260455
-1.7872969890292367
-2.275181110437604
15.819752162419505
3.9544362473384
5.054372787467798
17.017402395127434
-2.071321396455854
-18.965044025535185
-13.811785709093524
1.178729829015282
7.92265550256851
14.461817778914465
9.311074962509661
17.7518284517719
5.027756311116349
-11.661357914366706
11.874891313482685
9.289226868762853
-3.9982014381368067
-16.986248386025302
-6.057107449413341
-19.810756536234976
9.387708457173819
16.89796397254652
14.982849141344332
5.4616526414619955
6.894483232033394
-11.390457388992964
19.59820756758844
13.974259619614081
-3.1600503285516446
13.22670305852575
-13.247182922143995
-8.700907119879165
4.212027937811783
0.3856541823250268
15.764176186195883
15.043422956716014
6.3864498240243535
-1.0410434846919898
19.17964103716954
-7.57234205519417
19.041118266497094
-16.47445397425021
0.4644555641344468
12.574994080008267
-17.372032668923552
-16.972815302732723
5.632084073836058
3.144113645181683
1.0226369370153563
1.8070096517208754
-8.058538703096577
18.612562707956037
-2.054765680953139
1.3818557974507897
10.797869192889166
7.310612528258179
-6.8564303253275405
-10.207402694632343
1.3649609534333642
14.660502865504967
-0.8107758190601864
-14.882666221812833
12.362711981993414
15.829812293265618
-18.434635343527024
-14.867754611781393
17.12790091447718
7.098998316583728
-7.838191243130748
2.6882873603195847
-12.709063959481185
-1.308836872224198
-6.413347106906958
6.6457094206424046
-9.652539369395265
-3.8435963632433783
0.6380350078454953
12.511094243486852
-0.49348350858248935
-3.4937048868249505
-18.709758514365483
-6.410879020786297
18.17365098468916
-7.950073154812575
-11.366441357797381
-0.6756209015769272
9.037243112510481
3.0163968074400493
1.5717420002331082
-0.3384571553961777
11.04700742787703
15.449698756606296
11.584117136512905
-18.008855424816936
-0.21381554665482838
-14.123350656311239
-12.1589615528821
-13.09338797345655
-10.869779155725219
-6.593087178340884
17.79791192919462
-19.815881598729433
5.330798642308167
19.155086435022206
-6.76946984355499
2.7869096843975143
-5.641581723596651
19.238128305300023
13.579909434821914
-16.903454888292547
-18.280159457770665
15.283947600796111
-13.881038827877257
2.110966209063289
3.4109066557261727
11.730325086924655
5.770093356832199
-7.1220209009741975
1.8092122320872086
-18.558571088721504
-2.2891819871485737
4.7796171744672336
1.047682334406069
-11.215491882368696
-1.5912548701851676
13.299439547106566
4.332888771426916
-12.121126527900024
4.652641462860462
-13.555693613328552
7.691315566568576
-18.547437158147314
-0.5171486214273955
-19.9857474474333
8.291740559964712
-3.2955672212460314
16.777792338139143
11.959645264964777
-17.511263647651
1.4668260733148841
7.859892117886396
17.686826066954595
-14.457597962365725
-8.52411547910168
-15.894488362153298
14.613316429341253
9.472429266009144
16.489657974905704
3.632179971193196
17.197006645673575
17.376033718615297
-7.467273372278624
4.897361865788703
-19.28965677928825
6.934630857111145
0.901964123902502
-15.948640351596804
12.718769002396137
5.138628719309665
4.974590239507847
-11.360697679882787
-3.2930452874429506
-0.497585195339326
16.437459968147834
-3.142479814913635
-0.7766345505084082
1.8467479197981689
-2.257106716020793
14.603464700865189
3.2661842981670866
-3.5330477369524473
-14.990721736721673
18.572606770142073
-19.117931838438164
0.03071843500513438
-13.712000904582528
2.4670552208524796
-5.026970320168296
2.906888194197279
-12.472221933913099
15.118765638364671
9.716069237052565
9.975913031642474
14.892932369392405
-9.9407299369472
3.085412130561032
-18.39958695367182
-4.429209679622881
-3.5515260248666856
-15.795451570488105
-8.771720384130095
-8.170507164986752
0.10492715640819483
7.153236053335803
6.920367702584041
13.536014278687695
-6.12559842591326
4.238718608593025
12.604757571450556
12.805920082216154
14.655234589841434
-17.42691151744344
-10.550434694685581
-18.595859536704967
-13.990100111955662
-14.13568932830418
17.84800148885268
-5.411159636908192
-15.81341624347743
-5.820775313270982
-16.190302707366143
-18.521559257596294
17.303048884593537
-7.055366742231115
-17.36076483969539
-11.069147761544237
-15.284981007894828
-11.567392990360288
1.1709887968188006
16.586016150142235
-5.487261484464572
-0.3493548714610384
-1.7052218052477706
7.499695390048178
-16.552078425841152
4.144832135485444
2.4608067233709505
2.594151739357752
9.012723348888198
6.305610558682989
-2.438708183762465
-14.707055702065087
17.867132605027663
-4.317005352240347
-14.750428847184356
-18.621741679904563
3.2374528971490015
-10.172853716184417
-13.981990573126787
-4.104326569957566
-6.0934402538158
-2.0288962378159354
4.366833052952099
-4.696020324765646
0.35742174984398645
-12.67670395488965
17.87773368993654
11.693572357919685
-14.416097629667671
-16.510295491367543
-14.519321754657778
14.330357588330365
-7.857917515050431
13.922345691476757
14.596237643694337
-19.944354968261656
1.2855861957492287
-10.094894689692978
-16.02124293768265
-13.14077188793279
-18.563725770842076
-17.063295912387222
0.7386579666765343
-18.75620588350319
10.568823476939105
14.738109558992193
14.830113127304124
6.014204098498112
9.594574892959834
-4.424554439859779
16.578397100518877
15.169823957271824
-16.42139179347835
-9.191857377850212
-12.537104250643534
-18.702997824874295
18.101712937065614
-9.603185563720116
-2.3335901818255103
9.298713105600442
-17.73884778979021
19.685147429437613
4.026960117509596
-5.8325377284692195
9.020824615218537
18.54968038793445
-16.637398070450846
12.7443466073343
-0.5591623720695758
10.088992325555296
13.11416484953881
11.623404769230564
-14.720736386185411
-11.883077996070286
-1.0874047990234637
10.402510900058637
12.260902996493051
13.439463468984066
-7.059745461291488
8.172623958242575
17.244977011701934
-16.726824411393608
9.460171682015364
-7.922020850614452
15.919374082481795
-18.301155689077426
10.022818501840245
-9.279072724595604
-8.16975597335234
-5.788100002431751
-1.5126989310367307
-19.61382570096292
-7.437645927900082
7.602450783708406
10.603365945322253
-4.97875124451037
-13.00750728293815
15.933207410513482
10.304930830750454
-13.358803518568623
-11.599711704952824
4.224481678233232
7.869159227276299
-1.9202342765967337
7.834647472635755
-14.738282287188337
10.942708297870034
-2.100814790262188
7.406772964484183
14.354062834922445
-0.43706910819585687
-10.783788296817773
13.631866961093976
-16.609204835463217
-9.290724040613467
7.5086485819595765
18.64616422520237
18.430266355111414
9.8575569015592
19.03075917321849
14.653413771046942
-9.777272434830815
11.003795606435975
-11.81377096728455
-11.10467734544715
-12.642077489605521
-3.79647304534371
10.781523381689283
17.881228571707098
-0.10351963256309915
-0.5490473591652716
-5.481134383441638
-16.254850645311862
18.76888978135294
-11.335732039788828
14.939150464358157
9.287414574718369
10.91743641023968
-18.339528855031233
-9.949924611165182
-16.15700545456732
7.06298375484597
18.824754688006763
-6.238033772597769
6.146586426407026
-7.6189989236379105
8.94776249212148
-19.17153838278267
15.36961293556756
-13.114558143231982
-17.844461359165006
11.192616460231086
-13.131595466293934
-10.455235490137902
18.79851154289969
-18.68307549368566
-9.799666348817691
-2.1350488238495444
-14.114033350745828
-14.510856322676172
4.0814348380836485
4.098924545119061
-12.841758415957948
-12.545385839046883
-19.60895772690568
12.350316752835724
18.584413110563375
0.9776888120851304
17.898695029217734
0.07437004650511625
-5.665935399303281
-4.423036480944553
8.31552876558225
-3.463902558672327
13.16720221938835
18.81313132936404
-11.05899719030984
-4.3761578776502486
-7.352036422554038
-5.99919617111456
-3.026867565174758
10.262286857593537
7.266517318941066
-5.494604214309909
7.598425237203749
11.71927910841001
12.877102221649402
-11.862445881154034
-14.23823651222133
-11.237302685802021
15.60298092485332
-9.406740776279833
-3.9976426480774343
-17.390608488853935
-5.498341619613063
15.025563526265941
-3.389629553585337
-15.784690929834259
-7.136731222490358
-1.3593881113630637
18.36239272615805
12.558441153750529
15.704267239513413
19.9694189969737
-2.049944943526185
-16.83620617724413
-7.830769820197467
5.019243633948328
-1.110003355703924
-3.4600512766103684
-12.792680598862315
6.151764059006027
5.537024048121246
-4.346417380781094
1.8616654277709266
-17.225651845384995
-9.761954944102973
-0.31834184223569295
-19.185387254729072
-6.618235886207952
4.082435733290541
-1.2292449029887749
7.2178829661823585
11.335892410691994
5.805236243157918
18.00020638147756
-13.599220535407177
-8.604885356870792
7.031081104431237
14.308733386018062
-2.3823309562580377
-10.310775915886765
-5.961183275157422
-15.234544505809456
4.31019657149465
-7.360323325155038
-2.1464551925787774
-3.0037600386853036
-17.6645279180026
19.077248808278647
-2.790998979040637
-12.664155773256795
-15.027903675255331
19.89847099189342
12.536346603120442
10.599941958742317
13.66434481616119
-6.849320553278808
-0.06739035948078964
12.667128213579005
-18.653674814699567
0.47561603465059576
9.598328674570244
17.48765814635299
-16.159038442013816
-13.806706117835494
-0.5544664706573954
6.389252476863213
-18.222462563646783
-6.223178895534854
5.027408924766867
13.24844816006727
-9.930304621515106
-4.263259199142343
-5.3014597311093645
-8.60063867102153
-12.512642040217973
0.4770581699345726
7.926834628033674
-7.87775726625933
5.15134435557243
16.3616884555059
6.600216395525958
11.340134893794286
18.70317518083469
-18.9654186245089
18.46211634594701
0.8106558614087653
8.274084523501877
-11.295829266800022
2.4086046559985306
-17.78609561252963
1.9893667139193347
5.97767976196409
-8.126117399522265
-11.291697598392702
-15.024876440419108
18.95427075753274
-15.191585661764734
18.31381613834948
-2.0463193871415797
5.954818177279229
-5.4750341898467205
4.1811446917351915
7.8777511707188985
18.721816066761612
15.22782009804611
18.057502856023632
-16.760074651900673
4.972029480036348
17.458325957486515
7.386625041648077
-15.858573511011302
-3.1290193919103757
2.684545621860231
2.7801412185767944
-9.017791333802263
-5.412109021546145
-5.447307863928614
-3.0639791303883754
-14.597608183374483
-14.759692993902442
-5.644924897032414
16.568234610083493
11.348453267616073
-5.500775557938628
-7.41709867660326
-3.262839563387857
7.505797139303645
17.30594669658246
14.282970420127853
1.3291617577577526
-10.492029068443415
-2.2708765995888314
-15.775826583619871
-11.368973472722859
-5.765309034001422
-3.9627312788701765
-4.002796054389982
3.27315401322279
3.80413908323451
-0.13021315133237366
-13.618572398073487
-2.256800168313667
-7.300678854758091
11.243123731206289
10.707918226178478
-6.632463469156038
-11.556733475262204
-18.17336844056994
2.4828204505899905
5.911541127722376
-9.573725201982448
-0.09201195402696527
6.6542119327106555
-4.072513468891369
3.056426047468463
16.79675640729303
15.368489833530603
1.139938558501953
10.553305355399264
-19.926057742202588
-3.4011636402719567
-9.197806001685604
8.389680633367309
8.368286601091661
-15.272365310299257
-10.966094600818277
-15.099303467286092
5.820025993613559
12.276123245097985
1.643999278540342
14.534862501063387
-3.117911815079289
-5.217441415697216
-17.117358626663123
-3.020048439658474
-15.063510943508787
-15.848379520635723
0.5977848361408462
-2.1340326048553315
-1.1516893406418163
12.633028080129442
12.608861862603916
-18.16171973570391
12.598588491280694
-14.17904688645267
3.8155564723373487
-4.93727631109568
-1.2544306638019123
15.299948121018154
19.00457154686343
-10.289567147794232
9.076150234564722
-18.831875472597574
2.6306599329098823
-0.8185215082584705
8.292060107462849
3.7997937639358916
2.6148221615699896
1.270292966042529
15.549587037425013
-18.61435273318029
-16.35010602271302
5.203067385680214
-11.216696570428448
10.647922988176298
4.980842557572416
18.786172715996145
-19.018589763890517
-9.036383048196143
-2.4892023822095695
-2.1784051198907832
-9.667743827667028
-16.48918356066452
16.212794028938987
-2.5152165410829106
-11.002921868650187
-17.839444700993088
7.394683554554501
-7.376131674994442
12.630752712295049
-1.8957247344565111
-5.162505723457308
11.916073090329999
16.27640293433894
-16.97980480096833
-11.00053529683223
8.8963710199919
-8.775345298397417
-4.831048949765698
-4.622720337441283
-12.902617449537699
6.890890789312053
8.289009178735519
7.058400345901102
-1.5710976549235554
10.55211461291238
-5.730149186652817
-14.656259741308544
-7.297041726382014
-5.081736212420633
3.342456813918009
-11.31683807651453
2.1047918207307426
2.5182528815494436
-1.257480302466135
-14.441927409990347
-16.345373787608388
13.44872694317666
-6.885264885773337
-13.097622484700056
2.296415630178913
-16.955799953335404
-7.687504775693132
16.15191513287978
-5.149991498961576
0.254538984214264
-15.524942982257315
18.33877866297928
-5.140062962020501
13.835404314979037
7.916131317691033
-12.036480372728775
-13.827110407096605
-6.112630540019865
-11.102904740713694
6.760850956542281
1.4072524631609014
3.1036027065540353
-5.284450304175849
9.047812578812898
13.562855898233053
14.342725918024811
2.455664602339734
10.115135678343652
4.079405655078055
-11.673149574583327
-11.172298456592703
2.934017939247184
-5.68135181540498
-7.164005177146056
11.16033994875318
14.456096594103485
6.608859307929116
-1.6010013227258142
-3.455922755922213
16.861892132061364
14.797017828905084
6.583888065287322
4.498594176797756
4.652796568691862
4.0633689924806475
6.744753568630522
-1.717913171692878
-15.252447711633392
0.12051305351533159
6.509206436939547
11.344081233840036
12.72554423357682
13.616410316957534
-5.030586097049152
8.429689321592125
-9.528532086740977
15.156305177390344
3.971566755522762
0.6908247042439655
17.283421254221572
0.32478301883810445
-17.93278033687831
-11.715754398989064
-11.320841391401961
1.0007198774599217
-16.0684506272421
9.010028065072436
-10.72340186810921
7.236260233854512
-14.164690541848932
11.562857415822798
-9.50561839535725
-1.877711842988301
-11.246789306502842
11.402471052547291
-6.602648068159658
-7.388761681046429
4.175635374822097
-1.6176619804342565
16.805745858488443
5.11172610370755
-2.765464964836241
16.203713081834927
-0.5840164582110994
-14.611604012559752
3.4961734787678758
-10.440814409965125
-0.5448113706923152
-12.50764044830763
10.030858443055205
15.507703782881073
-5.042010127378322
-7.299546462656089
0.8973114977704029
6.487599716978721
5.3389328202172734
-6.000748014987543
-7.262788976607819
18.003062528619836
10.96585071949523
-13.74663757968066
2.253962354099123
-13.619273876758555
-18.058976252411547
15.388979510214284
-1.058783395628133
10.32245210578704
-8.114788563847416
-1.5574225521231568
-1.763754019909534
-3.3208823066175626
16.11878261122014
6.313552087209139
-19.25152522139891
8.384216388418238
-14.957113900560689
1.574428465168328
13.257013035987342
14.292335637731135
-13.63979880042471
10.10781721765192
-4.954842509315824
16.855939343640586
4.370888243041424
-17.42812810092587
-5.561085376109949
-11.1101162380459
3.201125206338723
8.715617560046475
10.115739253180621
4.966514628542463
-15.996782671892635
-11.689803303716024
19.17967678087237
12.343829815272485
14.839480744647766
-8.324236701452623
4.595357099258933
2.7094666364607107
7.619094696078001
-13.2897552257783
11.118892290741066
3.8522775857220815
-9.924145195843952
-4.325431057099927
19.22065925836734
-8.226496594264155
18.315503860692523
17.587203851556453
-17.985199345346956
13.575011088944699
-8.824346796017796
-7.9884352158310215
12.107420267129903
-18.21844348681481
-0.6829463849548425
0.9283330241826384
-0.5042851744381665
-13.1973494112209
10.70809934956744
-11.19152392470744
14.352365112848219
1.866504345095894
-6.577490252097649
-6.739597309372902
9.995061330422466
13.728104402981181
14.9713410048481
19.210114242769407
8.03724023481443
-11.698951920480907
-10.674942029399158
12.364223144136226
19.728252967579067
16.76638525779795
-18.40130508714925
-15.895928561755097
-18.5529052217762
-17.278697947770784
-19.359178623949063
2.128370662474058
-4.66261281300072
9.840348979630896
16.09423704805235
14.785026167290845
-11.492855131553835
-19.56333761115617
-8.492873288761945
7.795140351702376
19.656772006318576
-6.1146139733086535
6.595250218111637
-9.307558557549607
9.37547605627627
-10.089505628165568
2.275341563584309
-16.2999601955621
-0.6721054971825993
13.590807386045789
-8.436169781382716
4.452319131589839
-19.96490516535166
-13.397234124814496
-17.67710052811053
-10.4092296950735
17.47478844066262
5.19297131708332
2.0121352901739087
13.019288500207544
9.305916345177568
-8.759296604946588
3.800709273515672
1.2236873339456409
7.541451045026513
-2.2391903465687655
-5.571150834365355
-1.8852596136193256
12.261452773497773
8.999475562736894
-2.131343497872461
-9.50273983098278
-4.508877471226995
-0.6601759753232699
-14.312051172522322
-5.104774819812192
19.17069501449005
-2.385737341034705
10.636810231800787
3.7329506812993003
-13.28642664952425
-3.0679388280385425
-12.115177985775896
17.18297780446428
-16.286375980682028
-11.555318794482282
1.5966026184124935
13.23217032626276
-15.136840493122317
-17.432688984448028
-5.897926175939734
15.622483764542636
10.787596256427427
19.14212730340062
2.3292489577601607
-6.203438426161799
-0.3022871662569493
15.09154789718658
5.395228674736909
19.331652496189243
-1.7756399369218236
-19.52840767113645
-2.258658759193853
13.615664352837513
19.356685504775044
1.6392523970795914
7.027267395082969
-1.2263174214367645
-17.89442224496323
6.998183004123074
7.8227679817742946
3.9276810575517516
-1.2672088578720988
10.154288958391433
1.987626370761511
-6.927785400238257
-19.03749659207923
11.300520679440794
9.508043596206154
1.5931444191913222
8.478153764660604
17.88596644411148
-7.494307662551346
6.955666342092044
10.071002251176445
-12.552508162442555
-1.57298353723899
8.389087773477591
0.014278134827069522
-15.290623418675615
1.306367916428247
4.863052261144961
18.810959071030105
11.778019008752572
-15.957248169167748
-12.513223791811194
-4.822897983843649
14.282200689049375
12.609214472276953
-13.8744122948621
-3.706482375251259
-11.43039423039407
-9.648410969955702
-1.0948798873077834
2.1539733541151023
11.621874004842528
-4.85474724111851
7.5755830118415375
-6.196375009331199
7.6339516477396145
-7.602107188949132
-0.4415178627211347
9.233722504970821
-13.227937951855381
16.372856562008906
-10.03564851074199
1.8416258046294587
-2.4116622514438255
-10.529710204265017
-5.646392246158216
12.243353204079753
-4.317195500201327
10.536643599851743
-2.1952727175147118
-11.99575232938832
2.8285237047041463
-11.133022166426123
-16.351538010443253
12.528620950054481
1.4071564196648723
-14.598553255219414
-4.355972581837015
3.8129240423295805
-16.89830372890666
10.244541083051043
-14.253055718092629
18.05076709954946
19.483884255541682
6.011619058852137
-12.040509755213638
19.417886297039473
-9.785789255226135
-15.930694811937975
-1.870582785045329
-3.6764386878134516
-1.2288818700274717
7.630531249870167
3.6356446507825524
-11.076739856441499
3.271783877001944
2.5768788068279065
4.669197884863383
7.582252378546954
9.408321392605416
-7.874036094929506
7.887855239852595
0.8254753726531021
-16.00565934797483
17.950361338419007
5.8496145297034765
-3.0916604616634444
11.213029182049258
1.5241029795677292
11.856326675802432
17.05989039082788
19.756955313274723
-17.20082915597866
-5.023524493946322
1.7693593083211923
11.626653926428226
12.654500523919197
14.272224223045434
-2.933165009085986
6.24342056061171
15.94629767930131
-5.608048218550632
-14.405244661244932
7.294605355543009
-12.319250912355999
-18.032405340660187
18.50601296444274
-18.65131893582308
9.764952807283844
8.696363070051902
17.182712863869853
-6.609695981561664
-4.726576494799479
-16.894415904507888
13.437598791474585
-19.187281935999657
-17.865250194509805
16.536758241739207
18.906966445447736
7.810140894897245
-9.354298605773948
-12.202930105252804
6.240432020253834
0.10109280968979206
13.9531248215661
-17.98014577429738
2.1619542765388253
-15.835833991529622
-2.5136682478398527
6.648063384701782
19.144285109739158
7.242200785948128
3.823717472142949
-0.663685785018167
8.067102548464842
-3.5529785516146752
-2.2897077386615123
0.4962328647516898
-11.882607897224243
17.814701893095148
-11.700601589436399
12.662374223674284
-4.284217796217039
12.86030055179777
-15.27901069601235
-2.790678873120811
12.796855988867804
17.519991626637086
-5.366798233389925
-14.717880337609177
-12.225592765259448
-11.42038039529638
-17.3031827129037
-15.142520038873432
-16.89475099516988
17.67741247586818
-5.035875046790753
19.638487665878735
-10.913827199163064
-15.130846874340978
17.633179485747377
11.852998259153608
-18.22673549926725
19.482768661113788
-1.4789691373760725
16.937446282693678
0.11902416730579546
10.813869057223645
-14.161509069196722
-8.067081221021892
-14.881185840449017
16.916421313082722
-5.194287278685259
11.706443801022772
-1.7542588262847474
-9.208626445829125
-18.416734696467103
5.132473719497746
15.642900629889333
-18.459564275126226
14.147458122847489
-18.52373735914234
11.287760630588998
8.731583189710062
-0.20707823577811268
14.799872886888522
3.3437798536167094
3.7666481761258055
-12.750979414562021
2.074362268391429
-12.188525478579827
-18.33130326000338
1.471656427020239
-7.045279172041896
15.139230471800389
-13.211231796492227
-10.035528878415821
13.338128442749962
-16.394265525977065
13.344546870477444
-7.1049156310632355
12.388738985758103
-8.052931115225528
15.981732867381226
13.345232485376847
10.264690830830006
14.528137221544497
-4.975763764562835
5.89137466364015
17.838615491976825
-19.38771328317233
17.699063480989416
19.86601309020414
17.8653248639663
-2.439012935469222
-12.189485954803114
1.6947504135040816
-1.1600791748276436
-13.15420516386775
10.897383611738654
-1.2296581188729228
18.86021448380201
-15.4972557883297
-0.6645221357441855
-7.985924363364404
-1.273812032601267
-5.357029867962094
6.780116927582984
4.558318976581411
-3.102494881615087
-15.901934152906637
-2.7726929234620457
-0.6272740205833003
0.10359317991999717
-14.673861632536456
6.518841838494737
-17.243457555828662
-12.449350699941855
-15.181542077854932
-7.577908750145816
12.556251802542683
-14.007334482529545
-10.219695404148936
-5.044005444493202
0.14834140073640256
17.412950159888318
-15.821650213111838
-4.937451047789562
6.34339255306422
17.098055009002188
0.8339005949665221
19.834184887091638
11.786504264622977
11.256214459147351
-9.389347306456193
-10.249390655304511
10.279371031554113
-15.912367109030011
14.76522183306124
-3.283323772960678
9.514346915520374
-4.2910547560600385
6.456949016419973
16.449615964613642
1.8017935116775021
-12.24349895369365
5.201805038977
-11.77472255286396
13.660329709971009
-0.9382820255845594
-18.740880173149037
5.254936364816579
5.309859870149445
6.138358994526062
12.917809696003431
3.0474987448983057
16.402135763492375
-19.984830158224348
11.850958086142814
-7.911375878817122
-4.144871676984705
-3.5518261848776014
13.19327950808858
-13.682019458035297
5.512137488148788
13.366116591557194
11.164130117015006
8.966128116278185
16.227268557161366
12.683656041048678
-14.148296168957115
-12.197675069841104
-6.651951383140338
19.47261364614966
3.5883046695197365
-4.490168799962856
4.169445096970495
3.3904825086768895
-8.005815306297732
-6.596886542990706
2.8103784289218936
-8.020299258060204
16.87321832713789
-3.9375969284040977
6.2255721620481985
8.231914314520132
4.229444991576795
-18.47066062037351
15.758678545171797
16.9806960108233
18.82525892721784
16.63980741345229
-14.219819632263517
-8.969147894144882
-6.530519239889019
12.187326598333065
-4.067816679719684
-4.289210937957009
0.6103794729962573
-6.6706860906222065
-1.5605139349068367
-3.2812681392578824
2.760231867133239
-10.967667781921989
14.110075167448969
-2.1988524764364
1.936187685411518
8.472270750457831
-19.28271164502801
9.02746609654773
-15.002170046378813
-17.232551199750663
0.19499738339714767
1.6989605520181783
-16.535452950377337
10.035664274585567
-6.1534542160544206
13.857851553859078
16.922004817041355
-8.30344354319049
13.514581537211512
-1.599924062624801
-5.954909398911257
13.164204540459004
11.223290036703286
-8.837149138709908
-5.861052291992941
-14.195620090323441
-17.052736569418116
-6.407373837183631
-2.9538680086850597
13.391536951574025
-19.70632985015628
-7.45210528808062
-18.06965133071052
-3.9433545594566475
-5.737926524360763
18.010694506727305
19.672251100525962
11.973011908918782
-12.110556334606315
4.530241616806659
19.634792853898453
11.208274375665962
11.871133035864187
17.262118252257743
-2.9274515493658235
1.0071237839739595
-5.133471229630295
-14.664065453374867
-0.3216040404405476
13.790812295761114
-15.339194569975675
-16.23435295085608
1.5098973588398295
-19.971067581220808
-19.158915891612203
4.3969218793035125
-2.7102316742895596
-6.58481979540959
0.10289408831680191
-16.90499535461917
8.98824264153886
-6.798134025321536
-6.25646095321445
16.122122175207345
-1.4950024046175834
4.842306965591121
-3.3175799289609387
11.611746925927498
17.69391912169568
12.266155112324235
-16.907793189165766
-12.534064883217969
13.440343131035178
16.178179147258795
-0.3775045644573609
-5.228229498572219
6.082364451297906
10.091374550999497
-10.83610867316744
-13.608533638643427
0.5999448453200706
17.861439759582744
13.861741655975372
-2.017854391566729
-13.213664546758128
-19.932033770930296
-12.290276319711037
11.300747381514181
15.405709341788302
-2.191768712831067
-4.890758590830062
-11.716851639520174
-0.3044348452391219
10.380179102062481
-15.377504144563986
-17.87584096995372
-5.561982829969168
16.531643599388815
3.4039501032764647
19.66960739332064
1.7570688990281411
-1.817102881858066
7.324120217900646
11.698686855937467
1.5089674512692
1.3089438842436216
-2.177708438768178
-4.964755095118525
-14.657099412347359
8.083308428587937
11.131661076280828
-7.165244852101935
16.53548470976525
0.6449142619192827
9.52026443064613
11.309458415348281
6.268019138548734
0.8601086244975207
12.37864849439967
-6.903804117052799
1.7657593148696478
18.284027187931514
-9.643182200125565
14.096830110770043
6.297324517173344
8.707215287887703
-7.834140407631578
0.4447252048332402
11.830084678395892
8.50664275074637
7.951356855650506
0.0036756813150695677
12.590833235933296
5.816204703315158
2.0314645459757976
-0.3328607278687912
9.67581932828081
-0.27445608760598006
19.233260983736862
-11.27090683308548
15.919707353949875
-18.63952066166525
11.329913254751546
13.246981914248813
0.5399263261173424
11.863350033094079
-18.132368331789827
10.262953910861484
16.573535765144996
5.509222881936282
-11.48515410703486
17.888054727463953
3.185863738526905
-13.011908521357793
8.752019330885918
13.909900429202494
-1.2028830767189191
-5.313081708338437
-10.632960695977452
14.693486576407182
-14.160855270314684
-9.369747401671562
-7.474584928724708
12.344284584776567
-17.338848906873807
-1.2523719446057449
-18.6502911377653
17.424556473707142
-9.19256971083061
16.552528164775715
-5.109433840972816
-0.14393271784203776
-4.085552029952124
0.355798139370723
11.822100548457016
-2.5690490901896403
-15.456222005398335
-5.024106298298001
-19.339283800391314
5.199129840540056
-0.40469029111930865
-6.8921579893641205
-2.5644753574974253
-13.287627530608322
7.956365116280626
17.40822174412748
10.921421300912474
-2.6801446892825673
-0.9673003192829874
-10.521140799657815
13.378946685015528
-5.6851141192621455
5.662976328659347
2.259365535640292
17.632235389604425
2.824383015525772
0.7159151167016731
-5.89286435253301
14.924487018548312
15.432419541070026
14.69896280247908
10.838461213320755
10.277993251981222
14.736334607281535
0.07755073906691834
-18.88086199715675
-16.9338591015377
-8.280643196049615
-13.795379470675236
-18.020149107057183
-11.329029546867382
-7.673781560338631
-19.997753912034817
-1.60014542527124
-4.031813896892874
1.1624399501576335
-11.977951403873938
-14.426425152716792
-13.472239978894137
-3.4522493026552183
11.421567760134941
-0.40346965961070325
17.056558581944515
-11.47019758082755
-2.3438008436701026
-18.496159289013438
4.771086867974937
-11.26387658581276
5.866136342639141
12.701934647948768
-16.051082403612348
-3.806771047610301
-0.9462620581642547
11.303138083002068
2.201936040717367
10.942728635120087
-2.495655856963449
3.995116319110199
-2.073287938436014
-5.428700985481761
11.430305317631493
-9.47295769308
-7.320863197862222
-7.732648020191434
18.021848765949827
15.92006544969211
5.623727921057906
12.676631028363111
-16.210750480051708
-9.122734631606114
-15.812422234642725
2.9840185211828967
17.477336853470938
-19.308541019223945
-18.038302296204055
16.095453527628656
7.524342262259172
-12.24036186939918
-10.574174529056108
10.081557776281997
10.3255041498463
-3.009544609578832
17.68957767072598
-7.002050702576103
7.461219894866051
2.838988194565065
-9.747273451877753
16.98262579411645
-12.539372029844369
-16.482400857251566
14.556902187522645
9.000027397520324
12.346116990230783
10.468078549525401
10.180986905585627
-1.4853966578517266
-10.32541159678576
10.135415574726512
-19.071997020688983
-17.353321540557495
9.105742293213414
-12.310215127043126
-10.87653046438193
14.031532953262548
-3.8540702842467844
-1.5910015767323848
-15.113812634948847
-16.439380957869506
4.402960758116933
16.039467662866137
9.50853148478307
16.21407011946218
12.941600140640894
17.470178145130433
10.861398161307797
-17.54154627032875
0.9950101107150715
-9.662255083321591
-15.648541378177914
-0.8049102562519295
14.015304846014047
-13.778447285434021
0.3733134056719756
1.3840983052197728
15.806195036103013
-9.757627016798738
-7.466213911821594
1.3596326878023923
10.752651919174475
-6.98372986822854
4.3476749319082195
-19.913495564562936
3.7846862262839522
10.819684896537083
2.3025321009189597
0.7815150988363371
-9.108958762407656
-8.915006119849611
16.09928342941349
-9.154364084264666
14.135561255690043
6.71596838258305
7.933634190209894
17.348867999909565
-19.90617490240207
0.9508749889938812
-8.079924890840879
-15.199096681475112
4.3697134105228415
-0.6031069147565802
8.5498400271725
-0.059840190895734224
-4.17564951482003
18.430596492071963
1.892140539837527
11.502963357121608
-2.828722400932083
11.460373817266184
17.794851914011105
8.966060773236684
-16.384354257920876
-7.964716711750302
9.55616433427517
6.446768839150341
19.99978089656144
-0.1177971739535586
5.1450034638815225
5.450840205075174
0.4063051096339301
18.19423716584452
-19.83767075133325
-3.841794670739578
14.0054882080005
-6.267930395802592
0.26185259302758723
2.054689836101133
2.9825264690327344
12.739745950640014
-6.078593102794159
-2.532770594086429
-0.5385551510828108
0.8211749086406428
-3.807053836878346
4.901012321434219
-3.9338015688938555
-12.999181623356023
6.30174919937982
7.565581704299333
11.054055959419486
-3.1408393380937802
13.429373489490473
16.036603762210405
10.100494524273635
-6.300329404256102
-7.207658165122313
-16.245637315972573
-4.3734256562441445
-18.26584539857045
3.510937479301603
-6.617834273327677
11.574721610243728
-10.109379322751423
18.229008249986627
11.396546860057292
1.2740213760226027
5.562327191281593
7.992566463950087
13.424437297640857
-8.487642349572976
19.049002005600066
-4.626245341243042
18.563292855653458
-11.177901762336422
-0.012909561920750434
-0.8002459847829577
14.653246184571778
8.873363631079314
-17.71524153888908
11.683302785293467
18.20183269165372
10.804813011407507
-0.9614277428218863
-0.8610652394100669
4.714018435656296
-17.946076892736716
-4.775407432121902
13.596422123881936
16.395153574455158
5.412438413124466
-0.8543793456161772
17.96531828713246
-8.452907137739576
-2.9819400691101947
8.208633528429914
16.977722660404545
4.350057603221099
10.880769572676215
-17.320604663673556
-5.87844307552535
-12.280360736244042
16.1057556971423
-6.134971849594134
-1.3695359468841488
-11.195500697192792
19.517375315816608
-14.151521046463067
-9.608730209931835
5.859676412015723
17.492600474543906
18.169566347267583
14.9254388527878
-6.65948403614658
19.494294965741467
-11.3907390416768
2.837640944154515
0.8979544148535652
3.4409767394316937
-15.81201848936181
6.521902013936813
14.678873232317883
3.142064717278462
-1.447178814579285
-15.209090963757248
8.762832551959331
-1.1695966476539326
-13.902073213010823
-12.915610070449182
-13.110441705749372
-7.719730555632802
4.429924138295629
-6.203702970378377
-16.726621771284016
-8.666236562001668
-5.274891166173878
-0.5228725484994712
10.989171283100085
-7.2880200907225365
-2.003979917178352
-12.369716848071409
5.226010049289577
-7.988573924294364
7.2922149887447105
6.091721204241804
-14.99087218890875
16.347773481541815
-19.98301470449968
-5.046876058576512
5.690539930025494
6.395064531089133
1.194302265533107
4.44623282273534
9.481397105617834
-12.805559816208746
3.505246787064671
19.218062831431133
-2.06212705754335
-6.636804879662922
6.1411560846408335
8.60219145885372
12.879877353809029
-18.67301094739371
-2.844907281332251
-8.879678702927393
-2.6078300608021756
3.320393772076585
5.373163759794242
6.577101967479656
5.063982597473359
-12.058902312627385
15.167614132083024
12.859167687047737
18.084472278580762
-10.542852826647518
7.982829889103655
-7.574532037595505
-2.201467676670056
-7.438961252818604
0.4626932625991742
7.4524493950661785
-2.271692147559186
12.089230156376821
-12.359772023767373
-2.133096162691789
-14.01751161808873
-15.486346574302953
0.33029148708310174
-11.190911154478446
15.97483089713181
-11.398361208333734
-10.256110887864306
-0.8060413472737551
9.962338855617354
-13.21657441290462
-0.6416371431773058
3.9582144635227188
15.026227281348639
0.6804460883134631
-17.16194501535465
-18.064715369279952
15.163143339866487
-15.925777961358612
-11.426539977199482
9.96719127361095
-15.830899678962647
-19.900719835268163
-10.399764998745255
15.706716179533068
9.808015028549882
-12.362468812498504
13.487131034447536
3.4733466639658843
-17.132599184804384
1.0516750375091561
-10.104962483295118
12.347631445917756
16.796103071629652
-15.707773773171203
15.88406000013034
-7.328718139495628
6.1532491319314175
-11.420034927834696
3.4847661405062844
12.802412635224577
2.880001642723041
6.900231985210251
8.174114780778975
-1.7060248894393837
14.03778719980292
16.76381492008774
2.825358551428966
4.490495391665746
-13.49666834863202
-17.4468308543726
-2.832126674024181
9.891954097098044
-11.781447413497137
14.882554847817623
-0.13476928945255295
10.87620535399617
17.14684998331125
7.99995454453763
6.417378185945481
-0.4156765230441195
10.208380267654626
5.928432931902709
-0.48031806727104964
-14.852841932555014
-13.921815150770405
5.372428431567251
-17.340935226391675
15.733906258035006
-13.275462666288686
1.1875486705233165
-17.522395762413275
2.316292042189694
-0.17068520656917485
-18.57785891944266
9.108796126540156
-13.506549622251116
-13.753940607354235
-18.86427492873572
3.954051298823064
-1.0862865015360796
14.719774698908253
7.740977777815328
8.485307992897933
0.9970971090876475
-15.802380477330317
-13.103930855359316
-9.24983809908397
16.803556219064333
7.7930748386351745
-10.279923636763435
-19.56866799437375
-9.021871244468667
0.43918642600332447
1.682685274154835
-16.068843327895248
0.4285115052890909
-9.775844447627101
-12.626705440631909
-19.082022269611674
1.4470334351343013
1.0417103368229377
-8.97107909206368
-16.938842951528596
7.996793063383784
-19.94556623812253
-19.825641474862973
5.951284079063129
19.579328992735647
-17.724519732853445
4.579974790187688
1.897863016919544
8.36462043762538
9.383744405566933
16.7738910539589
13.401575715928551
-8.088384253230938
12.762767380028158
5.575101527551393
18.048040533323487
-4.238233933030845
-3.10741441946319
13.884751549980564
-6.4860531540997535
8.966307546348148
-11.928670756145184
-12.591311589476888
-16.089054218909222
7.156796822683582
12.820112068183107
-7.249901600714068
-9.69354644655513
-8.669865995961583
-1.4465751614772557
-10.444799351159038
-15.182473642019904
-9.624099167118194
11.54508693276441
7.648426429024397
-4.8818487422623225
0.449986123746303
16.210011544353797
-17.22714204724832
-15.345032198059059
-6.079542434338251
-9.307256013973788
-12.461923321667472
-6.5832228597333255
-18.931547316477236
12.177954781876693
4.1222970755744015
2.308172111159763
0.36076535222529316
-3.47890002194767
1.6667358556265697
-1.8892277350727902
-5.484159515883338
-2.0955374292296725
19.645401177847972
0.7507243954965972
-5.714029753520698
-15.074742556319567
14.29870033128774
17.777887440013345
-12.568360517960864
-15.847351000362098
-19.109244327092245
0.5173875065950106
-0.8910050911832421
-10.801538585371011
-6.254474991693272
3.7469614731518917
5.5358637507767305
12.914987102861708
19.077395203356453
-11.504898306673192
3.9571826692098355
9.358599341214205
-14.641425451116362
12.911195060720054
15.83632240695924
14.286604070108368
5.28525452908805
5.3016816112841845
-4.242940011715479
-1.218465828008437
-10.46514436310423
-7.810692114779144
5.760541141104426
0.10684837085254273
-5.548579222199015
11.470686323405573
1.58280562811591
13.875923431063534
18.052850566598487
-14.740300141346978
5.1336507647005405
-5.047112350918205
2.8816728977822628
0.035358964575891605
-15.95318008143857
-15.319525896747148
-14.220230433335516
-11.66218908953124
-5.375631790921243
6.3063995259185575
-5.06336178654395
-9.212860325551855
6.617548479379831
-18.33310440940862
-3.311540605776621
3.2483847168989115
5.6146559550720525
7.404886682032089
-5.852337289479292
-11.355262582826962
2.7816568339744663
0.32898596464010055
1.0234100860105073
18.962754672236514
-9.094928944694608
-0.5640391604833894
-14.66674324739519
-4.859844654539987
-19.065424536565523
13.85037663063543
-10.918045230176254
-4.673870869079174
-15.21780621007931
-11.09643700666004
-11.460041436780145
-4.62916152836144
3.6466226642005175
-6.539098163585596
-6.013477081419104
5.650204286900546
-7.5877933178211485
-14.386218067870299
-6.651436887860607
18.075581503370856
16.046309126345747
13.829746827645792
1.039621276811232
12.114587570879138
12.232218824520473
-15.6777955320237
-11.171159862491624
-6.265052296885729
18.87553395943118
-6.5417377467557625
19.876867886765574
-11.21204135848767
-9.460666733484132
-12.860707831907444
-0.292761151674199
-17.69521496551373
4.730948340160275
-17.755582157774516
-0.6632922967070201
16.43310132209581
-18.045263767430026
17.081105356733836
-8.601751205602334
8.209580477484131
9.318243317002523
-16.87279050285923
-1.9157275114178098
3.1202736130730315
-6.324173891659619
-19.761353997973224
5.588062558360953
-3.0651872512957823
-11.139620951451587
17.353971998168603
2.2633318520110492
3.375215841817777
8.41750277811262
-6.092911911311409
-18.16018191678757
-10.268413030597268
-0.42553587555364203
-2.4268950756989867
-14.282052212524473
-12.646067767968937
1.7162183768913337
-19.103601030486246
-7.717804413420627
-19.61374067216319
-8.588745351304077
-0.2699219002901714
-1.0241057588327536
-7.698034758785234
11.560466414527532
5.722082145853857
-9.17286750867779
-13.768737946250052
18.534934917224717
7.328762851132893
1.8604698237362705
14.461601320606775
-17.905926255086868
7.815423105191144
-11.506868755787266
4.405398891279173
11.189534707371966
-4.130806678690311
-1.6399102991106709
-9.541697867664322
6.169255254198109
3.2317161708525823
-8.685769307315399
5.499127054311735
12.314930265306835
15.74130310098817
3.227139457795328
2.3767985883133207
5.468324518225277
12.595676800306727
-2.9715295877737944
5.645743241876332
6.612418051204578
-9.194239529759972
13.037502739448598
15.26877817728274
-2.8651015665228456
-5.4362397186121925
15.988813119497486
1.9502480137629306
-5.264138315460652
-15.179332551671774
7.73435098434113
-17.676499178373813
11.392616408009513
2.9738490671592324
12.436876652309046
3.1913401343747516
-18.005530596334317
18.906642868289197
-17.398825135192574
5.184119515083761
-6.199471639412163
2.868640940112005
3.2337080804979763
-12.680064229348119
-4.4697400273012065
-3.4473591931992402
-10.182234318350876
5.467677217666441
16.158515346038385
9.85139302270321
17.162705307571727
-9.914590529599035
-10.59753965077209
-10.033961156234144
-13.74713265668634
-15.692848774866391
11.007203443235731
15.760572528944678
19.657748943844886
-2.9258266113525764
1.0405833050256632
-1.0917155468282438
-6.654101380811031
-1.5217659673571546
-0.5545081775948191
17.717689148415488
16.96621223476464
7.610261523131683
1.84278690393932
11.183768951917315
-12.761076228544933
-13.287578177636355
-14.099079550098041
-13.378683129458757
-16.549730103675525
8.32512828134844
15.437737259607275
12.68519063345429
-0.6541227223121879
9.0360041725055
-5.715414819516775
17.58580282831967
6.608401020695929
-12.708865812095574
16.18799146382203
2.9451971111531705
-19.67289134562258
-16.720601083864636
5.415578405920716
10.156757507593454
-5.588801850011201
5.4014718368425605
12.249569851459292
15.15676052526429
-3.124853129853328
-15.612630162166688
6.297261885647298
-18.324438022511238
8.369388665485623
2.78299678041709
-9.726110304899782
-19.251177595298252
-2.1952772860249006
12.663341675510281
-10.249198683345986
-18.891269146480163
-11.235481531519689
-12.767914740763304
6.904756698429907
-19.86893605035751
19.715834201990667
1.660374722449994
-3.9742273737476133
-5.151608846478455
11.679150563993087
1.9868073582007995
-12.79095321204814
-7.524453146164456
11.495675754773657
-13.291835714928165
-15.90903388954298
11.001537905911398
-7.016869942415651
-19.495834258416316
8.008874933346583
-7.031013218579417
7.589167290549309
4.586167979261013
-7.10746837642013
-17.274492319814556
-15.608099056322642
-7.637802095586261
-16.597653212079784
3.0249482558464003
0.5135750473575129
3.633055775868886
0.3060556629320459
-15.603518795337479
18.641031209578102
8.132018505756218
-1.2235859658386374
-8.580535423115503
11.713056616312137
-8.726808497786758
14.361932468733613
-14.084066785661262
12.250227002663664
5.988634932196092
16.29346577970915
18.206113691843925
8.92717347940366
12.75611614235686
-9.399101574582364
-17.54607421883151
1.6621170118941144
-13.410310318427005
-18.3430179369746
9.551046564065686
13.640486801068633
-3.910260739495083
8.013153240255125
2.8157908655999577
-0.8885392187524808
17.30848082472142
16.734702721506828
10.313403670399882
16.283008955355555
16.18013534319799
6.857933606116756
-17.36148537167012
8.585954540577259
1.8156972015100195
-18.978215972209867
-19.206734790168674
-15.395171812090606
9.364567374732733
-18.13473914045195
9.971080717732903
-3.5506830894453785
-8.351756329223736
-8.376773443241898
14.085145874810351
-7.46889320353732
-18.162372861216095
2.409962501261681
-1.077150527059139
-18.953027265557147
-3.813300979745776
5.35027506142146
-2.5384173632237115
-15.94308539387944
-6.162770106821158
8.337066968153692
0.6197419052551965
17.342808087899797
5.411990118430744
-10.857870245725923
-16.94932672732037
-10.008681058143893
14.986587988671573
-1.9923090601533566
16.732284475812122
6.7892000331521665
-14.03387067792027
17.408001069216112
-2.0199152321206384
-14.794739570457036
-0.2661273769299939
9.073806692543513
-4.250439830041849
-6.536744757762886
12.116031586321562
-2.730238461261653
5.051658407767661
-17.927183127004813
7.2231718082406395
-0.4812808189447608
2.6717005628808153
9.803794262012353
0.3331822142397236
-14.09254998139919
3.446374746398849
-5.313164037201542
13.12129829700715
0.9640073620135041
-3.6069484275492414
11.512255450289661
-6.714406304449367
8.920136163959587
-2.128152036984943
16.27373731712457
-12.426209461177532
4.85107315596526
1.091810197858539
10.196711649603003
-14.958300438855137
16.46064939012416
2.550080554532265
15.519053841364375
1.8456412707149852
8.916525285298896
0.8818478143169841
-6.676488806992907
10.529930210858197
-1.2258062974548025
-5.668844618938863
4.757911860503228
-8.869486822413535
3.0348586598958747
0.7044767763527702
-11.304794197402774
13.451767325591966
-3.6246142480372825
16.808940798394715
-5.9611033224650924
-7.1630052451128545
-3.7285018857077823
13.862246269144094
-3.826134687735877
14.530181758146433
-16.696609852773076
-2.5769754658718185
-18.44832110275977
-4.835170626377966
15.665625866844799
-12.408194616503515
-5.9212225916727625
19.47609360310817
-1.7965611028328432
5.551532023100798
10.985649455573366
-6.087210506192303
14.551960200919922
-2.151316870494817
2.6000583799392416
8.46666273601361
1.6067619946270568
-17.00349162878117
-3.58837577811088
-8.162886241314418
-17.009116460344558
-9.09168768817544
11.897228408732694
15.401224411779573
3.233920208800658
12.263306958202271
14.180525295827081
-12.600666345513494
-9.521684562257843
7.2378733788335055
-11.683859775959666
6.361997768561324
-18.660079069667454
13.191415023059399
-5.03123751336819
13.104459474672197
4.668698039769982
16.127171578505084
5.868327242310201
14.841959519453567
9.246593315062945
7.332766990712777
2.0218648329242512
1.0477749383300505
-18.965056294460037
-14.462188694187352
9.749496442902181
6.6656944615881315
-18.723138581531114
18.96692278383607
-4.385391991247246
9.50726247354735
-6.244567223130289
-1.876321982975444
-6.775116702195497
-16.85973759216258
-9.996487678648428
9.12338107139373
10.649504738524598
-7.5416472129865895
5.750903780218692
-19.646489323628664
6.166495992306231
10.558825367516121
-9.111671824318975
15.179849777100223
3.448103431897337
6.265324312507822
-2.7665603288174907
-8.009220778627132
17.661139743435385
-19.37987587202076
-15.915005710374665
-3.8409255611800575
9.85091695803738
6.421441123174489
2.692687912548127
18.575373162292472
-16.178949602763417
11.161948398899622
8.954916156710976
7.660282118182696
-17.741333806930186
-5.096914843099514
10.335360439697574
-15.413959962947047
4.386145432920085
-13.83771344188563
8.196832707397679
-9.368201142706365
-12.695457711458875
7.811333246311257
5.155449079468216
-5.7108181791494985
17.44487440124899
-2.830645049583861
-17.130028493202648
-17.730925512387074
-8.149421450104608
11.639956695792453
-11.150420092422411
15.233500192847139
-10.030006216834696
4.12315470925272
19.38961312265272
-18.62475382601761
12.964955383853997
-8.055642314744613
15.797331471133724
19.227914942958122
1.3400993790432345
8.725449625677598
-1.9574365398065687
5.558111973294867
9.094533272480994
4.437676627075664
-18.213501692906043
1.568843896669673
13.982506671812885
-0.5214459123774589
3.5143922519194746
6.930396189790649
-15.31410510292325
-17.86000716842066
-14.583660854319941
-14.759372787743189
-8.056899166227236
-11.518672266397122
1.4010288284383918
14.345617691833958
-4.5588672657740545
2.824506182894808
-11.982581265441215
-19.001649983776016
-15.317931304007253
-5.0178581264727065
-11.243597996068733
-5.170232452281333
0.09766693874166776
-7.389445246581081
9.94921697101173
-0.43604108753303095
-3.24139315920187
16.03957272669703
-17.574882700363695
-10.14327630796525
-7.441366384766376
1.2207170431366947
-13.449618169855043
-7.611795049137262
-2.786859354598711
-14.645926568768136
1.0186448649116926
-2.2352595423298816
-1.782398324801811
-17.343362610589956
-3.670060497990729
-5.454133945452725
-7.3315603887926315
4.156788182360703
-14.520045394546312
15.02316424297441
-0.9300497115675874
4.000376595958166
-10.310430765679222
-19.212541506697292
-14.523937588047264
4.073602091932756
-19.0839580470518
14.743953591775892
-11.08131698869343
-16.925784750802467
-9.288452683248387
-10.530585421271352
-10.174676006429507
-6.400921021211179
14.07860193184274
5.214335688162052
6.237003111484789
-11.387173379763524
14.523266317771949
4.896733367854807
9.838403275297
3.76618472190291
-17.726676930282288
0.8960372061279287
-2.2650321928372996
-11.079434920517066
-6.010768251549731
-8.851799341815582
-15.082970696838425
-18.420301738276503
-16.380654932823656
17.95250902123322
3.309983482712127
-14.881476470933315
-5.262618780388628
12.02261208362998
-16.04258291757498
-13.061454898769856
-3.207567878836244
12.613089444382638
-11.146085227313055
0.0827379532534458
6.098751617821655
-1.891165109297674
11.038340934836363
1.4857728550265534
3.516710293025902
12.056846373808263
4.134315453215418
-6.543237828934117
4.530925534829684
13.529578248474294
-9.13854916755465
5.890627167581602
12.435697416814364
-0.008583662810714543
-8.52622708739387
11.197519589385465
-18.837581812283094
-4.69037403736329
5.6899076784284475
-4.5688161117295945
7.377884884263079
-5.31947984804383
3.5269842286300275
-4.588065764353843
-6.3627099942169085
13.63660995943291
11.631429294077375
-19.129067710418248
13.145001448847196
-0.3009202535308333
4.745316312807848
-0.9562490683161009
8.388607510271875
4.751661840272966
11.155685457381
-11.365097758419257
-1.1538337640381648
2.019959694250467
-16.178330425317352
-13.470544742670478
-7.795561839180788
17.637542595429082
10.092280626460663
6.1075785814216985
9.687512452778712
16.913051360778645
-19.176453693833878
15.392101137764612
17.752715314780524
9.469084082183361
-9.477247787466103
-6.139728015189863
-14.402951484537713
8.974130686423653
-15.189310323908657
-14.71602930992681
-19.361898981658538
2.7688002534053737
-13.287211078714506
-5.3098321214772515
-6.4494401306185765
7.962795204612803
-18.070828160886734
10.441396170528947
6.489256072785146
5.476440840379556
-16.782295633248804
14.782428374348186
11.178392695959317
6.094746254421661
-18.86261024144957
-13.643571161144713
5.39026568486474
-13.905720575466457
1.5521118728573242
-1.5437379214638334
-19.044832675165928
-13.767213187013372
5.316082453964572
19.66372796460812
-4.3839380181113174
2.9486795274991735
9.001205269843787
18.809435718373273
-10.168064916489694
12.836908541707075
13.346691621859648
2.105318483505336
10.805859982937605
-17.1473494334544
-17.180763594208535
-2.4913206539379686
-13.47319475897002
-16.35688150670766
-18.42778069595354
5.832291974974666
-11.559060339464464
18.0942657429422
9.807015059384398
-19.085902521176074
-13.130991235646423
-7.112265267203185
19.361673886872154
0.24102446250544318
18.54616335698873
-12.292262933698268
-11.825214843072658
9.024363501288839
7.7928754997648895
17.00185606212783
10.119626510597463
-17.154958639599023
-6.751214527193511
6.8684833028002075
15.609693947848285
-3.964942328661621
-6.487961250493694
-18.809322073822653
13.309647893901975
6.401024932500388
-15.29103689656246
-11.574948758975111
-1.4283738498318073
-9.405202891534735
-17.412072565598812
-16.39399061682139
-19.267474771601393
-18.740691033705488
6.012089371511792
-16.086379882813958
5.7293641118539576
7.631334582067105
18.13811901447901
-8.489056495915044
-4.2690468619008435
10.738001581792314
-4.71517336026556
5.5895767064664135
-13.863563920956983
4.868815384917969
-15.944960339317408
6.619083052337107
18.975020582407453
0.6179980256521134
-4.590326656646724
-1.452770131575754
-18.646711386640828
17.52292304235953
9.531832478613772
0.8455225913997353
18.676670809259925
1.1529207725510382
-11.064236102486632
17.8742997973795
7.73937828972544
18.044248426474454
6.581463913538887
-6.726633564334655
2.9341447843196846
-15.765467311298043
-9.827336706792714
19.08205710682806
6.782491299715879
19.308043145860644
0.42648355097709256
13.962522987637328
-12.836477005290195
-3.7743266027317546
-6.1436319460589175
14.721048652337942
-17.023293826975653
6.465360720793232
-0.8019576466230234
19.88174128394681
-4.6005502533595255
1.2132048168544145
18.294996741472453
8.322406083329174
-9.364971720637838
-0.035803215734819815
15.431247298890383
-15.977106633393067
-15.979061215560574
4.697103786777099
-11.062327509887147
13.132394522645583
-16.353303644153293
15.748247400751225
-14.605316863057576
14.207025590831499
16.41990381022908
15.162706003553751
-17.541393679326625
-0.18494525947286533
14.899269737626774
10.67516688341492
-4.909587958999895
-10.323304081225109
-10.859627285622317
-14.290845955119407
17.85899085745399
-0.6524693886957245
7.364383714843147
7.931033442320178
8.833294559091431
-19.600964451732395
8.776206957240575
11.4770532589602
-1.4877939321389206
10.894694972931283
-9.390910017713626
2.750069834305382
-14.769493620703269
1.0141726008408583
10.985978112227535
-14.360123668127095
16.456310589611043
1.9450005173621108
-19.630554412446134
16.90455729019134
7.718384937427253
2.5701251862148844
-13.055250079027324
19.22857914435322
-10.829210386618326
6.476209304126769
-15.404808838741637
8.464472349467748
12.277686497181712
2.429820857435928
-12.39623280505847
17.867043304832926
-17.323819242310307
-0.8621589421858857
-0.238206906599153
6.9819800344521425
-5.7885715521180625
19.593287277943027
-9.861777208905522
0.5154137899274893
-18.225596164378327
8.64245219703351
-5.379067251338036
-10.045843314931876
-19.695721307284874
4.90755751906314
-16.73260341969992
13.421115948813245
14.273442885377854
-3.6627909173653777
-5.90482288943949
-13.413940101773099
12.540287226399563
-4.893858254991294
-5.269767665221142
-0.949350966974297
6.375537158131959
-13.744691136640185
6.882654278447262
12.025649238546336
-7.105624840446993
-11.657704878828167
17.67544066791187
-1.9895632610222016
-9.384581786205914
6.244330476318808
11.301056539113851
2.3089684477239025
10.743228388706566
15.900577336897783
0.996321788989178
2.0244272517102537
2.525224554176013
2.166563163094864
14.418021794031546
7.164949612778319
17.20166943310167
9.25080904207912
-4.1487741925883626
-19.30789918277979
-15.028790122395614
13.475838708249611
-13.73323753920852
-4.151120883200212
7.617795149860818
5.542314912895812
-17.94118625181985
7.559773293619351
-1.458326153827997
-17.80988346430288
-11.109000505691995
6.317573711720531
19.237420405031216
-15.927483732454547
0.5346386843167075
9.981480251072014
18.342056946885123
-19.83537877224684
-19.2282090850234
-16.82946783652318
-15.629112534221221
11.83338592090503
6.342007727797672
12.353441913702063
5.626701982050129
10.802740944718323
1.3212415567880953
-0.34688528520172923
6.709052139402733
-8.57963029235949
10.223571235557305
3.0764409909486368
5.547555823280895
9.25431256572039
3.439991854990474
7.394614436127135
13.488723384899878
2.840508298758145
17.817752167029994
-12.130487816945315
-1.3763016894287858
-5.47178293044305
4.071388658715787
-11.37662360069048
-12.462465767996175
16.667728074265952
-17.397085873613825
9.108006365931082
9.632403355244591
-11.608517539443879
-18.22355910715777
1.8535148054365926
14.920403075913157
-19.408333994189654
-0.19985972725876877
-5.790301323070576
-12.575452704806231
15.510286483901744
-3.3677526719658886
12.763276843022751
2.048331484707184
-0.36349941560447974
-12.357060028428876
6.856523751011004
16.274635952499096
11.925368354546954
-13.965719490862906
10.92432926418676
-16.13846672934597
-16.872602988086108
-9.105590751805916
10.404935541950312
-14.14681094459496
2.715992713649648
11.901915833621473
-2.91151108973661
-18.686783146570537
10.375291997810677
-7.36298178197047
17.605442808985053
-7.287182818140256
-7.552967168856405
-18.894968910127655
-9.987812149667153
-16.775443900314592
7.037056894183621
12.612033894177301
13.302266163279015
7.642950709484332
9.45280627495358
17.265977551938228
-3.1039221788643268
-6.12729647557634
6.8616950459761625
-4.01481832650628
-6.746809311187363
-2.442144615945004
-11.959239803417642
19.293099531433654
-0.8967765506185934
7.919970741917403
-2.418289137817627
-7.520958214873993
-0.614314794150701
-18.4509733771216
-18.026398401304483
14.225573302506035
-15.507992824621333
1.88412266781598
-16.450982476956394
-2.186682296395208
12.303944326799531
15.556926489711898
17.089516425782236
14.175415208690929
16.893347287524122
6.5373406275960555
15.99575380385214
-13.098255961464748
-11.318284560104889
-10.237797201175013
-12.407040923793357
12.6306199175514
-17.18432939661632
3.5449568052720792
-18.028269942660454
-5.677991785170612
3.9401150598989254
-8.796542919511129
-7.965583216879262
8.288896343653587
6.815008580459438
6.477202853132944
15.291790687878802
8.716373568439757
18.29706144365703
-9.073740197779344
17.409280818004234
-17.441857853258185
-9.004707396993151
13.69726409760515
-14.457221820549432
18.648715077305994
-9.206433114411002
-6.3222987373723605
0.8736861756324075
-17.022310332816687
5.189140060663497
-7.9665797665585725
8.000919803048344
15.653254242865195
19.413991238938372
13.579313713368258
-6.200470026644954
12.018100647518267
17.91000938671681
-4.661662611692865
-14.64963861612973
8.11046758474058
-7.530188142468738
19.815872916171926
17.847532012676886
-12.911627680182281
11.124902909405108
11.107598155603647
-4.521820948249648
-8.366847675382596
13.059399470318773
-5.295617135765935
-9.290849538589718
10.55329783580489
7.324071944031246
-11.83177018983475
17.16802088308144
1.554309355794409
-2.3230216175573517
-0.19516434529354143
5.794603264136061
10.919659006411472
12.742423048344762
-4.200096212272113
11.415839079348334
-19.298276945086545
16.84402659206058
4.672979471806439
16.95835442951043
-7.763125843737253
6.955983189229432
13.13734332599472
6.947576722934041
2.3363109688843764
0.7565880367446063
7.242391287482853
17.680789141626477
16.76882409705747
-11.559415988337257
-11.635879627413313
-14.080444509706162
7.615259250009675
18.484476243759985
14.506359442339878
7.842374520807329
-1.6549034750080125
-3.7722829007487526
-17.63655625847306
-1.8193208889915198
-17.000229835670705
7.644980087943608
-3.2260212157905954
2.850936392475326
11.858537503070465
-13.180208024718558
-18.784226268549283
-3.7987662534516815
15.554228341179716
-14.514591499154136
-5.463567921549437
-6.750827472552645
10.736658291231606
-12.170296677515541
-13.737569385723884
14.131141336190119
18.8389458219429
19.593547489863646
9.548762325208866
15.37688999009157
-11.464164449756936
15.743028961088967
10.600086278614185
15.83341525590373
-15.423228818298345
-3.328979485567519
-3.411994831314967
-17.417865359916735
1.297238487622284
14.410371173229223
-19.184407299518753
-3.6366441568500534
-16.22742569108049
17.794729315839447
5.938001104843011
-1.6906213195458974
15.255393320507558
14.063657323342213
-13.676442322909836
8.170979073154548
2.595614468978834
13.939600433733233
11.519503738555304
-10.338819845921519
-14.049494730665684
12.96317812455164
11.901598370001153
-13.018938943307088
-12.172356665167147
9.035491729537789
11.859244796392716
-18.8957848129975
-19.474073651965732
5.932344663065841
6.858852885682634
-3.6383463890756538
-1.0815960254425505
-8.06780829361819
-2.7753225893420463
-3.2429252660784904
-9.900119464117946
-14.420457283950721
-5.1887621461645
-11.00610094044204
11.827019817256911
19.323347745535536
-12.640804385574231
-14.266289556751822
-11.341788811593801
3.9895276136519264
17.450267990775927
-12.897213573304516
5.714235994919257
-14.552327498519428
10.240981850463257
-14.71204888351593
6.2411201590251295
2.7219618670097887
17.985280021982135
7.5414737337648035
-7.935033510884729
3.4564025917887022
5.2880775469269
12.253035258193599
-11.905988174224106
-10.394352806244056
1.3340796170001497
-19.249829030512572
-2.952894653753301
4.763569502958447
-19.2536736292042
-12.604418298542468
5.962340640670579
4.8366400877054225
-12.141815213326726
4.713759498555564
13.313866254002555
-12.452729277833022
12.394827480734008
1.0591877262770168
13.116798351314479
-11.015880897838603
19.44880739005655
2.4449778337140913
-11.118037672088882
-2.369862206752998
-0.019437407644787186
-18.318006997787222
-9.33441531149667
-9.631598431809172
12.782965199893333
7.595637556940286
-14.733379488968987
12.48476812849767
18.153581214099354
-7.845764530054202
17.02966298044459
17.87410614881572
-0.9654626158447108
-12.250075481496987
-4.6471728518750375
-7.909877117799198
-8.668808095033068
18.25526415382707
4.806094042513315
19.287457790653782
-1.6403305335071963
-19.715497909470173
-0.19775336724844195
3.0842077882632353
-15.47246046957583
-17.75932732271307
6.022052535959965
7.28567176561382
14.813881426652799
-4.8234455693889355
-7.753436223420373
-11.44153354258016
0.3577751367098969
-4.75395430602164
2.5783376391427204
18.38995846415986
-19.09031751855396
-18.29532099360581
9.865951509603764
-10.038000952951393
19.93935757209895
-8.396609517268674
-16.169273759809514
-13.668646754996555
-8.00356986467417
-5.487788530079847
-10.628075800631374
-10.854082510629045
-4.478677267811513
-5.0482314209700085
-15.511625748409728
-13.313536760363238
10.939473665951937
9.694260660502412
15.156774012719836
-12.417527022162723
-4.290782556897028
13.393929608974666
12.512545046201105
7.081733013188526
-9.858494190288095
-15.704657687117066
-1.0324727677437373
8.452152073248559
-14.256173474955478
0.5585769458570127
-17.623329824660058
-9.656133884157532
-13.592453082144115
15.586033618539233
-12.33332629664384
10.578204393503825
16.244843603253223
-15.092684838628955
-16.653782916079727
16.5322198260517
-3.021152760139664
-7.342206614839233
-6.7239964820563145
7.481291956338239
-4.814759149986649
-0.9889167387768296
-13.854856165397713
5.429814049861843
-9.706856167372235
17.932752935771845
-0.860647436342564
-2.0415338484206735
18.60278600281037
-13.862045797701118
2.0244071972233115
13.517275572203218
-0.04770503401352855
-4.574329244525849
5.614248531886869
-9.516490963597168
17.02593488925487
-11.009534419293786
-7.055319206304368
16.967094865157584
7.849548305115533
-10.169760914500321
14.698387941220787
-3.489840239242561
-12.34012658846308
6.148019402185728
15.875320437163907
11.708573993153273
13.387252669003992
14.802476288726822
17.45426371359575
17.70036226030171
-7.272985655913207
-17.398778260780425
11.007415239671694
-19.52113761607173
-8.339833100727185
10.245536263439948
11.218150958711163
17.68346917729788
3.5758346457216987
-9.32666437125512
13.85394033506617
-13.817234071554152
6.7741103479603915
-1.2861683486212314
9.373459935423362
-6.402935338056954
19.90669793494604
-13.617611198756482
4.422727033039848
2.7159491654694357
19.931176119625214
-8.939218745293992
-16.312227216173625
-13.906997801215827
12.287467439115986
-7.531111645540944
-16.109909395525243
14.61024344942993
3.3521989516617055
-7.873208970944475
-6.973849862749217
3.098321432322109
-13.291518561203638
-18.76222763796736
-18.56005668992447
-12.499416168466233
-6.438417604584217
8.535115865703915
15.345486527043938
4.368069809324876
-11.673233313495022
10.37787156139381
-9.589008897618063
8.198510222916656
2.1945256236152204
-10.79890344440309
-3.043784535849614
8.525865177325183
4.849556703912448
-19.970345252682744
9.695368112241106
-16.96186324079923
16.450166013923642
4.278937818701127
14.36354347779158
19.419629877631678
0.09267354306478737
18.63835980984105
2.379225325136801
-0.23080388912577376
-16.375258673051604
-8.27676851004811
-7.0926169818601394
-5.7926682389283
1.9034440960863037
1.7708941044783764
19.810211303574384
-4.839263731080127
-8.22824360760817
4.492293410834186
18.783083993564595
-14.714941032139016
12.939455989778892
-5.967389694549263
8.751191872230372
-7.699728551671425
18.354872663722837
-1.719019178506862
18.41691771464334
-12.499926970333917
1.313375936813756
19.216129211842123
-4.758966836327886
11.65596945252728
5.2383998935469975
7.0384936813597285
-5.8672696800543775
-7.848993664726134
14.922067804949883
-6.271114990499038
18.088079175433364
-5.36654900399903
10.027365491613097
1.4220179940240953
5.793808404439456
14.301516083356574
12.064378474720193
-9.723597354549089
1.3927571159739145
-5.295283837751391
6.2454576109897815
12.460212738931496
15.529372927331117
17.18965359177394
17.102383214052864
14.047821381722272
-14.838081916237847
18.740878295169587
-10.631117994870621
-4.5309009429864755
-4.254994393963205
9.125618595940193
3.079832796246535
-9.275380918015754
17.457500555801303
-5.927286838337649
19.6668973689591
-19.794343664398284
-7.0587252548797785
9.704368093241701
19.253796893856588
-10.615009020109856
5.320261517504189
-3.507229780685318
19.838856834114708
14.149127378559584
13.803779592126993
-19.971189028378873
5.101652736425777
11.199311686769953
-3.909984815374962
6.600040314592945
6.860435138088089
18.227758196156103
3.1217755432105143
17.31476469853024
15.43182122694106
12.42764952096384
8.882288331496582
-11.850026755011323
2.422686471680354
14.861044264769362
15.337774077776302
-2.0465001201043975
7.658615766983875
18.179045472961924
-15.504721572732834
-2.35151085986719
0.9433306993674719
-11.364517756076475
-15.831453402764604
-2.129311539993786
10.0639695952523
18.199611840368746
-0.4660634409912561
-12.477525700900616
14.912489412400127
17.32159037545562
-0.03212156631990126
-3.5664312319800473
-15.247532453479874
-12.202879006280178
-18.480561163195897
17.64996759787938
-9.59591591596662
-16.53015000947836
1.3354967100907267
-15.73047154397019
8.487657385521125
3.410965771361461
-13.962215951380825
15.343183669211797
-8.647658507836145
5.447819924072043
-13.210761457841915
-13.931742761125424
-16.35289426716197
12.537538868360677
-2.277643173243927
-4.168137938694398
13.79889567506514
0.6778491180322987
19.787518733098388
10.619909812346041
15.963658109757766
-7.17007802285992
-10.946641722987
-16.90580853762738
-8.62289594636399
-12.846869120938177
-9.174491431700474
-16.082222342591983
-4.601216249543469
3.5285442070999906
-2.0430163131074686
-11.142941811888111
6.436103092555342
15.402317792200812
6.787657377935133
0.7624872247509487
9.811260163419004
17.19202685335513
-4.295321509613883
12.450896059060995
-15.499666975092378
12.746008452105862
10.786404650475454
6.8872711845511745
8.067920309130425
-11.41625318517601
15.525402915870366
7.476739190046665
14.399972332385893
-12.785227284905037
17.227391453530096
18.224353944989303
-18.818384973006413
0.8430236854190056
14.132832969625106
-16.69872869217305
12.415389717145011
15.029894831971944
-14.189615312586024
-12.596706321687186
-0.06766274490586
-18.27374558980872
-1.0557610233122574
7.341889487723378
-6.756198058908636
18.941721228197082
-11.892341120131613
15.190932486739392
-1.6189061914062322
0.1660433270541688
0.2125675632332289
-14.132046878721853
-14.289080460150053
-16.284707052217144
-11.577498441250409
-0.2590744390722648
-1.8795940582693973
-10.619277550310384
-15.638389701858731
11.706962820085757
-6.868983734542757
-10.687866975819777
-7.191918455807688
-13.86234778967609
-15.139732664189452
1.143569152149169
-2.143186476351353
2.51311788115639
11.184465061380461
-8.039294676975128
3.556003514992394
4.439359654894069
-8.67736361318955
10.968700531932619
17.896448079792677
-0.7486846686633157
-10.418146017907626
9.160767191779456
7.542189788093729
-5.489782494494634
-4.8187008134462275
-15.956298287256887
-4.773883649165285
-4.1044204759068705
17.785595922072865
-17.908359050676836
-8.065443048025433
-4.519419089985606
-0.004266052169619172
-14.14910292057817
-18.980019248453203
-1.6800485275395616
-11.647535782919366
-15.743755496809491
10.23849324891092
19.688870204919965
-7.866446415970167
-9.472207803190722
2.704864203384364
14.030358006176392
-5.1250638921963265
-17.98348213363458
0.21513183219564525
-3.727428153978426
12.123538438497775
8.382356585747925
11.541830355309635
11.913556056274956
-17.133262415736773
-4.234467139485062
2.508532870995154
-14.760695754026463
-3.6018011433659822
16.750047656971688
7.705652042070717
-0.7348178340767362
-10.755257079906158
9.551310826185023
11.32989817879334
19.756489539595208
-12.154424364049689
16.257918026605452
11.407965050720797
-16.672794438134723
-0.6135188961647771
-12.96045295752361
12.829008829548265
14.171627769854837
7.2783728240103756
-8.102249499015372
2.6323078986660207
-16.125417834087298
-11.916113897860825
4.6723657762373065
-0.11140252691734531
-17.06544535040754
-18.294560581272815
-0.2554440102281603
17.097650599839106
-0.5687128175164844
-12.260790973083196
-19.567645742021075
-10.014748076754042
-10.59222084807498
-15.912529699144532
17.76805969071448
-18.584002475207974
-0.8073817570650093
16.7999181178442
18.7189607302179
19.71968759516384
11.937622763418801
0.3830932410188872
-12.688240250337453
7.211616298453791
6.109139442799009
12.179888810458984
-16.093527085967057
-18.12664975827506
-13.445747745676018
4.9227533968780435
3.7267502897620233
16.07701722654592
-13.774341405260003
18.44891801263706
3.3286343550912214
8.58323738151601
16.290318630592246
17.60355624668278
-2.440014700211041
-8.255956950200257
16.678250425137826
5.748767458989871
-7.198637323634763
-6.624491360119361
-15.434061914465328
18.157390811493862
10.95537610761134
1.0313332533852595
15.017755770968101
-19.071805575674304
-18.817940659433113
9.89827529281889
-14.092897842491169
-7.257222104609209
7.065945323860102
16.576967949113325
-9.306651018045255
-18.24633039712547
15.858029470100242
-17.556525234949973
4.233862727866185
-2.431042875669025
9.328471508494303
12.533420793375988
14.437705536897198
-2.7447425457910946
3.2551325143868297
5.78723531524
-12.935146193227665
-5.613879722763375
2.4164423977115774
-16.047966481388755
8.741433457442401
0.380823822514607
11.116825341347742
11.984542441724784
-13.955585384365715
2.124461950145154
-15.165644472680642
19.529349195867447
-1.0927304060849075
-18.195628833491018
-6.383936280560199
-4.1536717338166085
0.8630508886841923
17.988995737824283
12.767318844127232
13.69002804003972
-5.490690166786125
0.4815852047827178
5.532548408684164
18.32112428412544
-4.699292089517076
-5.22948703937983
7.942076797595071
2.6380257676712873
-3.0239596125093655
-8.768036485615664
2.4975116674522937
8.897142763433024
-7.292594938084225
4.347235100640869
7.572110490282409
9.75995498776646
1.7942955195275232
-12.138693009476391
12.673674589400001
-13.685727738231668
18.393936565405674
10.550431326147162
-8.275372269949944
-5.589969998981562
-17.813142211356347
-7.395371846995706
5.986478147714614
-11.964101498468809
-9.664170935181433
15.696936989418646
-18.31139477967433
-3.867487152514979
19.318644799019474
-2.7494828111841194
-0.4645267622878322
19.91267836807723
18.50284168505472
12.875390628551393
2.6814916864712828
-4.673811518430613
16.444051774582427
-10.90999850149724
2.705545705671888
0.5402156871189412
4.113835496854939
7.010543756116341
14.100503827592348
-15.82358855561056
-10.66770125488965
-13.9566753264546
-12.783120040869868
-12.029350457618303
-14.10553585589836
-0.057578711676100625
-9.0116891916907
-19.66927002471776
-3.9928673409855584
8.395408015933363
-11.016036887450959
-15.82686822057148
-19.127817523500404
11.155164462407345
-0.10751861898712178
12.343043133899585
-12.037173168640937
17.631468371629417
-17.13626288775938
8.668044475678386
15.516560685043949
10.02392582177713
10.938306042067545
15.89