-2.1206462098145415
-9.964532279051678
2.612069672517503
-1.2681312739813357
-12.715475203545324
-6.610518397255731
-6.867994213448254
-7.3161673961794484
-18.46813736156856
-2.22660710140541
18.15858131117156
-0.6429306240360013
13.297014279958688
14.01902932077494
18.37217335568242
-19.643969906477192
-4.909386182446699
12.73409584873037
7.410513707634102
-17.472579637447552
-12.765782145565714
10.80395845724145
18.16019797154108
10.509311660409793
7.744015240200778
3.387911962258748
-16.822338997970867
-6.341718680237246
-10.762370816475965
-12.984132778957353
16.599078309818168
8.765434253072502
-11.845382636290779
-7.110971581329668
14.82619781149959
-15.780806201438118
8.567981564319119
-8.588361130850508
0.2803526846925841
4.339293946854532
-15.146099100804777
-3.1171358116674917
3.6090869745343213
-14.828355793383597
19.304956112445453
15.14833258811312
-19.332586592156545
8.645243448642645
-12.587929030885388
18.402365014579132
-14.510720593087525
9.230333859436644
10.897362235582637
-4.693796352996351
8.428647759198835
7.472738073626211
-4.13597365016097
-8.179219325415765
-7.764787968026017
-11.903273330978319
0.5053269265580909
6.0967870729730755
12.628619823958779
17.96031449202558
-14.793064349283252
8.275594400820712
-18.08107594284344
7.091956333654721
4.046984962432813
6.022997297497369
10.398495536516329
19.074454913085496
-4.121707987592696
-9.049224164631582
-0.2244485771264202
12.993041613435693
4.6955972449447145
-13.438322784265143
16.29799980432619
-16.60089302221656
13.481426132581056
-16.420646626899877
9.391724174032383
17.699679082615667
-9.382459227749514
-0.660544136357867
3.8507292138802214
-0.46877833621227794
-19.551709652242177
17.911601963708236
-17.741335662351197
-15.759473104159154
-0.33643327417243185
-15.560174723283765
8.95580767085946
-3.933714320096975
13.12871198593431
18.934262170589093
-6.765615678209542
18.696388093161495
-14.646538423939518
14.788495103235313
-15.004090509117521
-1.004229378128695
-8.273430527506967
14.359183036449707
-9.088404647443827
15.20668806355345
-11.863258642045441
-10.312995775985382
16.909475439563877
-0.16883502816548912
15.99869116950336
18.871750891294162
-1.7827555977519225
11.36102664452201
3.253712291116507
4.694317120761767
1.1809950648615697
2.2334695387971415
15.543897879860054
11.84042313652931
-8.732744185369462
10.996710049933615
-2.9432081160572707
-6.2900580786131
19.4596911173358
-14.685065200683795
-6.482820992238043
7.897600078247933
-13.152803056755618
11.864683092563503
-18.962432164035565
10.68509815870889
9.815865493055714
-9.480716251493053
-19.276210224150503
13.190530315406008
-9.248175966035443
4.930309108667611
9.70148003072163
-7.449432241287713
-1.7929339305973393
8.028045245061936
11.497527354290472
1.1354780531814548
-12.580618830475764
4.91376141785377
13.282416518848095
-12.944946994955169
-18.858827919084785
-14.884167318946822
-0.015931865219009467
3.173535551257668
-16.051807000661718
-13.287276312775255
-15.07534807095003
2.58731073291208
17.375508529669986
-11.81289418307879
14.740768625000172
-10.599807200985198
18.70496482665383
-2.3774809905476246
-4.87585834701893
2.8327776055356324
-8.246876541260653
17.23374319195222
-14.576471756580096
-12.031511594497335
-9.287784500239713
-1.0344233210015616
-19.679086839543444
-14.24179522742223
-7.248955583499477
19.284484134678934
0.2951712642791975
-17.458096995664608
10.673567648989874
-4.913800323652131
-2.645035455152108
-13.090384752193941
-13.147693949575249
2.5254061659374614
0.447019434865787
-16.585037514338
-19.833330335645147
-13.975222708474536
15.04709447682351
-13.80246697179977
17.14821999046891
-15.48750117371647
-16.5049182783909
-1.784510558554821
-7.766540366834022
18.140879958703792
-3.3110530205012907
17.220423547651087
-1.7551399744374905
19.78493935762912
14.184346069884334
-8.400588884275738
12.360692550612129
-9.064932799364334
10.139896039639915
-16.401061881525475
-2.265161911707576
-15.045846331010452
6.455935726011592
-5.615027807954229
-9.076561069653888
4.520415468755065
-9.691438598782621
-11.46672432979782
-2.548016746665695
-2.2717316102815346
-3.927802999243948
-5.707097654724862
10.93160126324204
10.864114918611772
1.0031580398904723
7.32601686280152
-3.0653825391827603
-9.839429211766353
-16.906729667381747
13.768983627397525
4.603323199468605
-13.53028618603458
15.311180378813283
-12.406589543748826
-14.30466446185993
-17.503377141090894
-5.191078966144399
-19.5412956162673
-10.832436873400946
-9.543918534566371
14.585993919829889
12.754480870732209
-10.269020567138071
2.4733227456179776
18.48781196876792
6.952921696108739
3.189090032870702
-17.351281335077367
17.39148589712238
11.44644797558589
-13.637523889905957
-17.512230793175483
12.171086732072794
10.562775872836447
-9.474999626058214
-1.428832686962913
-10.074718513731963
-4.774317909098421
0.6327485977971357
-10.75336482067431
10.235521603599366
-14.875271189896896
-4.668916504215343
-16.96707653432751
-19.405428392726773
-8.608542426751749
14.974657093422444
14.740063998139306
5.321707946804814
3.1919964706683537
-3.575153868102472
-14.479259548763048
7.562045329962924
9.293855872222796
10.723405196089118
-8.536325884250168
-2.370425401592268
8.317478279793725
-4.29117299390021
18.796769618962585
-8.117796964189168
18.552548989005714
-13.823877972827233
1.2350513665679408
-10.260668940931769
-18.70950878588384
-13.308796051656952
2.3905888679924345
-8.087935271802515
-9.509601207005357
4.350136834092531
13.350062296903722
7.368053143429254
9.745358490360786
-4.078927993939562
-7.546412928721008
-0.9048137659023254
9.707093255121372
-15.967217800733193
-10.801831513560881
8.536713710936915
-19.307261015615428
-12.090413960679358
-17.16904690946599
0.17144916823511736
-11.697040848548497
2.445867810382939
9.958197647025898
-5.881056579252215
-11.025168567227158
-12.893778826380814
15.186343155524241
1.994281594753172
17.958746460664045
10.387064682362045
12.444638902280978
-12.953393231499648
2.4205695138425725
-4.415296075690357
-8.406590044762826
8.959412416910105
10.364861537290334
-9.660521537806218
-16.96697332988121
-7.73151200659191
-18.078724541603336
17.256420428666353
-3.832805224005689
3.495339055072222
-9.534536492957905
-7.4391590610118605
14.988095795694875
10.55263205095228
-0.34292494220993675
2.729358827232616
10.890362559646508
12.82616154494854
-12.611708610245467
16.508642788480422
9.831633234914868
8.26703016064361
-11.010296151777332
-15.552734844232216
-9.050210082415099
14.117768228237814
10.309543214498945
15.172306385863784
-14.987573162175632
10.063919407521649
12.158574009181294
-4.889687382398993
3.08324442700917
17.620483818801105
-11.40435382905197
-17.026859757269136
-0.2507767045223943
-17.861002777354006
-14.563907958739367
9.474540588772946
-14.367310896224282
-8.215399221156146
10.832755278952316
-11.743601227169286
19.093402992549237
-9.787968527014904
-8.12938771707071
17.185259756571753
18.747630745969012
7.77499546944464
-8.187522336745733
12.138079164996526
-13.983827369948294
1.6152939639508368
18.413627994322916
3.6849047856753145
-12.878545689604195
-2.4509372959737696
15.619267187863933
12.672911007527908
-10.278558826053219
-15.927573526786496
-17.25279226394168
-19.586812051422594
-7.73278618497304
6.959643741710764
2.3799626818254325
13.395810788845203
-19.65641624221181
17.959342408065808
3.3132833676696976
19.95458249773894
13.451003080978197
4.106797210319954
17.217340022605455
-16.70384463437425
11.620585909998251
-9.257681286025177
-4.695024183808826
-16.528669525282854
-3.4839935482899804
8.988250733453636
-12.86471365569042
-6.155927935947076
6.122832517293055
-6.663679740311409
15.161621819320672
9.947017628580834
2.4358241762653137
12.190881231330046
-4.266399298853036
-11.552617185017393
6.568293495418427
-2.72825777572017
-10.924938005301076
13.478588350320123
0.8476945887470642
18.37732339647613
-12.365630560575326
5.998841047404365
-11.198840088826891
12.472434904781615
11.366195739877206
-13.965613612351916
-7.549353231596294
0.604418203527672
-6.348148169669283
8.351035988313086
1.6315757304894376
18.03186024079207
3.4446949912681966
-0.1157862627785633
-14.544467974871242
-16.55337069296214
-18.36480112834327
-18.06530427310212
6.781563762763511
17.850239521356215
13.353012561728136
19.41078428087878
-0.8597178971949262
-14.059130319563593
-5.849942552067734
-4.414977536384889
16.299682265008485
-1.5153752085244356
-2.2406677731400073
5.441198919492489
16.89312418677836
9.424442789224962
2.5524687478681685
-15.659083296141612
12.124345120849888
10.029903808232557
-5.92765298220916
-9.148241516534545
1.6873797567543356
-8.497282387700569
-18.16033662834888
11.69896361330306
3.2983194231724475
19.305670412375264
4.200298966531911
-3.0956496961503923
-0.19667131054621834
15.492382913997169
-8.395230746078841
17.378695773406967
19.644290899922588
8.136411567517648
-6.348967314645808
-7.178296413609392
-13.600125913109512
10.252424745765193
1.6755870378729938
17.250733879552584
-17.073453650081714
-5.5543433929203765
7.7345139915895125
13.315318811533281
-10.956177005282264
19.79196839965259
14.534554408194623
15.844271865185434
-0.7699264391270049
12.010793651760466
10.892068477779958
7.26309397856695
-11.281386948934152
-6.820513039606663
5.447221546980394
9.971210387122298
-1.3765436250318253
-1.590979876439171
-5.06077825104683
-19.72023943264753
-9.155353141772654
-18.349999161415003
-9.445639336548393
-19.68859755295556
18.716539408035665
14.985057151190986
-9.229614970671065
17.168192452502176
-9.126601779233381
-1.355420554127079
16.31004625197273
19.302815171377112
-15.966422573525264
-7.96553907780452
2.504519146991747
9.168276219653588
9.123299788215906
3.5001032144413244
10.272737139943917
5.04669163829076
-2.581109589683905
-17.32026611100192
3.1350132156742525
15.205199534658007
8.452440267738822
-8.416234717961984
7.767975493726695
-12.32259752205942
-9.87821511955557
5.328910051292091
-4.3528733021800505
-16.670059469793927
-0.23365753489263597
-18.318423681362344
2.511247320656924
-19.104808041728617
0.9996307293097075
16.96103691001688
13.696835445516164
-12.023704691623983
-17.662984186309064
18.15275837836274
-1.3621242194580176
0.8491016530745874
8.564147201449856
-17.58601721822305
-4.883253964319255
-3.008634211841901
18.893486788544152
0.4649678114151392
-18.552970166986093
0.4333408072326641
-14.722497034805095
0.39322433580543503
9.457156231519338
4.708007881278029
18.560476606295005
-14.533937264255194
6.070070623171201
15.357516655155479
-16.87261289003349
-2.1290434033341263
2.007636104548041
2.4312979192476014
-10.85642401658539
14.66201817456772
9.581718061867292
-18.054890829916932
-13.69865490865692
2.8580527756607985
7.314634979836775
-7.356042205483506
12.344539592627449
-2.2009459086380723
-7.383463979763203
13.240803824186585
13.53527265577339
11.232566242240306
2.4255715193751968
14.389786985457881
-1.711163549714179
0.5539842459501045
8.313334463875954
12.9323573108151
-7.486046111801276
-14.681706028226898
7.435407114928438
2.0673982433145035
13.419944500656051
-1.652617664462003
-3.490846565451477
-3.0846020455772347
-6.9598825486912475
-7.120929200234215
-13.71814428720688
-3.8682963563093296
-2.124071559440452
16.79910339028418
-11.656551226541847
18.66087757429787
-18.713474278656612
1.6897924507440756
6.9664493034989725
-14.928204212904568
5.809145761549569
16.26311045400206
9.153648617701464
-1.1759091660941614
11.523097666934472
8.047509641162538
3.919780659682072
17.338282557577003
16.384305566818185
-0.6940513206898089
-12.543023983543087
-15.567430542080869
13.398219446273345
-4.954542878808805
-14.966746506811411
10.675945650563943
-4.498256679627431
-2.518597792737687
11.223977739779123
-14.243496897748113
-3.0612457022290904
14.546501364343733
-15.961057737557201
-14.48436912251221
-6.648063145536579
10.596167919095343
-7.458312552955334
-8.985435483062044
8.067946678885459
-6.94550924345525
-9.705540109025517
2.681368460336845
7.271121425074011
4.024013607269254
-10.56390476133393
-17.48681341448539
-19.339051886107285
-13.619021090024672
-19.98015652911429
14.512177221158652
-15.629055916151419
12.892819957581324
-4.220061013523813
-10.716230160591014
14.693892350549383
0.6785857087764491
-8.291890874116783
-8.450210834674742
9.963525822712885
9.040967622009788
-9.879150066258543
17.459880098820946
3.070821552821748
11.900349962685084
-0.06254251057308835
0.751269697704263
5.341165666499464
8.84218272452592
6.460658456584749
12.49300679993138
2.1538270477549624
-15.497571424409369
-5.943316052277009
-16.596889437771132
11.202183858348832
13.837385137934007
-8.91786311933236
-2.406653127894174
12.377250357775296
-17.767500404468937
16.692741662614544
-11.977750226803972
-17.30867316592011
19.3125147150391
-13.968996674709278
-7.3500592170045
1.7126864909053339
-15.282258047814548
-10.437786053564931
-16.708533675341553
-12.61236853224327
6.565470174484503
5.619210870975714
14.737355420181885
-0.2592326232525686
5.7864118851477215
17.60257152870515
14.365535997866942
-4.770021188677189
14.629937788308823
19.50509565646435
2.5164000789016043
-13.428820470579975
-5.159122719439617
-3.630404436923289
-0.2742786291808983
-6.254519108557659
1.1007344854733674
-18.395445337846844
17.02424562431709
16.712108395457122
0.7509784800113515
-0.026030326071211363
15.221228937689737
-0.36881859128347116
-10.88262740364295
-13.210678406710485
5.4919693009260975
17.60178050128478
14.486109164013726
-16.330309658182422
9.637784143079486
-14.900505858721251
10.780467355126003
-3.1780402149014755
11.261217195100137
-9.537405349129596
-3.006374938168314
3.5567808273888346
18.447620352663193
-9.22661742512783
-11.550430896638154
7.383501980987987
-8.661989341783514
-12.758177954519603
3.0965825581212947
4.7370606641918975
-2.8128341662009007
-18.2763737553274
-17.300555168513668
-9.686054068085191
1.702554322300923
14.80909333522068
13.315670216628398
14.315404276628804
0.10565771831960546
16.155304465095654
14.981387997462605
-1.7428617874126289
-8.10911969202408
-18.048646440200983
4.611801872732247
-7.332249716126626
-15.594956756105823
-3.578732225300186
-9.053463641245724
17.306514375875395
3.0654043152308788
-13.95928866443434
-6.633329113143432
1.6466695774418483
-5.169468696506776
12.840155222347803
5.473845607336102
3.4892516534366464
4.654442666696092
-14.811762597568778
0.7082815532150946
5.103729520750289
8.186026378915908
-17.87004551034492
4.00592384745255
15.43685276310734
3.696705929621217
-6.252382289061785
-13.369656212624959
5.1665388925948434
-14.490380045212072
16.60731431812618
13.397753579034045
-17.958777876322518
-12.707761512211956
11.033263084431386
-6.887972872092906
-14.543142592990614
-6.700361922170979
9.68716873439292
-6.7196626481818775
-4.040465256380452
15.89167633469841
-19.68015560200495
11.628537113361372
-14.95599289882553
4.613023131528866
-12.13204496591918
12.185766585891201
-8.367687251721279
-4.905554633512068
14.633901329881773
-13.332230113527984
-6.989148394621477
15.764852884249734
18.44060866752922
-16.500705547662378
13.969280021884899
-7.182112275446144
-10.929315783690065
-4.604041511228276
14.353586919715717
-14.712798400330875
17.462527769328
-8.420930310639472
-13.737384003338633
5.561409991139978
-15.246104392494559
-4.949253932022216
8.922309605389316
-2.0892808028782
12.722409601591288
-7.414701058265717
-2.8753896245967994
-0.8268437651305263
19.737125988891137
0.9020683139546293
-8.761774540349204
8.339369520282634
16.524051010271933
8.472933129001127
-10.83988002441156
0.8139504767125736
-2.6708246734924472
-13.053850782423453
-9.692007745600485
2.279402051526759
-5.814719063581094
-6.6114568211548175
12.88238082245266
-0.9327094559261653
-5.916740525852887
-10.966143152628177
3.330645650890798
11.008332062819754
7.388104046841772
-0.4972868481631991
-15.582524949225718
-8.847126812893361
-13.37820303718598
19.256856829309903
12.58992401786518
0.5643090745693868
-19.979500421477717
14.945780226613408
15.394644508394435
-9.508101311744909
5.730815189353642
-8.061733123037293
-3.4869082109606673
8.685394435785764
1.6684500133392888
6.804521230052231
-13.392111410027056
4.778312203995725
-1.5206758765718718
1.4745832408566812
17.13778003399038
6.712311761814711
16.9206231113578
7.922168952492434
18.335636447179752
-18.56980907674652
-8.059842474181295
8.033108382749386
6.742210387037218
-1.8367952982068694
8.28101055653448
17.516615733757263
-11.051654431214498
-7.310202434167703
-11.697658898999892
16.187418328668116
10.028933330880179
3.189910283561815
-6.7043347121562356
3.580930114399404
-9.602968767196751
11.989561256975904
-0.20563798812113987
-2.577048590062173
13.675562797675596
8.69402748163209
-12.530082098446576
13.21195224824315
6.136466090102971
-0.20681353271158187
2.429412712834292
-3.4550321687971177
-12.872922032888612
-0.2235163982899806
-6.448547881339337
-3.045219559650608
5.181098483307601
3.397213842507508
-19.642378809110536
7.672311360426626
15.671535219370561
9.853534500236275
-2.5089399440561486
3.289674928282153
14.79859023090684
-10.17548367763844
-18.892845273586218
-0.1079066400191131
-0.2999527846371919
-7.522178667622592
13.064774345365237
-6.8902026310603794
15.80126877611886
18.670149745167237
-19.207532275209594
-9.284070276830526
-12.600314732343577
-7.002367943431786
-19.489047351050868
-16.46073322604775
14.543667605174832
18.032507817010007
-10.953686819173756
14.661141919312016
-9.464903919344643
9.716031309090916
3.2521870216115154
3.857789968507575
-1.6986440763845714
-10.295614348023431
-10.688039173176701
-4.506744626379927
2.6344878572602113
18.357885400903264
-17.039570170317187
16.983274908420597
12.067188468468387
16.91884466777092
14.113511806184817
-2.592923102477819
-19.487756692599547
1.9114852507183073
-11.547113744003653
6.549407886205767
10.977511666729754
-14.165442437296424
-17.905408351536277
10.07491705244048
6.224111301475688
16.018480206254537
17.824711174260287
-7.377883410734114
-2.094872824182975
1.4307930882120168
10.259377247094186
7.5645500982816145
-10.216660093490395
9.896573766145771
-1.75699737680198
-15.7075235083418
6.054071135379488
-19.486796288640992
-6.286020359505237
15.95502802095092
-5.876695290525538
8.829211072739277
4.887542031702242
-10.35729570986874
-12.016093288072307
19.863247398470747
-1.2245426076328343
15.73846359724839
-14.66990363006802
10.742537542716164
-0.07091975981104426
-2.8217582372752688
8.049853077625663
9.61450022700776
1.9297985360695051
8.413511458936291
-13.640776557839098
-0.5692101032358856
-15.624083420177005
-10.23639760048451
4.746526635560365
-8.170030873495184
-19.057828351206783
7.716452862847582
-1.9126671424376376
17.85940555403316
-2.5257526737496683
4.39627158388836
11.337715961154867
0.935564612750138
9.571260684844116
12.94337506718945
17.25616876865356
13.360241907561559
-0.9112055331300439
3.7032968693451878
6.617679319992725
-1.1519016607546746
8.543093113344995
19.49305482379056
11.646073124335476
-1.7554663715119219
-13.289223934346479
18.16557925654118
17.06000410909691
6.664449685850379
1.2872096835008797
1.9686794340492533
2.0431844776707955
-19.261944525833957
0.20345480333757138
-0.6656670747388773
-3.096604935022004
-12.155519373516604
-12.207967748872367
19.238936871052076
18.10096467568853
0.6836448154235164
-1.4425390158040443
5.237593979178222
-17.205808949067727
-11.338933382552723
10.70858113298264
-10.669830587045688
6.315867209879045
-4.597027002145637
-3.631958200593438
-10.164717188492345
-18.06332176152468
-1.9377847868586926
-5.474178334236761
-3.1000884687394077
14.741620824946423
2.9925200688274316
16.202018966972233
7.761553313355417
-4.565344659484957
-1.2616999243792861
16.01596757643884
11.62610554387275
-1.740834097365127
19.862865444684438
-13.640000896948345
-11.607825986896536
-15.21030786707727
-1.5693290445677341
18.687246235803414
-19.178600085342165
17.955633518326835
-1.607740193509212
-19.93733487392983
1.3147372434578877
2.524064373224057
-5.01403416958928
1.3644619174188009
8.229838220742533
-11.348538270246276
-3.45211414763957
-18.74096702464243
9.06615906168468
-13.620910624442018
-8.175960985937083
-16.218857408128645
19.847410284613105
-5.712760963513986
-17.264038858953697
-9.273484680135207
12.349527510051786
16.114753030866602
2.4526870875152262
-17.251699209075213
9.050532400154193
0.5936549712917092
-7.130074523631297
-1.2904055051711225
16.40645646856305
-1.7452410803093876
19.46242293767891
1.4457457900446684
-11.602979450594809
-16.72899242249166
-16.182813694826944
7.4261650935046575
9.707629095573882
5.231507410727431
14.849071312829409
-18.295695959383586
0.3660080930524927
-15.528235872418087
-9.006331638494483
18.321715312550488
16.5693026211652
-19.560227769932034
-8.086731090336347
-6.296441898202909
-8.108091728823986
19.259471912067696
11.39582294156261
-11.311781691103624
-5.106233493559449
15.370870630046454
-3.698346679960917
4.933276190472501
-3.3558593202084737
-3.2882617589369936
10.126860153699823
19.153912437010142
1.5051035320232984
5.8121558924702725
16.226564632125303
-0.06239929380578246
-6.735572137695547
-12.020236804297383
2.1677856503307957
19.727695587606874
-11.516867816934022
-9.65606592503467
-5.4547733368717175
-19.085991303470106
-9.942921866008966
4.903135423067727
2.485459179229437
14.339760339365071
16.488352904235178
-16.8561970225849
6.2007538968844536
16.33200735273516
1.344276769586024
14.81264866479642
11.465737830304953
12.156783534453275
8.036317338620044
-12.468178781037844
11.005165117305001
18.93619071211957
-8.98556102128859
2.938597456525642
-1.4767857233313535
3.106142151657288
-8.852408886452787
16.33520240259245
-10.260008612571397
1.6182847097753168
-7.416665485740799
-0.4502246558474745
11.332219488481755
6.645901565164799
-19.90206012763421
10.074413328230772
-15.257378291296813
-16.66044807291929
11.413224684896708
-12.666394963245535
7.459503643715671
-17.952781619672056
-17.05770380343322
12.341018199979914
11.752744784200008
-14.620868574760806
-1.0058730055966691
6.829538059619544
13.957467127171192
9.398943948072656
8.215540272023112
-7.725942530676031
10.383123151246728
-19.821081246268566
-17.910321289164138
-19.718021616774124
6.8188944260858655
19.63569997382926
-8.394161197676993
-16.648450310416653
0.710109998758707
-2.025757434114901
12.176597965421095
9.572938759960081
-8.681012059471618
9.630558405879498
-0.5670863682310987
-15.464291774118557
-0.6753423763356494
-5.649989384012578
17.93789086286931
4.557962658245216
5.443330027045562
19.733474397560393
10.924817293313474
19.211842730486197
-1.2712345231340336
1.3776759207963778
7.064553485354786
-3.919162949816993
17.57976991311955
2.5191006722722697
9.900755749355984
7.321842256973131
-13.98605780152861
-17.959809695838583
2.789231962267099
3.445525924008848
0.4945925959657629
-9.768176596414637
-6.592333731551117
-17.946552134066913
15.615249178347376
-19.15297217870004
-18.76246787355901
-8.924281152934821
14.87240549020921
-18.41088496255715
-1.1252668183436185
16.53477363989733
-17.80523167897277
-15.569037255479943
12.399359541114052
-6.962299562935964
0.09541077378219853
-12.441216159203051
10.676304730299307
-1.7780651198024877
16.062138869844674
14.694659582163553
8.871305268474181
3.890188309970174
1.7624950551301595
13.194991319238646
17.216339755955516
-12.802012618342115
5.671265449086928
17.094780137286357
8.752122702359987
-4.97091962092596
18.346100289515405
3.966847401764575
3.7834792326728994
15.604032624952275
-6.424573302826477
17.097590083286313
-10.064628824573187
-4.1451651431901695
3.344956058162051
19.792615848724537
-2.017400905557377
19.776591929467727
-16.022183960976342
-17.848971768833046
12.364968660309202
-0.9013730796519859
-1.651042849987654
-9.77959063808688
4.672515106663305
-10.051121798079796
3.314065682387458
15.674311792115653
7.478300762908727
2.9308334310578665
-13.790305577445881
-0.842031521070723
14.47795588144347
19.52845506284868
-11.113791764348871
13.512079451384984
-6.049333512175474
-7.248310431827761
-3.6191004727674425
-14.392346377693116
-17.807825163254456
11.873017422918117
6.86362778085919
-13.928714375439665
3.197289692424956
-7.5201759305823614
-0.8507666532787539
15.992971813722164
17.936052497583013
-0.6310457082423397
7.743583715814928
14.940373423123411
8.839076192232657
0.8821598699642337
0.3076755897858199
13.953133344104828
7.919971950179772
16.66268654135601
17.376484434748647
-14.436649948411322
4.244434738737702
-1.7678287640485557
12.38709518086074
-13.882866897864421
-15.215401250476589
-19.901590534230458
-18.72963296148828
10.212301881825454
-14.773421309288706
-19.319556151342606
-7.836855113481352
-18.80122552727255
-2.1567368040411914
14.485686837473693
-16.39266339717978
-5.037438889795137
17.491611380278457
1.451285610453251
9.441864012373959
14.422813192861035
-9.666603160218417
9.968962937260372
-15.133889561281627
5.151688402272569
1.704305726580813
16.958975280597933
-5.080557817593888
-3.6270515276479713
18.430162978262643
14.725640426790783
-2.0177870056816225
17.182204045305753
-4.019138174625464
10.0760368426306
18.36985265153369
4.197650755095186
9.428204876843566
6.993766070728068
-0.9262997825087851
1.130083156065659
17.949135109680164
-11.534172924941233
-10.11756474488191
-10.352177144178821
-6.667349471415278
12.395156000181437
-15.747233211032782
4.198110681617841
18.627862737866316
-6.55189306293658
-19.21766562171563
-11.128302599956164
-6.820265299607655
-18.387877912380517
-3.4310261156806234
3.2875866993245317
19.46970695724736
4.452621013319916
-6.9525224892707715
-14.136846407869772
-3.4459201919349383
-6.453780001307777
0.13541928561780026
5.830769427188809
14.022116751492781
-10.960251486279532
-16.059926306108622
19.72100442535836
-1.5501063272981064
7.957858870392656
2.167759090265733
17.522645032562806
4.570071857877323
12.382297427264788
17.201907116867716
-8.262565702319261
9.30137117043492
12.288287693912558
17.05863679748225
-5.8340928757570865
7.389409120027093
2.0927036448211247
8.767300551449392
11.298376099631803
-11.603958079819812
-9.098197008862936
-14.29314775692481
-8.109903583955148
2.1705034218810084
-0.02688840648559676
-4.480781716734539
-16.423996890805526
-13.908430184211905
16.7578647537391
9.138251171721386
6.193651531322402
-10.771444539689941
-1.252438319609162
13.743354257802508
4.298348337771479
19.516158091238907
10.485705096277194
12.533064614776755
-16.499353782707065
-12.061512231707532
7.6400171791743965
-8.768311560777464
-2.745205185663302
-18.386741698290294
-15.50160795746407
-8.657804987157615
3.371954487421881
-11.848903828237134
11.718523700098771
-15.766481515624214
-11.189877696149978
-13.855403428810575
-14.237780940406783
-7.4465822755707265
-14.158009539870662
17.916981524482587
13.293196322545747
-12.21510712593114
-18.792929669686327
0.14020374585143003
-2.1215319194289215
2.8545792049267646
-5.391605599972241
-3.626660982218443
1.3841906384233873
19.611103554645226
-1.2888258363101102
1.2388655706774472
-18.919663512339397
-16.184612438416135
-2.5858848637751564
13.891791164894286
15.063540900476518
10.714855684671491
14.296709758023276
-10.191944254050998
-12.342471085460804
-14.986348746005973
-6.097951851982515
-1.7239933390639308
-18.611693974876403
-3.9825731389262877
4.837731877174068
-16.570606573622012
5.1692001337917795
-5.045266227719054
-10.70976703596424
-0.31934853273669717
19.48157176827395
-2.113934394008055
1.4998511403653758
6.267815851401348
15.108694704473876
-11.455972752267382
-8.988824305602483
-16.309930663380136
-10.550941498199741
13.059329515506057
0.9537570182119204
8.12711542102565
-10.135272346591083
2.0106168727653966
18.183836661840743
-18.72319634584112
-19.171690906060196
-6.786472929875046
9.895876639656827
1.7731139028946394
-5.441785852055245
-15.770101857091321
16.6959411511189
-5.138019350486953
16.025098359223193
-11.608858670426297
16.18103211466275
3.376985960188147
-6.731327605696826
3.7937156542521677
8.735032584711576
10.285415272434353
-14.360185900921593
-1.11451051850716
-7.902955539219235
-9.774789232517684
-11.514604258807818
1.943452691661932
-4.937382007366065
-11.313405723404312
3.2805401788098756
-18.693255013232566
-8.34549747102363
3.110100772761683
-11.16644305536214
-7.623419921448363
12.012348539776127
4.16200970076051
-15.597364934044737
-0.3185739711170186
-5.035178799976476
8.62691939308774
15.82051376282432
-2.273034170698782
12.2361959933312
-5.113702888020049
6.830087039222079
8.122212121465214
11.34325748529568
-8.430917553883596
11.559503034098487
11.956761951057494
14.223050674970608
3.2346088858237643
-16.489935258371318
-0.9700135793123295
-3.0753885936816125
8.334664736659235
-17.830929914345326
12.655007246011245
10.23930938737104
2.538956900413993
-12.515068836898134
-19.294164166558435
9.618230650790398
-16.085060292345283
-11.72650338358951
9.103247488281863
7.60957385229322
11.778174381113065
9.299150929910688
0.5190332014415624
-17.43662451941053
-7.0985379535447315
-3.6327428271711284
-1.9831660045748336
4.219341063224704
0.8761608927470732
-0.6044003223427907
18.781240702477724
2.847228581241996
13.336685257568377
9.924095201956106
-13.463979726785777
10.072474306991815
17.07983458523516
-3.1022625543337945
-3.484266336614489
-3.1333536664091355
13.961520003090556
11.419955702275004
-11.74524321445741
15.401162877199091
5.045926817371289
-12.043082658829531
2.97415513312529
-2.6649344997396014
-14.220222985209983
12.06737480619708
12.25803102506704
-6.784974442011546
-3.645927779781381
16.89784410243064
-3.4666105500573927
-13.770192705683826
-6.099080016063265
14.290997802750617
17.42746951963442
-16.497983131384053
16.398068633798395
-5.630909458536353
-8.504340478019259
-16.784691827012672
-15.062775825357333
15.337441306283843
-10.876799020640263
17.86381624522916
3.0677617132651314
-16.080074902304343
-8.627359144604165
-5.41495325566958
-18.140301074085905
-4.562663120908578
-12.193006355093265
-14.774220403491531
17.603677569917203
0.6390943587105227
-9.78762703219794
0.04696630385808476
17.387520415615185
8.485688745628561
-15.763839854843823
-3.4760142499227626
-7.737765658258384
6.567016410210208
-11.693385138313111
-12.345444766951976
-14.894662857862198
4.999202433618088
9.718815456982753
2.343968816730335
7.451888899328203
10.044512259214287
14.958776777873545
5.720753623687006
14.073835518696896
-12.352583054826853
-18.532276607443826
12.422887160298558
-3.5338934108001787
-3.5350918660167387
18.533845014577977
-2.5178226205603664
-13.692220575817009
14.647167022710512
-6.660020984879278
14.252176498463768
-4.2293340053338255
-5.391154752046949
-7.807962775718057
18.54569327366459
-16.69396822246265
-16.315409196074953
-7.923345995550113
-12.729206561314147
1.1093066015037287
-3.4036395106803816
-8.128306191634639
-10.312649299820551
17.500052569305986
-1.7945258616442317
-9.99473907310863
-10.682651192343133
0.5972839301943083
-10.991472741375947
2.251049346972888
-4.413165543745677
-14.963558724349602
-5.784714550092328
-11.585206319777658
6.144176165277525
-0.8083527063507105
-12.323680476350308
-11.273785687852635
10.29399656137942
-2.084057603572557
-16.269301674809263
8.015149017401257
0.1860382233218303
8.807610006092041
10.163379460064512
-8.679359478565573
0.8070616597859228
0.8132657504581147
12.992424149993688
1.2296529929396698
-3.8358766003656584
-12.26683419276959
-2.5930982756906964
-13.64541255280261
-16.53291533681842
-8.091701605965756
-17.49396211062931
-9.218743298685258
-18.739317147195848
-13.047762938430548
-9.03118666688659
18.840618387142143
1.1118557481253966
-8.268335349592073
6.279679163078367
-12.051905805717462
8.598057717527553
11.064354294028568
11.661985697951835
0.22570357380453743
-12.407110023270711
15.822961366498738
3.667973552521989
-8.25795889240558
-15.417089165805669
1.587736507436098
-12.249807425226091
17.532177849113886
4.578309270662132
-0.08861046775603754
-16.53341796066865
-0.7907180591904535
-13.497843376319771
6.754772642588605
-14.340396699012983
-18.00059722563125
-9.354747294954233
13.855241097508355
12.985339888247388
-5.959208012069208
-19.076329741458878
-3.6053579599483925
-15.425475328975047
-8.727055797167452
-15.457905827329949
10.935460001054263
-16.477646770602142
-19.741502203200312
-1.1637909483771338
-14.080205791890856
17.882272696903797
-14.345074682208407
2.0984209857590557
8.960583588211712
3.1506764353698244
2.0212542115662693
16.620620576357474
16.828347866730283
3.727370078576982
-6.760855727291375
8.167101183933454
7.1754594070946
4.128716195629355
0.4053874207330139
-4.668087966989351
-1.7530173682179466
7.525636587591027
-18.862459587340304
5.275840433382367
8.206152172941174
-14.432695275810822
19.920481519240106
15.082814113602424
-3.505135437138293
5.038259153275892
4.49107646739186
17.810699564540485
-18.34886112687399
-13.699285757322798
2.031139793629883
-15.40862514885105
-17.111680349502628
-11.096610756713545
-13.52811560731704
15.871130543578566
15.856651783419814
-12.96875338295338
2.2982894137898455
7.158702268482848
1.7458071485248965
-10.7548101550974
-18.60748972564504
-15.633200502559884
14.607049925332795
11.365385126192319
2.8927817934975586
-5.393853139572311
13.189631933195741
-15.605528479397552
-5.091587690750812
-0.6252052008818154
12.222260357956785
-9.91250601673312
5.736267288691373
17.504901660451516
-7.633598233441239
14.526865005696152
15.265937092784874
-7.489855953492048
6.958026606970154
-15.348230223254319
-12.521869463224515
12.984019871874828
9.896389293913877
-18.006806846062005
11.829258097295469
7.952825596672021
17.643158386002604
-2.637770616776102
-14.79777555714385
9.3025416880727
-17.685954064892258
7.148125196315597
16.960028863369885
-3.2853519134384257
6.769083153782304
-17.874084525783942
7.9450680763095605
0.07863110185278188
3.1257250077398027
3.8293936258846415
-16.471694702692467
-14.172637450841696
2.328138474587309
6.162477634856405
-18.035919600205684
8.78509146790266
5.332018354039548
7.185437158768167
-11.208047498139688
8.118791027503185
-17.605583640580615
5.536764142859241
13.677606911547564
2.1810208560723012
9.373763201356596
-10.944283841777015
6.001738955869655
-18.812388847607266
7.217088504378182
-3.4494587545049953
-10.143745205537545
-0.6317250636946703
6.2866488354128975
-12.659724295851555
-0.36166461706630315
5.005204282697683
16.93251441297719
12.231632479850674
-15.693918691073353
12.675057454946078
14.682886590504609
9.056923378871183
-8.03247119971578
-7.2125386189189555
15.729110106658212
-16.956051391942296
-3.571507024468538
18.46740108015031
-1.5996355841521606
9.5539306764087
17.045031916815844
-10.333164722138314
-16.606418996518574
9.048116779086964
15.769352519988281
-8.99658332951461
16.473700480952957
15.740539317066357
5.664606079054838
16.64457913078364
-15.658107374372383
10.77689885016419
-18.626076481492376
6.115226098582077
-8.033435307059552
18.34318037741218
1.5583405457458284
8.194050815628152
-9.564338787801535
-19.76733702987074
-13.753566822027889
-4.385006790603882
-11.825216406330359
13.6990174062324
19.644575528448563
-4.269052063216684
-6.126741914986628
-3.0860974813326045
8.283206829021083
-3.143758445473992
-3.203311738675403
17.24845746801848
5.4441137094737755
-15.431451438464162
14.024942769359185
1.9115418370480732
-19.988181683249326
-0.8116709470648367
-7.766756877379514
18.460370101311447
-14.89080932852184
-2.086662088109925
-16.774668445933095
5.443428805667196
7.185884583345633
-2.1313784480450053
-19.735638470550334
-11.084227384285871
14.561360327754834
-4.511005098283567
-10.355860506326593
-18.226876745691133
-19.5583654312006
-3.095657073422
18.933268535608143
-8.39054784290938
4.740788790495536
-2.65184953492264
8.560683164408825
6.43301415240682
-13.019515667379373
-10.142757600160945
-19.37184587832872
-7.670070962339356
-15.94771605754056
-2.2284411078432633
7.650854658460755
-3.7356892079203448
6.296078025243261
15.607829701871829
16.406470816990087
-19.149954549589605
-18.917280227937447
-4.074828104723874
-18.588734593512935
18.85131285095745
3.9228630343601765
-12.925554035252315
-11.49729434238218
12.305139143803238
7.738355411670259
14.323436563488926
13.520757385301394
4.973038113835294
-16.213273302217882
-17.075598055458553
10.506321884787887
-0.979595064060554
-12.80009875216881
-3.1993787676453387
-15.01768900679207
5.259280014026821
4.392249298634894
12.721507194818855
1.2597545810832145
14.714123833023677
9.72214537449959
4.253951562341342
-3.696833396730767
1.2422778773665826
-11.22506008957043
-15.130670669911863
-13.763510176245193
15.999228676901552
-0.5663595278726063
2.8861610873000743
8.524907783698808
1.4271771870679402
-11.10581435091098
13.87357963465562
13.798432985682815
-2.177315658965039
6.042667247048804
-8.378623480560625
5.1218776101092764
10.635542958126415
9.171874851172547
-10.814504835308805
17.31539790819766
5.570419500150958
18.48661547653598
12.076980128585639
4.6594544809742615
-0.36350166554842644
-11.964490008964415
-7.940431248891468
6.103004808761273
-9.43654016334984
11.669586721563174
5.445187185609232
6.029591181437212
2.277987687248828
-13.309802561160243
9.066529924523952
19.528256742091138
-13.410567735507989
16.290196237305075
-1.7339295426071963
-18.442618969533857
-9.336901156808679
15.953282029596878
-13.647910939066232
-18.984229812055744
13.71524700440741
-2.760349857515255
-5.475078056682786
-5.798214731722657
-9.462575809168134
-10.744910236072931
-18.238000871927444
2.766335124339683
-12.173576316548619
19.53565620083934
2.339967827707042
-14.656468099192423
-12.816166502107205
-12.508532349698482
12.504044482260845
1.493326889828591
-11.307012029765332
-0.5200158327733604
8.214636857840176
10.75017029545577
-15.547572457928291
-16.73736562378888
12.102026175462171
18.767358225493012
14.915501164888674
-4.439092337347628
10.230659709606392
19.6965471068224
-3.2392258171587365
16.40427200455739
-6.347864776436044
8.400137237867757
-2.8353582262484096
-10.252903023667571
2.589357914505964
7.309723734581759
-4.194154999272218
-16.934116677898903
11.50209982937685
2.676099211109708
-2.1997832820116194
11.259495132505407
-0.8146043395744549
-2.6124163683909387
0.05236163400111238
-11.28270857489774
9.201056864816387
-2.1593277279792
-5.633380870234927
1.5694519890693748
18.771768010082788
-15.297511641269143
-1.8728009876560847
-19.6212669456824
5.659549760208659
-6.453187635275302
-5.5161468586076055
17.70930194543987
8.36349017511833
6.588567346239383
-11.89534754667509
19.3382543138477
15.880079667713382
-10.79216153915283
-7.749792977146779
-0.31232823679591704
-11.556690288974497
1.744498031460786
14.710695589669001
-1.193176336729266
-12.994822366444513
-0.9671754776918604
-16.490031930786824
-7.025513830157518
-19.93915518416836
18.754315854300224
8.51402159710522
-4.813525234252287
12.967688740556753
14.37710919174647
-11.73172100103406
-3.261277630297389
19.243475626645356
-4.829360600646716
-19.329041010284133
13.405295244225051
0.9370340551010159
0.18085343465767778
6.57940917475138
-1.3444032659750036
-14.927013360735838
10.97779439340881
-13.716588157860933
-0.30647187620356675
-9.78696575727537
17.86208012683771
6.8114891698841475
19.894029553780506
17.190859266134694
13.70332191838201
-3.4152017585050203
7.769243094786976
18.6951448107963
5.730089541831557
-3.79599667846788
-17.440927569360333
-15.09413010469772
5.992702591302368
1.087687490995247
9.252559095191483
-0.5094990837850233
8.871696495779346
-16.39019572035521
0.27725054811473626
17.615934543753525
10.36074608088586
-13.606486203144295
9.538393642139262
9.859038461438946
-16.810234541254587
-7.763607550952006
-15.460174781558976
0.5957164730190172
18.11696658518091
-16.272754431304
-2.535045354736699
-13.104460588770133
-7.326781568009885
2.1297051320507947
10.157372732131897
2.1483331940119754
12.811939461963824
9.598188098776312
4.950485420415525
-4.769041468713233
-13.44770252656058
-7.348537030155672
15.329267222886209
18.949541543653567
2.0608737162306454
-19.0687956039126
-5.376184678050064
-5.875226262907752
4.873044492441899
-11.534010555478634
-9.186860801758723
15.57276035353631
-6.7300229026301395
3.6885485882488602
2.663215833839562
-5.088313240188715
7.893988993554274
-6.866306694794279
15.124068974517627
-12.4061459142417
-18.993137972051755
2.5413375147485553
-9.484726853410145
6.306726473114818
-5.6924761224078
-14.408791713385138
8.40429034370764
18.729590652124763
12.55317294560669
-14.118494462271736
4.08629217742854
-15.422314222378803
-11.495231515933027
-7.734327383592149
-19.13531248068376
1.5481275260658691
10.959140553083309
1.2670666053727295
-9.6181151777839
-6.031468877551074
-0.38823402142425323
-8.04668601521934
0.9020707304451072
-13.285918853127185
19.519688651488423
13.927308006491756
10.950502880348392
-15.062410565060569
-4.731507457775699
16.79024130750276
9.917337852951253
8.578031693837676
-15.427577019165595
8.329522268090916
8.355878371068677
-12.373813166184163
16.11877483989307
-18.518140465234453
-11.008619377844994
12.841104493644515
17.86411091166682
-15.52138563956387
9.034739216460256
3.493412244158229
-4.03854157575125
14.370019955960828
-18.74816158325697
7.1799082704111825
1.3324026239460132
17.52816549362511
0.6508992987282056
2.1650987167299576
-18.232417339123028
-11.586691779952103
17.89077425664012
-9.976957231427232
-19.37327653600951
19.24619113274781
-19.957552836638904
0.5241759760936127
-11.931305512944853
-11.904406131373912
11.49075743061777
-18.630071807200252
10.371258418496371
10.079328409722862
-5.5259230880345545
13.838287076550017
11.254239550370599
4.122162361334432
15.269682371722787
0.33642150606389976
19.508006438269156
8.30947833033084
-0.712354351163448
4.395163645440306
-10.589687460626124
-7.775465317064366
-18.680897391049772
-5.411588628556228
14.697230306442123
-17.339813174634205
-7.243931611019917
19.422170394858284
-16.916564221405185
0.3865315037657453
13.897323329631988
16.931246684052475
17.105308746008717
11.155885384936951
19.041593582014606
9.578928428193944
-2.6379409337469504
12.839353781412129
-18.82270165057374
-14.906328459207776
-0.9157512683619586
-5.318410133864244
-3.563126420008249
14.463668405368644
16.670913439015663
4.333683407089261
14.838826197877225
-5.349572044303997
-19.281904187470467
7.691612496608279
10.252185286268531
-15.3692901302604
5.543921848579952
12.11509970880845
-11.001815238969623
5.077571517467227
-2.720991866880741
-8.034467066946185
-17.148338264834205
-5.761880597491004
-6.283672844824263
-4.843965673663249
16.71783618597695
16.13849738540602
-2.8369781965045817
-11.297898662025737
2.775823892557664
-11.780466697845583
18.397372594616158
-1.9106840920316088
9.556063898779087
10.74291014645938
16.89616408375378
14.213696512190495
0.8653851374647772
8.442619844646174
-15.339075242549281
8.449096436871383
-2.1843395589058474
0.34844686084342413
13.343058187933195
-10.163214409539197
9.222244084189413
14.635749797368568
-14.74248932240366
6.5630319956113645
12.713056092369584
19.13384376777684
-5.754347405490439
13.638731986539312
12.27039077791671
-11.462570206749021
7.307550751765163
3.5865226863297153
0.033459036113974605
1.3258283305446916
-19.996332944176892
-10.40818398052529
14.488616136653796
-5.1035213594165505
-18.17855558299408
3.002908214558442
-4.251662931372454
7.1540823430813205
-19.593605005604307
19.082535950602605
1.9224692719082235
-18.072907122433524
4.070784967398843
6.216785904877497
9.086462034962434
0.8280213762629955
-14.00019241115805
-7.333143138345669
-14.394913600742276
8.97335644240378
-19.868452779751372
-6.701432043536775
2.4091717899272247
4.9017956309542825
-6.328252144668948
-19.130608619251433
18.35473096963733
0.8188046449553141
-18.65736349182646
-11.255874773280294
4.140243416553805
-9.850834377430804
8.352652728945309
-5.022443331562716
18.55594016812435
-3.4838653187761253
6.334013417333217
3.2624717227802407
2.0618243493122144
2.2311391127863374
-6.9971519869725505
-10.45247939844745
-16.709313442088224
9.64355702793835
-2.9980440804975643
12.34061549594827
-13.894999038103396
-19.8379008850402
-14.123289927924144
1.0919858982053796
12.486920601338852
-18.358094700775478
-12.658309746797727
-0.30681503500787244
5.595753300802919
11.250282545769991
-16.302027171631252
11.572412459891655
-17.6577946683855
17.04019545873929
17.82181876416503
-18.849324903794404
18.267564021851527
7.853532413172118
6.4699834147034
-14.348590607488827
6.42990008654726
-19.674001538301653
10.91862835523522
10.407469662845212
3.288304451104196
10.877561477603805
-18.777475508490042
-3.7690598485573616
-7.916222517255495
2.5853472875066075
4.582172315680761
-10.440176119143798
6.691064236053972
-8.792199050666195
-14.020719139120107
5.995293368083473
4.093498345330282
1.3339084817065228
-14.18162707229165
-11.055165817815018
-15.14094904518879
-7.810792910734667
-10.449518275372638
1.2567500492547978
-6.327071998975033
-10.171805236004502
-19.681085047907025
16.57418143772294
-14.374034469935308
-15.533673233671426
-17.782899961878307
-4.649382742810859
-13.08004428243271
-10.2090732347936
-3.941243343364693
6.674379833333951
9.950666863501759
-7.70249384798252
-14.338285728501043
-11.147221764635349
-8.307034003993916
-5.917625926032283
2.3752813831839283
-3.5729173061248964
-9.801594565907084
12.5553324595
11.459444018488373
13.208850345838307
-1.7798921812437314
-19.26816420268854
1.123028417059956
11.121513511948898
0.49465915468532273
-2.741700223437075
-12.548851486896787
-12.449084438507434
5.080167789634107
-12.555214527614975
-1.3819756112398096
5.103687341837009
1.151578833420274
10.962607442685783
-11.194881648058814
-11.966847204178649
-0.24688650901698495
-1.8715196363038267
14.146118933373401
17.155267734816732
-16.554597325222254
-1.9504707922021112
1.3387965758663256
1.0066072823881775
-8.080748397034734
-7.742358901166648
10.53610207189432
6.549178388563291
-6.7989489947682245
-6.311681484489565
-13.024705785068779
16.705992492937163
-5.031822306403605
-12.045937646756325
-16.050432192606138
2.9189637809714455
-12.554298661881433
-17.69123230302251
-16.35657022065431
-6.392039277847811
-2.435709408620653
7.888446245590693
6.802833572979612
-10.285931011386138
16.45607948866921
-4.797505637463857
-9.13727273190653
19.559205987877718
11.49054866581876
-2.865583445705468
9.030916816614475
0.5828047782547259
-2.3641570769579516
4.704997838388977
1.5438479864058934
-7.284430255970914
-4.143224431611152
-3.806289310237524
-16.535946503943958
-3.2712862124489703
-6.654181543500663
13.07131948170084
-6.641152275455031
-13.917609828436714
-10.871821424561091
7.512483292491872
-11.973521211011192
-2.4929430691581658
-17.44003147075595
17.735143317817794
-10.15401813339659
-1.3055663638265393
-5.165216150106037
-14.677396470857204
12.420220109532004
-10.018108175356026
-14.584938545836042
-12.81073801976813
6.3790589117764505
9.130886984874014
-19.58113600262855
-3.120749247970082
-1.2597894327895212
8.024278608094534
-11.356469494340843
-12.50115080952629
3.6582078420987862
4.830234714376015
3.015552766310222
15.60663193228774
9.17226273637716
-19.87255308255265
-3.2903393056049843
19.99976292734833
-2.2081772680658673
-12.893905746765881
10.8526639077837
2.415926449791492
-15.518309672806865
19.072252853997547
2.904199953181301
13.49340485099485
-5.25282497346657
-13.428834688558302
10.499718674161954
-1.7338988352659541
-2.7138218769798925
11.515019997487983
-7.159844465538402
19.627840576988028
0.4171822108889067
7.6988307687343
-1.5460546989650723
19.85641929716509
5.336377287328062
-19.480514620358914
-10.551313473922619
3.74798496253495
1.0178616196226358
-13.0315601000214
-17.116222597564953
-19.831076733733948
-8.801001503295609
13.088814850082429
2.4684430407054236
-19.18661749171957
11.39408696151408
19.37390812010615
0.8158751339065873
15.934208802102056
7.723150405480741
11.9336254584341
7.553178424339752
8.17926147558427
-7.032429738723671
5.85681984673284
-12.88143174335941
-10.405742929055343
12.5408724623071
-7.745703107712449
11.641128404997396
-14.55589403297823
11.426388781985331
-11.981638487296792
-7.18806498143001
12.837486929872881
9.399792551493142
5.679873807195854
-6.709467498855361
19.236959693765463
-6.202826253583833
-4.6276047639744
-8.370802329031712
-12.616994447899064
-5.0791424632342554
-8.287308283690042
-11.410330664007633
14.85911634465775
-4.259223307226279
-10.470489864178187
12.847813423158591
2.2404218423338698
10.083457436574474
16.240723857506225
-5.297354192475305
10.151141558543195
7.960302837098936
11.618802985808955
3.4736476530637326
2.563162544400601
12.556701052084797
18.439428769402916
1.4216757634512192
17.20140225416572
16.24485645571339
-19.83280856029741
3.1941424802040963
8.681701050370947
-6.835577339751007
15.188591172445108
-6.3236923168805035
-12.035581303838256
14.848486396854781
-17.44811996193395
19.82477009222451
12.471013371938568
0.42901615374528745
0.08532549580384341
8.827153052207667
19.456787423790878
17.405317457352126
-2.7309529520134106
-0.33781996615405774
2.372908654868798
8.167348686990223
14.658310869293011
-11.580321537218378
6.96025333033786
-13.196674623278453
3.9746390164260177
3.267071712120945
-9.242924433084866
7.481384668565685
-4.747352022788922
-14.314557291619199
-14.295183101635907
5.96986135786873
-6.422601972756571
1.6252298260817355
-0.20407298717834976
-10.184585754098418
-14.030819171578957
12.133981061072582
-3.2831662629761453
-8.437915718430382
14.22730608722037
-11.039567183574963
9.94021234326086
-6.181078370068285
-10.146658712004957
-3.9957668802332478
4.361088846466465
-13.802962746477547
-19.08581924207651
6.247936627648144
-1.6199054844889815
-4.8417066348419056
-18.853745140686552
-15.679703142191347
-7.62720555528546
11.677779850394536
-14.86418988474265
19.478456118676007
11.209959495782126
-4.476777046565692
3.6116021126756195
-19.98335457435327
-4.441097529661144
19.40266475078188
-17.07123201208731
-17.795699174429416
19.613464682149
9.801674481299493
-3.701837371065352
7.984706917810762
5.940006784541865
18.279340804621476
-4.0133929034732585
-10.329034098946117
-2.9690360160440044
1.9393019704710994
-1.3137628248687534
0.24024745762376654
0.7859328279075868
10.486296375812508
15.851852019884852
-14.81039517900648
-16.203562703846725
1.1201208573378452
-12.352514502385908
18.04463592868511
10.423260625518232
3.0103997639343234
12.169089005320096
-8.187192221498648
-3.5732901917485016
10.459700732527246
-2.1666764878577958
-9.900869951968211
0.1385475020007192
9.080719891100518
-13.94490119666218
16.70544718061383
16.9636491386676
14.958124740488984
-11.906567644860736
-0.7282903667131677
5.125600729922027
-8.528833861303209
-5.896747228997409
6.845588026027446
17.628667160416647
8.543864831995293
17.801402621731285
19.086800906830568
3.7447540762257567
-18.061946377368926
-2.150729633401191
-19.626628757123285
-1.6585336778800865
-1.650950294799145
1.5352842254268992
8.626149054707327
11.36757260532967
17.322701070958814
-14.662436679138438
7.0452865428582285
2.8567229291084963
19.194986812257234
-1.3377854216327378
3.0041550939146866
11.954449624713234
-3.057054861996633
17.551281479403045
-14.534833398769553
-15.599207791669318
2.1946914081139894
1.0528905701558244
4.787202166081272
-0.384789160345278
2.8851202770583413
-5.769752341435726
-10.512032978991073
0.49256308594407017
1.1525779735494908
-12.279737786340604
-5.087550353251981
17.39709460745152
-16.512434988681598
-13.666040386413645
13.72428220367921
7.7483072781548366
5.622594983911441
11.974636415173357
-0.6101812235596817
7.387883123560812
16.491457693766087
5.642609110220498
6.293516884412533
13.526792602369973
-9.297248420179338
-6.621607271346388
-14.678932495915035
-6.517749881411824
-3.3163547627953385
10.95082211267507
-0.997324905116205
-1.0393910362159566
5.089061609137914
-2.554002566717358
1.8806766628825358
-13.437501694224089
16.44432183747547
-9.449276499922261
18.456258503893885
12.600279953514715
-13.263342348978657
10.8440948462021
-7.991855841113162
7.511177746678577
5.381358685721594
-13.499633109543181
14.462712378909202
-7.457975507939816
17.469050555637494
-7.103620450661161
-19.228842477548007
-5.453322801191106
6.974007448624306
14.227070006903993
-10.400412782925592
-8.233224720014437
7.558262623011771
17.309284582728658
14.773697317307828
-10.42506034361454
8.979558371200586
-15.837957883976589
-0.5759319788271782
4.347231147297272
-18.189972173394274
3.0530065600849667
-8.473603448735485
-6.617281540717016
-18.394347125195143
3.1097076594207778
-8.910007430706614
-6.842259628037963
-2.690407223163348
-13.931497924225074
-16.25665884882196
-2.648353125869221
14.397843641866295
3.2465278089335854
-12.919302391637203
11.05421803613038
4.87931699192384
9.861810125956062
15.071347735300186
6.544738827060161
17.36719363091629
10.982494413716065
5.490688878743207
5.39500203929736
17.62894289576812
-15.785867293204866
19.889146215035503
-2.8663751844601215
16.584335214408483
16.831611796411096
-4.450404644680868
6.867726375669648
4.4941173400697245
-17.93134826081428
12.669725226507296
17.636408295743458
-2.647461093441855
7.005667213786786
12.513639140176942
5.3838161878257225
5.5809496555334235
-5.902436219099464
-16.347580152111476
-6.39437827306538
9.43846072042479
-14.797411602278281
13.189058494916438
1.5373563916267443
8.778238035326027
8.174906401237017
17.73973729614695
-3.3589258852482295
-6.511374523831108
-17.8035279306118
-4.836562406586049
1.2178888749104573
-1.7172938533106397
-13.059022315074337
-19.446491388869124
-14.472494335613252
6.202878239847564
16.120242450000916
7.3379405771712705
7.755347045654627
19.09032762530599
-7.764318560781259
-19.279467774322562
18.145582841385014
-7.402386542672472
4.363002711990532
-3.5525198358189733
-4.811813320296343
-13.75340692019484
12.959761283554428
-13.085048539599523
3.2136837278769512
10.89768708507308
7.935864230952863
14.062251653786262
14.16318844365589
0.686009709569511
-12.035865664021706
6.936111343279666
9.218220810549575
19.925100607863982
-11.148322406310998
-14.101415783601542
7.933727661428584
12.920889145852684
-3.041384190156343
-7.522729641397682
10.359124126048954
13.765974100011881
-12.254764430153088
14.440193279598937
3.282255049861188
-3.0819614391985084
-10.583871748765832
17.95803477814144
5.600581957776729
-2.1388827609011365
9.411401594385055
8.323302307732384
-12.269466679807092
11.151860702468245
19.26505702342689
8.977580016885646
16.566576222617073
5.360326257034501
-17.706560236018408
-18.45670318588813
-15.03756858314218
-3.577828637286487
-19.269399792248905
-7.006696606722077
12.838708976208409
11.562512451175813
-5.9506816350578084
12.265483141021633
-5.888924819033331
-17.590122785156876
-13.75733837680734
10.023809986184666
-18.839357569010943
3.375361217643544
7.311121927037185
5.492001249021602
-5.509997107343082
16.058570915022308
-6.423152353212046
9.033227499142953
-5.9027290940091515
0.24190612916044074
16.673031815071788
-11.88093751930234
19.340689768554967
-0.21596088443425643
7.492140785024986
-5.67082560766822
15.650937492389993
-2.309567460942773
-1.9907683424872502
-10.433774219986693
17.764281259397173
-13.348035260229153
-6.7458922007315
3.327492289855254
-5.07630813056419
6.1471524401352475
8.30584237277321
11.043613347331753
-12.841745540301792
-4.733807357986262
-13.479351479104187
-7.791842980335533
-8.077877976519892
-10.072312686548507
-1.427934552019483
-3.4379320475883013
8.901760450443447
3.4655466680380584
-17.105547558186863
15.329633238579
2.6130936821299784
-16.38103519494195
-3.5407353928273047
4.9239522750169655
-15.239768279340463
-6.043056250292151
-7.844659373261482
0.7583642213167536
9.155171877035556
-11.9476776161751
-12.146519852624493
-17.74280146659563
-16.91727531125614
-15.190000801291653
-19.48140863308656
7.062647646296654
19.913917885224926
-16.569115959915067
-12.06265443342026
5.500758402301717
-13.999321844089469
10.002226920510331
-7.150447025035431
-3.895022266813122
9.592260152583751
3.5298949714507515
9.955407587054864
6.606467530655134
-17.16996100218605
-17.159816486315243
-10.392744203718735
6.2661756892061575
19.40924563298381
10.161160349007883
19.091046600484823
1.6566176448658467
-17.41714383943115
0.4118261523598612
-3.81591446383473
18.58270084505145
1.4579482618537014
-11.468888471281753
7.61288652057538
-19.08656472728918
-18.823683499956957
15.187468384247538
1.9081756293367356
6.216408840628837
-7.219338993055784
-7.4764652961865075
9.939404097119603
-17.357066261408058
13.887111225411353
2.8165967742908293
10.013279482475497
8.446550197873623
-8.898136273375975
0.6312659058828949
-19.189720803081425
2.212680006415745
3.696827656677236
13.117012596580594
-3.477282731787806
2.5086619456223005
8.013688770601686
-15.645488553221117
-4.773454166741331
-18.74495303854453
15.230401355015523
3.4945495098228534
-3.930806662639668
-5.412619536577763
-5.275048431573683
-6.083613340940342
9.906509561365215
1.5614871383517013
-15.37091442350857
5.858579479112002
-1.356542397645537
3.0702130033872024
-5.985605447287572
10.343245521939807
-19.113488347465232
12.347426219990531
-17.116683049104303
10.717385519372261
5.108240292281678
1.0267616554365873
10.658722893485724
4.893551909945142
-2.276676398428222
10.143313236984493
3.4830678618852637
-4.382571412826968
-15.188792423958443
-8.67282516743327
15.599946889658732
19.62532853128352
11.851383761475347
-3.792928151076268
9.755126098059023
7.126844421164861
-6.501587338120217
-12.921816794315472
2.804375778781786
17.1713520888212
16.080082074437712
19.52140032424453
-5.843983453718181
13.919084328084878
8.093150250193617
-16.992045485784423
-14.33702837321784
4.495743856387108
19.57914890125045
-6.013630955334763
-0.3591951203877777
-6.050836950029833
-1.5456436227136763
-18.7150043732877
-10.497566844529494
12.530229730566987
0.8431241147832047
-12.130431112998096
4.898709327151511
-16.48864780764356
-13.355840430304058
-4.668697587937816
-13.005902736593967
17.485727349247227
1.4605871098602385
-9.823595327350084
14.590975055958722
-12.861378596347187
16.149153710822148
-12.500291857090158
18.657218675591515
-8.881711429622904
1.695486217709398
0.8870594910588672
3.4668802802109333
7.655353379628629
0.3978478893249644
-7.9006470561093245
-3.887969169316822
-2.1357028760410586
-5.841928675880212
-9.34185558945218
-4.805712818701565
5.579907621803191
-11.348032149635387
5.915867718087505
-19.126816774246723
-17.721546452122972
11.500712004523493
-3.1422117697716985
-4.40656593409253
-6.487647929829446
4.579172047886864
6.032836677057205
17.788628915576744
9.856596239453303
15.95435693291681
-18.437271445454858
-12.301403351046364
2.461904817329035
-15.187762531506227
-7.767139466414502
-11.579839579042982
-16.513679039255255
8.036821563615774
1.38186717245258
-17.349299221795892
4.738915131959217
16.23372208505576
-7.557322674753234
-15.713533098235356
4.113407112892247
13.78257432063873
3.5300563718628197
-12.120293904522104
-2.3554053119017198
2.104043225750715
9.2749144022515
-7.196586364338673
13.97777152871339
7.087222199749334
-17.69286325036922
-12.347242175216891
1.0868174659240815
13.687783826759073
19.434983417956495
3.1655190427544433
9.592131301889072
13.90311101346731
-14.23875910053849
-12.793913763946474
15.713590546435292
14.718358628381331
4.591326327283394
19.036225129529228
17.603276358162958
-18.518245252729034
-18.79882683138536
11.633412837310427
6.668863023539302
4.741251584249412
-17.512097651788924
-3.5750503805824927
-11.876742042306997
16.10950588133845
-11.607573282720022
11.028966500212661
-2.3025876068308264
-6.183377270356662
18.184050447034522
-11.797501140866853
-17.278641760439235
17.49728544145291
1.2803731880450897
-18.883802533759354
-14.678888724686585
4.262578672226489
-4.190600919496376
-19.151568076509314
-11.79562119307269
-18.77053143082839
-8.05646954527283
-2.234775373670317
5.085852417018472
-4.094190141084129
13.187835002289958
0.7144447513188545
15.644583135319984
-9.899841769154914
8.251536706033061
15.516560486667913
-19.403872340595395
17.992171625027694
-17.953341467576927
10.81200720741748
2.259105862580544
-19.39990627245235
-13.610645563275675
-6.9299849102869935
-17.895102969056662
-5.70981257918859
-9.267401410285206
14.75356472509111
10.404429184890198
14.868377406623388
14.860263655642328
-11.996340306045363
-7.414051021448307
-13.550639814940112
4.560209100296667
-18.244287529712867
8.540548518626338
10.978505686689616
17.716165994416095
13.22306439280446
-17.67122319626963
-8.785434216985536
-8.536507758118063
-16.62077121102843
15.745732975601712
5.4530101341340185
-16.884835250324628
-17.698236148380225
-16.76375492486582
-5.152963181687959
6.287025716407971
-12.86655552089298
-15.851991820633842
10.09488160032901
-12.028413120223425
4.412571220976819
-13.115677012385287
2.6711801792354883
-2.0672605814469556
7.6294098734517775
-3.2382016028164173
11.371759292072873
17.776696858152803
-9.016274283801224
-15.731826113908522
-2.2680617890702273
10.847738805276773
18.462030593980806
1.4599334968980884
16.796579344838534
10.907482193109633
6.874069206991592
-15.107057868558487
-7.416693525101987
8.19114525807693
12.121229046738527
-8.188550932294403
-13.989956216280483
16.92775790441914
4.034838679711058
11.988265558218405
14.664054867976219
-9.184872739963996
4.45960910641886
8.29472468188171
7.37082317000446
-16.519495891334227
-5.192704601945568
-17.761538524232616
3.5327091864784954
-12.910982924118567
9.08083339435283
-16.14823374261995
6.457468102875655
-7.332789905336901
-16.49105064645226
1.812348591031192
-18.5954774200196
12.89638200296475
-2.4293917995979974
18.1836872118012
-17.64302741852338
-10.874522188052227
-2.721634093544832
9.760096978681254
10.315702857590399
12.588940675488253
-7.119482156738357
9.423243521346741
8.947214784646157
-11.582566701727735
5.743647978886344
14.232870369602963
13.519313255765113
9.191520180230395
10.964131870280703
19.43000813767501
-6.858743034206629
-6.114902958512495
5.94247057777941
18.584109580635953
-7.103455371011304
7.528770053030669
5.030641687169517
-14.16443934374804
8.38753324829139
-10.883591278167803
9.899322882981451
-16.88687128902889
-19.59875144102126
-3.9967571170858136
2.3402288684583965
-2.844560499739007
-9.364919994987243
-4.359390487876983
4.912715210637813
19.471100288826506
8.116568838846398
6.509668294286165
6.792282243983383
-7.306565953900886
0.9526346962596648
-15.85259749117634
-18.5552537271313
-19.519821080315968
9.963235624350546
-12.83687005868214
-7.2286926220861005
-4.645424037911594
-2.8071845865243787
-13.589708000235383
5.290541378533469
12.312043576008634
-16.208566363056647
16.902271412970848
-15.528690559228075
8.269892654035786
18.553402608399757
-16.194075243103203
-9.259870982086493
7.092188255569095
4.471356474486296
-14.184555957107952
-16.458776184368887
12.91587124248602
-6.317287869695111
-7.353130025877
-12.282659790992394
-1.3021890922448662
19.03833176625009
7.018121887590603
-0.4353269546644789
19.042385882602517
-6.832794732001858
15.317275256819627
-12.686617904865765
17.213581059966202
-6.640678278586044
-9.62946102359361
3.0157921721515706
11.49210135541706
-2.317867893106495
-10.584337834645758
12.061099948816796
1.8176142908916475
16.63851226456832
-2.135654226882785
11.44521636319185
8.61908262953974
-18.37868919649447
-3.0556285765163658
-8.368752249364878
-16.75901133024491
16.770955172714267
-18.7412478437621
-13.609356509160907
1.739346585586091
-10.065718581670469
11.705223510212804
14.655737461134038
15.23847307761335
0.29237595750829115
9.75370000888524
15.272787126128996
-12.858991600978658
-6.517316701555348
13.62294949760443
-14.866209450490588
-7.1047800954399865
6.938165929703636
-17.15946886771398
-6.634142489094867
15.390788133899918
-7.506743650540839
-8.522479198060381
0.9564775886756394
14.761588092699107
7.22253132048348
-2.423285225575526
-4.94111282817823
14.706897670097547
4.949120985514757
18.980668301983087
-4.219550882175035
-18.239838556103546
0.8487112607724399
-17.77949345686026
11.712728572752713
-17.051489313450507
-8.77723645087861
16.463784878528507
4.397892496730918
-14.379686919868618
-2.733821346635942
0.8678646168361297
-19.44004505314766
-4.403041129775641
-5.450727332546283
7.544656414518659
-16.634979281486828
-2.5219392406258976
13.38683407444843
3.690575953755186
11.693651458576024
-16.04529834774646
0.8925698118018346
4.572441312074211
2.6144541136137676
-8.672232824039593
15.1908589048493
-8.673889891051338
14.006674452752272
-10.23905148572371
10.686682698264029
-14.34129026742578
3.880088032766796
10.557156969024753
12.760026990396476
19.208612920433325
-13.046238835512538
10.149044391042793
0.23034964135071334
4.3502593529228015
9.041640992731132
5.667931644070524
15.238045617633219
11.926279152466208
-17.73453685152547
-1.6471060109381739
4.803300317785229
16.12395143383909
-12.235377494124302
-14.397800728090612
4.689989216313251
10.330153339843434
18.850939972759036
18.115492657256382
-9.271465738479655
8.794167971558092
9.03090366567639
17.39494300582183
5.883871925730453
-14.677221749274537
-3.9826222738940302
19.957465202505766
5.986651508084346
2.2690099158022363
8.11907448505934
-14.534868731023423
14.593156895594753
8.354307842493007
-0.42774696035806414
-11.008797223537655
-14.372343311251466
17.96525997524587
-7.763351365446415
17.62015632583403
19.550069098369526
-0.2708478923972564
-14.180732157846858
-15.807174177025987
19.09471218547216
9.911718740923348
-9.101421897285773
10.534157219195386
-7.264380736213871
4.850648711977751
-7.553431746497662
2.5528681085062424
-19.760166446931766
3.9875078824073498
7.75820912011795
13.830939247264283
-16.26099091917296
11.732257222946739
11.067368289300326
6.6592708112346415
17.43724137025967
-10.148252418842837
8.681527578708792
0.8618086954334778
-0.759721631075255
-14.185920296125545
19.846971550408284
3.0660734822011584
