7.97073599261838
16.11561273541382
11.090904010573762
4.9248623937834815
18.77298275164113
2.5633144966518095
-10.986224581100466
15.333581649029803
17.107589172214226
19.079483838627056
-1.3347547517529925
-19.42997063092056
9.467206872845235
-1.4596043374683987
15.15982671369413
-6.349624465288887
18.609242605194048
-2.4364534174256
8.687566297294179
15.641621198715598
-12.27971929435868
-3.253177052938632
3.3701347070229595
14.850409424152687
12.730035908093889
5.078971934939656
-15.944596234949739
19.447017584280083
-16.603551277772265
-1.0955850903216167
-7.68995140807073
-15.964293524140007
-2.3053247230847305
2.345169927122871
-15.631158831795883
-19.132352865803036
-14.110093549273577
-4.374977846826651
7.104705750078285
-9.382008352396474
15.655667440608646
18.93217574835741
-19.952008646617667
-3.5171387327984505
5.472521162994575
-0.46767602729002533
-16.14851557133163
18.6571036428225
-8.548909148649336
-17.599480550113697
-9.025089603993592
-7.070455967480571
-2.1112697979680064
13.081652535664062
12.521958820299723
12.257538898064062
11.548917696544954
-13.53865954138664
7.356371005227793
9.278881181407325
-13.71581699718285
-16.6975781397956
-13.296861817404842
-18.340511553213492
-16.86833612636855
-19.877039996003056
8.31570884185195
16.910256294255127
-3.4594810664564015
15.224972702048007
-18.173118883752963
4.689942570942431
-0.16493756645166968
-13.983290514681347
-16.21234074089751
19.46894309657756
-11.54380188077338
7.570858901635287
-4.924851579944583
-4.072001794808706
2.7953332075533055
18.102586004029753
4.871502011053192
-4.306364656899206
-0.47995924662028955
-5.501311791104136
9.681788181524578
4.483757771608484
19.32063303722901
-13.858753231892106
-2.010620049302176
-9.82779445604236
18.488868980534164
10.841541761287896
-16.19033009443187
14.454583036022811
-8.821099184167313
3.2841052381643756
3.0946998772461853
16.75850985097418
-15.540513097554363
-16.470008616875663
11.568894380372345
-1.5840391474773625
10.579426285578215
-14.36281776986224
-8.376576807019976
9.163777092869367
-17.828659646591305
-10.257278188175988
-13.306054459252978
-3.0731877769116345
16.61509569269885
-19.839003686945347
19.918099680397155
-11.623519074562072
-9.75537388564109
1.358347865304772
14.999653071061132
-11.059658345649153
17.180323160764374
6.068606394297088
-11.860394497804512
-17.825484483667672
-4.2940101650996265
-8.58209641380065
-19.567374838763214
3.6901519334275363
-9.04708143315267
-18.354572235514762
-19.660313290460884
-19.313201736334097
-7.010068853754067
-8.009104221381245
19.695875657362585
10.736028391625304
15.154533266887647
-18.78560421036774
19.006659796789414
10.512796929117165
-18.70400000874578
1.8043772667496185
-16.762820992913717
-1.0313620210257533
6.2460307452722255
-18.4056577890654
-6.053129918072857
-13.849528870378158
-6.448088420164911
1.3141631506323463
-18.180703604648976
-3.3555299370892797
11.88488322105151
2.3614531780927486
5.642974228828624
-12.95261494566522
0.4421069640309163
9.842375321478105
-16.451337486170715
-13.903496194993723
15.487110939152402
11.811256524976145
17.67727110409283
18.942409208509424
-11.725607683920533
-2.269228897234971
1.0695285331639326
17.08045126168208
-7.954105590442403
-2.247990298936301
18.236921742213767
15.736421848103653
18.818251707743606
-19.67333843112079
15.607511275917396
-17.46124349796124
13.285321049654712
5.9825580783817855
16.503381085442882
-9.919129525048538
4.4559433652029945
7.918767590267052
-17.607925260288578
2.6928460399266285
-8.409250086508573
-18.151796561513454
-17.71193661512433
-2.7240757332122136
1.1817587327636012
10.99230478392085
4.144192192739716
10.72120789551174
8.895481750750179
-3.7081738088134983
6.9689234706797905
18.320547561197003
-18.542367338191074
-7.654927698528038
-3.220984016893283
-12.587675502304961
-12.904181951504654
12.026597112570343
12.509800111257647
-4.441604746774491
3.8863993473850655
12.358062211730484
6.895204727841918
8.13278398981915
15.67145629553363
3.786508438757899
-9.917466702738986
3.437276984086722
-11.251471054350915
7.842742088155767
-15.365322373668352
-18.962425434583526
-2.7945858434472655
4.755952498567275
-9.759833276885082
-19.920720449692
7.467101124022779
8.945208089878427
15.22508537507273
-7.431767702286901
-13.17730090081267
12.654200592734071
-16.54785911062058
-15.52859029978292
-9.309263053705802
-13.123246883003237
17.03732049728481
-0.29728908137984433
-2.524725774770907
6.0034430498213
11.363515554378402
-18.23409792250322
6.01358816199194
-11.318679666330267
-7.7951293569724776
-13.863714205557969
-10.324183903367402
-13.358596377669496
-14.932531971926611
-13.214485521575146
4.47597307903667
9.21791295321253
2.2215615926453154
-1.6194691903336
17.24839026410328
10.626959336281125
13.24617076819085
12.353687285636411
-1.1463810912954813
12.761924660342288
-10.046631815991333
-11.886739296888539
-0.3166812467284075
13.942188937814542
-16.972383160516998
13.154061270108237
12.629162339549659
-11.999946005297733
-6.116056966551934
19.64705580109878
15.670458891587216
-3.146872795880327
-3.924324187114827
-15.62969970000863
13.49508431357006
-11.693555257363336
15.981311687099776
-2.0596343285190812
-10.811156352239223
-15.448300255896807
17.851446739642476
1.6259987488684011
-7.380893357585968
6.872076419486646
14.64005252457931
17.271510745077208
7.690727123064761
-3.710422114779881
8.40932673233025
11.490364606634252
-1.05227917604212
-12.193454448550117
-12.445949357755786
-2.653165522763217
4.67772505183726
-6.62347980868109
9.338361240086385
7.0663002702531585
14.15655329163674
-9.894404836998945
-5.374343926318744
-3.2859206553031584
-18.95418775407794
17.329840597596778
-0.8500070055802098
6.913286821063885
-8.64424655848313
13.4973705567201
11.331267896682398
5.4006893315263085
13.261806600007702
-12.779215588949748
6.683280873914114
-5.524838241697658
17.40761460327937
-13.716159047554983
17.9349528412867
17.683625297495446
10.676051011869497
1.7876399737873783
8.409624237498932
2.308983972440714
-11.18244334242181
1.6744483408013053
-19.20006913035558
17.885976633379727
-12.76970270391268
15.7254251741208
-4.289412145004988
1.6899434981958237
7.136387767101553
-14.914121061383426
5.736176829048961
18.937679184443574
-0.26074065662120205
13.034084343877112
6.8511013364091795
-18.3157763394796
16.987102692416094
6.279545573490015
-3.8060591646771087
-18.587653891724297
-17.893067407181835
-8.549999077202045
8.255715479374732
-14.378690568180028
18.226190679754993
-14.933086105063778
7.122101100066441
17.47711946260162
3.9705143625389248
-13.244005863451243
5.164976494638221
-2.8720524956561135
12.640283148300192
19.456564056360563
5.064637591799563
-5.071794087501278
-11.280279733460713
-18.443513813341347
-11.420178058812326
-15.935239025187
19.96754114287932
19.517108801973215
-5.382057344846686
-0.8655821336422811
2.271983906976761
2.557724406183219
16.087996113943696
7.926662897006519
-7.236743550372591
5.597366094869933
-11.066140872700885
8.68374466325379
2.3424742714596434
2.976290445978403
-14.448594410730887
-19.839296627115353
7.251861615085232
-4.230705016267052
7.925123540767068
0.3720778230545889
-11.796420485783026
19.776722192547524
11.116875919662512
-6.753568026850111
-3.544297480371462
-12.420406871131018
-2.4583555893535305
3.9054580466086932
-2.5416189160386082
18.244190998802182
-15.338090806763525
9.010633279565955
3.935087002881126
11.158212710751268
2.86469567662828
16.325561533347276
-3.2284753206361394
-13.265399374422525
19.10487595719175
-15.560535504247056
11.65066635476854
11.511669013739159
15.018343009538548
-6.65840618940743
-2.103177705127571
16.55979689821229
-7.885826894067382
-15.560726075516387
8.507650687902988
-5.258147523876705
-3.678003310449469
6.778000524508492
-2.0138458306755744
11.443472965383542
5.709992956116885
-2.8349906557371582
3.9586446433913736
-14.49006595404188
3.6286190359842863
5.167874301910878
-8.775460792855503
-17.501374053525275
-3.176488498090869
12.882471776926863
17.00167133314808
-13.248792145146812
7.877746715882324
-4.857921358446875
-16.12239321398741
-0.6485614535868294
5.23395962079109
-16.119713446314023
12.217079287978947
-1.8346981675631255
-18.896495398998056
-9.20021515486647
12.876480328041573
-14.464343611916464
-7.80927871883376
0.8343157397901635
-1.4555536606530808
4.806782027951542
6.270874430629529
-8.357779751047008
-17.56445584800322
-6.497370300254932
-9.083225439665533
16.604109779601387
-0.23041897054143945
-3.956191882318084
-10.522930016907509
-11.998385733359145
-1.2508206394358865
19.731886609364686
-7.458059164567491
-6.087698749204868
-3.114509945991916
-10.256243576748112
4.049070469314163
12.401733816754323
5.315222743550564
-6.989969381522005
1.0059888128061267
1.6072244170409817
4.796441989007931
5.2009797440267675
-12.667023870037362
2.445638345380459
-0.3046507070330229
6.109374163821087
-12.663027749251668
-0.2802502086728538
-9.874938218256979
-13.873254159351035
-16.09241890436887
7.196062946433308
19.462961649386067
-18.315294207418916
7.323826957826363
-3.003451200084335
4.41779784837253
17.465813130831357
11.581125251975202
5.879329688123001
-17.820679863147713
-10.89713665508052
-13.107519825398777
-0.1697395903726786
19.35434651649414
-11.586408072567608
-19.448006704364758
7.300275588955856
12.236812156444891
18.153307422364676
-12.716335227761064
-17.493204057659103
-9.992664910110935
1.170611412596827
16.295273047413687
-5.661222605419027
17.371036089880448
19.737390574779603
-17.529774259313427
15.53082031323789
1.6207566923659265
16.09903716213106
9.046163673874279
12.794705512254282
-0.06475314440368152
-4.680103235350245
5.514029931870503
12.106534088869203
1.1419929714791799
5.794680738687532
14.886876700370479
4.648416121577647
-17.16598781888269
-15.01365260312343
-15.010536659295663
-19.976673383757955
4.52126271797524
0.830359534033164
5.978036167442454
-17.32058918563984
10.234501299590768
-18.6311072835298
10.271697833933374
19.227847463318945
18.234280010165293
7.072016359403278
16.288658422465183
-8.67029057405325
-17.566809174801943
-16.95251327716062
19.699429959232468
6.913016904390943
-12.805709309600637
10.020067660469834
4.292956464536815
-13.972595266066733
-15.792890292590759
-17.46465862132333
11.384806899930275
-4.07972658883509
-17.746947211775318
15.763579882571015
1.2232587564887645
3.032982325559736
-11.256035398799096
-18.20917904156396
0.7009849007828883
2.337644491152915
7.006183752260885
-2.360220252153063
17.15013996782288
10.779818229254133
10.69721942937294
11.68960417637781
-16.497783620489542
2.232127346134064
18.89919271885087
17.746805841714817
-6.467383074900312
15.993494201478129
-1.0719240059919741
-4.499917066397758
9.541874390410449
-4.93278155365517
4.839081086006459
15.813085237720522
-0.8050821857809751
-10.059348807552757
9.097542949448254
-9.619674201692199
-18.417408289928087
4.795288614829218
15.448748828044096
2.1021697055482846
17.207549922798734
-13.183363180057771
-4.493142953137683
-1.1595706038569062
-14.199038177134033
-5.926275742008595
3.6365045897076165
16.844121540894022
-8.32538951741434
18.911087791542336
-6.698276080816431
-3.9614677813064176
16.51399830633234
11.5133139532064
-11.058294584531666
7.9275692420498345
12.44945045578497
19.848249196077305
-6.054280957513448
16.725767561276015
5.635957278179326
-0.5692802312178102
6.720654300522906
6.061200445449664
-6.31258185947182
16.78252285443549
11.47985085831322
-5.399995045437365
-11.454410752834816
13.766586717112197
-3.0606115510967413
0.8728094137148474
4.628011487565363
-6.7483323170821095
-7.024107365316489
5.424293464873475
-5.2707454549164225
-10.530645084994612
-16.172793725722514
-10.546540789184427
11.352422249760696
-18.20055149948205
-12.949094737638003
-9.296375449233029
-1.4422789831874852
-14.352633675250136
13.714468621697485
-7.561769851408062
8.539862906322682
15.18103351242219
-18.65103055060732
-19.79059595482251
-18.366063785289978
-7.350556858010213
-4.414180954029359
-10.334114717551213
-16.71431544545065
8.281119786022671
-14.273934173871009
-18.934145500318003
17.94514619939649
4.099080006578944
-18.21515735117512
-10.111354393372785
-8.025675556678532
12.819394496434143
12.507322738325598
-3.492253236335724
1.8663785122761034
12.946065622115007
-13.467750348720987
13.950162456551645
8.814839772216523
4.5969973578425325
19.787823134679044
-3.6527165867031712
-18.57576670488859
-9.443324103104885
7.191222473463803
-19.102470495972174
-6.5273519499217425
-14.00920442764997
-0.06344250389588169
-5.207617472810838
-7.217740489498361
12.347863891808203
-4.700063096656946
-4.434767859998976
-6.025595902409311
9.69097038288302
6.86939757726725
-15.242015603603164
-18.2296198817642
13.000166226029634
10.416879350459315
16.7721024936806
15.443489375765708
12.96397773642375
-7.601385755273808
-2.505663497181306
11.34289615538448
-13.570544235747942
9.635314816952544
13.846766878330648
-6.209640334238298
0.8726482941081244
3.6672838249493154
-7.936692602242763
-1.6394313610111908
-11.760104444074049
-15.008992634854676
17.935409224587694
-17.4605459879943
-13.776262819243442
2.6133046994799294
-8.394471635521526
5.786824695703615
-6.212949541744672
-19.890929446933832
-11.598845405146907
19.857779450275068
11.580479455068271
5.959205974386403
5.150893347366701
-3.046161778040908
-14.56661634405297
-4.558859097163545
3.6109971377403696
15.438541316850298
2.5684863543904335
15.866595909585477
-1.187508309252184
-4.1226134004982775
16.037992286010862
6.952118147942489
9.507040622505034
16.051639591073943
-7.59055519726401
8.855684402772205
2.073784848780406
15.939008313808309
5.4982016024948805
11.07419121471245
-1.5497076431649859
-4.586939581011533
-19.353490802452043
17.523457004049376
-1.6115766281853858
-0.7101353711486489
-11.590288171969213
-4.363890526080079
-0.5132467757114796
-10.045906551644354
-6.9848563000710016
-2.392477980221127
-7.797262214473006
-2.8710858591644204
14.476594229243297
-10.395708982953904
7.2633250068737745
-15.48582119151689
-14.426261038274259
18.630216989793567
-1.2382738457164741
-18.672081568762113
-17.098794599626558
8.948175238633581
16.530648477835264
-3.526218959655729
1.19417636499767
2.317543861107147
-12.263422169725144
3.7585905326258704
-3.9944840318931725
2.8586278220562136
-11.242059448560617
16.748776890746925
-7.226080056968511
-12.549835111148703
9.808645857686326
-2.881174731022213
4.5541201470526715
-10.11999385591993
-15.748288204614687
-0.3727338439556469
-0.8919928049347767
6.764900222162812
2.327962315110547
-6.018022221080862
19.395371260984092
1.2413637265023496
0.6869034228579061
-10.759876181578377
16.76817575283409
18.762342471340745
-18.398131635167715
13.735391521962228
10.93442939028689
11.022712228442295
-15.750712883304235
10.822043167236718
12.895312443993802
1.9423473789809584
-4.813089073385864
11.21837232951194
15.480674779553695
19.49436219645561
-11.771400808158647
-12.463040601706172
3.3595733368418763
-0.5979034891516619
-2.2809413569547914
-19.29202105409444
-6.853216722636134
-5.556897552523083
-6.850768981905739
-18.24489284877465
-0.19935027609598777
-13.395940493585488
12.28637492943055
-6.696682034484365
-11.671745626654264
5.49195646288954
1.5343907868592233
-3.0172836404954992
-0.9063010100122142
16.749933985679547
-8.637469108577651
5.127585461354428
9.599203347282753
-1.8179207423848354
17.18383891939876
1.300987965169881
-1.045252568380839
10.317517593003625
-6.674815479696349
-10.32674156434496
-10.125734616845264
19.785616458593722
15.625001474964478
-19.491890923598053
18.599991637516176
16.146163440556663
-9.810494933514772
-17.936092425362627
18.102979696558002
-13.06782200730169
-12.38756208896377
-16.138341956232047
-15.62516716225677
3.8352972951920066
-18.408379451390108
-17.665805190419558
2.711218943716055
-8.670662767504943
-8.895814616358795
5.878513423207444
12.879886595575925
16.845221026332823
-16.77681934793219
-6.5397294588367
15.01034082358914
7.402720493968648
-14.269073931321357
-12.124526922669814
-3.6274208069247713
17.516276772143087
-11.155882905489417
14.402516561962251
11.662266147677688
-11.512514804714371
1.5340939674369451
12.768887487727625
16.444229110360112
12.395388654759316
-13.776837888724781
-2.2505144184018775
3.0536155535313085
-10.565566310311354
-1.3816608489192426
-13.428644538905479
-15.614192360724264
2.967495279369775
-16.93451948199833
2.7364921289962574
9.726810474378745
-6.800709471878568
9.352050320046331
-9.156130174095463
0.11285244504627912
5.463259480664764
-8.331488089955243
0.6309667430654962
-13.12810254463943
-2.9544633457087954
-4.2631880485613
-19.250096341655997
13.943684890023725
1.1952726226713004
-10.700626023096195
6.542249933229996
-15.040411379167068
-3.962466492054123
7.004540394888341
14.802912080181649
-18.904166820580812
-1.3828463770272812
9.558354495594024
0.01658281676962048
-14.604017846836395
5.669246500279385
9.806239631449202
5.725988062838113
18.86593161416971
-6.827538940758618
9.31426417832406
2.238716873967732
-2.4459287465708
6.281664356807237
5.814335209889663
-13.651226913933776
-11.685497630347452
-2.3421361579112023
-6.276843952967489
-0.45924375442806564
8.209240557016685
-13.198643077123071
-2.9163959430706754
16.94481335891774
9.410756631977506
-7.169187733290681
15.77058743909005
7.183557829445526
13.788855200059864
7.743075714335362
-2.0625192862993273
10.77443581605742
18.011756220369783
-2.262730478966102
-4.592022314204186
-13.436094912523036
1.2525419284270214
1.3397294920723652
2.1909731216253583
-8.367021501895548
14.545650513370894
-11.109973977272949
-17.45979175301607
-15.603687692635324
-0.6908930628522114
6.106945466748353
-10.809416990848884
0.33364616099335365
5.447463776538385
6.612373982983236
-17.662485978368284
-15.081442319253604
-2.8357794305289588
-18.895841017577112
2.7499311046430783
14.664540384658721
-7.8952958297893225
-7.810409695495441
8.44954090800709
-18.634556228189414
-13.649564314897646
-10.19926662673524
-9.988397247711639
6.209575435524037
-7.941457935606646
2.6929105583339883
8.967370748370833
-7.931278244388151
-8.757901086727795
-8.424378582485726
-16.501457127869156
7.472050612721009
-12.730690250061292
7.1824286638789445
-19.290364601415938
19.146422427710796
-19.423144013323487
13.609591245266174
13.41164197795689
-17.87199922237383
19.55423178899735
-5.3469689719227596
-16.108947635342172
-13.999946587825058
13.641739765705779
16.21293155190294
4.942860699173785
-15.446541194888779
-14.905884161137223
-6.946010140382883
8.301655435154963
16.935781777810746
19.865232208418256
9.204837500753122
-0.9662451722888008
5.751159668325574
12.17702428304986
-1.4520178958641523
18.44979682513386
18.24133250812693
17.57078442502238
-11.557884824613392
6.37854179020778
5.216948563664484
8.603276547530573
7.839257297691844
10.268537869489567
5.842715368388134
-17.66580339485941
14.913071800460607
-11.350991633552887
17.01056859388335
-3.9182936080948565
-2.053629360124752
-13.778349955207613
12.015190188854
15.917584972740492
-11.551583149048037
8.159941850622772
7.711158663950673
-9.10934729797011
-0.6675452044762018
-13.931815732627172
6.134858622347355
-4.122341496609279
-2.286898276889694
4.065968733297019
4.967980467642125
-15.391476939109037
8.693777106771307
-0.9053566271064319
-15.216843909434656
10.60712976198177
-3.751442368265799
-5.171707926900751
0.43302617385755937
-6.0926422749618325
-6.085137580331246
-7.508451825759757
-7.293253626285097
17.12107274795312
16.899684460561673
-8.695544582084986
-13.42425698207454
-11.619775332353232
19.911457473524166
-17.635770998243597
12.511636667942213
-5.006542264362302
-18.9083499214929
-7.084832335572138
-0.7271746510963872
12.419379129057702
17.82323385994553
19.928850962189948
16.788623365556916
-13.786039533809271
3.2763897347955364
-12.088360037213297
16.481496660101072
1.4945341651145867
2.902286418074258
-11.391233800742562
6.921722570586269
6.535362270534289
1.625367458236198
7.1776681415170245
-18.896820741157164
-13.751718718212489
0.181206343930441
-14.945989670081419
-6.8270527725726815
-3.4193998662101244
-5.575939217740045
-11.124637719173368
13.653203760591829
-0.18025644525640416
14.545182619266868
3.652628540649772
-15.137854657201007
1.68392004634768
7.457608786999728
0.294230256793206
-6.772988342235706
15.044208041487963
-3.0131733331279733
0.478933768116967
11.790552197044907
4.76728727768964
-12.601218287352554
18.352028243524096
4.372384803143909
-4.3764251947488795
18.787515356308617
19.700071112873303
9.25963766536006
-11.17176260685743
-14.680334405915056
19.44933575013605
14.548322835107463
7.539577896506792
15.830407576308673
9.529738293340525
-14.527500759646168
-16.692334391628073
2.9462929337346466
8.33827315821253
-6.2260247965744355
16.493201667850947
-3.344974494114993
3.227588518510988
-12.412084328396231
0.2830172404671494
-6.496576972059751
-16.01466200892537
-6.551158699798876
8.475091785680242
-6.515993805485941
-8.035290221879347
-18.668922979100092
7.957237107980575E-4
-0.9977618019358658
-16.963987547764173
-12.568545477281416
16.47962325783918
-7.435663674914995
-3.0662040884737287
9.781971210366219
-12.653575068141496
19.547929399038495
12.196730099305306
13.545965159333278
-4.018197592605549
6.814844243110173
-5.2443855037747475
-17.955731532057385
3.1345761835513706
-5.605009387884937
-7.008739404549619
-12.875137390385998
16.065226777152702
-15.626464673207652
-2.3634439718348332
17.48936535926886
5.6274634058179664
10.10019108834721
-2.606360977994843
-19.074543330185428
8.108499524846366
-12.177942553096951
-0.6618101515834773
-17.043308138304802
4.484443879660226
9.037123203371863
-4.987697657370905
4.468738112151328
18.44911640844756
-12.297729997663804
6.368095878124315
-0.9538841359618075
-16.322996175211063
8.807002661177975
12.860358589396036
-1.8791275705281407
-8.469885815299719
-4.674048103344152
6.387388792996326
4.462954929876453
3.8703411139774246
17.00434905501205
12.262648240002648
-7.145653640343582
-4.154323325842807
6.807587248579658
-18.184208525918777
-13.13884529551823
-11.69387295970743
7.145627260246542
9.128679823803768
18.31310895137667
10.345142487210396
7.460566404333253
-8.938753837163333
-17.891158120817185
16.023035184272487
4.211865861722259
13.499179941799042
9.772952162016377
-9.636366898536961
-9.409617705060516
-4.326056913976139
-5.779754818295476
-17.748244618269737
-15.69412670320319
19.00527463780319
-10.056382722987415
6.478530244841384
-3.3826106042395168
9.888933393282528
16.150322574925482
-14.581163853624805
-16.250936917173146
14.488641301905659
6.156651738608737
-4.040842161735338
-0.9731355400815715
11.246866612643686
-17.39775557269667
-10.170806416228748
-14.369790997936548
-8.73199644038618
-2.6442189892468377
8.818083425617345
0.32935851491644286
-3.698344212874197
12.646266517845184
1.6410747914193102
-10.989565213387502
-19.020678248914077
10.535625398989371
12.872401147881398
-2.2328036126443997
-17.781633658579675
12.152365799468583
-6.5448439215888055
-4.040826544303947
-13.13225996855186
5.772279713646114
12.383689704371257
-1.8612841874076693
-11.32747239602045
4.413385844039436
-16.747250922844966
-0.5093343127358949
-4.2680807790176445
8.457171783292008
2.044654614721967
-7.7603039752948035
-2.2733300500785525
-6.299617478558597
12.968730417078014
-7.302614424052027
-15.803922989534867
19.95813615677674
-15.458785256753082
18.863702853798216
-5.939432907561223
4.732996856307601
-3.4671967850539254
-9.116849788913747
15.19377379283381
18.82752841490023
-1.3714825851960981
10.758226149728781
7.898969654549152
-4.874703843292858
-11.53279968871848
1.494692168977096
17.922070554188217
12.807371488190292
-3.635280561654607
-4.6834392035699945
-15.93866696034123
6.087281829935414
6.287353152176696
-5.809241426945274
19.0718609316083
18.06920693092698
12.8639911582964
15.562964370373443
-11.838969266383748
-6.231220425264858
-11.383961232499855
14.006940820526395
-19.545511941162815
-16.70924789223352
5.377370065324307
-8.208393778234324
11.619253254729568
1.7019718427600878
14.52040942546909
-6.506954740158175
15.796976263390633
-5.807780130255242
14.333692477474663
3.4468920694411267
-11.13899490802401
-15.258709342263188
3.471635378610646
-13.562035874859921
-16.5272631720171
-18.786196864690467
-3.300872102430894
6.361309936344519
1.3162677517622896
-5.746504232083204
14.30044612744269
-19.521646583221855
-13.001094725173875
10.131010316081138
-10.539625812881862
12.659092654813975
15.224574528210837
10.233794005538925
14.245445007862784
8.228647105045749
-1.5101383313992933
-19.29341746294282
-12.571715712780072
13.803456057381183
-6.910015496446427
-2.4282417791580357
14.203788227258237
-10.301902497686445
-7.723071453199889
12.951181305546278
-5.858190003791265
9.101908373990621
7.71246934284299
16.94793972606272
-2.599544206530588
-5.0012918643720905
14.998715548233598
-19.284282504755165
-2.0058255044234876
14.279094509591594
-8.05869250385285
-4.27396868672362
0.9684488765600463
-14.701115898959296
5.038037999397314
9.254277618466695
-8.340022597743673
4.441108672373627
5.048973177379175
-0.4783451140245596
3.367514451365679
-0.8241116792146421
2.487503094925721
19.802899200261038
-5.248613427690735
2.400155173527331
1.377766713950031
13.603365520123063
4.320384950670263
-16.499909196031606
4.3906995141564344
13.875874703872078
16.271492269089734
13.477817105575795
7.735120047457933
7.897493675147402
-1.167541647373227
-2.370317078764529
6.29293263004325
-16.165373728510332
-2.600069198436387
-16.664927458983428
17.885120285067366
7.84027879067429
0.8234613131319506
1.8808733151894614
-2.723739970698876
-5.153764299125818
4.874804468287941
-7.1564511130381
18.696047491301307
-12.34567512634591
-11.292382804318976
-7.181068721059379
17.712376393239715
15.449499838229023
15.854752082897619
-17.880459421113084
-1.439144940195149
-5.705935190987903
-9.055395411937601
-17.226263296578182
-13.697491536307837
1.7431543857065712
-18.376361991859632
10.216237175535191
-15.257661163276035
12.429611862234147
-12.843167169986764
-11.015504798841853
10.235243863363529
-1.7129648533212993
-3.841528917690539
11.879841540212972
13.060025098613004
12.228585182926487
-5.531718589187427
-15.50715300721559
14.868418509035621
5.8280554012341454
12.318614510336133
-10.076572178739482
19.672671731395283
19.92305254257041
-2.3297469270800732
-3.106134999571065
-13.66206506718834
3.5877213363555107
-18.050674055513767
18.469672623189275
-3.794968474920374
2.327718535781976
-3.9070983862271262
-5.437733520485759
-7.832592656004422
-8.126538290701376
-13.735244071316966
19.52884077469806
-17.322961459237362
18.521918311065818
-18.500170352858845
-2.5979096735605687
-7.965425611105207
16.429028149136037
19.192914816578515
7.985015200002472
4.7955338128648215
18.385110320850927
-17.190734533273435
9.753301123576463
12.196147132085585
-11.543913393076188
10.732976582074457
-19.63755957065263
5.2207603224547405
0.4126414254233346
-14.653845037928326
-19.853773089657484
-12.45864801762401
-10.119234918953882
2.5167428735825155
-11.91536192749238
-13.478461279950666
17.218937181333295
13.82673855257842
-15.096315004936262
-13.42628119967015
1.4127186665307505
12.938826309985927
1.5761404822191274
-5.037787628000574
5.89925751104942
7.010534192326695
9.572392265475479
1.2307793749260583
-2.607362270801058
-9.091321235593387
-9.419552281269024
-4.9985443518477535
7.184217574534216
19.545849766776698
19.44987325289415
-19.122954073763943
-19.80893953234454
2.633217956363886
-10.527315732687041
19.740822214832406
12.676908372524906
3.643693032553287
-5.434942976343029
17.024345657306625
-15.249753347141649
4.062319297283384
-10.481580754820428
17.314862203584823
2.7129187398903554
10.161418771931178
4.746873451973212
19.54620760510916
-8.789060178207295
13.168184437292382
1.7310077436563809
11.947103119585314
5.012480724109011
-2.649139917468556
16.11819696440768
2.6484649804342233
16.990926269830297
-8.870750218172034
4.53996527704771
14.059982638751379
-19.302003414776397
16.529509372870848
9.204264949727786
-18.03820650103607
11.291364046309006
11.462119940189925
-17.899198245345506
-1.847296555857337
7.668976400805061
-6.729383644910714
19.557921050819587
13.031379376926566
6.750318113817563
-5.802013611791841
-4.905927388260864
-6.8663477249259675
-4.323896873557857
1.618739762378894
13.953615009486505
7.842478518924342
-2.816241098126774
-19.88349513872874
0.5110587726781048
11.267910663844738
12.731869210560298
-12.092498274553183
18.383372593041535
16.8517064473876
13.380023538763304
4.600980672609616
0.0081511558562255
-0.005182802361694883
11.763271285320165
-8.457333191212829
-6.465383896818654
11.431672563788041
5.8577544987283225
13.04187905972433
-6.102768057627195
18.322767494533608
-3.422199664566932
-12.540964170223297
-3.131586522479882
3.2694081405109934
0.2682272628837943
-13.24043642271334
-4.534481570014792
16.11949895921942
-1.7910519712599822
-5.369914781828475
-10.898942566648184
-0.30373358213562085
-0.5975759537201419
-12.98039921263939
-0.10487152111810616
14.088122386106512
9.03330601265699
-0.5166438572848335
-5.72105425246038
17.748015264922117
4.320193096341718
3.4866505994057846
-17.012641171326184
-3.5138772517930796
6.6076170101854
-17.051453895499705
-15.264141969582013
9.219643496593353
-19.75828125599872
16.433445115060685
-13.662227416171856
-14.399737578755643
-0.20423617960237195
-2.12432536583211
-13.496135004298786
0.8033291055565357
-8.211269664763034
1.823954667089403
-11.403969293777703
9.741365063746311
-6.698650545468606
15.923855370877817
-14.093281725332272
0.9588707745119791
-12.435148474538863
-15.931351084954223
11.702964687755873
-6.15269424756006
5.069430122265718
-3.9448541995135855
12.507044650927021
-19.06261269796755
-16.535464740165224
3.096137715989933
10.5672019923319
9.180778065533648
-11.217904952907368
-0.3771832785352167
15.468792440593162
-17.788527348139674
-8.206503152969425
-6.660027887963071
-5.650473099033357
-2.007368525530268
-14.920872128350485
11.702289879304946
2.9380315907702226
6.43501054840257
-15.59421354621254
4.229685032439264
-12.588856426568466
10.34328695067127
-11.50280357293731
8.68550875898761
-12.358887061000337
14.620189086440583
-9.068216145877539
-15.115535250327241
4.76792352382633
18.121992471034474
-5.807631591545777
-8.20718325680926
-9.79917833038403
5.270956399750375
-0.05792340745959734
1.0027609203403571
18.43900870543547
16.44637388309539
19.990368945768886
-1.4245741001133894
-16.121419288319863
13.415124926175594
-9.90152858264377
-16.66415833811474
-16.191091779433915
-6.460105988034792
-16.393333876953275
1.0417452921775059
3.1177096598021095
-4.166469524891831
-0.008396857604999752
12.456410740226211
2.455235548351755
-6.5856944907094
-14.715806617980265
13.736452417951227
-8.977477957058646
-17.431633338270043
-2.906280627671933
0.726614874406355
-3.339373175721626
-3.928456011370457
-7.89101261169499
18.81251463843715
-6.719493568570357
-15.744118975692185
-4.259267779780824
-17.480866718368482
-14.777345405328365
-7.261683964850359
-19.87762183382626
0.7718550569663805
-3.9727135603700177
12.123002516052452
-4.874503738062952
16.116411322191617
0.7324934244913841
-13.749066395019632
-0.1434160860009186
-9.957455738765727
-7.3838473783313585
-19.92251161554167
-2.046730914876292
15.248778954043466
-3.33846019264708
3.6335052372471175
-16.885389558319048
0.408155024461184
0.358230791170449
-8.719711615495518
5.871427424106308
-2.1897788232999638
8.58159088264042
-11.275411911268844
11.332913460282583
17.08118556868621
15.249599428693259
6.762700001629085
-5.191653744582059
-17.450040283184993
-15.311906710073199
-11.14192166592581
-15.435689812465618
-19.009082137937426
-5.69538943219975
-14.382859586215968
3.821609244784703
-7.526167614833636
16.128717172817268
-10.298912169281564
-15.79078610163894
13.85066974851479
15.659003109385722
16.0733283956831
-11.639042974983433
7.496339656447692
7.934562242774451
-12.332690459766793
19.036239669612712
18.21517756193608
-15.899118439590305
-5.249354631645424
-7.843898609382315
-13.928154349477122
0.1573541526695621
-7.708327247329043
7.151874249112893
-5.086817492085274
-13.526435928499257
19.327459981575963
18.52759221127154
3.9084087945949406
-14.91255018023196
4.664185156261151
17.18795288172887
5.59103881079103
-5.141698238051703
-9.421776917438489
1.4013114482601239
11.186633557029218
18.20912074151404
-1.3394181206731304
3.6581215362321906
-8.545865475029665
18.650873874166685
-9.68063363022571
11.678552718955135
-18.718520969898425
-16.124192627058996
-18.501089342133888
1.0957277716595861
5.615587362528789
-19.78677745776327
2.794962208189567
6.141756255677578
-3.914367868395651
-15.10597197837102
-9.526788651857188
-0.15477079281027173
9.706769263225649
-5.565908740448506
-8.526315728207305
-16.65176722621055
16.79506629903458
2.9343289279430635
-11.047919528844927
-14.480931128825173
-12.743522140655795
-12.34717517038295
17.276359017722086
3.5706963855256326
16.4788344419743
-13.891582611832508
-12.018734638775763
13.340454121141498
12.19988773683076
-13.808727651364144
18.657240574648732
-11.789915868740861
7.932266677066568
-7.941709900781184
-2.910866863204671
12.821029791519322
14.25000402355679
5.660068366039383
-10.190681843249383
-16.067134946350578
4.010089854512685
-1.8102723011382125
8.872021843199
15.071575152090496
-2.989068493039259
19.723337192226865
-8.922627726902043
-6.025929985072015
-3.033401394655691
-2.1115784764130154
4.36807545879876
-13.533291711531174
-11.537161101795025
-12.750485787400807
-10.142436159457997
-1.66452478398055
8.250010024787183
13.77433206477955
8.514009973658258
4.238365948315565
-2.1700688365202545
6.13945986685188
7.3138657376907865
-10.094350014631228
-0.46675880076226406
-7.247297940694853
0.7102538283795568
7.452134023149
3.504010084593361
13.96572051729352
-8.069418810629617
4.05464308029568
18.54416107698419
-8.60237548789958
8.663575428388995
-16.84578034562343
-12.468395687859037
-4.783536254666551
15.906502746159646
3.8796022240958337
9.622173484713503
12.985018848982783
-2.988058160496859
-13.871105109442809
-19.078310969867353
-19.27847251113331
-2.779196939028594
0.4023510149364924
9.203872274976202
11.065035139567748
10.007862901440944
15.316669796296082
-13.9005340673602
4.839535275696587
-4.757473648660113
-11.737400264127945
-6.201182541060248
19.212774786723386
-18.68390322333213
8.018072974209495
-7.219360435248973
16.3059028909705
-18.47356596097214
16.014819241351667
-2.6007008281195922
-17.954868270837384
10.449860609605008
4.835234794883341
-18.2293888582019
4.442355026017523
9.49510099771112
-15.666777309021773
-15.390212140708766
1.9833491179660143
5.441799697476174
-4.8794368431687865
9.973566890217551
-8.3222502759351
16.123530974046652
2.588318430095349
-9.964678059359212
17.93862966066922
7.304833027280772
-19.777511597087297
-5.927940826851161
3.3309093263295466
-1.0669527967218784
-16.739157751836782
15.677411660826422
-18.33907824828618
-16.68924036462085
2.249200469083675
-18.912587093022527
12.709726472703679
9.156132991039783
2.310897463996188
11.290732921103718
14.042299637329904
4.220941217595502
-0.8909879087656201
-2.3968131475078955
-18.685645539292572
-4.427148381697354
6.061877979533939
9.203643587139108
13.01547183058939
9.750997365367049
19.89466065497605
12.246204183737497
-3.355444006426186
-9.46785233961268
-12.555190372560618
-11.014801429191955
9.14997238163415
15.20765408302212
12.555392004667574
-1.4526482508791503
13.297559663033475
0.40066380932282186
8.19299868435429
-9.73401635190839
16.43097228697725
11.323130017953211
-10.80757396879305
-5.780694571935054
10.728387860725327
-6.95488247843933
2.8034196129320463
18.734773455023785
7.735531733299869
9.730647603647054
-17.261712249479558
-1.2739341203539212
6.123453181764557
-11.175239052078418
13.247855190594969
4.265085227445596
-1.2153402780273552
1.5254381149783889
-14.247508905426276
-15.53119355794339
-19.63961311919112
-12.484088037511887
8.228981858111453
15.543994823092625
-16.468425969730646
-15.896483986146528
13.846048594358443
2.5215495138152804
12.92811764661186
5.262191727598491
11.105757527455175
6.5613983142010355
-8.815594851406182
-11.968704156492201
-19.313080353587967
-2.4373051815444704
1.0058771575031429
-15.02107056528342
12.364501865470174
13.443601330623338
-9.394805914837532
-15.454335557488479
-3.1780869522313004
-15.834112374908994
8.175236083228555
-5.885706384109701
4.4018691158271395
-13.252307950586806
-0.42747516173229627
-4.690291268476429
12.864634123976437
-9.941743482342158
4.423416679858569
-14.759487831806801
11.563454586555455
-10.97785131888514
15.722714748145762
-12.366056454562617
-1.6268418624401981
18.380185063244355
-7.633408176159007
-3.574560183567982
-4.584653780654783
12.26147488124272
19.645598988312138
-10.511132101968293
2.864462934625468
18.28132335724238
-8.883481668187251
-3.906921286657056
17.202564885506916
-13.524467416950605
-3.08020377238034
-10.64477332930573
-1.8502744006653344
-12.860668486689907
-16.748237549947813
4.3730803301147105
-7.4395457083314795
-11.257198264164652
1.1187149411213184
-11.620372526419946
19.49838661504286
5.120576432806267
-3.862705246896539
-2.2392828052986147
8.208094191530726
18.200073014437493
-18.327682205059595
5.275688115134393
3.262214193344942
-17.2108027085364
-15.493347582635696
-17.119870939008663
-12.5444370341505
-5.345415229387015
-5.950269754673695
-8.940601721098243
-13.789406059203507
-16.48141249230262
19.95627911936998
12.991626567246279
13.600608690292162
-7.724178337147922
1.2346868642060649
0.28676760723664785
-0.7777421095166268
15.847427339500932
4.414788789925936
-15.454034639415678
7.523949589046083
14.938849745011154
-7.953662189103401
-17.607127674182244
-18.76950780584156
7.959386993373553
10.420386707326593
8.293418483172395
-2.769548477219921
-13.797853894663143
18.17032045015219
-13.527129367977428
-3.719186818216997
5.251494664678962
19.257753610264096
-7.993412473434907
-19.08864901020635
-6.436519598956121
2.313206169248364
-16.414417850921375
-18.677194566497395
-1.3702424696251043
13.883535054126483
11.125041656309325
-17.93452666339968
-11.723424504813128
-11.742084566347323
-12.744739962894771
-2.604639983781965
6.1915159366880275
4.502810618878318
-18.932627368395423
-5.351208777119897
-15.221181414581434
-11.205259575844494
-17.391128653110496
11.048865475495884
-4.882971057329479
-7.860033087950281
-0.08140602131666341
-2.152613686434755
5.8757013359081895
0.10148404214210416
-7.231432745910315
-3.4784642406546062
-3.8477314101986018
14.4040237857349
-19.8534869171147
-4.510341015180611
-1.8538047739144474
-1.2911282220138922
-6.717365575998855
-5.488049712542921
7.765689392433515
-15.739462066266881
-10.362211792814154
-4.450976033361474
-8.419284104446309
-17.41516344430142
-10.499870274340331
-15.499041156234519
10.85588021866739
-12.02488062556036
0.25339959851095983
-17.050855254321753
15.107841172485855
8.087957685760387
-17.628427561572828
8.800443837138182
6.148779846311836
1.6256602916906076
5.813168815117518
13.715000434637837
-3.1555239949306255
-11.014552288291618
8.496269711497746
-1.82131440019241
-15.438355911767093
5.803577978150084
12.07987473045985
-3.49423998062068
-1.850869140276469
-4.23014117723493
-16.345680809488975
-2.0141828056790914
6.220530666051651
-1.84934038244117
-18.95298102933591
16.526860879096354
3.8734399819917407
-16.143950201716677
-5.2534546845706664
-4.414585838263513
16.90617946341232
-14.946390587187652
-8.587754222163335
3.153939619352684
-2.026184150432453
4.106460530597502
-2.27482778831569
5.698237497033276
-0.9859331188355753
15.842955313934745
-1.8455445054930735
18.623882232157783
0.6226965687899835
18.823348827835765
-10.488492680051685
17.022328849479237
5.3080432384712815
15.985849951065553
-11.225003569428518
2.5317725437070315
18.112052808851203
-8.517079202277156
-12.991196129475767
12.958186306873188
-11.871941311804143
-4.301250171645478
-14.67620817202166
5.265488765024283
-10.096908434582325
16.5553085491526
-18.62572017221399
2.9025054500533223
16.055669372167614
0.5022644972927139
7.558865231091673
10.494009255201966
7.811178193583142
14.496868636976153
-10.607177298217639
2.004394838811656
3.819965316140671
-5.427289441487408
-17.770949969116757
5.8514793101015385
7.894830524253464
0.7519976767301806
9.046197471032787
-2.123358524117563
3.6423184413010503
-15.054796689217152
3.3669291988307606
-15.457805199403394
-6.461147921555593
7.824269653043032
-11.083804143370145
-3.289412695666588
2.348790693783993
-11.211784673208282
9.006510272419952
3.7011923956867
-7.171038173165162
9.336067432505818
6.693888382764968
3.4801244372920976
16.823315302033755
-14.984885787743213
13.681456699071092
4.06636226423668
17.9827638428347
16.535230309026417
-17.21741040775312
-15.013565145673372
5.668750760474538
8.881172900999566
12.88808026045291
-0.905183976308507
-9.489573476035273
-18.17593201084478
-17.423101257115334
-5.862722416594366
11.068532299416745
18.992473094822827
0.25246601232239385
-17.05287142505817
2.5674492260369206
-14.988527944475788
7.365432652000404
1.8927350651968702
-15.493271177472533
-19.38706157986289
9.16443477882778
17.092570646820107
-7.464191610286438
-1.089013106104339
2.224334741590436
16.248298855879376
6.112055986948587
18.982173388028095
-4.47071069840495
-18.27282628496424
0.7521184399177692
15.449019141190817
-11.152025652296906
5.931933319747994
11.63406518461462
9.946561555837938
6.691022791399362
-16.72158526274268
-6.8413493870268205
-6.004275048517215
-12.529275628904216
4.805392099102445
-15.033756802105431
-16.883176084802194
14.412054146412153
13.895153989155887
16.274248783717276
15.298094323298002
1.0765392328672974
-7.545338032652564
3.241333141157728
8.057705187453568
8.203004701002506
6.6027629777828665
-10.379479612582445
8.228001049635793
-11.856822999702299
14.972646079425772
4.806552637715452
-15.86965249039688
13.138882028198637
4.910601917552832
15.615263122693392
-12.91849910568343
-6.511576524218112
-9.963378526190603
-18.233961942476945
-6.829326881101721
15.586044102929279
-13.415400111190827
15.122748496546464
-12.969329663899632
11.769925427020244
4.756526426655778
14.990025233414677
-19.040613775173114
-10.537249346655457
19.318148753790013
-8.948836713429827
18.154109132023486
3.0099462316599954
-1.158038687984675
-11.860574452550905
2.0347805664766874
17.560087676040595
-15.586606540713124
4.372627928966185
-2.747948954495918
-5.728382687292077
10.77226968750385
16.48266715036624
0.15653984079772698
-18.03563661168518
2.2759884958983356
18.26093291740178
-4.378189178848405
-8.943135574110359
13.524134920111408
-6.654707725572532
-0.5839840266007315
-11.626520153291287
7.367306893680205
-4.44881273861454
19.560222570794885
13.907603963784652
-3.770561601675901
13.105322771806591
15.929591148538933
3.223038122095847
11.786123431925112
17.928887299561183
5.360668451165576
-18.24493395160348
7.824793872089874
-2.792645960818085
17.892146527847324
-5.938602797417808
-18.443094794644917
14.880554974346552
-1.3321565750149276
19.013867238977475
17.416531602018118
5.037221972880381
7.372563348316788
-11.615305735629082
19.734880455877672
14.117732000050822
-12.585180598251924
11.772217889559538
15.279177547129983
5.5834769705762355
-2.339688168272094
-19.67451067380271
13.825740639051219
-6.828434056295517
-17.042541008953364
-10.241296173727177
-14.930119151066506
-14.308499325261984
-10.304173473953643
-7.0519113885664275
10.470532575100723
-3.116615808155288
-9.540843477782097
8.982056270445803
-2.6961589547947256
18.006585970264595
4.788550897980542
14.071206521832323
-4.358404387806235
17.243027353095485
-10.988108181250453
-8.501498585329541
-16.44438756346702
9.258482612487771
-3.6380879268296695
5.06518501263691
-6.644818371898808
-15.190721659988009
9.579863208648188
-5.785310974182188
15.0182340073953
14.53965520942559
17.08816676700563
-10.254117899508408
16.306594267551375
5.528635220414671
4.513724804325022
9.291012138912794
-4.139025958124698
11.964001387527876
-7.550053879607038
-9.48720868101752
18.21708406724133
7.9383365703452
5.88749810590128
4.458593451592069
-14.20869554759475
-0.14608184972530225
5.4230308400052465
-2.9853762254706986
13.233355154500408
-8.007943935944635
-13.117460442353867
8.620151817724732
3.4078051186507743
16.117330475837214
1.9034150633813987
17.73011005489647
0.30890642671071333
-16.516734706850286
-3.4428933414016463
18.403778507309923
4.507590080249955
-6.7630687323580965
5.1100103700737805
8.05720292815845
-13.040118486516104
13.478662367947514
-2.0393761958390186
4.223386415863423
-13.20963858076218
17.073091098301482
-0.47290255838778705
-5.287294686209197
7.848534576893304
15.528029738134009
-13.5073097056341
-12.160713886627036
1.2398322864223523
8.745366001257121
9.262705371096093
-7.149265225212744
-2.117858241899903
11.584381942991332
-10.869198315293316
17.785680625692116
-13.111905708640599
-19.642995320278036
-10.051837166356075
-10.407613819916385
0.6635107283244608
-1.3725043181628251
-15.42337843514122
-10.168801655191908
18.9431322993697
13.675753619402236
-15.914574289465651
-9.426020002041842
-0.9770020933867372
0.27956603374315137
4.3965115520549105
-11.884348080916599
-2.371293702965712
-6.79612363498061
-6.115910853558674
-4.961140876670953
-16.99825136919908
-8.498247095265977
4.825365183175478
-10.209182575857593
1.5617739488529914
-1.5144837996609795
16.203003121490312
-1.6094636242636575
14.317880779350112
-7.710236001135895
-9.6210450819664
3.6424759819675927
-0.6410100024076897
11.948334990036315
12.68793197373433
-9.62089631016557
-18.919877218608608
4.032823412031966
18.941969737764175
-15.097733938859946
-3.680603717475279
18.805835104993896
8.684938161908995
-9.876837641544416
11.146943999797642
12.147892750494393
7.92852039430371
-5.067811775782296
3.5974183456424385
0.5617601096323455
-18.611209817568557
-5.241319072228192
-3.052801015200597
-19.680903603789556
-5.2698795859339675
-17.511616706197852
0.6175987300003207
-1.8132377371596142
-13.204350124309405
-9.88619969989712
1.2834390158423226
11.603360368705019
-6.82236665780751
-4.955365518607152
19.351756493416083
3.9170807985025746
6.449829087691498
-4.9934692370912295
5.876388788295529
12.925385303079992
-18.637712491007356
-10.751187023775422
-11.403743840079187
-17.963797480872906
-18.16856908933675
17.555746367229446
1.7830340357308572
-2.74841926447802
-14.008017312128281
9.959539376514208
18.68773857054039
-12.05808115069885
4.964893862105953
8.206977425029656
-11.453227167287983
-19.36016883188725
-10.927543415835267
-12.055273893929868
7.329594774779338
-13.428214238263854
13.355170002193482
14.747490137786002
-9.969069768633133
-11.519317070128952
13.459195344771253
-1.2666829173331884
-16.637998984310435
6.827005763628151
-11.217850959055887
9.069843593580647
-17.28939063929605
-0.0950768731504752
-3.863555888831126
-12.177600114300255
-19.602730151828823
-3.5803596950418353
-5.446686600649709
15.82371608632343
-14.557420685657153
1.013923507058216
-1.1091387956742054
-17.40840491930021
-18.21580067589892
10.683579057658847
-2.965638053145998
-16.140209543332467
-17.556740603164073
-12.144455747153383
1.6189108881540761
-8.011620056926837
0.21452055656934732
13.803946900554408
0.917274981099915
-1.5252342130775176
-19.076596490174186
-10.2972772832053
-6.120278276820951
14.749382872203157
17.370990370662078
4.765456907112689
-7.893826692712832
15.5091714728581
-0.47731438448039754
-19.83640958325473
7.70837893950354
16.859767026117915
-8.880108105522652
10.272942484732464
-7.635267262648743
5.677505810170118
13.958368004659022
-1.291913291199318
-10.580573454731228
18.300794630086962
13.878767209458132
11.46245738889775
-12.983685023076038
7.261113193176897
16.365740854831124
8.681528515157293
-4.243007005612252
-12.58334800873644
-7.30775693972733
-10.31503848386734
6.12213857881018
-0.11077382643806644
-0.08931053261471789
-6.397503509640607
17.56183554353997
-13.993160023550537
-3.9151947456430065
-18.651602156723726
7.710038034273904
-16.09630620259228
8.475503634410522
8.827824896269412
7.797264778303202
4.8697014287893765
-2.101058764182394
14.633531081775935
-0.5356924274371693
15.945141954980762
6.121833236565504
-18.30166005182121
-15.943705985248586
7.679309386157005
0.4785335921481888
-3.6042622541469918
-3.1808165813000784
-9.595120218992523
-10.954737944557454
-14.033922476634167
-6.5660304076308496
14.279025372627487
-15.554734478140539
-9.211854640520315
0.3408008214985401
-17.741091203861604
7.366124923898745
6.047139365904609
-10.863958212331294
8.61743781531186
3.7710138821755557
12.144933579181298
12.595954009990443
-17.942071043935734
7.032057280304777
1.592398223686125
13.265016633791575
-6.955266476890682
13.229826365864355
9.794850905652286
-6.324683292439811
8.408118495805454
16.174861925205796
11.87764781563807
19.6802647900251
16.946272192562184
17.131836433134424
-19.196668033042936
3.2754973191571395
-15.81604707812212
15.58241874208403
6.47195079332959
-15.696130486101406
-14.443850584829105
-13.259726127422478
19.786556503539778
-17.957930120258354
16.740567626876796
11.843526913128049
-6.586068592502787
-13.570393865144528
-16.38520336452968
1.1115481973998733
18.66378563799767
-4.182201080549337
12.79645963003449
11.949526727906921
0.6602067118094013
16.935600989411306
15.106238914733083
10.933979563964144
-12.337187366361157
-9.7