7.432661473464719
8.23026626133396
-7.313847381046417
14.008798082217972
-18.330258338705036
2.252435458556178
1.2385839873091022
15.926061485834047
12.526867701755123
9.353813754220223
-3.012205109208729
-3.7879549736523828
-17.143922996072813
16.11191272295855
-0.7693172931119037
-7.207806302929054
2.9822218795552082
-16.983535859152997
10.118604776593084
-2.929989652443872
13.56765680731727
-0.5866477145490059
14.499612819751945
0.804809411974329
6.752311397488938
12.875514939133708
12.365945051896922
18.795209209942655
11.504825731691707
-8.940795791421703
-9.220841338737564
13.02905302485626
-15.801880019673673
9.824950198006928
-16.349948555169775
-1.216746396559813
0.6149400656400097
11.986095542452517
-13.587594483843247
9.459486025724022
-17.653367218725442
15.09969787183097
13.909604081947464
12.977121200501685
-16.871566087025357
-4.364502700620658
-19.346752166190413
5.9182106718612815
-12.647179924914841
-4.349112645000339
-4.241264235100761
1.7950394644076972
0.7895520389506956
-2.2450903460573777
-13.493809544333612
12.211706399206122
-0.6954672976885554
15.13380554327047
12.350881176736436
-14.647129037444344
8.181254575949126
-0.07178023938398326
-5.152237713536918
-7.137156127764683
16.90515409914154
-3.1673751574497047
9.254863979424435
7.971556864187196
-14.399407932741006
-10.008713704595289
-1.6935728142949422
-18.61224441525533
2.6173803939565197
-6.473644627829813
-19.76053298999662
4.801103604783542
19.535423354528007
-7.172867192402478
7.653600532206855
-18.093207840631646
7.254933818476928
11.814366907681052
-17.428429817612678
19.775311758551716
4.207451307011816
0.03730619074905661
-4.384530491420225
-11.711745553024162
17.97222238630168
13.421514648662544
11.689296801813423
-14.419654878539593
6.178086316527889
8.778853273909
-1.6541344932349347
1.1933957739260705
5.7905119262407645
-15.43127398019227
14.747928433946626
-18.213310656477905
-5.6547179454535
3.230413531252836
5.518697589064043
-13.802379485133054
14.268087052115149
-9.15115425462238
-5.522004320754927
0.7661564010924522
-15.172755857619947
-16.224648769206475
5.05810673383526
-7.175999442072758
9.153235467223688
-12.475781135428164
4.244571804054548
-10.221146189310097
18.475922429578496
-2.919183829384494
8.189502296825445
-17.192509985585236
-4.986395127517941
-1.3979171656877618
-12.594373829350435
-4.704821704957709
-10.165150580207882
19.51652072286349
-12.211038729115145
1.1159194133755364
-11.033777766969832
5.867986248221001
-6.483597418763608
-5.752612979654131
-1.54401667205045
-2.3056422837721584
7.866582874863013
-15.767804446143714
14.050653762129556
13.473087124592126
-11.846922793242115
-4.646509035837161
10.392410857174845
12.831711612027249
16.432292082381075
14.451984850850671
-2.6226395067096533
10.025679231939026
-7.187683273281813
11.28221767913072
-8.055773305428486
-8.56919211573899
-12.227784138994133
15.864722655708803
-6.668340144431619
17.628536825546128
-14.716419889379747
-17.256315486548502
12.367774641192838
-8.138107523039597
-2.515370893241876
2.539697593353157
-16.109071163039935
-11.331159488408433
-5.803999994035873
8.44262082939981
-16.98259019061701
7.2022081920770376
9.347709224679367
4.9348357779332375
-5.669862603328436
4.586474563751274
-7.559256227222836
16.11887638698513
13.294049272832012
14.626896682127928
13.362119552761769
-12.070737603607196
-7.843140003128145
-2.6505211553827337
-5.583732294050044
-14.81889392291742
-1.1785625678330724
-18.948515588152027
-10.354914928590873
-3.7569389374856854
1.0032679769731985
-19.062058374762792
2.6209499018962426
-8.583980009987663
0.7120766910843486
-1.4567234775101845
-8.241026453645649
-17.683022305496785
11.805674370373424
19.432739254378667
9.874718254851622
17.527065113461425
2.0764242998014346
-6.544376747424177
7.701657600151389
12.729683355793966
13.615417075572374
19.643313988671764
1.186829883725693
-16.27205281107582
-12.506050862969754
14.328252903335226
1.8648502557008406
-14.079982142095044
-19.40545599716085
15.387363906278757
-14.659446816959655
7.36001844538956
7.176893083329734
15.99486326449162
-19.09466995333682
-11.955265671865721
18.953204991156383
-0.08934520400749335
-16.621734056364453
-4.925161872242327
12.08585408834064
-9.32440689909856
19.00999444386992
0.7837417968913414
-17.967583587559982
7.270394588979421
16.932413529254404
0.2042446427314637
17.403778543805252
-1.808024534018422
14.36079829696309
12.50072351747366
6.544824264751917
-16.411865135405318
14.30383825722344
-15.906733921536414
5.5133402717610736
-6.813158913774831
19.175393387440145
17.06128347529787
8.261535353226549
4.8981441489826665
-6.912435596427562
-19.325851678297052
-3.754335894325745
7.915646318199599
-5.599418054447316
16.87428961775486
16.099864039899074
-11.845644280426209
-13.786345341595556
1.5211448908589844
-17.067316716555272
2.4186390762758627
14.000338186384049
1.1324631311748306
18.80483038275508
-10.707135694587432
-7.021129347181457
4.4722707738438245
-12.75073070899644
15.735796478545474
-9.416177471393894
-0.875319962864225
0.8764732694530082
-1.8116968122029888
10.743048637869492
4.595493331667008
7.556141867287259
2.4589159588789578
13.530172677434138
11.202581076865336
17.763527483567096
17.30319953334586
-0.6946827083017126
10.346613097067504
-9.607614409972411
7.929578432323755
-17.209579535218502
3.8238053499118543
17.633741326483552
5.83736750960535
3.5412814771566374
-13.53384305826932
-0.4869013773442745
-14.967573878061081
16.35214680023053
7.840646390941316
-15.120992046943726
-14.349740410135482
-11.066030571034421
11.124654825478949
18.816155787397527
2.523741631151019
-7.385414694117269
6.241453731531021
-14.759500563437488
-2.5852610467798876
1.0707172544691588
-0.9623411780637809
16.90269367020518
-2.519714907210325
-19.178774576355785
-18.36712048346717
1.4627827945261238
-13.053145949925105
17.12435709797272
18.1563918976047
-10.680889458908718
3.1223243537811314
-8.621984249967497
4.030867180933658
11.486650140579183
12.488535303083673
18.58018576600137
-3.9882317587341767
9.118763402914517
3.824896088257489
10.548383440657709
-6.497327536199634
19.41453231052592
15.382585131587959
19.696546479584896
-4.467420392163909
14.387182987365932
8.6419243404065
-14.920337279210418
2.584962581141724
4.823953328970742
16.935605713065726
1.9006717130762922
12.915394642816338
-18.193853955881636
-12.220766719624688
-15.524005495319177
19.30031970884147
7.887346897815579
-2.3516316794472623
-17.495882792587025
8.48586330336883
3.205139672623744
-3.0498753039271733
4.663058998681258
-16.195607014487425
8.434142034916515
18.8452576855955
-11.28248887365261
8.564131116107895
-5.635713825359554
-0.19670005868535867
-18.546472682875304
-12.191273684003857
19.001711260402068
-11.323043681183513
-12.870564443991395
9.345228784034965
17.941032121683683
-17.78472368653112
19.06523374514144
16.732710996148874
-16.5999832142126
-3.25977053977034
1.3703179712108096
-17.785346344558285
-1.2804929181149696
-0.42204810481727506
-8.652011846744617
-13.216866219427125
-18.259443866624814
-15.079361843012862
-12.03178280478355
2.865642798718646
-10.70252309683013
17.882235538045926
-9.16970868339185
-13.627704572869227
-5.468709301828278
5.805125086955943
-17.207110430752294
5.605560018717508
2.7358044558635655
-5.084732287179982
-1.1376541552119974
-1.3185641008054176
-10.289696507787912
3.284999558981273
7.925760789130809
-8.319572696191546
5.758595435360245
-6.198345473745231
-5.779084035436783
-16.181679417963238
3.1747153932590635
-18.88142220190565
11.772294390655468
-18.746711563605068
12.422788481073596
6.2290453760907205
10.812546044429617
-8.705731154310307
11.580561178720256
6.046347182488763
4.624233838766418
1.3098551683837734
19.48097697019805
-0.10284363691554432
-1.4703194687459344
-16.591127672038684
16.98739107380908
16.113766544914327
-18.581497883209085
19.370819183581254
10.679366561395433
11.560845301409163
18.19705341651232
19.413762870959083
18.273627935184415
12.518136400856442
-9.246451421549619
3.8240875488022468
-8.437321805278447
9.052642523564927
4.177381594072429
19.929909562466378
12.447761349148834
-17.028310174744345
-10.741201035633598
16.74419009558448
-14.92774817715512
-17.703265123907826
-3.9555781678758066
10.808305576770316
15.342051512913656
-1.8360140196756838
7.725902365166718
-7.763356170283462
-19.81326211167055
-12.21080745159307
6.651722600377298
-13.697781147162921
-19.52184338384412
13.92387987949607
-5.341709236157284
-8.034334186930776
13.446468015984067
14.767435349590102
-9.15732148302447
8.779276977489946
-17.651519085158146
14.181116079367854
0.9278933679859662
-17.851245079070416
-4.01040794972214
-17.962556655575767
5.140251081807179
-11.386249944252246
-14.083538996926471
11.23984197920366
-0.45218022960835924
-12.083980757893556
-14.889495133037428
-14.481772808246888
-11.291417055585345
-1.5948897430975961
-7.256976784609538
-16.627062626847504
17.679653805981474
-3.6593774318308974
0.8554404565895979
-12.057442916522021
-9.457022048533377
-9.470573416128648
4.187854724892329
-2.9439983494985675
-3.8898622502638673
6.268859748631957
12.331073520048221
2.550022277315506
0.012233874741681916
15.561775987718718
-17.192080073919893
18.737695934924908
-4.339831760092498
-2.6908104193909246
13.422468036538227
0.06945331259675314
18.391162443728376
-0.16634323201820322
-12.865278373105244
19.35055048305359
-1.0674844224683042
10.376645015444641
5.250327117746032
-2.2176749104311178
15.94408648220265
15.787649608885339
14.91067079394567
-10.04181795917237
12.448282616622059
-6.063655293984294
-17.38187192259303
-10.994876716952069
-12.594455045314973
-5.176567255990836
7.899060368689309
15.771530741180008
3.36669758363934
6.922760720830343
19.391672576304572
-12.792637848779403
8.977273278791777
-15.245994544624782
-8.188946644768254
-3.9659788667068163
15.76017624448432
-1.4868637489530698
9.719353304148942
-9.387036155345573
-3.1830819383547
15.683547311369068
-4.366073383424261
11.83625541863682
-12.169171399870757
-13.083270178655614
-13.178795216881603
-5.596773614468656
-17.48509031622444
-10.066160790613896
6.347252068448711
3.3010537407631126
11.653045485088207
19.99721566196674
-19.661219741179103
16.900962301862947
-14.71674786899646
-16.75799069390118
12.60248407574369
-11.528567783717545
-4.987952129504363
5.141988285934957
-6.969443523023099
1.5478066912877608
-0.9932375915246148
-0.4575341780502704
-5.558449526563827
-0.7576396183661025
-12.402992269958858
-5.784629314843643
2.434695715359375
-17.756443435722975
-6.519974418884837
-7.949873149295668
-19.097986786353683
0.972068421526
18.826145942534552
17.127737026765743
0.8169200094066937
-2.3026488542138637
-3.3153604119024394
3.772869712189525
-18.446267995081044
-1.752633772622822
-10.123578016609006
-7.37848539689487
-14.580376440837743
10.340088214572845
-2.908606551027738
-0.9628001910628434
-12.707382209223788
-8.386237950249091
-6.757112917854332
10.130193390691403
19.78329850162683
-8.027180924923915
-11.544244978145226
5.850288468010799
2.4937569174628536
-9.64980695241145
11.9465766510993
4.048462281010327
5.379567009043541
-6.014857471055958
7.91835133365656
-9.22878745137007
18.255251367813145
11.256232305114558
-10.240579407534728
-19.30649271334515
15.897604227853314
-0.5502357676094469
-12.651275024209427
7.589888182373969
-6.683339629018349
-7.895509446193923
-13.008923940507135
-11.174694083960617
-17.777577644222088
-1.5378862367913158
0.6791120181608079
-6.101260074698484
12.153027805831897
-11.385785816645289
16.720899465912396
-6.037043864575441
11.231977960206805
-0.5304876491016941
-4.462055291251659
-6.683830824195445
-9.251796078355706
-0.370238657852088
1.1955243505101798
-12.911266155267572
3.0206725464951703
-19.720180311878536
-4.619783335065373
8.982898097836216
12.000684931361732
-1.1569130983703744
11.349940159272304
15.542864381383296
-7.5620411003794175
10.269701124143428
11.457049172845132
-14.517452816180967
12.14047907432095
-16.255479976039922
-0.7501960160984993
14.137290049035748
13.596658753530079
17.269566550415753
11.132567203184351
-12.809162597403517
11.578642445344354
-5.026301779435611
-9.084157665483556
-17.005408020682413
-5.489427186508387
-15.043987747849323
15.668490657144652
-4.342381552127193
8.94825670202598
-11.77599301015928
16.112874228721203
8.159494234377934
16.734637297741536
-19.09208537444433
17.124563746359406
3.825382194700243
-16.58227683149903
0.10596453490677149
-0.6392972289763641
-6.102784175594866
16.251778368835893
-1.986583424004266
2.8614777194936103
2.213216749757507
-16.53041424154678
-16.01810611210159
4.716947893826408
8.881131125581891
10.495433335583716
3.766859722068297
11.233039184844653
13.990482409334327
-9.519232211593426
10.794994247990367
18.002944238028498
13.024001901572213
-8.748285316989888
16.930075338942594
8.797025767147897
14.203734999199767
4.59787177333865
7.498033920268515
-12.187022033730543
-11.16861981210905
-9.275873967217102
6.019861393540555
5.643674956589457
15.874600330547558
16.519996439931724
2.0920761798106433
13.144206654037923
-1.5471928055014175
-17.052721031040868
19.574944484366746
-0.7141782864401023
-7.815760147469483
-7.532808413757204
15.87172860718453
17.15159516140175
9.280481690199114
-7.762953953965788
-13.099053063676994
-15.923743557284272
-13.746383181586195
-16.985352580794213
0.962867123951952
-7.38074728568812
-4.934295162955893
-14.014927483155395
2.36640237335844
-16.945381731193084
-15.086258476086396
4.6824815032410285
0.7936476367062326
-15.95449514844763
8.594017269356243
-11.220608631243989
-11.796707018339188
9.200343344003635
9.376949727991153
-17.567253899239
-4.635110114841785
4.5178356690010055
-14.304425337716374
11.727974588146957
-12.282367167963816
4.248173638360242
12.404582073724008
-1.1235876786905905
2.48062834555833
1.5386674000783493
15.957174702530999
16.391813007082625
-19.821893139809745
-11.726213839044043
6.205239138265867
-15.876822105434648
18.787862039896417
0.7191168672709338
5.720445328783047
16.978239613132466
18.457839456107664
2.2788069790802723
-3.508696867987517
13.364623537230258
-4.910529429529266
-1.4003428004590113
19.496619280549822
16.415148012457763
14.318337881939598
9.713053130669508
11.04270651210076
19.45473750922625
8.601880943232878
-5.532058211823392
3.5504895888956227
12.377865480354892
4.959660401604026
1.5800879829642476
-0.9626496772015471
-4.556831888383774
-17.048139274232007
17.630104548900285
-8.412074343348168
-16.67907087868071
0.5495643450704719
-16.0115130288779
-9.038769802104776
17.30234532461698
-11.521351967235542
19.66378167089325
4.347335187301891
1.1224867494796555
-0.5084354312790182
-7.865304052167499
16.238307529569205
-9.299061029240484
-0.060413014975008394
5.396071751054976
4.47679185798901
18.2421946993763
-18.36331563387414
-0.8984313272389244
-8.792259135441096
16.974809684385576
-0.8789743316759555
-5.579914044659432
11.841260645510538
-0.7040135046379916
-2.6238809392631595
-18.870169097902654
7.0641806137250605
13.25388703421548
2.0067031911276416
-5.133455722446678
4.475355849865036
7.20595527496026
-2.741555952743113
5.684491329612559
3.161647987392861
14.612112221110017
-10.088971848396028
-1.0902577127385342
-8.587806191230044
-10.971757361616126
9.61861968279317
19.815557439005865
-1.590939776514201
-18.07392913635766
-5.779020568265082
13.46443774659857
8.478322491861825
-12.951893618841979
-12.391811512690536
3.7250627586390017
-18.68020481482281
13.04469471402706
0.28133914816464767
-2.874646843514782
-14.56245265996364
1.049977178940324
-10.610980344812493
-17.47093439298233
-8.163615543612401
14.962782303761323
-10.797305405162913
16.956234129652536
9.11920097343739
16.662615624803124
2.1203450448991745
-9.468173717300763
15.452405405526477
9.321848138095486
-9.207253098328154
-13.255798175852199
-5.801079331282892
19.31679404387654
-6.175195280421249
-3.765994435652111
-3.2753291859777143
-12.2476986926393
-9.328276536655661
-12.008768155266027
11.640666108163785
-6.804848526670888
1.3499701223887541
12.911554463656117
4.528348176688773
14.162742346830846
11.898161607377517
12.388473718933149
-13.129819775810084
-9.74351040614092
8.094695889849476
-9.471721418449057
18.288969583387143
7.61400215829417
18.100458025230353
-7.933465436530863
-6.5307112683772
-14.801837259279345
-2.022103067354493
-14.600001785884867
-8.015031737599788
-4.730086897848768
18.16527981301634
15.016903547793973
3.143236688858579
-6.219344779954232
17.52971686271951
14.68251288328954
17.82985289455268
2.2738710060808387
11.411467367579856
8.957483940169432
-1.7563849842297614
7.6361935438190365
12.526798339573958
-16.0021417353844
0.09656485109270818
10.212376805973996
-4.105799286858542
15.648518471313182
-9.588784480744721
-5.098283534031221
-12.030500360759886
-0.713313175382968
-14.437436041704208
0.3114527864032084
-15.599941932388589
-4.722120720080545
-10.338895586615017
11.525979572826405
-9.532068368561868
-3.307414102038962
-1.7399098512157174
7.983570327478375
18.338200367689453
-3.499190868834713
-10.116640558760533
0.9435097553145866
4.942467513249824
16.775845961766393
-16.68023948777826
-10.865211837414375
-4.831767116483814
18.63143941042801
-12.049329670746122
16.411104180946708
3.142639769924923
6.003340664635104
-14.781887314450035
-9.348623360615814
17.793377414003146
19.442657470872575
6.311008892699196
0.023957868898701662
-8.779118600448982
-10.402343861696268
9.633597774360435
16.978997079114315
-19.26232693425159
-10.981071991135325
14.5654485306028
9.249086500235698
-3.5846480896228314
15.996517704742843
16.864530735339926
-18.284654127682177
-13.684117677111995
-7.05927087558258
5.535380875211683
-0.7026581467188535
18.829415376255028
-12.174033293317251
5.1564892420912685
-18.370592055080728
-12.34839201895744
7.371931977611695
-4.282722641487439
16.97695048761593
15.555860867485421
3.478075955374379
-13.944405515212509
15.91628409858481
-5.865433009884873
-14.271876384331286
19.6823493780131
17.916921369289348
1.22565312523907
-4.539613325371153
-13.926468935611007
6.638363099363392
19.34965675880531
-2.218942201091668
14.929196623199175
-3.2715884159535165
-14.550053779499251
0.5381608369602588
-7.887777085871459
-6.901612384605723
1.4807775492729007
11.566339293315142
1.2319209142614582
-6.240228898209047
-5.163526406293251
-7.1655243976261485
-7.318524354075176
-11.692984823660236
-14.794894124366916
-4.361743913751841
-11.290317373393691
15.673307682495896
-12.73779697929697
-11.633205059932887
14.434479602093063
18.045457146882327
12.638441015434879
-15.413483811209069
-18.64202935875126
-2.070192420545119
11.58549075337524
-4.508177330242681
3.151579218574824
10.121778131901
5.908703651964814
-2.2962225274220174
-2.253768454806817
11.410076331365193
-9.270350190465443
5.145421204996964
-1.045448621948033
-1.3812079379152138
0.33898153006856546
0.6339818395413452
16.767014576699452
8.40009695773589
8.088709110604029
-1.6758792715554023
-14.19864860830652
-12.922616291090003
2.219366392321337
19.778835035299174
-8.342505868940822
-12.09508071194791
9.190051052475027
1.6603484906315344
-12.059267633720738
15.010286240169577
-0.18228593787106462
-0.442451081251928
-13.998456753475729
-3.501053652843474
-13.698326670517954
17.20192274628988
2.302371382251586
-17.846331699255057
-10.403997841820761
-2.6040523524363977
15.984553420370318
-12.30517102659148
11.803754884783757
8.273131968212791
-1.558210422682869
2.4187805534349067
-15.902349567893324
-8.326034351586355
-7.404686136021027
3.916401559155087
-15.256271133481306
-12.014287716130916
-4.067532941847304
-3.5713944145801904
-16.403443633771445
-1.9198684119073945
13.349516041742845
13.510596315376311
18.75942553941495
-13.194281145557639
5.490287986715966
11.466601684674572
-1.7137925808875778
2.926424039742219
-4.225263868359814
12.92322573833357
-12.831825305915885
15.291311395978099
-18.576721050577383
3.164263628491291
-11.45480292296774
0.8213829374686377
-13.178753239044774
-16.908143301866872
-15.288688611254177
-14.824209738694032
-0.37339703556102677
12.109928366937282
-7.4834722093299355
-1.2238917550114579
9.67862349688076
-7.724719326953956
8.600379182861175
4.9946607799076475
-13.890371579040774
11.300044202207214
8.491476732556215
3.8262001536634003
-1.1260598997803086
-3.7934349426787186
-11.574262826649445
-2.1712290414818725
13.071367438508325
16.985852846047116
18.64687307849494
-6.25656031752321
-17.871660625632636
10.709516977703867
-19.310657158553845
-15.26987169248169
-1.4748042678129352
11.461471728646515
15.178843650555947
-6.9280840129446055
17.52462375207397
-18.60776628445178
-13.55711792374251
-11.402958176680045
4.296709967328489
-4.135146343162441
-17.93516865680234
5.34444179594464
-7.343273425056038
-7.387694735639716
-13.362453200310904
6.692490002656186
-14.909627485722154
-6.096961789495712
8.641449504554725
18.45078274670194
2.904423815523245
13.301312709060461
-18.974103259160447
6.871638314322443
8.614522750088295
-6.516969317059949
14.08285999956378
4.708281464538167
8.865618656989398
-15.3352461240984
10.22979346677582
0.8192900230813969
19.56145399250923
5.220743686681679
18.293875746195233
-5.7563302483649625
-10.8428521674591
-14.47807506461495
-19.69206956829115
17.092515900025347
-11.168610020793315
9.558539045412964
-14.528393331097558
-4.967837322755235
9.115480832117452
-16.273630387895402
12.75947312757851
-8.138265219475915
-19.734257857731727
16.465477897683364
-3.7190351988222474
2.79140887517152
-11.69034056261809
-4.467460371002758
7.788138187819314
-17.707860000439496
1.1372530006350487
8.712693909723836
-7.159597483686042
6.825545847201386
7.513611871195419
11.283713592337513
-1.5293173965869897
-14.340590260850048
11.0198751085549
8.206759502880665
-2.6749466820293932
-5.344797307834522
-0.0960812943660585
-7.878274192479431
12.150475267726854
3.0936808929334987
-14.778472627099287
-0.3945925142764679
10.8117020423432
9.803924224328288
10.407105762058684
-5.11763607724248
18.501101362162785
-7.050411858994607
2.890191407640465
-4.6820121159913874
-3.40310071187913
-19.648248901627635
-6.864791483018209
12.91701517828087
-8.08552190682995
15.347219674354868
16.688420653819684
-12.85813755914759
-5.780453426311421
-11.995925427809206
19.430325147120165
19.7786010039204
-16.568287059144144
-10.20988210684935
-4.203134017011823
-5.336530018622515
16.023283206240592
8.112221997758411
19.029931143458697
10.270743790882264
12.540704125068032
16.36801258983497
-15.033519672913922
-8.321670638699214
2.5761243144802393
1.9070003043866919
12.730823352384164
14.908119469940708
2.9278413587478553
13.189896837426822
-6.077878886426573
-14.748101013135958
8.07827061623684
12.294773187474966
9.183833256510159
-19.884354244837677
-7.405731589677194
16.90487530030326
-16.442795491906715
15.223037394693186
-8.124316141919445
16.482260892970984
-7.643148227113322
-16.91025149073738
-16.910802206700684
13.366485086489334
8.440324274752697
-10.942480032864923
1.6347499502073077
14.259110994364036
-2.988712601667469
4.318785643237668
19.909973879526902
-9.474585004581444
-6.056974185592573
17.851958877252187
-11.38642423293505
-9.569571318676333
5.624547471763339
-6.533107165966857
11.965943194471272
10.03516583644586
-6.646884231798884
5.316342921462912
-6.052855636393781
14.292181731294491
12.189402279837154
2.431299221250974
-8.44887477333728
-3.920455331831157
-11.560151680805909
-2.211343138620215
-8.0295955762272
1.9754283382796203
9.568597157030997
-1.3845286520832332
-14.452125577985067
-4.051187209780025
-13.986594379743927
8.339038202958374
13.24591960790741
11.450397295145688
-15.252438027542063
12.415064710911842
18.574052165753443
9.172671891513609
-7.604624515428373
4.034710688974368
4.830309665913795
0.03192554995159114
19.0461859452015
15.60092648293248
13.582726694081202
6.461583170803607
-5.803136857399004
-0.5004357393073917
11.892975279114268
16.141343740605187
10.42098145135057
-0.7840375419337064
-2.1593226063857287
1.9350517864738315
18.700211019907286
-13.263819116048353
11.00418657196084
6.381303464164375
13.177009367017959
-7.099598151319038
-19.534859642023555
-0.760189571519831
-16.177693493117836
8.01147048995599
-2.2564538333216753
19.357649743099657
-10.014428919306155
17.79608810592996
19.519871965569763
9.854498704677546
-2.791547903919973
15.875512647807476
-19.556362356063474
3.751353777807836
-8.391210028806725
9.281754712986707
-0.1482736951697845
1.623548303942563
15.558527151534548
-12.825772586779465
10.6746817210318
-16.27093992704846
-18.104999946902577
-3.297358875696645
5.6970292858294584
2.542264637452739
14.717557887247366
8.855001957792886
11.108916439176475
-12.671787228307746
-4.420498450961103
-13.072554866208863
2.0599860401433823
-12.370711301168399
-7.717478279966677
-1.9469128594727216
-3.888948426708609
-4.075659678634466
-18.570923949020543
6.894246982660178
-10.415907879560123
-18.92987647497109
8.928779136723293
-11.932110204716896
19.88017390353319
-7.089726532813625
-14.015936199717167
18.90451064430502
5.510950819852294
-1.784642341013182
-15.575231558068484
-11.548434017233799
-3.2443533794506223
4.695455552479583
5.62803409937181
-7.036947159745477
17.543633833378685
0.5435402197059567
13.610874307460733
8.670284998634074
-15.670345686737864
-18.143974449121476
5.276116048828467
8.806943730883745
13.965379112947424
3.1784553864282117
3.0745685603450994
9.967760790206789
17.353393623718773
4.111300395790213
-6.969255487303045
11.885070209698114
0.5329634735074897
-10.61961070272619
-9.12551458762123
-5.286096129178857
-18.093766735677185
-14.218158948896393
-9.13560646181029
-1.7881484471321407
17.491378675207415
-18.177607094776427
-5.973853629736695
-11.39276710661223
6.859577185695819
5.692797769077934
17.489585582958476
-3.894795960895344
1.7970236045662027
-7.988735289480404
-5.754758707171938
9.155624373507486
-4.577652596155058
10.788645396808548
-11.315115044536071
5.85687835005773
-2.097185196758101
-1.3288662549763472
-2.7491778972903624
-10.887944145618569
-4.313186561326647
-12.379071346727102
-0.09190223522592333
5.717805302017677
17.838036822556475
4.289118104540822
-15.103359258179161
-3.9411049434792815
16.903589601401116
18.299817909032242
17.30396584950094
5.131005488926
-15.794738633944378
14.749200471429091
3.3889941303221995
2.806887895555011
11.647286175676804
-12.113511672271331
15.49619728822298
-18.24302157970003
-13.255612419336744
12.989328612345794
-10.613999907573536
-16.160512623014874
-9.139216562421048
-3.47780779513943
3.4709105507336773
-1.062963247901159
-14.019453342838254
-17.50281117335437
-11.866687527302005
-16.095649863867365
0.5966899071709442
19.894611080527696
16.819427759329514
0.7812034596449138
-1.3214951181028631
-4.183322916692278
-18.465575663250657
17.33412817649039
-19.384827065311015
-12.948540441479794
-12.00033125005874
-9.724321786734738
-9.29209245450297
-3.4127211387349767
11.040080973889097
10.505815068213536
17.506213068643923
3.751117540510233
14.013010012270904
9.585033712868174
9.284236287791217
-17.55362726211353
-9.553199695467285
12.009107477511975
-18.994017076658164
12.279606824788473
-8.348648627757612
3.6647996053782776
-10.571527433682423
-6.361169954491789
-16.881939933777854
-14.97269978191207
-9.209333458588453
-17.031220133875507
-18.03986412052652
14.961664231907662
-1.1638157108756886
5.779602264459886
7.442248223094463
-0.1365984058671188
17.60399480877451
-19.852273004790714
2.7845803043817874
-3.9516484369217544
-9.1177130629695
-16.984767123640946
8.2421529641719
-6.739028783993879
-10.468768253131785
-5.488037222343024
9.079826501937692
10.16597756641637
-11.057042871110996
-8.262187963836634
-5.022592430860948
-14.659922828919969
-15.007093841518753
-10.790869776682857
13.436187154783049
-12.966622510028042
5.23516842571744
10.887159125702869
-0.5882700373976277
-19.53275844340151
18.188773331956597
-0.2599365242007394
-10.000564382966072
13.616061394282596
-6.095135031480542
-10.300856525668237
2.7454583602760962
18.384169026876734
-11.116823496473206
-9.394315864496118
-1.074611042024376
-12.374496881108428
7.784628460640626
18.755358516053008
-19.38692150965784
-10.330706464684955
-19.10226271072237
5.752192488327626
8.563697800868518
17.463012525936108
-11.385429123128613
15.210532225293143
15.368517715629089
-16.203125537583375
8.725677836103447
1.2188693357280265
5.625966111133266
14.02874597191878
-12.47256729577721
-0.33884507166842326
-8.95013338896922
5.781787832448337
17.75918310723994
-14.509163906778024
10.309200211647841
-10.24466600564693
3.1857453084995377
-17.27836646968371
18.848352797932947
-1.7921743682193956
-10.574901561670828
7.162852215373444
-5.042222703477135
-18.995047677167612
16.651430794878422
-18.13624094432342
9.15047533673399
8.36720443748684
6.7384310445581335
11.782570244245058
-17.20088510821249
-15.983335230451011
-4.346555654364712
0.8413350119162821
11.723867376203604
4.490062481277715
-7.853765251128145
10.545521175151947
9.087181838087016
13.921502987353712
-4.208558871174262
5.735563697520195
0.12083342648999107
-6.628766247511656
4.994335202543276
6.2294102300917515
-16.63147054922179
-16.214811583094892
4.858536506073186
7.639264593216069
-2.0170618080237865
-19.718249919238193
18.901511230756412
4.050261976961913
-17.691393221773573
12.322750669871816
9.626823759413941
12.436101890008551
17.43734518571432
-4.444805622311776
-15.193199846067138
13.208598914803964
-18.13387100907754
13.923822916917842
-7.844729210580406
-18.620864004502895
0.5428509176583027
-12.257841320791725
-18.97615096952878
3.935109135176976
-14.844907592423603
-5.17676836920538
16.740346319884736
2.1372368534431345
-4.646520908051098
3.730813507598075
5.7536873454603565
7.672705908253853
6.989016596062317
-8.488247079343223
-18.176925668638006
14.394190302725384
-14.025027308234947
17.750732664717226
2.2923787400735094
7.382675073072743
-3.590365157789819
12.171239159130835
19.04328848150442
-12.125677644983334
-6.001984242126802
8.6131388283168
-12.356583262078988
9.744594864266457
13.131177232513167
-0.05629106386213323
12.349026011192592
-0.6220241854928474
-3.9872721065630614
19.029146632313527
13.452914656947016
16.409987479491463
13.981468122977326
12.029630723805063
7.9773732664396775
15.476511068748351
-9.28107022638546
-14.655638870837873
17.80661837511903
-1.6056981918789432
10.725162493418221
-4.437408756115534
-11.935873657986802
9.83391377976234
18.334327944320307
-12.174612428073441
-16.665082652128888
-8.595115540726708
9.162558320527218
18.90342136339173
-8.902187811899607
8.680231992160074
-9.556712106435853
-17.38039468529484
1.388866531823986
1.1284563992743344
-13.863433288218673
-16.882521516582813
17.162179324612403
12.505195399170233
0.058899236492958806
8.31505852126757
3.0243383012800322
17.17806314265448
-3.0159789922084492
-1.1413763399635144
-9.571802590246413
14.106052683691942
-16.43490303116927
-4.450942404859294
-13.502278313570454
-7.703995172272711
-16.505729864229576
9.304424986549364
6.695380287075118
18.977666881720275
-7.918423484407789
11.607918724075756
4.896524879705787
0.8106160820046568
2.334597075493715
-14.59754632220005
-5.714466745213279
-12.231031648015884
7.668004277250912
15.753032775324101
-2.9005350828820156
1.138837985881139
-18.888060503975026
18.2056202342485
8.148543612697235
15.56571395643443
-7.061372038573017
-7.968476179198781
-9.522112379703746
-9.986687026435854
1.2352177411590226
-14.557984053206354
-2.2073333203753656
-3.1800267193649177
-19.37869124506388
-19.910042552267413
1.1508934574113496
15.462286643123946
6.95737010772676
19.080686613255068
14.024024142470736
-11.723768460856622
-19.59957501139379
15.178362893964568
-6.97393769257134
-10.367490252003222
0.8710231218283049
5.613518872311317
1.9145635079688859
7.57183471459976
-11.179150583225251
15.388618712870837
-14.716964478942035
19.054357303603318
-6.440156961192889
-18.17231226752976
13.294241403585886
-10.50491172005577
-11.099988598931665
3.8706272510446738
-13.768127010535602
14.320896009208717
-13.629504335990807
7.620747270940733
2.960144562032486
12.211605541477418
12.120425734949656
-12.45048247489505
-10.184114350274548
14.124004826016822
-19.398940417889786
15.741027867406828
6.562429944680947
-18.95877336236618
9.803184330181853
4.179850367966139
-15.029076098598114
11.981820363694272
1.6674579963477498
12.91232120786551
8.504751789386525
1.4591775097306723
6.631138197254984
-12.86410013101853
-4.213403228243017
3.872705159014952
9.137020564756785
9.358977748046161
15.470788011496552
-7.78337810057447
-11.075862666118645
-5.223579725902351
5.007294289346017
-6.965106731305379
8.828691679746893
2.9819399324983777
-15.990973589861532
-16.512188881674454
-19.123621499105838
-15.487142296912095
-15.869214456347569
-8.349083699727773
-13.974266513580385
12.204213315229595
-6.967859705962027
9.883687513098693
-1.4380072431845683
16.3711699214671
13.920613300601254
2.9216065656758943
-8.421815567109437
15.051176541380556
-5.664875431645884
-0.5487878700049365
-13.071688904392737
-8.720891611703818
4.567312191394542
15.20477064799568
-19.064551160453355
4.910639533685632
16.651696594199656
-11.931843586602584
2.2764008243633995
17.998985394699424
-19.8321839303227
-13.060563766450732
-17.571957129921017
-6.631115817028856
8.05642731467271
-15.083329266318923
7.303570689130577
-5.366623821730613
4.251737767384903
13.301928509896626
-11.693171504846006
11.437530975510516
2.2597133592099574
-7.5056473304162985
8.57203533578419
-7.274263899136786
-6.986029318167152
-7.054329031204407
-1.1182274791159799
-7.816192847948384
-10.715498524384316
10.748665742698385
19.53084660919974
12.683408019705354
16.202937777850934
-13.765282859700502
-5.6527803866791295
10.286461799143392
7.784046893594304
-18.2348077274819
16.090344162021132
11.78884487822431
14.286853474490648
0.22303343611640258
6.587582001479735
0.4337727064806849
-11.453172456640704
4.892121142948518
-13.128694770962133
-15.315117060884354
-13.200195178681678
-19.40602097366499
-13.514732920622397
0.38555746072805164
-4.794321965482933
1.0383345200375373
10.767624201430511
-18.785790985526415
1.8216083226591309
-17.627267581540472
-4.708647575970275
6.326977129654928
-10.365514477652479
-12.53248439740565
10.164902176056305
13.827032509395451
-4.561708705302809
8.407572111980514
0.907684791740909
3.5730649915703694
-15.12948894609048
-11.864610518344056
-16.990755959514942
-11.508377300267977
11.187315258685633
-0.5388935316655044
-14.038757027468055
3.7409660834907257
-17.073277568602293
16.276123663251994
-11.902254369763327
16.50418158164934
-16.790423309488844
-1.2423696897115235
2.3762788540645055
16.223917973621383
-9.839292617005423
3.246371177491266
11.057773119838245
19.280422092440652
13.426501739392677
6.820230973890009
5.999664842391951
15.21673177565382
11.688340005587055
8.433200379867507
5.39048690893182
12.586978977605845
17.565446713235083
-15.48003703745136
-4.832907901863095
-4.115243498136731
8.98027380195657
10.291355433037587
-1.7360055240009373
-7.305595037214928
10.417875597279469
17.215564257796117
10.063184730830216
15.774773804234009
7.505161576922426
-8.080919950165764
0.6321409573380663
16.786338838557505
10.572978351245649
-7.361632738257317
7.130591253872716
8.582143270079065
-11.122959826855578
-4.018094501779013
-11.235409331554486
6.363217364875457
13.77775823916452
-14.168961951512898
-15.562549916287644
7.909280718356776
-1.1713086755402031
-14.53071751505487
-4.638648117268534
19.933854613093857
-4.860493587980784
2.2984935719138093
-16.155141319208436
-17.714192093739044
17.841494019723314
-9.047821138626926
10.40791996363589
19.91513763809668
3.758411806549521
0.8701381359267266
-7.955317672133791
15.823078487601329
-1.893769597465873
3.531383919513228
1.1742972528318205
-9.599974336048493
-9.429342292993201
-1.9158069134912026
-2.9708057061484467
3.6919606865091907
-14.127859967226875
-1.1504933335320402
9.830103231082305
19.421413623567318
-0.02601576553356466
-2.891428735587102
-6.27703306042886
-15.313518805732599
4.8647433173039545
6.211839453304087
-12.243852505039804
-6.322713482326234
-2.067034872353389
0.006292608218032569
-3.337385054633181
-15.889306031695494
-7.439060637207543
19.205353344891222
-0.4474604731368217
7.279472584998388
-14.67695759601455
14.894582007305473
10.346967030804926
-8.015380429967106
8.760543217336249
-15.038974966949517
0.7531814903237546
12.690403019886915
12.46031834048496
8.260105375152236
-15.217114303609982
-8.86205529307244
12.693236535779072
0.2315041310734891
-6.813142228449722
1.9342308561033228
-8.816051363294818
16.377742089791965
16.405188460671482
-15.853410341051838
-9.073127471898887
17.04837001141349
11.574529786634642
-7.8385118830473655
8.477497514197548
5.804701366892768
6.070392223299301
-4.145613273499196
-9.065231256232025
-1.0942163452952869
2.185519853517622
16.383262071270096
-16.121700978717328
2.2926449084106935
-6.969831146046758
7.6695924759455
10.642807326325201
-14.090345896246145
-7.417949512821869
-10.307676156793967
9.488309940203656
15.372117085770107
14.302291389504617
10.849354846602633
-19.114893554146267
-5.422465275457938
-14.231384849273208
9.545762159036435
-14.45965171454407
-3.999123645432686
-11.70549995625282
12.79127521192433
2.6264923790814088
15.336361722046775
-12.517934012736053
19.147740896890745
14.55620845070166
-13.994099566689924
4.3968268174996155
6.254667907556552
4.109593271698721
18.710297184019232
8.243630031204244
11.366899978972164
-15.727316169041403
-1.9363053429392707
-0.9876518364545674
-6.005075761160388
-0.47429347953101697
9.422837545857014
1.3544416751741437
-11.42954358459722
19.57138857537094
4.362240236670246
10.522403545407009
6.174554038161869
9.995259276837196
-9.155931472896203
-1.194629063440317
-18.17932525117982
-2.2486239635785736
9.452231980208673
-17.48679116935581
-15.927797233405364
14.262982042716345
-8.5049192562726
-13.756289305693876
-2.2841600034558454
18.75775709300968
0.504017328861444
9.0609089075198
7.435890094316576
-9.944058607453105
-5.187616471811127
-11.798953671074553
-12.178283163321474
-19.437870545734196
-14.097894159500415
-5.2608384853511545
10.517737778039375
-4.7214911067244145
16.78041665201612
10.375456296105071
-2.8830288875670718
-2.603727700065434
-18.467385190441142
5.620641843644904
-18.409019351594665
-17.48906085657692
-13.804334189529989
18.307199571433337
5.032236225342071
11.931622060808795
-6.418064272188374
6.7667944086022835
-1.6405963384236202
-4.477439184405512
-13.542278432432425
1.174888332144242
0.34738172567347547
11.437183974127407
3.3831504838541626
3.992012414617637
18.480956168453908
1.572853700007002
-8.594281620492197
5.047321308474125
-2.7508753670103694
-13.719041079303382
4.368963621186225
11.848840918257302
1.0464355077624
12.74100150686074
15.05453364273167
10.022069108654005
-17.354116523274957
9.118369801004789
-3.8702795566806074
15.723579038756014
-10.690001323774316
18.006025692195664
-4.551904491792476
-4.691733498712409
-13.2087868066696
-13.036888556564254
17.43256561994629
10.961838025904779
-1.9210387960981556
-1.6360006833250083
-16.973706088837982
7.146903262574998
4.692889932105672
12.829061566781661
8.720759509710156
-13.7801705062444
-12.477365058854083
-12.369913799619955
11.22438840727316
-19.897300088419996
-13.52644291410883
-2.061002738193899
5.505781993215759
-6.542515937860514
-2.658177323971099
15.703709030327751
-16.523050438431998
5.200686842394845
9.799492940204267
-1.2136975606311573
-0.16498724261863273
-9.908451082466234
7.210887647074781
15.43140941308355
2.43301825484113
13.713142814567234
13.512544766951507
0.6899621338315463
19.348676610732127
14.345749646120886
9.425709189895205
5.647842294705953
-3.620718789196225
-8.66703173283451
7.863853952775827
16.715399680309588
3.7586048603026043
-12.81325801130925
17.323542810628282
2.3503880301925477
-18.480109790176368
14.29939624092848
-8.785274089662241
9.212506012057116
10.670091649260314
18.798501133823194
15.575513006990796
-1.1100902683353162
2.5869498610445305
-0.35793315308801965
5.060973839341827
-14.77890886699524
-17.227504209260314
-19.177128880119604
11.694754169986599
18.7178052041113
13.1506845594038
-0.41001056292373406
2.740127856696361
-19.00043504987714
-8.870434909410449
-10.901481530466008
12.88882963812766
10.323595664139912
17.158898493594876
-17.516597174988824
8.061974844169043
-12.85703926656236
-11.678304982664667
-3.809105304092924
18.660927671863575
19.59020500399889
11.93166950461201
-12.465395811944862
-8.755370615170218
-18.136575396596935
9.187217937844704
-2.9867454267399864
-8.346568842545693
4.925190668574938
-19.3951009679531
-16.331721819790786
7.274821605601684
8.712464172608847
-8.879741493482038
-7.347353053055183
0.165086640297897
5.204775364379067
4.812544091493454
-4.067554886383693
15.001389460771847
17.014924270397756
-19.387868599564225
-17.46185301102004
-2.70150606776609
0.5197877148070482
8.63940922801158
-15.962720727262054
-4.706222694000672
14.98972765172988
14.258995456349822
8.118083738991167
-10.02508388950937
19.340736782279578
-8.750820009021773
9.130449990123353
-15.596463517464066
3.62719320285942
-0.3466883306746311
-7.197753969839443
4.005786719653642
0.7814637415097714
-16.363926394615298
8.22825696945841
-19.56838372978995
16.530542526570464
-19.97626392514963
-1.7592778684414334
-6.220285990266859
-4.616383983416084
-5.129341310403998
7.065985701048913
5.497565654624502
4.0039121819963555
14.240986937670762
-17.594363089985777
1.0977621464755636
6.153564732402028
13.784430062635934
15.10871273215131
-6.463632777677661
-12.842365088496216
-14.026180314382897
7.710924524951551
13.652576058597724
5.083017118286165
-11.483857083849752
-19.716865088578942
4.91151062696747
-12.7855402438027
19.02368012982381
-0.9718973422523121
0.985432079675256
10.325358955418057
-18.546106334319674
-6.6189812965927874
3.932685506644333
19.896983339447544
10.185078477256084
-18.664485551756357
15.07875625922928
-1.8137663649957503
15.645627403871181
-14.21962245796113
-16.44489112894724
3.3175764636169056
18.143878486622825
6.219709633600402
9.814339974900037
-18.48813386194113
9.277083140103876
-1.692725234596459
2.885750528320724
-14.148474518492812
-2.8197294276077045
-6.017832448405041
-16.69947637302171
-9.402621140199718
15.525294333969413
19.65644508343754
12.269336853994723
16.934740944072026
-18.920277259919075
17.575968145079315
8.888653114145072
15.902044550283478
9.06743870319454
-7.06562026101472
17.76899286698803
13.02877223904558
3.499604983018223
-18.422493328815825
5.8919042260248276
-2.6351819306755857
17.988900564154754
11.496769207100836
-18.664282743350142
11.731262780163796
-5.455269508036107
-4.266722235490956
12.043596621847605
-9.481943051946349
-8.047933691481116
13.579981325223848
-11.341315545551854
14.158329833356575
12.81400821523684
12.859590345735668
12.513216058928485
-12.061410484771962
16.742856284361096
14.093223273685105
0.10126721793973914
1.3658110711347788
5.08579187258281
-15.080781086607136
-9.828063139998942
12.841773698186621
11.549685497833032
11.045767521759746
-14.367567403826452
8.853586510988528
15.897298733077633
-2.4247064224746424
-18.358514516143952
-17.29600525123761
-8.58929159957257
13.620013552514017
-9.436451632233297
19.061057491063686
-8.916363705596368
-7.104056961126645
-10.453179022747205
-1.1421047840289908
4.844488325699345
11.80970502033577
-4.749827425440056
3.4583935103525576
-14.70789154692135
-4.85738070839259
-7.180745652344168
-11.84445704176532
7.516613189085298
-6.308678911028078
-12.390685222978215
-1.760697202046142
8.807064228898827
13.095465916425304
-3.4503372675727277
12.331655217293374
-7.625521831001546
-8.839841962129
9.266283928012768
-14.21162416780212
-12.258404797141576
-1.7005192566211633
4.88505131617703
-11.423163664415274
9.84697277179409
14.58932240124853
-19.871205005291444
-19.73203408189598
16.34727285525473
0.6014166833626504
-18.425726746412664
16.998034487174714
18.746326458237405
17.20631564409014
9.186307847200986
4.7346217047889
-12.518302516676307
-1.57070421731202
-0.9054982585228046
6.665005117972186
-17.726458607341463
15.733117341638419
10.174466918281006
12.91407725196067
-4.22586181185785
12.474831585068756
17.461214718146245
-19.42919811097013
-8.05809097335137
3.8024956386723296
17.486443365582105
14.167490606904352
-13.124807789163766
-11.052175408682308
-13.857653514054098
-12.310558649152213
11.910154801844449
-6.088677248573887
2.23129635928413
3.4685531587880902
5.132193727942308
4.290184096386774
10.978207027970221
-10.257631711468083
-18.4661010864958
-13.827483889973475
-15.559909356354208
8.390808940750002
-19.962768107299716
-4.606763292556565
13.779345885554946
17.99842911995868
-13.365748243023274
9.25177587994515
-13.710218856219907
-12.393044323652429
3.6829673725504186
-16.543555022977618
11.048187679365927
-14.727084115500727
-12.245185755759627
-1.0295407193131503
0.26152826435701115
-10.36417484143838
-9.355942102833463
5.513562520651078
1.2580055064292353
-10.280057959211032
9.915974739506531
18.63612381883913
-19.3573568401644
-19.03570941982169
16.28305327389605
-2.2830603707049626
18.322644581216167
-7.8970572352539
8.567631062999688
-5.253660027697897
-2.1544720976725955
-18.284391309415177
15.646160492771614
-16.195659646331812
-6.366330177515129
14.069085096940775
15.11327585626477
15.287951142461573
16.55761603442697
-16.208779113835377
-3.3512245182529377
-2.615283030159283
10.914607766911995
1.2339551029011986
-3.509721913167695
-12.789657548243692
-2.815599896018796
10.272891971450235
13.648221302522842
16.95614876254021
2.7239492143969635
-14.405835746266092
8.952868757466199
-13.141349230488292
1.9271485451914359
-4.990811002681085
-11.252683229783829
-19.71515118734572
0.9526498453098888
-0.04455508709158096
-15.526106193832177
-19.250556014098716
-10.53231386246038
6.210868050790886
-3.053435156648394
-16.77349109929957
17.000099345657922
-0.8032979541214722
-5.321185515030251
-5.24735608844324
8.392566333065421
-6.801685674378021
-9.42278223106408
4.195223602918709
-8.263088932704715
-17.125342549450476
3.09586782619386
6.963256970727706
9.4742463074919
5.1332129938310445
-14.04263708012802
18.671953928952675
4.849696398206966
1.281309912067453
-3.82125694575727
7.438038084357601
-15.188028879955745
6.207803794102809
-4.703531143596518
12.217798395139077
-16.51066972327986
16.81627336154984
-16.43298871634878
16.96091032084717
-17.460702439104775
18.512926743163916
15.976759309203914
-3.475881369006398
-15.525960014149472
-9.896681879333112
-10.760807561787292
-11.366208875227247
-8.705936912076817
17.366863922600217
8.752597457362707
0.3930231667391908
-6.045694407408476
6.6599031538759235
-4.6006632725295304
7.0621917308866315
-14.48271303695912
-9.273673447400213
14.534647565507775
1.812986236664539
18.31533756464966
-4.800092426768746
14.76215197460499
-10.847104558564688
-1.4727703761565962
-11.17907989958713
18.90076593502635
-7.297526595246229
-15.474748212483455
-13.633701379951857
-14.507011702090086
6.030088928270864
2.7006879352553916
-10.358984439087052
-1.6717960585446647
5.514080159837306
5.508255965505015
-9.743272407678889
16.03842647754037
-10.960502605237416
6.524168555154901
-14.680548455632243
11.71324987187559
-0.43700531185306346
14.541037894240993
-7.704102064548014
11.700114040206312
5.836018275999368
-16.21859317132756
2.744074351283654
-9.815105433830729
-1.4489542366550658
-0.5156393967594788
-19.32727989636239
17.647773641906703
-13.4585800368705
-18.81678100299201
-2.5897094820091127
4.594966056174069
-2.8806254790802868
-3.605349368092277
-19.345897389531498
3.9321577057978487
6.003066134207966
12.521164421002595
-3.675296224103498
6.7358510279379935
-10.801714807722576
-9.845091863826445
-16.505928419407034
12.284000402948728
-15.016247455863013
7.282451731411157
13.969061516300393
0.12246778290688098
-2.4277123785442214
-7.623806787064398
-16.476766258499605
1.8814841291175846
-15.565213087771328
-15.073261517284294
18.26528895010862
1.3665909449134688
16.969740683266238
-1.7828888080167324
13.72603882161085
10.113726951770236
2.064247752925766
17.712652887302085
-1.1282586467318083
13.312292742703235
-11.307829323524974
-5.798435549467635
0.46050753760027163
-16.980484800639417
19.244549045917125
-6.94767803406191
16.673746492804582
-19.49851785827836
-0.8121112766328125
2.8415823611207642
11.537966602589456
-3.280169964793444
-9.191039703234303
-18.89667755117535
18.004982691548342
1.9660516122791734
-4.367898839312412
19.76351487272902
17.560372930826944
5.648397441348969
-18.180752791635705
0.11384926446649501
-16.87653418023619
-15.028984343919994
-19.69620378719961
9.919827347158694
-16.45893652557477
15.781581857294356
-17.252810382076614
-4.096995807161573
-10.284255739467095
-3.276217083030744
-7.640434362595929
-15.00057548160784
-7.709634489175947
3.7478260513660153
-16.880595320693374
2.381735810907884
-15.784117697489037
11.569779435352604
-8.754624590345422
8.873268602960227
-0.41367558412576955
-1.0193214810126676
-6.4027227261846456
-14.259218624668968
-0.9189616855107445
-2.8358360026132914
-9.200711158171412
-5.3387148222447145
1.0565744753204314
-13.837849920969699
-2.2210393873965444
-2.4700714410125286
2.7671463478987164
-14.596022430519353
19.923289615692454
1.4235327838935135
-1.4622294349065044
-8.796717722636522
5.75716072708973
7.777679191850261
4.6798733085254725
12.894894286350748
9.546337224546836
6.607770827274436
-1.215427303392822
-6.981075994744131
16.683497211536498
16.584333745598514
16.85485703282722
2.8244459252723466
-10.0590243069668
-9.739701493796332
7.627098201384953
-5.457924394891158
10.008487201248066
-11.937467237657348
18.607094111231838
-9.98718513437372
-19.25869356524672
7.357425000782214
-9.097296049201585
-14.252575024273133
-9.295395382749359
14.654212816196129
9.436637956921992
-3.569167686075584
8.835594445816021
-5.952670555897948
-6.328576652285225
0.22254815712471654
4.03943971677597
-4.295782041861855
-9.040461706739787
5.9266117137500665
12.414797807299223
-3.9241602579735613
13.859984373884245
8.202635765736645
-18.4014800673131
-5.167120546405325
-12.777428883601196
5.690495127788388
1.0822848397635383
-4.384633627560808
-11.824887247572313
-2.2024882336024447
-1.1720431153199442
-1.4925621328364755
14.626601625689155
4.30847931917144
-12.049055346518589
-9.199278089385565
-14.754966015306854
5.930151949568053
-18.397877545641546
-1.0739293344476124
16.8992813774967
8.185375373770135
-4.919764667742941
-1.1746790596179935
4.2603560394021365
18.712080080651276
17.35442190280427
7.378475987828285
14.323352463972498
-16.42851747945153
19.21957312087696
-11.669864707736686
4.224406440901905
0.5985311880150768
-8.407092095611596
1.874810863123617
-5.066092987461651
11.685544788636332
0.5128059749198854
3.3718150847213977
-4.196774775681643
6.675728645055841
-15.412848916102742
-10.841494655077017
-0.4342227279187547
-15.301246614276778
17.981083794596586
-4.1855528920478555
19.663081609432233
14.715280104857776
-2.5334126908616525
-17.146893765700252
6.064656040003303
-12.311427049439555
-3.6898955529605892
12.080331863912193
-3.775208394903334
-15.34106914798282
18.83035820737232
8.237015935537322
9.959028403801227
8.842564272128676
3.588616826521246
-6.541223215711046
8.772264604921752
6.3536234804909455
18.553883658662244
-16.65083159558244
-18.188658656246865
-9.239096076098011
17.493472967778658
-10.993707378963276
10.163088835016513
-3.692003006511527
-2.259152177198626
14.46292217007776
2.710208073658368
0.2897759734906771
10.032817634436544
-16.743558999586586
9.809565556616189
1.5022333679834858
-17.351315943534424
-18.258944147869656
-15.265310892821997
10.236984555025565
-13.15902033877341
12.435751931979397
-5.176998092073726
0.5442035960279128
16.307392416458143
-12.879027200699383
18.684480802428368
-19.00557861430322
-16.323664308741602
14.912086123092017
-16.97280543724652
-11.052583394224822
-14.135996428763061
10.440366942488069
-1.3940152073492698
15.53368007603671
-0.51364492035826
-4.870488885839382
-9.978038648134273
-10.677582680832106
-5.400463863752041
-9.458038701042364
-19.094361009816456
16.378453142411672
18.170766051230736
5.883101954461644
-7.158780809590674
-6.801062252680946
-19.816626088138438
1.9330901843541355
-9.55186371743807
19.41868955538495
14.99804254080943
12.829676603313409
5.754081108295065
6.330399381678266
0.8362674590394157
16.81089290458784
3.219330747975242
-5.297015113580468
7.761350284427074
9.828588824742987
-13.495686599441438
-7.400833152420185
16.39609599568727
3.405328062770522
9.356034522663457
-8.776623255814325
-12.538944319240603
-11.162167295802035
8.353440903176342
-12.256423827719267
-2.0586688428876307
-19.563363418006183
-10.928512619818612
-15.622693595610059
-8.089442245942937
-14.404628191374108
13.631018650538891
9.567533297951691
-3.0363671449926315
12.784646539647817
-13.575087779752618
9.349805965338941
6.440935062416759
12.310523842882375
-19.92558458007504
-12.186524916196802
4.818867030384666
-15.655805466200308
3.7506914567887897
-4.189031559174241
3.041645263376644
10.098953383859474
-7.309822670410263
6.928468775198024
-0.7833244393517376
0.9231288012827861
-4.733890132644367
0.3119278666501337
1.9085302381580433
15.75302590201241
-17.0276718468758
-15.122667708005384
-12.212141572756284
7.1493116376601975
17.65175804301751
4.128787857390975
13.069765067732398
-12.578791727571875
6.074964121195876
3.2899896183063824
14.98730109790592
11.036367382693673
-5.894400729460889
12.816436328489281
-13.38174203938301
7.280567480659151
13.060656066792184
9.199091419222093
-7.580223225115539
10.958419816793437
-7.692718251300089
10.173987431160711
18.900745860741083
-17.90056666201282
-11.596661242228068
7.426238304015836
14.124369540407045
8.572699112398826
-12.727780305454903
11.347428241803716
-11.657842861910787
-9.363384230093143
-18.63140961256019
5.3831240206027395
8.734939413284259
-9.10917997674947
19.548910441702283
14.778519411910224
13.215547035757822
-10.719194595358248
15.758578330307145
-7.701873546143542
15.620620025550451
-4.098676246602588
7.121393674244231
-12.684777002310938
-7.8770639536028355
-16.82785234535956
8.050062577014483
-19.716544648226247
-13.424855089664023
-15.29437095812263
-1.9642952470265165
12.944526310382912
-18.609994775103573
14.144251323312005
-8.53452006871143
13.356975432516656
-9.62093128528056
5.272967651975296
11.378985764059465
12.376774051564283
4.736064848657616
-10.471865004009352
14.09100594373053
-18.833420593331468
-17.045550041942793
19.770274810252005
13.045392933965239
12.760438379623615
-18.371408512703063
-18.132044070757797
-0.6831266100489977
-4.331055093984929
-5.325872388816212
-2.845447560125656
-6.721008345363483
-8.526872290792449
-19.179250663336774
-1.9582558517691595
-4.920207939889103
0.6834028253733528
-9.662783586064947
-10.141761860780928
17.956818687164613
-14.781631528075128
12.825061353824807
5.267587833808186
-12.592290129745516
18.50600104092043
5.829387949302504
-17.901954231395848
-4.558270865173579
-13.688302933621689
5.240854049246799
4.395496668582833
13.385579424790862
11.296178756867334
-11.97441287820034
-16.98097942517256
-8.561855776416966
-3.6428067586279376
-17.45174334471124
-16.66991486714027
-18.506330299183684
2.647524778953027
-8.977531931113933
-0.43025599393410374
14.008044247764154
6.947892528460105
-16.40342620756303
16.234472258971984
4.925440298759568
-8.079061584502796
18.557144843999254
2.3072198904967607
4.373666356127526
-10.118748361018017
3.6837590421693562
-0.6895270440312338
-18.762911385092767
14.857401352315087
16.241136038076355
4.7677801957937085
7.4312868299205235
15.368154242309387
1.158469040377316
-1.5182477715129679
16.815563176121394
-14.084920358912854
0.1756498876925221
4.4195499296848695
2.6087838329115023
-6.8961740615181135
7.110189555691228
17.90777906625931
-16.738637636464027
3.5247640497484234
0.4974067189691027
9.749607261942327
-12.222634804456533
12.122010670801991
-1.916989119842647
-13.761094300007052
4.112975552665912
16.290040720453007
2.369108292774893
-2.504129377201714
-5.218733109321905
2.476292748447623
5.726003486889169
-9.600660994911943
-15.972213068160578
-16.258659344617694
6.487777990849732
6.923035075233667
-7.128509983735384
-0.22315280586811426
16.205323539785958
-18.459700091534938
8.964871089400095
8.062627581230455
-0.8724659685784317
-8.431613779903056
9.27033304300162
6.351875204858462
13.099340965032141
-8.395607386732355
-2.4867902945531384
7.7669969125166105
3.7117356231748175
-10.698386911979988
-15.864660682233001
15.38264338542524
10.228245123347882
12.92186029386859
-17.420851853406564
-16.708683059889502
19.26137638089368
14.823204580743273
2.8466229689366465
8.790508470038297
15.380480785271658
5.354776888368793
8.585632833314687
-1.756934827250447
-7.138593987639261
-5.118138449527713
-4.8977329884370935
-0.7561841208208193
-16.728645637578087
16.496932069855184
-4.959092922270747
-11.258085408854068
12.147338843495362
8.880085386873255
13.089926501533647
14.577545622513107
1.7928334811872837
1.4780727328874832
13.867037258056662
19.720763307301475
-3.62665710044417
-16.595210197286097
5.570226315006753
-7.959489135908925
-4.446051680154547
0.6683748694897957
12.872725183408654
-3.187919148894906
10.946546173818664
-19.27037263121043
-0.030384312563199956
-10.457966368791563
19.50805716473277
0.5397632150022638
-0.44869537770590284
11.450085064810938
-14.717810802993414
13.031120771077873
-18.99736378954326
-14.356474670613606
-19.9738203060912
-6.139868536944629
14.936152695677812
-14.25554373685185
9.970074585647435
-8.64726150026514
-10.735389416046779
3.3414976370329867
-1.4366918542510376
1.441486776081888
6.284582023735425
13.681048883200177
7.133983466950852
-16.888623500492294
5.281173420892586
-2.266772805295872
-3.1128451654942246
16.246961807162833
-10.080687869666715
12.266315463042268
16.95326464108433
3.1502181154189373
11.647333522824791
-2.201040591936959
2.655711856239474
-1.0954258138811888
-13.615282501758639
-9.732407336735651
-14.461432455658558
-6.646201613410113
18.52789482847021
7.0556546733211505
-7.15627788729182
-16.79796303810174
-3.540002395277252
-0.16579790522021653
0.6534439016064475
14.734248536235192
-18.32303761892984
-11.886910224188107
-18.307471291445488
-2.0288887122055144
7.069797694484059
0.9658818850366373
-12.462026488294583
-4.925135286444991
3.246695135340648
-16.64281074309098
-18.89491967764178
13.188049420873696
-18.455105627357433
-3.335150243706053
-19.470410123621985
9.751211905207953
7.259695215729636
-17.666827535898943
-0.1943452398272214
-8.869804787866045
4.261385935275634
19.400191923154843
4.407238022010468
8.861934545094886
-11.186574329548428
-8.196618067867472
9.958242868528174
16.55896339916044
-10.533511393719067
18.654574725969603
-10.949952671655257
15.935795510120549
-9.816849586620823
-16.324019550453404
19.95108089687939
-6.268318826257055
-14.179623338828055
15.754713546743801
13.143982770897907
4.9772911814758345
3.551553024326388
-19.013974710575784
9.410405710744051
-7.510374416759987
6.607460844144704
-5.204971907954082
-9.195641540834142
13.390925318872348
-9.080160378987078
0.7385479237251502
-12.31369061456402
-13.131408611249146
7.928918535251668
0.7195965248392966
-13.135740971272352
18.029620294398576
-3.020449088551299
15.209243431048101
-11.29365040133532
4.007046093819792
-4.591974671644943
-12.144735026910546
0.5966688308738064
-9.357558318341205
-11.567143663976246
11.153452702399381
-13.462231486238348
3.9789789117107013
-16.514813777186195
-3.6538530972098897
-1.9995075389547168
-14.767577787359292
-16.727876656407375
1.4819616811204668
-1.5339808474170091
6.2226133654097495
9.837710199682618
-16.458078040613234
16.987153076937112
-14.119179408641207
0.7234956808327588
-16.52284773024896
15.726401855709064
17.921918531184183
-13.758004637190764
-17.47656698685615
-13.961861177582326
-19.929308495485945
-3.0454028800695845
9.798406198395448
-13.13762494476637
0.36915375263776085
12.535536863808197
18.109847432500025
11.260561027284997
9.227761074863068
4.407513756564818
12.679446919238032
14.408247085512912
18.168814554684133
4.37042564375902
-0.8368250084541415
-6.733612411322509
-9.522163514657978
-18.430381017923963
5.598521619649716
0.7342107027030877
8.629843387941584
-10.8723483930237
3.9928151690237854
17.270285719623942
7.0172733271639665
9.394590515448165
-0.5147294350882632
10.326789712850658
15.652255619353156
5.894251630534974
4.400765737756505
12.693971746223347
14.017408500239263
-16.414058070385128
-9.623242979611643
10.307644630644539
7.1494939072061925
12.30801869243529
-1.0216965693897961
-11.883725212871843
8.828098245099383
5.19013870976455
-2.2614043323114394
0.5316233479035226
7.8257514375177095
-16.443674439422452
4.10485491167811
-6.8414832060399355
9.59057849555385
-15.89299480424248
15.447041870766412
0.05597036687575141
-3.5166885821061733
10.023763040238201
10.381874923235923
14.012778254607625
-1.0168537105306363
12.437536922742247
13.00143048139256
16.95372806729364
14.614886733087985
-13.531509828921156
-1.4381075387004998
-6.130518849320975
0.4271816730693381
4.18307337892692
-15.261860526147393
-18.129535781773217
-8.627139386302876
-13.0105892122089
-4.291588697093754
15.441551689457604
2.2019573598510362
10.47469099305404
19.09979508675211
14.694299906466803
7.812639574475753
-19.025727518407514
8.683314827126214
10.116500401202376
12.300772863689751
-19.959594609485695
-17.585441391552294
-3.4896271062698148
-6.923234618104432
-8.348795527420577
-12.691559029249087
15.803782564402134
-15.496131494352351
-7.14442382253166
10.684203843865426
-8.902259563891107
12.43319197025042
-17.850954198072003
-8.648715936409047
3.546352160126819
-10.87538306284035
17.498598039677475
-15.446277779032727
2.893258147107055
-2.2620522199513573
15.789516861037932
-2.1063374007180578
5.31043903166038
0.5965044042694458
14.7463349401528
17.56892104333108
-13.644923568247087
0.5198272104116697
-15.971476019023845
-18.96169307449898
-2.8733392151091586
17.096795460453407
19.094944547993748
-12.711052451808174
3.6910741136855236
-8.38834382333391
-0.3088006607796281
-1.6351559407686054
12.588498869762063
-3.43548926812354
-5.515015900145293
3.345281714853087
-3.56302718393275
-0.04534674512447623
9.007293663163743
-17.6514783787794
15.192888712563935
-17.6113552716296
-8.83807036819566
-10.257910033966734
11.733525928709994
-17.477748913102218
-19.794256664484664
-10.714259375377374
-8.179764444361123
10.306211127567376
0.42188349416258575
1.8162229515062656
-8.084810873414696
6.667379091702323
17.0404932990661
1.5541078547026999
-3.352106849438133
-9.888319909850445
-10.247754940338556
4.692015801010211
-3.1836464390612065
0.8090860164153959
-6.494616106578075
5.5377067071640695
16.670075238994066
-18.917956945484885
-0.18822561076989075
-5.703896805550244
4.1280008576693845
-4.6259932244196875
-15.591558451456468
-12.708101056053538
-12.385307040060049
-15.542556436029415
14.176676424295678
18.877800185213268
8.615198139905495
17.57300533438469
10.39657260243057
-3.018850701895847
0.7737388101904372
-5.246114018510436
8.334006701819515
-5.858658575806285
16.907099943031987
-1.4098385084745075
-5.577249882817199
0.9685556091357874
-9.420332578942334
-8.996967006850923
-16.817812691492392
-17.06839669629553
12.269967535771002
4.368149301739258
4.528462486444134
12.876535456411268
-14.639237904137667
-13.260947614173872
-0.41870884351788007
-11.148293328904684
-5.157175726003512
-19.322141430074954
-5.867667308622702
1.8961734640496246
-7.9916257959475026
-14.142898990727364
5.423414895483894
-18.104568762351718
-5.848239795751233
15.542824694196057
18.755353384665376
6.500628468216224
-9.225277241073066
5.2751105889436545
-5.735977310100759
-7.5038605782307
9.888319878650048
-13.076980363196684
10.09727055818724
8.168186453989602
-1.3050613962160895
18.376514528328435
-16.31259213310217
-10.933104123403194
2.2304978510888063
7.989246467206982
0.306379264345118
-7.077564071074448
-0.5605328306314128
-4.615094941553984
9.61318021525624
-1.2173769109662338
-2.8473650960072945
-5.212497773723523
-17.397131654497755
6.302159997862443
17.234420157541443
10.656341269864846
5.448746881643931
5.715554237907597
-7.729712318729733
17.993245796435986
-2.519503517317105
17.683503411830927
-11.577710151904576
12.690872745160917
9.008757115118783
14.461926634763017
-6.403847196488401
-15.01189637900016
-14.727235768944382
-15.143233206683679
-12.618166704293836
-0.45380083203971466
19.594514200470208
-0.1668568747449406
-19.73857741924696
-11.665991321497566
10.823433579490931
-6.992678438054352
10.478297058261706
10.328064146532352
-10.081101373645009
4.839938712188562
13.90526161204511
19.704955211022337
5.8911297510282665
-5.229646564728206
-9.786590998827979
-6.565036339485562
9.631823749637629
-16.48699113666538
17.128314568589495
5.658676905397897
-12.46665010233424
1.7375987360920107
7.021294599939601
5.844102723368838
-18.9470628609551
4.498678020354969
-8.322180577809078
7.601197266519243
14.894111270532918
-14.946535635132605
-9.156260206271405
14.790654049797475
16.734178267569078
-0.021348275523408233
16.02483191292211
4.66051111510691
10.280339180590467
-0.18462804891995788
4.192790724780629
9.498941540604797
9.587592817847327
-16.345767959417973
-10.001300898345416
13.173137056867148
-2.330713321603767
-0.25333071481159664
-13.747946705728742
11.940600614901427
-12.867059274905547
-3.6763241458338847
-5.612897392317645
10.31712636053307
12.176692518505575
-5.602376629182594
10.250165497777239
-8.98582311058612
12.55685712114252
-9.96073019617381
-9.881893983357198
7.804493197595757
2.113536741515741
-11.904440114887006
14.089824472514842
8.983103230868387
-13.169845089677107
-2.2094233811558404
-10.428388167108963
9.972205723805423
3.1430107622734624
8.403416226961731
12.877100710614457
-2.461854696289972
11.24035899240181
-8.873488789911615
-4.7780444040058825
-8.916218600295021
-7.7489588163875744
-16.76474150909627
-1.1397367105432679
6.019758106798005
-13.597090138363095
15.429377383024978
-0.3190691658085001
-1.0078444431635774
18.91780493119238
-0.6063942166549765
4.462447010596069
14.753035353947034
15.332127035484831
-5.98761473394549
10.98631316368564
19.405079739952747
15.29722523269237
10.93553712482067
11.008474814970253
9.663550369176697
9.018143887794935
-17.624531041214343
-4.599703909866189
-15.300616614376512
15.924116380708739
8.933168332099353
9.511875761259137
-16.237213197584083
-17.794699594970112
-8.948838071065929
13.422373986451952
-2.9160729658408258
-14.157027186461288
2.740036531394665
-9.826349470889525
-10.467778283746396
-10.897604282895475
3.6135640309464137
-16.839991595520843
19.55690713481055
14.447316539528558
7.03803726961679
-12.179669267645004
11.697368007382924
-5.033140497938353
1.9069226324644077
18.16125360350273
-18.959770335876094
6.8319933137449915
5.881809398403593
-7.888208254274666
-11.853670444186669
1.6030173851756189
-8.391454365830665
17.125503509625666
8.917809398619813
-18.075166160025194
13.17034921328758
13.01533829467175
-11.617019537592629
8.527911180610943
-10.504081194141905
-9.28904106575525
13.78447653508362
0.005378811464670008
11.731080010378413
-2.6747313946142093
-6.8966002263514845
16.98783608346296
-3.641385368354719
15.00178381819645
-6.484111819715981
5.301886751117301
8.545256117157013
12.589256441199161
8.326461074203564
8.865356390118478
14.835938060433236
3.2934160180012313
1.7799776503072948
9.858515188458238
-5.589927460320979
1.4312415088948285
-1.7027262924171858
-13.776017364318637
15.815518908541009
2.3434749960405163
-16.77588981499199
1.4444425752774492
0.4784854040662694
-4.647978919304133
-13.415190658092651
-3.092227871957995
1.6942440035443127
2.7843931557764776
-6.665350062383819
-13.319118942619284
2.620477567641217
-7.129045660731951
17.87757853194656
-10.891653024839943
12.098256339810376
10.629572303357556
-18.00708781913862
4.847037081209706
5.17569191460575
13.506440184473632
-15.069680557434978
6.414178894363047
-3.7110216526970596
-1.3345379690725103
-0.27402848609270336
19.170461397844193
0.48169345697384713
7.658109246810213
8.501469939733319
-11.827566745392101
-5.918716769280605
-17.24887321435755
-17.220578313524925
-15.924736360946511
5.541152002383754
5.228969343293443
-5.7816508726511415
-1.0452026502586236
9.336149715811978
-19.118854991395967
-19.519433890783535
4.369532122538043
-16.1190530698889
8.603280841834845
2.578915475082205
6.0004064544558275
10.596839036771144
10.273245491701868
-13.95829532323257
3.0077651319171608
7.700325843675596
16.645043248351037
-8.911627467570282
-9.352188496940933
13.342245897825656
5.473841908322402
-4.560905839739139
-9.078765788801174
-1.5578597853120932
-19.008558855993265
19.847279761788535
-1.29788816426613
1.4124480104615742
7.072819145799947
19.898682187828832
-8.108238557093461
18.847350037899545
-9.221583925883357
5.804232323072263
13.080921690869161
13.50891065382364
-10.914187300628107
8.667816831445158
12.155593308156114
8.293885206081171
9.2589202612846
12.521533942453225
16.546090621555784
8.320503930963259
-13.94036960051881
9.87321985272115
17.39904342353033
-10.751324737960758
1.328673097372679
-1.7006996643976606
-16.954330484999648
-8.37528570146938
-0.4235845833660079
14.818544347429615
18.984437692774314
-19.678103710631206
-13.164284613846222
3.0708190822434176
15.403897619365225
-19.659171792652607
-9.317616384956345
-9.324032995682124
-9.78490329145503
-0.24088754362107778
7.212312326581035
6.113416116446892
3.9439068977853537
19.42345049124473
-6.798865159409409
6.6160043961943344
-5.401772894157343
4.17430554104882
-9.731945785562086
-13.713208561726752
8.375965508251841
1.9554277557421784
-1.6218385684407757
11.534314905844106
-9.448163949064746
0.7768934144139017
1.0892072862322948
14.507687189657588
11.167127003461768
-16.907622491416575
-2.46938667469842
-3.108327234824415
10.52004990604383
-12.535137807988486
-2.191830336098217
13.47491726758276
-1.5734271844180583
-5.069950026206037
10.259860333653034
-13.93334097840238
-17.647572704297254
-8.821584964325385
-15.258092005361608
2.325979112911316
1.723464062403668
-11.580021806301342
16.558309649449242
-5.18355013150277
8.68238775796577
-19.550848961035378
-1.4087303621375113
-2.266968743371997
6.800072945654119
8.618326235945556
13.329081074985048
-0.4310562245157641
1.1725955764513039
-4.842503302705413
8.273836271656265
14.541130894560837
-2.6700116337149353
-16.831403992715238
-19.752411961355477
-10.572142710425334
-1.0789571292138156
-3.0987337269903534
7.564512101238389
9.69544413450237
15.04265243394616
10.80840191467837
-2.865278919500515
12.567894384722088
10.305829700686324
-5.625810245907402
12.450115032434908
-10.170094763510829
3.767376801360726
-6.586551649992698
0.24318823388283306
14.814395164807209
-17.65719298930376
-8.440800086156912
-0.2250619134780827
-11.362096869354996
19.369051416275006
19.73643838683445
6.329975731297672
-18.643011490493897
11.848475464660183
8.24926107538807
3.053689105376627
1.4411865878299892
3.414362345995279
-11.034124652969872
-12.93545774720656
-1.6417490225598321
-12.618886762051353
-9.221634430084315
19.60593716790075
-13.692266058158307
-2.952505152200988
6.811098658480972
-12.354448987958602
-1.4734419024160559
18.432224814688574
17.312057394237456
-14.349791203144381
-1.9293576112781778
15.856473358148492
-6.191552092353255
10.845762349113581
-16.40117993295229
-14.46886804235524
9.522878592416092
18.458167485072956
10.399249399060736
-10.275985311500527
-11.883103440239253
14.694151177143347
-3.8844194858211836
-19.7431194184529
6.738038175455088
-12.185199670757466
19.137211072994873
10.09110429110082
9.961579812409198
10.715348351091698
-0.692874255857685
-5.087070718243805
8.960934295456404
-10.219812937258293
-15.82737945261886
4.020479818246983
14.545863776652446
3.918641693876399
9.301916698539948
-10.255455299814656
7.161043585034523
-2.1632610596391473
10.153286598327984
5.526098763590248
-3.5998054440061864
-0.6480886891996498
-18.360400164527228
-1.47228382010967
-14.055247703578889
6.126466899205198
12.559995085060997
5.254850219384693
8.47290504897449
-18.518769078707805
-4.728439806089156
13.916614790812233
-12.10241925550093
-16.475580491329733
4.465572517331747
11.414393290988425
-18.79969109894281
-1.1704197690425815
8.44285254684614
17.77244994833886
-6.046670410515421
-8.619301235073769
-18.51315929625067
-1.4437747084966546
-14.499907216679695
5.010798809791019
11.098253530769195
13.839516313603525
19.364228493328646
13.992155134921411
18.948192151588927
1.4679666109343295
-4.692373414774034
17.804216622722187
18.904456293358265
-4.562450563281413
9.458628801578229
15.267625358125542
-13.883283611626652
-7.097833976884109
-11.976841224118125
-16.657698094632774
-14.853187863029401
4.602928744786912
8.539639419010769
15.45700071962689
-15.056215778420485
16.58087541716612
-16.177906160067288
-10.899646477008474
-8.698767611343655
-18.530503432593207
-5.830449604409736
11.13184788287025
3.3889173430762014
-18.297674603053323
-18.44059962707287
-8.867501101260276
2.6444551758619816
-15.361241329021173
3.8483807683148825
13.479060178665002
16.308937440477102
18.82448426708452
12.599243355429024
-17.335507021692635
-17.701837367658158
5.725192921521575
5.11440492273719
14.088969302588403
-9.157688169164992
2.2863001820954842
-1.8163489303467237
-10.376357647669536
-9.143034856194605
10.01510996748262
8.999324869779656
4.316358869786612
-12.873680442026334
0.9966985736146867
-16.545422533317055
4.680965122859849
3.4743616801575072
10.371635608618366
8.807379650251697
9.843479940136504
-0.4306139196687333
-0.8382902131998407
-0.5231867703334778
12.956510898519525
-8.120391033918587
-5.337998848624018
-10.520698904122444
-18.051551875666853
-10.790388202140484
-4.1223131549045675
-15.86487998549297
-8.367492262445367
-14.68176180292302
3.5712724999073515
6.635913138274979
-1.630576063017255
9.87103187051624
-1.5694887104175947
2.8989725613050332
-15.837942158452275
-17.185813954827896
9.395658061123843
-16.639140875818327
4.667625542742307
-7.766014174600539
11.95