-8.25612441001439
3.515439651884268
6.729537833878197
8.488980021140385
12.5925997883475
14.817053935994771
1.3598860074728591
0.5370428538493996
-16.74509542454625
5.9523933526795325
-18.46714471276269
5.544668883999712
-15.160408489420366
-3.4743943268038713
-8.155514392029794
0.043859121519446376
-11.758840191753253
2.5835528040939266
-3.886475508275513
-18.75268912969531
18.156910524830117
-5.930198152236116
-7.778190286775972
0.08943191763113134
-18.78297309724723
-10.306416549944558
-1.1418790453655028
-3.965823718289819
-8.61974048403729
-9.534173043325449
-4.599769992422175
-10.764310928403663
-9.2163663355749
-11.877850637695392
8.808050324330857
16.888829714314014
19.20798928190284
-2.9353041058193554
1.9335380444707262
-11.577106985858464
1.2104127341253346
10.743090265244355
10.409668129784308
-17.321999059159367
3.900626498965927
-11.515977877425868
-4.6348478109522695
-3.3440896336165373
1.4688121074058387
8.448401041641471
-16.941889009960626
-18.437857538437605
-6.010390546166686
12.806268864891429
-5.983154669876365
9.32335486377061
-15.527314050133466
2.7398679281670546
-18.618957213300664
5.929801362788648
-13.152809747062474
19.13490085321766
1.05072019305058
11.458329067213235
11.049945232854089
13.42465978414755
5.295979183450363
-12.913088338892011
4.10900016962772
3.299674544646006
-9.118170395956607
1.087999456091655
-11.683060901008663
-8.35002996576585
10.81385287438346
-15.017293638828617
13.701146874447389
11.638691540671878
-11.38053855063724
-19.390766963783797
1.1849654126217999
2.1188534006010897
-3.0211590144730813
-11.03339723131947
-7.103395790325525
14.766838760645179
2.0424256407576493
-1.2367765509390374
-3.218046240917193
16.7902376604046
-2.0069433025644656
14.663126161440225
-2.5049522133957964
-6.3117371729453
11.22477793686556
-18.670353352080756
6.469919091599955
5.507142446186975
-1.6781777621311633
-11.388565111587416
-17.698149433191794
10.650739608355494
-13.690755780179181
-17.112014290164232
9.875845341472058
1.325342378794943
18.317704591707603
5.717403594471371
14.39543882439515
1.187082430721528
1.3379183657729001
15.512053469690215
-18.614406338691968
-17.51930394700399
-2.152069702513547
3.1204755731469405
14.765817293899019
-6.010715967779138
-5.371644553782499
-5.972651383997674
14.452015166932199
-3.708758335201715
-9.015903319840334
4.2366158889184256
17.06249006871507
15.41541075996561
18.319227949200332
19.56208422951373
-7.496174592967918
7.93667713920815
-14.198696404844963
-18.502431499676657
-2.2169764739787468
-12.259539264353432
-7.521432701770925
-9.297412844370761
-18.597296803795253
-4.030270484419432
-15.759115966349654
2.2115851358917062
14.537510798971091
-14.832739985414944
11.677853352369567
-7.3171592082116135
-5.205187398250587
-11.060153708393837
-8.099619452014867
16.28390562005763
9.875394191632154
8.942741359672706
-14.674436373507866
10.653345118753222
-14.101521417540717
5.923683200063557
3.122672033540134
6.20403632875901
-9.34076558188126
-14.466453791509988
18.086656551941587
6.23304550409398
7.898728471247821
6.780459878355927
12.089752737934887
11.79681638216
0.00652844486931059
3.7202977302386167
6.697223592249966
5.690820324798164
17.269838548895443
-8.388897146935928
-6.820729684983103
9.662627507471527
16.282359530656848
0.7352461354338935
10.508344103713867
19.100605724325817
8.61651534279753
-13.632858005979127
18.819274244617546
12.335269126109402
12.954316539515396
-2.3401896946355194
8.987265538769297
-13.933607554342524
-9.105579788065711
9.953778640994884
-16.93467573749494
18.06180310157228
2.6343968685630124
9.197224583254865
2.670074799652703
15.137697434955307
-18.2307803902697
18.41064084174412
1.791841220209136
1.7770746175102126
-8.116908050283968
-16.605535676297848
-6.728756305681589
15.85598294881413
10.22485835831553
-19.540595614529146
10.01732735057572
11.743802328050343
0.7457059627624503
-6.9826430982702625
-12.015395899928837
18.29846572607599
-16.829945467685043
-9.413650374372086
-13.830631514230035
-7.992423842282484
-16.87495686175232
11.479559119968528
-2.219142866465109
-4.299285793805598
0.9356356373294936
-5.548301447113948
12.343872762725823
-6.943394521733733
-6.727382325831815
-15.587329366396192
7.701977813070041
12.823805475239844
-8.548251394354995
-19.141117899333764
18.576809040859345
-19.171901905163764
17.399513180374157
-11.428075902464565
3.037743622698571
-4.146175828547683
7.639970095495819
15.523566025075517
-3.629407682880668
-4.628065236806297
18.557099326522163
-18.84920572436222
-3.9843153509013263
-14.788637984039553
8.95948626852567
15.075740356616485
-2.262777223117986
-0.3085870013438168
7.881860257253599
16.857341056768966
-0.18245147187828437
6.070453453492519
-13.818353283512636
11.121109735948309
1.3008606322829905
-18.96190492317729
2.649983379568937
19.786820029987737
-14.55000900554619
-7.276384942605375
8.944940151326538
-13.931562077589778
4.21542701397323
19.095878764274275
0.9551281830866714
-8.134611887782626
11.249538267856831
-18.40941007403858
-0.44649672627581083
-3.0004396227601227
1.2758421170079615
-18.820350877735876
14.341524772483332
11.650589576857946
9.579452956960218
3.853126528432746
-12.737404578650509
-3.7154968319375357
-7.707610795097587
4.781434557653945
-13.147828913161632
19.81649929697651
0.40032508058704863
12.601211180963318
9.130699437065871
-11.603769607530623
-4.8058860935833625
12.813184275575765
-10.629708907190798
-6.512757289306368
-3.778333541460821
-7.236429038230812
-0.25445586401873754
18.25481091578127
-12.429603105748619
-15.322451400077629
4.477881609415832
15.734363335554676
-6.486208535493887
6.441081992404239
1.2696829630432873
-11.762466960533944
4.698844710285552
-1.363089582087973
-17.557566633823136
-12.003225980614793
-6.150729157832053
16.863795943953235
-2.106415696017482
-7.226459355493024
-6.332032704393766
14.932504860710324
-12.765221244894667
-14.34377154771072
10.260602970003006
17.558089312340385
11.829840502099458
4.606924356261068
-4.631841059730375
8.784353338557036
-5.740585028630285
-10.562130763248438
-10.311443247831047
15.536058069108869
-15.651610407723982
-19.557073942435714
-7.2360650408509475
-18.538910269498036
-1.1427394035909657
5.122181083504003
14.776840800895307
-13.284244516327469
-7.486779739689137
-4.812962751626895
-11.543172799383683
-17.468597096655166
-14.882971882428082
-1.1751563617062786
19.726369180086444
-11.31460469832492
-6.192358769177169
-10.511828431073052
-15.77791524005844
18.60271846537784
14.245982853729807
15.389662645750157
-11.95534579207024
3.287429986598255
-5.104440860890307
-12.091957391547595
1.180956776423841
11.636555160221032
-15.7404358200034
-8.263098059242049
-18.844937070507235
-19.291704232200484
-19.095507791541543
-17.021586748984543
8.11813448892837
-4.36456476237861
8.918458968770302
-1.903128329737175
18.632549639634775
-1.4657440482266253
6.628382120215694
-6.528805258357027
-4.251812427210027
12.341171167838652
-11.895864034169623
-1.6952274435645442
-12.821592772511568
16.272151589836284
-15.26691052113243
-6.278018058524024
-13.415368696526432
-19.758010286151972
7.2380111331158545
-14.688440966671003
-12.40140278437439
-7.877759533904705
7.6939340989602165
-6.772094640841178
10.962176142028927
-11.506044192729913
-10.462096495783753
-10.13993082665744
-14.719083966453619
-11.52757478942673
-10.088738563804135
4.927428823767347
16.338949648096147
5.408361780980343
14.150584486521055
-3.7510339347995547
12.713206199330251
-3.75045475291245
15.104261042771235
0.5604429173900627
9.430371783037153
19.060207879455014
-9.258328695815159
-4.633659367885281
7.157104831003341
-17.59768655855744
1.3417090386186779
17.495835083962284
-6.710263907266958
5.194432223536335
17.594103032838213
-16.091690479833062
-0.7576184818441405
-13.496469524681679
-0.1528833609846174
4.550984447103396
-18.262098464124385
17.31876898616776
-12.33045216153721
16.912683034506493
-18.451319724309524
8.830969843768163
6.583762930965676
11.03083404496072
-3.190299032383134
-18.13274603667834
12.43205169684731
-17.523657352819896
14.498272150678005
6.513484577560931
1.8963558935979208
-5.251342756915891
-14.286882088491906
-15.401922192728783
-10.497465941836879
5.074323963732969
-1.2602761024306197
-2.033495694711167
-6.353287727579385
2.4100174374934014
-8.145376139985787
12.879138810504202
3.8129957372743277
3.4709161408174616
12.700196395363669
16.686581972414594
10.030353259258455
-9.121363335837724
4.863111468692402
12.549726138233964
-18.79706322793148
-2.637850350757695
5.240208665027698
19.329787116612074
6.230415464068791
-18.54509232486159
15.007358639474148
-16.426727780783104
-1.038204817968122
-10.306915153942896
11.596085282991258
17.06643287023902
-3.5317136810606478
-6.724997663326375
-10.976049728578285
-18.30332897342682
-8.337808958340997
-16.22138064707087
8.30976752541996
-9.622735564610796
4.60006617091695
-10.053858351067749
17.97630773393975
14.951262711186843
17.259777116503344
-9.8615416873394
7.243441823590118
-11.057684737039244
15.090707049137507
3.736081297206649
-12.648938559296763
-1.6267198750906502
-10.146600367643334
-2.30826799669768
16.65262726094882
5.535800320044089
7.0885707168408345
0.36510313851799125
2.3685623750139584
-17.344057272408676
-4.265531911502425
-12.266904634214036
-8.706577444885376
-8.563936879128619
-15.329549753971756
-17.988383250524894
-11.472370175834792
-2.843905275963902
-11.727296460029581
-8.687223337082992
11.307906667562406
-8.220896638187153
3.917356112593904
-12.351670309516116
15.348050892601968
9.321330572477645
5.742620134015212
3.82643465739924
-0.39976036957046546
-1.9326635618927277
-7.699905095058659
-14.369249700802236
4.518431583182867
13.144869506120557
-17.8326790594563
17.067481060663773
2.494385283770093
15.237049656547129
-10.115903175843899
-7.772876636831798
10.269610598618645
17.21491137593148
-14.829381852888313
3.9448765943366517
4.9560515722643395
-4.388594529825802
3.870069535124138
-17.305783216133193
13.536018973672611
10.695839681148378
-11.082386864982098
12.451619589030102
18.015452835336404
13.183670950657309
12.949501786874116
-1.9646950531120453
9.461105719789028
-9.547658781678363
-15.64816155013773
17.328367971001995
-0.39790663137500104
4.143963155730109
-7.9560293681349314
16.42075354616393
19.9124484265362
15.160389928765042
-6.755943390479025
-5.854950073793868
-4.082067810796076
-2.796339306989669
-17.846189611616747
3.964789512893514
-0.5420320057051633
11.34476244972921
-0.6714887495500861
-12.087734705584378
1.012643848128711
-8.41447867706595
-7.950082221065614
11.436809535017616
11.149339498132441
-17.405211751688388
14.48009679520193
-2.015221932779937
-16.57929579715733
2.349914701253777
12.186279423182249
12.102875455331336
-16.10825370001626
-18.215844554548713
-3.36138803090844
-16.680845099145824
18.69005887643509
13.490639927554987
-12.122829939855123
-2.73316092981144
-6.770504953828066
-0.4873575228473541
10.228061391652886
-18.399414493005516
-8.115901200473497
-16.64494709015794
9.1833619242724
-16.95763066881345
5.929287881126722
17.720915497908038
9.053938611042916
-11.258617603079436
-0.6889014884958868
-3.802615511208135
-19.40499515946723
17.545018156245987
6.248165963247921
-18.810546890083785
5.884940412491982
-17.945869094544157
-4.29685414556991
-13.079696359603625
-17.01700944626967
15.368897430022784
-17.15940598379172
9.191645876592336
4.493129772300119
-12.366046607484344
-18.095910165549583
-2.0233533432238495
-17.04360443606368
12.923110405754194
-16.795470747016253
-4.908516201673784
10.117002106233745
16.62017735126733
9.59971361355749
0.8265655948445563
9.53694530870957
-19.93787891652628
7.813061542622094
4.321053876352309
4.767640196705216
-14.780800696173086
-4.363979563113078
-0.6669482383437355
10.28847524967076
-13.569427020167817
3.052087969913792
6.1609072028664045
18.95675793900064
2.01988672467305
-17.989849929568965
15.801098725859305
5.328452385086379
1.052457739284037
7.362814880869685
10.392563778001861
-15.876073914081017
3.8868605539642296
-9.30686490889304
7.461146339061635
3.104202500255827
17.27109384562538
6.6368210398588445
11.500046728220163
-10.463873323911358
-16.836080354076532
-3.748028019236603
-2.608036909011119
9.085960118002735
-15.871052279420525
19.875328086200724
16.509246938247593
-0.006306563917952701
12.65825383205096
-0.48812288066076803
11.231968827772146
-14.346229600218226
-14.870466730787637
5.7202976866156305
-19.937469621695175
-9.0462835084446
10.24332835920211
-18.205520797465226
-15.723514240283848
-12.054991024590596
-1.3424280030460558
1.1181899481162496
-16.59542506446742
-4.295057800005605
7.6385604759274095
1.6839104659457647
18.996011408360218
6.290748083158935
-10.663510826569551
-13.646918602696614
-7.727480156249257
-7.384082805605132
-16.16166292872125
-16.213064782034433
-15.561092708605662
-2.8910621595321864
15.152958740021191
7.441220068817515
-6.329454664068464
17.982750579131164
10.094377321608029
-7.633891224132832
6.3512405809602726
17.079818515968185
12.434345086326232
3.7311494717193767
-6.92380427654073
11.853901660538234
18.943043008945196
-13.687192271801472
19.08569257816942
-1.0964439557580619
-15.414605758781912
-19.906446081764283
-16.232900891466638
-4.7316374616279475
0.7188314126406112
5.441064611964713
7.4225826846636735
12.113925035392363
-5.883317577311429
11.884280485893658
12.973560955463483
-5.46920309966238
9.743426806683711
-13.550495054661837
0.9961477322268522
17.95961523900479
5.9401250571092135
-2.3184997967331284
-6.7355447810938465
11.209604263306453
11.223978922204335
0.9015355771846814
5.017167090993929
8.246156330298344
-4.386984453300684
12.670013643300095
15.117208869433838
-4.680134064137626
-12.537388695448213
10.71454707404763
0.13229782775919574
-13.360015084541033
-3.347139207574209
-2.3665915949201235
-15.082128123056787
-5.621356758782099
18.9628848430345
4.710315000692262
-15.43006517802839
10.974917073769205
-5.391690165567958
-17.438762322648888
-9.52423811103731
-12.822020286165756
7.426417527335776
-15.534681138428974
-5.819494789677023
-14.931791876242531
15.278548341564786
10.023211922300028
-12.519362465914297
8.097669721441477
-16.696876520652783
-1.6936681216998863
-11.59691078757219
-5.169731949227931
2.1396583695707996
-13.560765056407309
-8.37084272021919
-2.698860429531358
-9.96395120005368
-7.485628430849815
-10.191003622875048
-13.265332828967322
-2.2491262744590657
11.836637959995485
-12.210407128342133
3.6971656254603573
2.0841788361859486
6.84475344173287
15.22179027357545
-9.657963735911409
1.3348264814532484
-6.807718579149565
-12.728725051160993
10.662454309734741
-12.422877097768152
-5.704020438768428
11.159093837710206
-4.253292298164254
-10.473003979212558
-10.75383561854174
4.464832987864682
1.4858524000897155
7.833590990154434
17.043058628158676
9.200663578811742
10.744890528304694
0.5700853663966043
15.76477524527558
17.823212227151807
-5.75009906010572
17.072601009526792
11.643295854481558
-0.9260763087733856
4.286223127510649
-8.814763318938027
-18.802648561745187
-2.527083626809649
-2.1748759302575174
-7.673437088061593
16.595942764083077
-2.843089970653029
-13.44951959571938
-19.986218578261244
-13.012375873161979
-12.379605849131664
-11.348215814038024
-6.720394527978101
-5.674315641088054
2.3189350406815556
-12.348642012131954
-1.7285770618857157
1.9281806986067949
19.60981352969862
18.0870793863657
-5.249693383523484
6.352208019289932
-0.6398151273296051
19.74958079199034
8.7421897909879
-2.8065350306314727
-2.616784880855498
-15.550355417420114
19.04263795075571
-12.267620025866162
-19.081417688355387
6.661370860081654
-16.628864827767437
-17.88730810684996
12.87973975882938
4.635497680079446
16.82648092470597
-8.666550081239809
-14.72994138913493
13.16711338116302
-19.38908856657362
-6.942293059883436
-11.69802019073028
7.740319465781415
12.078783580400483
3.7041789326725763
13.535371447484302
19.267278260074697
10.25371717366335
19.643870274924936
-7.011800967832308
14.297469744595858
-17.36755205935976
14.666092553401377
12.193426067135519
0.9736928151838882
7.768011335525568
6.0597417075680085
16.700887084401515
2.033495262021461
-13.561385789980962
17.86830789276727
-9.180295331064809
3.3814770262966434
7.781922361540513
7.522818858157404
7.645726944144997
12.782038808106961
8.011449504632068
0.9811552554258718
13.132001670977289
-2.892743561336868
-11.155427836722378
-10.714312419839933
18.756319719466667
13.289418499444004
2.6328282053127126
-14.99703514602771
-5.46420965884173
12.694592142114892
15.247594572570442
-15.852347869434439
12.040014187311414
-1.7593069344449184
3.1088886827129336
-16.87440180591938
13.535591270402975
-7.049392334035399
10.920284640939201
-13.56132273844656
13.372896725284292
-15.952696169858003
-12.657183202333364
9.599958485242283
6.6180486910833025
-9.963143107101175
-6.135781642253701
17.469472995192625
-9.417638999676443
18.709476645122486
-8.681457261856899
4.740152747989352
-13.968763235782045
4.123998299504343
0.6866954339390183
4.388992524117377
17.753446556461554
19.66343671477125
-8.704882062627842
11.246056956482832
-16.630568769568224
-2.186130751285887
13.683741074794838
-0.42480267688566187
-14.000522397052023
13.55260951228064
15.770597347546094
4.144429397743018
1.5168566626022937
1.7899958266147245
-11.96726236304615
2.0674238488218535
14.579296033319402
10.393839382493496
2.5077223094947563
-17.064454975011387
-7.991676065748209
13.491985079340921
5.131845213763825
-6.665176424177947
8.497033860123455
-5.287275128839223
10.223634715060502
-10.650385479464472
-19.62071804874912
-19.567689738134895
-14.214948121920298
6.409463622475652
12.850263725849402
-7.76589255841686
-9.504108068470615
-19.751783307484168
19.320333250415842
-8.297549710412344
-5.619926602533383
-15.569513128915506
-5.199787943766921
4.639021108723714
12.218961389926022
-1.9708888103212345
12.911396207554382
4.360223760341743
-5.510796901874135
-2.933920520386355
-8.285472448242617
14.898574418003825
-11.185134562566228
-14.333631658698582
-19.275840966751538
-4.822830532549194
19.43718481405387
8.098330784208162
16.72519111739865
10.285705158098711
10.047367584877342
8.324806893746196
-19.7756237882324
5.385218130964212
-17.75958488037545
8.377103703778666
3.399958753440991
0.6232658292659536
10.444089930830081
-9.349788812836977
-6.90200601918856
-8.860531967208548
-2.0894557008716603
10.874944517358365
11.388945291072918
12.96805823735312
-18.379392190961987
11.828301097737928
-8.139895946885712
-13.941279181916917
-2.598228116666373
-0.885755819763105
0.48275802414076807
10.279974165970017
15.96770983986098
-18.191632682718204
-4.587051166889111
-2.1643542464063934
6.2850502761805025
17.426297223371172
6.014845710744261
-12.80941202406451
-0.15233166019142885
11.680154612481829
19.490224234506954
14.856238890297163
5.055733356382703
-0.8840439515632497
19.220441369973408
15.766880466350138
-0.41543395046911513
-3.1790679070586982
-12.818385709018521
-18.614474340908025
-11.165896210526771
-16.26080769541354
1.6114878177778955
10.03443438480193
6.314611396381693
-2.7445567700971587
-2.516050186014983
15.190055535856544
6.903319214963215
-3.4245912661677735
2.128824532533862
5.36317774563237
-7.4633471096618145
3.760009473631669
0.5067261860483683
-9.958741404947133
-17.839968619605415
-8.260129734242847
-17.00260884306225
19.42642812511597
-12.359755562222222
9.108484423130555
7.003735996524316
-4.708627074212037
-16.90623131069984
13.58696562635427
-0.29847364026327483
14.125877518819237
11.165293820652359
-17.68531792343708
13.454369998759887
-19.388980338872944
13.95103932086463
-14.305774250571503
2.7100069024452544
6.261379679590682
-15.976118831549432
-11.184091719559092
8.765823588180218
-7.69532547281219
-9.271504802034256
13.26880544332488
13.717433620822852
-2.4199019983828407
6.9775836849657935
4.416023821920668
-19.358482129379567
8.568890755713312
-8.95014972703406
-19.246338293297885
9.561771429147768
-9.340879368857937
16.42535621766669
10.473708309046806
-9.922644459899539
-5.545538628605717
5.830321869794581
-0.46961578942375937
15.774745001203215
-0.06148849696679548
2.478486296387832
-3.5883940801615495
18.67908285623829
-16.80524462847042
3.3072873285732918
-4.291183976982262
2.645576882429353
-17.72998006668474
18.16956504341195
3.7311346446020544
-2.497570612292577
-17.617640154335096
8.345103252005963
8.646309648689332
-8.467044752378898
-0.9310869074100196
-14.952733232141583
-5.221453060702373
12.133764496903154
-7.730145667953391
-14.518232911879458
-19.076975149398947
4.784859678270479
-19.749459480616434
-11.482092168655843
-16.331083219088253
9.471179137023881
-19.81617818268356
14.276909167432756
10.41083669708555
-4.553937919888892
15.86604112079278
-0.4769689586068253
12.024619444794745
6.990342715964061
-5.120981357672374
-7.546066826126246
-4.856132190115016
-13.611158345217596
-16.95528726935418
-9.204368678287342
-17.914532891797524
-17.057990342020464
2.6411801440473823
-15.953468616499343
11.003170409120159
8.348637458938025
-8.779958968344088
3.2684326965592128
8.097021213893775
-1.697428541310309
-12.375410977167212
-8.881106579485731
14.072042258498819
-3.4482850301689325
8.868727837791454
-2.070373046380528
-12.87455922435031
-6.200424207789471
19.55359479998799
-14.335178046289489
19.61119517962298
-1.3016475027113508
13.26014903493519
-6.294324372383757
-14.623634041677477
2.259553509050697
-1.7457274997009904
19.414588605939763
3.8414389631247836
-14.508028843683615
-17.570854419629146
2.287574016951627
9.069311198063037
-4.404167091109347
19.29587406884007
-14.793967207194338
8.00894480980499
-8.968844786699602
-7.5925721495732645
17.863200630996452
-14.548193843867487
-5.262266514780535
-15.422776822758038
-19.8791353201472
-4.620442515533277
-7.181362125283236
17.909968225569713
10.011102130868817
-15.101999115143826
-9.396976643982878
-5.285738870902094
-11.303195272003483
16.768260478631483
1.3276375654079722
7.433792742741701
-6.5706069489854535
4.128682834543312
-15.272373475827678
-11.885013751566586
-11.319617162964274
12.261609936164383
18.92674572360535
-1.2310518649997562
8.471287434959972
5.116451695027088
-1.7433851526512143
14.67460799742652
19.450217249561618
-5.348555430871977
-3.4149783123268094
9.616613522523828
1.7829475384861269
-10.030819077374007
6.317662747978442
-5.805208792047875
10.934872201464543
-17.09832079639728
4.9920212475964405
-17.012755261441296
8.16939120868874
0.9216001202729487
6.859695179174334
-14.425036474045685
-0.3459999862678309
-12.942489850548693
-16.13963746333008
8.007986799207849
17.53073841458872
18.658882152644097
-0.6712875565234739
-18.776509644922537
-10.641414003182184
17.351494206091466
-1.949920506058188
-10.545780680166018
-11.292436432171108
-6.3576120799724265
12.740130686785584
-7.039522692605322
-7.583753113758277
10.638723984732508
-3.8720258362802404
-11.526069783175101
-0.2646077013250263
11.083026927008781
0.27547720591780234
-11.048130567321689
16.408027084268888
0.1648023402025558
-19.297460887620012
14.420952156470499
2.5473815887388156
18.220477400295735
3.0568127774277087
6.356700365741279
-0.727038873702142
11.37971132478047
17.887867278866004
-6.986576286724118
11.39048371171825
9.408873921784412
15.110341194887674
2.3089618104558483
9.705437849000297
12.190345209458059
8.005892268059647
-13.508959791085529
1.5588017182900487
13.228847126014564
-2.901729397185406
-19.694474112667557
17.09491402297501
10.531338110701952
-2.7861155485176248
-18.83525928031733
-1.9094164940290241
9.807794517906167
-13.551152872762472
12.879782670367732
17.965583328511123
-4.617978721124842
12.294798693804779
-14.759718467744541
-3.7512201375428873
-17.044342047813164
8.54748578127937
10.684591939847842
7.929286711846288
-19.21898287296468
-14.96429102185974
15.97228679566308
-18.12659929533912
-12.277071819231713
5.63439021136713
-5.535239799732597
12.161313101405483
-7.264678112095302
13.377056353172073
-11.456124789026356
14.191347981871488
12.120588852659083
-18.613090191877177
-11.257987209762028
14.577179430312455
13.276886324685314
19.13773106073051
-7.888399280286746
-0.9237467337144878
-14.460772375555369
-5.999881025363782
1.8715116829605165
12.602772769637028
0.2107849234692658
1.9017652898400144
11.609020516229009
-5.869827237359523
16.940704779632313
-8.303759511874308
10.436319377740247
15.135308224844486
10.559673783675763
0.825320778867912
-12.80968138612911
-10.682745784069532
5.478714123131297
11.882822015751621
7.435763206954682
-2.3777208296157397
-11.417577821781064
3.4639446110384853
14.71408578298525
-16.216647342239416
-9.323508155099685
-19.696240973883747
9.055078291478836
-4.731172242603407
14.964283066269289
1.5591514625302665
18.33407358043911
-12.854009984342003
-8.010586142359116
16.524257199578763
-14.118508521311766
16.982903649156903
3.2764798776311608
-17.896679657523627
7.493674354447389
-2.6731551646548155
-19.638610611746547
-11.437096549800483
4.6621638164414705
0.42916850873021417
0.5813831923431003
-2.771975000843856
4.527214268059328
4.9255206948779495
-10.078375026532328
-19.40550750147017
-15.505835147959154
-13.878252454731204
11.551660960264016
10.855045930861692
-17.3620714910463
-11.027846201488906
-15.095309399140536
-19.28524124489735
4.285073287170192
6.871652156371539
14.391590773435482
9.489478761134809
11.613010356536964
2.3789234941485624
-12.912690472608936
0.9986531476484259
-15.150628153974894
18.591347141408278
14.09259860228208
8.596301658221446
1.0405504116291588
-18.824126718798404
-19.384078529150088
1.0716499545318854
3.2174525722987113
14.277211162447273
0.3023073978489599
-9.879468737045007
18.193412361271378
6.283893570301334
-16.744005770756722
19.53851070777965
11.230528100851075
-7.218007369387877
14.717868977002212
14.213553042105957
7.898031214165929
-19.757221963629377
11.396614805405939
-19.621823451212386
-10.403375594987585
-9.250142592071375
13.87633915901145
2.399646507709182
-4.458417425126067
-0.1474494105002222
-18.17992047584287
12.19707707015474
-17.083929398012224
-16.44404966571212
8.211443160474946
-19.705681473319107
5.288936720577553
9.41266447701274
17.101479559315244
-14.22941420265814
4.091431669840276
15.807389378623682
4.631533669356912
5.29811475648604
-17.46283481736794
-18.91275973637118
2.186690342140089
18.403277602498655
-15.121807192428584
6.809675720441248
16.921721389204365
7.370554688683551
8.056777030828105
3.4627384514976036
-15.918134994917814
4.584645563830282
6.307458858399805
-10.67520178279079
-3.120574717104926
6.902055255109527
18.7854066231464
5.598597427385606
2.930067616468989
-7.061140309025845
-14.986089916106025
1.6857595282155486
-13.603951637629063
-9.32127692753749
14.226026216441461
1.7078705098689468
-18.819552150814246
-18.46335779524198
18.009781918931957
-14.85786884043737
-12.064118924162486
-5.722028826765451
-5.903671551983539
4.351312724145583
11.456539497496117
13.145405655324403
-6.035143494193624
-4.369770139052704
-19.40353829051702
-19.95046873057579
18.711227815948497
14.822110975448133
-1.269612655075484
7.872205566547098
-19.32803567636637
6.1599294372782225
0.33382211773689363
-13.487368688313799
12.277842890096984
-7.901190274595855
16.324119628352307
16.641347291696455
-14.252077645794499
13.018948513986992
-3.314262079747227
-10.950893239819068
-15.650434793139635
8.601620717455933
16.976222582045686
-18.731236589589866
-15.474426273845673
-3.585859389220335
6.345025955390664
-8.861679961262281
14.862999209107294
5.158989087579037
6.463259372660044
4.29283019556426
11.69976671337158
-5.74927779152539
-13.470041516092177
-9.708290240908578
3.1355152882955686
-6.490257507993196
12.24158672727144
18.32047265455506
-18.850637455829578
-1.7451848049354801
-5.192076798840857
12.167398395058882
1.6266367508643889
-9.987334154213897
0.4840317616715524
5.061275663107814
-19.760350825122792
-17.620474437101905
3.086849646344625
-6.240056686571297
-17.412680207407476
-18.13121334396625
-4.28823086049022
-13.508556094358806
11.012933758029849
3.2696482283762442
-6.517215134481237
5.989709736587315
-6.633617093758936
-0.7929212312536684
19.311041614658293
-5.598176818084166
7.643975270285381
1.5651326816906561
-0.5949365947938432
-10.900847068588412
11.517165767865198
4.021540904959352
-1.9578625331962165
-8.777858854076644
6.591791293355797
-8.043203977791386
-2.813057236814082
8.564167014318471
-11.627377042258967
8.034483168921135
13.181102050886764
2.749205177106532
15.625698787732262
0.5234167978176139
-10.192748994615934
18.969879383368323
13.00238822638002
10.615529258021319
-2.0392080593014192
18.97668577273594
7.0230930300140315
19.736954991337058
-18.67379018906375
-14.22350398952386
-10.906950657437221
19.717976379146364
13.923366300679298
-9.0446253905285
-4.132775743310182
10.694731313099002
2.15580234631301
-1.7419257716556231
-8.061358568429057
1.2907642332615588
-8.261224642144498
17.299439989615436
19.733923821846744
1.296025290772441
0.19021146969991776
9.300895638637684
8.518341728104787
-18.42857036613048
-14.534914135966117
-0.3929016335790827
8.81813958019535
13.854762391835727
-6.523277612546853
15.468087570264608
1.746973569044421
-6.649569944333038
-16.570330648547092
16.91668960529646
-6.346396286586472
-18.45472782231592
-7.204545364241536
-18.342313089921696
-19.02288358167716
-16.55250668410983
-17.791291816121007
-9.469021121333183
-4.647933064183206
-16.98742718916622
-3.392260103246837
9.274752871312096
-17.384122733788672
-18.700279727200666
-9.109757608602958
11.674551973412079
-15.639552731028399
-15.78492064287435
10.925794684987213
6.9361886390460015
12.563271171586294
-12.173060975384375
11.331668526239156
6.801131317055685
-16.494777678101823
-13.126269249362457
-10.706550745502135
-7.174278776672484
-17.016972164274353
2.7532039056403192
12.65689018697065
4.685661333668577
-4.663547626510876
-5.1629696385407655
16.375190757797405
3.1485278126624436
-6.0946993630228
2.1304346880603333
-14.07470010720138
-1.4729924757413784
-8.392227366134897
19.605277708037015
-4.970495372954943
7.296894774994371
-7.606235587809866
-11.117468568200234
2.398358585136524
7.4068768887496645
-13.495128354740453
17.64380292817212
-11.523520419032799
17.188185420729837
17.796102535553608
8.338878221196076
-6.127491246914104
-5.735548275898864
-19.685886343926224
14.226498861173077
16.537400180005342
7.384903367410228
13.517277804171627
-15.381140751212264
16.01078920561426
16.35908877515937
3.759265254227646
11.472286796837274
-15.957055911606105
-11.188081018515463
10.722813114760427
-17.837125415186065
1.9953859683728794
-7.091039782788249
16.378985247005375
3.636129690314945
18.134155603297195
-5.983420197497583
-3.617045424992856
0.9397307876848373
-19.539368687356777
12.174497764570177
-0.6029672469815814
-3.5989429298673805
11.060211441201314
13.465250317626015
-14.76404099602004
5.439249002058997
-8.27469673529543
13.770152576772013
13.865510996838964
-6.515082621301831
9.456898277067975
4.493820480209028
-10.636215369547116
18.916136135035075
13.538862314244554
-15.4884271894732
15.637068023357088
-12.763271623731981
4.352787721937371
2.636653330927416
16.885555562300233
13.968778554876707
13.431366064687936
13.07662622902172
-17.481431843176942
-14.939285905960137
-5.457866357288644
13.832888400553237
-14.923034694303468
-19.506599553059758
3.1637187159201687
12.898791617859132
18.079009810604283
-0.2436085625462603
4.4176979994933205
17.007290591548163
-13.824795992408507
15.101963145786371
-10.545008931022831
-19.597696607664737
-5.910959423586512
9.661565690043922
13.458103729221925
16.97708361303134
-19.99002034827161
-6.873919372414591
-2.9541485943066377
0.984044834356812
-4.876335279622257
-5.910392188229871
8.58551766101926
3.2071613039086273
-7.32185893901975
-1.7943512494242597
-7.936978777262507
4.006465474306946
-15.242983436869938
-14.875486267375614
10.438948521415767
-15.166455204950534
19.91828281730112
17.38379564853188
13.485018458364799
11.791801607437552
19.369142379302602
9.033335831712833
-1.972866368286617
-10.264025350997873
8.984527675073132
-12.510166971870964
7.081718983667823
19.478669430390077
-5.506819319431266
12.5914113404434
-19.539779003287926
-3.6359830517125573
-3.7463531876240133
-10.258439286362279
14.149372400672029
19.002862125033026
-0.6497815398548532
12.588980709115695
0.4313789334547202
2.5942954256024606
-19.446598262816167
-3.4570385448982854
-8.293767395823206
-3.7013268618224515
19.152395547563657
18.497321644459305
-17.545858743750205
16.370077941164496
-17.372003684020598
13.87918001326846
1.4412350847369169
-12.112081494892921
15.747274403341677
13.571304376095782
6.799534106986744
2.0924004299089987
2.1295399003618023
-16.666915463475306
12.008246275986274
-18.685369105412796
11.154226105960646
-12.643057984368863
8.127570924756867
11.441948895547949
3.0103159302173736
19.285761954403384
-19.295969299155544
-6.737352315923255
19.512417749508735
-7.236068591414648
3.4079550209135725
7.976670094521662
-7.08229544926192
-2.6129872170653172
-17.29350168787736
15.300689827603065
-12.990840368518132
-3.220222956064216
-19.431351731969247
-14.274641058831152
14.424260174300017
19.538885329052263
-17.67479797630454
16.608689640056376
15.96673896101845
-17.965664422767574
8.753535254368057
-2.833255400349163
-10.303199277006549
-7.542145355764717
-10.965287004089621
1.2168543446958147
13.134551738267106
3.3401818403834156
-5.733127081631949
0.17544760645291646
12.532495263778948
-17.782095908015787
6.884668661621866
14.64254751848884
16.047353632889745
-6.28316918125833
9.373333680692589
-11.79780179147361
10.803572572327361
-7.216729406424394
-1.2555743936706598
4.651404591778686
10.664445357301787
8.619345309062716
9.96793635442397
-3.1374374924610784
16.0384626088398
9.253462105451366
-19.140081660711413
-19.237085315311575
-3.306911183891618
-7.4987605506250645
12.015185212318173
0.2371228239724168
10.755725556060863
-18.08380697490156
13.502265263632687
-6.88381333420927
-13.23174196125958
-6.323679296899556
-8.909512038634762
-5.567164212314593
-2.1374356588864245
-1.8403841151938316
18.37741341307224
-8.83551033850473
-11.173485709330864
14.466353884424315
3.3105688520728407
9.6566766749152
2.1940600997859114
-18.98755113759721
19.226750325436328
2.8438900265166467
-0.8176245020572246
6.086386000374532
16.97289036591595
4.1304579398391965
-1.967886649690822
12.642343611258546
7.639115712432925
9.884078458921085
19.007452242203932
1.7672488508275705
-4.290328991773986
1.3132522616316393
-4.824811392426671
2.4855218864456816
6.869990496241741
-6.962842098738351
3.1312383073268535
-16.586198546439434
13.518078479682892
-6.56331228408504
-12.286446443332784
16.069680272873555
-19.284633729494665
-17.858561412151456
0.5179670358669277
9.209488030297578
-3.6304419836015853
-19.056305388135442
-8.028738306358143
-7.402840221094454
-16.018466111694536
13.753383768013286
-0.0361122497575721
0.9380830737782091
-2.7693245246358025
9.156801875578257
-1.4474550830739972
-15.052938179822878
-7.042776182720999
-10.593915611193449
6.234674563269095
1.2359740140074251
2.335455064448624
10.943840633612663
1.6043740658145609
-5.274748888012425
7.420649716940609
12.639093385219724
13.884539413513515
-15.719928532457077
11.215407411816194
16.779392123240385
1.1777518193956915
1.800812306949453
3.4388768128372824
-17.918355534953477
-17.2656630170321
12.605378341546825
-16.224303018843294
3.6575362605031145
-13.052680668076345
7.359549133845768
19.10088576370682
-7.892098873940077
7.223379417334623
1.1294624817770682
16.809425234359445
-17.02023005093561
-19.243270600310098
-9.521200786318946
6.862202303821338
-6.614003383955955
-16.276129819764996
-5.907735564893288
4.897256746841787
-11.588740640042001
-4.936493570909629
-19.271743515943044
-15.555633880466573
-7.4033792190131145
-0.5180821424301456
1.4738447120522622
-3.7871251272387454
-0.5487778043167211
-3.7465885757112076
0.5659284485515528
-15.747403662736152
12.269974957474325
6.976477425675686
-18.667076959701937
9.072397711135416
-13.97110702115603
15.951623755510653
-15.878392688222661
2.0477078381557945
-5.440768889532368
19.19917336267156
11.315830770687732
-11.9420513113403
-4.825127655405165
3.110142684600298
-15.86440264647778
14.459818659400042
-3.5705741532729682
11.111042575688664
12.632032975428388
-7.826451733125829
-10.017311925896465
7.065020430572861
15.203172289207664
-8.544812848602508
-9.427443919039415
-4.159243473038167
-11.996807257475059
15.705609565494619
-14.70246233699073
-18.722185754227873
-7.905309608471281
-19.828287465057528
-3.9987586128784756
-9.18394291890445
-17.832464550340394
-4.524100078701764
-9.443563083193741
-19.802518090835566
19.363346298662762
6.011046599359258
18.44073466175501
-2.3160007766746347
-18.402419292287135
-9.50032974124185
-0.7381714403149005
-16.186872564376053
-16.36918688617775
-19.85238424070131
-16.47396764155016
18.340620297521028
14.282178925257114
-17.545340274450552
9.535165738688853
15.855058332444159
13.493921043400086
-17.334888614734897
-19.958580095237224
18.427474339045645
-19.328633831660884
-1.5940991182405817
8.63962267685158
-11.097458726848807
10.31901429491527
-15.522445595112991
0.8561421868087535
-2.3533162973646142
4.173361883355668
7.854258911368053
-17.8434796022035
-3.2478706889031344
-18.4542128581589
0.617854893802857
-8.291838275842665
-10.923589374089664
2.6947157239607265
-3.3375122514478335
-17.74594540504268
10.751863584967335
16.42942558558439
-0.0175384225883235
9.095069948092078
15.792583741018923
19.058115362016636
9.874783343658077
-10.339047529073287
0.2886141172961203
-5.614162775655252
6.583691909150925
-17.572876039484623
1.7460992719423665
7.972504929337344
4.368610973694448
3.505123410711981
1.2054647844912765
-19.32496747480289
-5.479039099506311
12.590439918523423
3.19991885126964
0.12264329553336495
-8.118562753796947
-3.497501236308352
-10.754956364305741
-2.654512717420573
4.997670000003733
-14.361236736487557
7.171785317558967
-18.79444185225008
6.002859219329629
-14.019969312461399
-6.905068560125439
-17.0824324943025
14.508148979635664
-19.753018240709537
-18.31778977321637
-4.119382664499094
1.3831362766869475
15.079395751567553
-7.500911718799074
-3.950210466602236
-8.613004288250368
13.565402279864209
-15.909621492362369
12.057533952023142
2.880965573087906
2.2583009189943866
-18.68907146301297
-16.990060310883276
0.8374848340487198
9.76304491387421
19.85907424241975
-11.802969843276351
1.2572201382944534
-5.423625415252653
-17.716866508025248
4.42160777417504
15.40804437068465
19.70516183592975
-17.249524844716007
-14.669154873735856
-4.620675617128462
-5.828555312971648
13.659667223276529
12.278008731187391
-4.4056240214460765
19.220692433106024
-8.3975501361801
0.24722264654371173
-3.272196518121323
3.1443000474794474
0.7250574100546743
0.10649199215626126
-4.541049862980117
-5.510244045571797
2.9699765350944674
11.344999302712836
12.09531883860818
-14.350008553520897
4.517185956304761
18.667305135724398
11.078294880314004
12.00255855325559
-13.925808838034781
-6.721558384384112
3.177858489480542
-6.778892759573374
0.6477963124505202
18.3793911846442
16.65126002678609
3.7989087474298486
12.59188282076051
14.468727267448912
3.737966658244673
-14.923182286960767
-19.725504199886434
-17.28427065960732
-9.27368959147536
-14.421411837771503
7.210890002774519
-10.201353976733444
-2.133906752870203
1.1661985189860076
15.420083016136182
13.201842700202945
18.50061730110496
-7.509601608430966
-0.8425678407299166
-7.732336323823091
7.505183335395365
11.643649575628046
-0.6379073560269717
1.7991996327206685
-3.3096411385542055
-6.611498053791944
-0.8354398006706205
10.954706712638217
-12.841919142062906
14.120281073525106
3.1433050332747783
-11.267055762697936
-2.4933677911403223
-14.695722436237624
8.882969574025353
-10.657889834140523
1.4947580848049427
-4.3377857731884095
2.6254469972541017
19.426459970442657
18.132480273479985
-0.036331576996598614
-10.265630573219946
-8.359252849340715
-19.587686120060166
-12.100566140968185
-18.67145649128892
-16.171214300616526
1.2371684426798488
-0.8364839195138138
5.528298125336789
-18.53147792032065
7.1236357480627
12.565776975724859
-3.040572991693473
4.70177631942768
12.657238878114825
5.833927532901445
10.314840422832098
3.81323880645402
-13.867761585989706
-0.39538003854279324
-15.42457557787387
14.099269520569557
19.249327761526857
3.1139082048662132
-14.73097654728971
14.153410189808135
14.319426482192114
-8.99563014887947
19.68314821778516
-9.888493284970385
8.209993628834834
-18.976810292863874
-13.91702272243414
-8.850407161013667
0.30848514030762075
17.948345412428417
-12.954110677404152
18.469809894174134
10.041281255516495
14.9739748978702
-15.81803305081364
-5.4800662058017835
2.657822433839499
3.6972540543337686
18.107265372655966
-17.084336676875814
12.037884090119839
-12.401214541447452
13.08397319687765
-4.933839599944623
-15.806664912465838
-10.843769429452434
4.343512067368604
-0.2843433526198389
8.687168947402103
-13.267506953063881
4.32283635166899
7.6530105343840376
-19.225750530999896
-8.478182264585698
-11.561564644470138
-9.895501045368974
4.697822237086356
-5.590157758459945
-13.693711262147037
2.434311399681217
0.4980591201430151
-0.8501773662388779
6.459853973167306
-18.04134646366814
1.899775460586067
-14.415711432839732
12.827309852066108
13.12318058469699
-15.567453952284755
-8.593532875401166
5.024268944817841
-15.595505046563986
0.7670580117636838
2.3268779331746003
-16.984244687874174
-18.152709806313467
-15.944439924418678
12.370027449553177
0.17519333865777398
-17.59061048715235
18.58639008382255
-4.441955193597211
-14.372968939531038
5.759294874310736
11.884932892504022
1.9611174361768846
-12.479664178752632
7.935692294494366
13.412561988491007
12.945933730274511
-2.157842067716153
6.848713306780088
1.9035465182859177
0.4285012104815955
-6.738150967918459
5.8590031254534445
-12.637805218840859
13.367869625951407
6.30402831662736
-7.652118195627541
0.5712753511772135
-6.8181776866973784
10.763015379186605
11.128037494500735
-18.140425974835786
5.610561941655682
19.058696843511996
-12.78055476404882
-10.553630576566956
-9.45738483356386
1.9141767648488113
15.552871652226784
0.47722596801975925
-13.003540882563422
5.75793211077967
1.845665234759032
-14.500914867128998
-12.375499719493952
8.09499448699528
-18.413572653625305
-10.073082357150525
-4.716925609379846
-17.609313113517263
-0.6638532533938246
1.5444629749385221
-5.1992217698530485
-5.307522726106759
-6.600415464219843
-19.633050652144505
0.7619809581928436
-15.424463953795811
-5.077215561015432
-17.398290096794202
10.433043935571767
18.784046045848925
-7.779697448134929
-13.247046871944939
18.966121670621696
17.80058990895681
7.053100102588779
-15.01893104950538
3.285504197949333
9.993061482006695
3.9236087248800864
-3.83771285466036
8.772288594118855
13.48772961135095
16.55504490548624
-3.4847692903931424
-10.63944244096743
-0.1825409669471867
-2.3625941422252836
-16.160470850251734
15.552736739974215
-1.4114309279584383
7.309407144601899
10.36723212840494
-4.517557163854189
8.413850862402548
-16.413219349320293
-3.5316674804724713
-0.9685397893895527
-16.26306803943958
-18.846956853059957
-2.917887828941133
12.4949495250955
-15.737233294795914
-5.02235888348852
-18.544116410284467
19.949080226594916
4.940567870740335
13.651459153333178
-17.983088153956366
9.210742656092844
17.45762153784392
-10.971040175859947
-11.957399143176254
-12.050765486214887
-18.377401981609008
12.090363074630332
-8.797549248409076
-14.397664216703546
-13.25915333522238
7.541903485782612
-16.130390140174285
4.214847120461105
13.3696527872211
-1.6991131593322528
-15.274953896700136
-2.757324104908598
-12.745742349961402
17.421770444882448
5.164031173195241
-16.92928138035462
19.0138688413414
-3.563586312454877
-0.6839516595993125
7.172481361989497
-14.890414991913538
1.9477426169196512
-17.61528021522465
-13.555047257713056
-18.19257493685199
-17.740121813757842
-1.9389505966949443
-18.023338126044443
18.974281563578508
16.094973107041447
-3.7434891112980964
4.3125133977276455
9.34473428361191
15.122824644276314
13.842908332546116
4.317353502144666
-13.489102225498698
-13.81362267446162
16.06948215757084
-19.665406125773526
3.158533550982412
7.762538631249129
-7.166733204243281
1.9204111610746644
2.826398001785037
-14.718743913181482
12.376632998566983
6.580295721126781
4.669655214416522
16.75019543573717
-13.570561121081152
7.38380485065662
-2.1718094287930683
-11.797018917769911
13.058267456537976
-17.755492473329724
-15.13917306822174
-9.256559155780785
19.163767979375393
7.1558618615601866
9.729722888099776
2.2506080575725953
2.4993534925915526
-19.181881139847242
16.66550743821513
-8.928869704488548
19.90304213925478
9.875384502270471
-6.412418150414197
-17.388187377065172
4.325486483383969
7.2434556207409315
-2.184791833085569
2.3311592705536874
10.944950107169955
4.601784740728505
-18.657728348917534
-9.346681068059443
15.148550466164828
14.948729070533702
15.925718482072803
1.9930053549656215
-7.42183817773288
-8.738456054046807
11.711046262271058
11.384960193429002
-14.379782046627426
-11.50656781209439
10.115795457935679
-3.2213637321687827
-4.497927182557394
-0.7755770843734844
8.930214068283348
16.24868563394712
10.664281668234121
-14.512925512794785
-17.16641006880711
-1.3880047720275215
-6.107470394870136
-8.477030010509488
-1.393206483442448
15.32451327530741
-17.221433458702762
-13.231279640378176
15.941485868159617
-17.78964236566282
7.284500808131984
1.9552804203308263
-16.331277212348212
2.649887594453876
9.609660689330308
-8.131197974121974
7.975035968907228
18.40599552409266
-14.571248220594452
18.887661812592384
15.675443516579634
-16.65062000618848
-14.503638586608378
-10.04545879052384
14.241033989817716
-0.04881028880120297
9.43519771579421
-16.551209507754045
-14.275983699559234
-10.43958609483504
6.38319597908772
-13.477852935515212
2.0256861182154715
1.4099045349760644
-5.614415799072141
-7.013239323139082
-14.03124530703586
-5.08766702817114
-14.254317035368288
-7.1259750925620935
11.013083860920222
-6.163058206397709
13.274743843688476
-6.51709648851039
-16.914306652245
18.57869673091824
4.686057589282239
7.632979249668761
-6.5634025974482455
-9.568672951877751
-4.6982777007618814
-15.92253124353562
-5.109956715828986
-8.106701518072095
-19.520690033415686
-9.960841342831666
6.6854003906473025
13.394656893629467
-8.781385406996405
19.288506598064203
7.518767559524477
-9.510328645977335
-11.429915138952405
-18.194740206137826
12.610943228517641
-14.317238419721852
3.7404285046361423
-12.068947270437391
-7.561562044975862
-15.679707320592723
-5.0772905746101635
0.030734297047985137
5.490659679981064
13.88033129396554
6.130692896142399
5.701176918302654
-5.6675944763791275
7.953271681342446
6.251482035882869
-13.708225134522628
11.40085399283906
11.736952324324825
15.643727218346825
-16.993256498837606
-10.678837716148802
19.657491142205778
10.002823105934748
19.768209433300555
5.380475277446273
11.1206794545365
-9.203417232391523
-2.1229440477129593
-13.95913041698018
-18.885826460194156
18.249163032115803
16.37050412098216
-4.47581766104876
19.805644386875827
-17.578048807814163
-16.44617192744109
3.760766231589635
15.875751800848235
-8.067204932828545
12.832787593762752
-0.48914930129892653
0.04469929831643782
18.820223206610514
-19.836242468745013
-18.35744569291866
11.869073202284582
10.435370205274875
6.231350911498005
15.7877780489303
10.440609256433508
9.632442669228695
-19.451767387424326
-2.4304664112399657
15.323949603258626
-8.778734585058775
-16.009998302075367
12.30282999448238
-10.638975625985566
-6.395875331865417
13.151073524365316
-10.976315558366284
17.672332948180447
11.041144091431363
16.72965387971324
-3.512846375960006
-2.2621720690496545
3.1483279532749577
2.88405364177299
11.77422367187042
-2.264006736224715
-12.012225123824681
-0.8665664172976086
4.531625686023538
13.370689424403508
5.419337459516484
-17.497558320765766
8.647887094962059
15.91582645473359
5.425797110683995
14.614074105746589
-13.174505835771054
-10.688959499997717
-7.7939316608028975
14.351757595816125
9.093362015787694
-1.0188737227868572
-2.495240742380382
8.851495724256399
6.451474284362675
10.210386024762713
-12.46852026627864
17.819258044410866
9.205246100736506
13.250602231584814
17.658393456384573
6.442913923772188
5.175322378570634
10.75450360097129
-19.158038396390246
-16.681489506079174
-3.985784687144452
-7.4176307870121185
-7.297050225282472
-5.7429883392027
14.076217451857339
-16.777509890718676
1.5226611020015781
14.608401700510186
-10.729117408072565
15.819561218435865
-5.6723582114025195
7.551876621133488
17.19234662753044
-15.268348565184024
5.534620980781678
-9.9932816880606
-17.514066077905397
2.7688210442875985
4.10899345476237
19.405157659680675
-5.329765752845091
-6.728444238965171
-8.65089417705283
-14.19000664974211
-7.44997085938914
2.3414128497326203
-13.177034176664506
12.93219758860208
-7.171833928802345
-17.208945851242056
11.373917630465723
-17.836355168737402
18.878864449077994
-2.124603769619725
-18.670700920237376
9.929743084142103
18.720493226941677
19.818922652194395
7.7321211040356665
12.96296403887974
18.92733637340509
1.0599030130783227
-15.81095587118654
19.956890453362163
6.9130415938846
-0.7853812819871031
-0.2766150126757765
-11.172898691015645
-1.383949207198917
7.616843945571713
2.4135287462065627
-6.953716395323326
-4.083443438414056
-4.6147463945624025
10.147107250610539
13.62478322510043
10.857114737308322
3.4436650976780605
-19.714413286011077
4.401433190180196
9.059492951901774
-11.954145774261619
-10.789887031370831
-6.253046024082227
17.02108125562801
-5.747138550445285
10.816227981948558
19.229019139489623
-14.005893169864523
-12.050746273647505
1.3465919630524397
-11.400058173447313
9.27622196006105
16.593218581058125
6.558070628723552
-19.27368398318865
18.359023816324928
17.04830493012308
9.741738596617274
11.087265229237062
-7.748293979269105
11.976862713525684
-16.66913546976493
15.427674968673927
-16.46395471011569
14.057850069243216
16.8784159645612
12.097662283229361
18.595886252921318
-0.38130356619105754
4.350248251972886
3.5951437257687786
-6.781596790722993
2.6807626472397885
-14.60795002400845
4.65743251768518
-18.622801550785802
1.0825711058736154
-15.667926723684165
-17.866007904102453
18.21970973839622
9.340714830761094
8.321555986635175
9.794588128854684
-19.651095279110976
8.667537939143482
-8.770675676331233
-8.65093901101881
-12.76588484062058
-8.407426928225279
-5.4714054230519515
12.576391057937293
11.37960830161959
0.7329493492882193
-8.012155911037357
6.112542789390876
13.623301900807164
-19.447475990240992
3.009217435487649
-11.135946848507068
-19.27297189430628
-8.775651205653197
-13.729694470192593
2.733929626051413
-19.588576336215958
11.712707328484942
16.642183318811632
0.5383721903904082
14.986254231118401
11.91304693051093
14.798484865709632
-3.4892147519897634
9.56280284419239
-5.294436094484469
3.67785332478325
-12.559905773678231
14.274381997402571
5.357686897048058
12.47484491899808
-11.98385539689841
-5.039458711567315
-11.291507576667126
-16.239724439777696
17.164192406672356
-14.206768990243678
0.4225313250888938
-3.5987627800310342
17.032208079274923
-1.5425776787831111
2.6138130029242426
7.241343416295432
16.463383941437037
-12.305321611360629
-12.852386347203248
-17.361816155347256
2.035109136163385
9.300662864748542
-16.55512479009358
18.488805730114542
-8.425462560500288
0.3730120646039836
-4.722514055457609
-5.28962391971862
-19.255238919423483
-6.672079940864698
-8.005748600186271
-3.0486655130738747
12.989750148550641
6.953511720561739
-4.672379683021601
-2.5931648681963715
4.508806621607356
-0.33364706232564956
-18.588885043019637
-7.869974282987382
1.187999771494745
2.298792467681615
16.49511276014912
-18.700828061234095
-7.830413982288595
-17.449323295414985
-10.25355641533797
18.60631114211177
4.447665950471148
17.892004259627228
-10.76043148369488
-3.7758267813275346
10.180866762062628
-3.7897373295748693
4.892929560288096
4.267319708750094
19.511709736501828
-17.804336444191378
-18.494544406837136
3.6591663788746978
4.317032273385536
18.523949798505306
13.174366342738388
-5.054144435884233
6.651250735297225
19.066181289981827
12.746307605634641
1.6080973904558178
18.89034237404517
6.764167827146089
11.566129908644651
9.772559226835995
-2.357813066618487
2.306659690668212
-16.03941862012735
18.42011621369427
3.3546176622522736
-5.842181899866418
0.49729360974399484
17.679006343725824
17.406598580072952
10.898254540256577
-17.742924118047156
-16.794353662917185
-11.718080765142407
-0.22921808839244662
-14.316735983748433
-4.482778554641156
-16.09514563400483
-14.912118027647958
-4.55161922183072
10.90352115509922
1.4293759372904127
-16.364262523396782
-5.786097217525846
-2.086424520186469
19.898355117674228
1.8340788251843634
-15.788603452690836
5.12688204010519
12.239119840822454
14.57634876807792
-11.96225190796718
2.4850887016829724
-8.872885075522635
12.082856611840768
-17.98345135237982
5.868930410846037
2.9593167875819937
19.01392460962243
19.132246373433432
-9.71481529404711
-15.074230631929222
-15.988186858155844
-18.943396911628668
6.74012051874881
-14.305957644855617
14.968212755211937
6.907909100206883
-8.174816786166673
8.272789379668374
-13.743886880548475
-16.225893105970673
3.563388985745128
17.722884334432926
14.938179309189351
-15.891149797850638
-17.288797368254265
-5.122188441733112
-14.44509648917581
-19.4432361557422
13.75462271134515
-18.56875493378462
-17.97914160771656
18.344542303931966
3.3000005845648595
-6.376681718250538
12.837711563111533
-10.667217362385015
15.446213794123395
5.1098908365807105
4.176266281935746
-18.752018625043178
1.4471112560058152
-1.1486056411446626
3.1641426163700217
-19.12010393355601
-1.1461677555823186
-15.25490733336811
-4.629402035141483
-14.601687350839194
1.8821097311348183
-5.09424636010705
9.569629435933166
-1.2170473488383635
6.689600704349981
-16.368193732212596
1.0417668135323055
16.950662929366594
-10.01649677784616
-9.373303375186088
-10.19720100805376
9.602617869214036
10.127951778520071
-8.810383548458196
0.6467555683439272
-2.7590607507556513
12.501128024158135
-16.556310311668938
-7.68043940338703
6.610540439130837
-4.542447738501384
8.989723514591628
-9.859252427047046
14.189123426146153
16.00331953250702
2.9950873729228142
-2.102726574993472
-8.621034607764976
-8.242989411335543
8.335993104476316
19.293705241768755
-14.353605349541802
14.846336187033302
-6.40802692217688
-12.059908887303346
14.411557631285746
-3.2537735107948684
6.49513951439641
12.66980080874891
-7.239967503451732
-4.878600481359477
12.092995111625406
-8.471241123010497
7.281135687391217
14.523922173864186
3.4302786495769837
-2.9880392250549335
-1.4749443052302702
-17.800320978889598
17.428478777223084
18.911957832507028
13.004209166262676
-2.101374111982132
15.098736593067912
-18.06781182315308
-2.515970209045033
-16.341536924716195
-8.225783328446493
-7.426284218722902
19.219138916077476
9.06863087068674
17.280457520273742
11.408428022318986
-15.551459846411504
-3.353152692984814
15.071867611080947
3.5520303472742043
0.2244601694004018
-8.864088021456293
-3.4399041663416483
-11.941054959670163
-10.576465651292875
-17.727261740949622
-14.571177214497322
10.869279327912622
-4.857249307690466
13.61765115067
15.289136441262954
9.188942564511176
14.162814766425512
-2.8223074905632863
4.9290577251213605
-9.911977157985925
-18.434101267593846
-6.040749403550345
3.549992261659046
14.913802627612561
-18.73773805004921
14.673807271435983
12.474145726484423
-19.3380165730612
16.557300225861667
6.940485839036974
-8.39595935725594
-12.448712706706914
-9.206537521522575
-4.315584826854506
-18.995106731333443
19.430651894508152
3.859655910573778
-13.768657742294259
6.495031658711881
-11.566887136034829
-19.59489624180026
19.223845266279753
0.5640248956364928
6.7894982176780445
-10.37098435657375
-8.888755409292944
3.8728279105881853
9.681997052208043
17.889736182899547
-6.016956311349784
-18.395181781813157
12.072667641002305
2.2169027473738367
-8.858827132308873
-15.755061239906922
-19.10354562484875
19.388897869825065
14.635427194885523
6.100346035784952
12.524563950503953
8.0615577527145
17.770943450737747
-2.049509165439151
0.23430287824637475
10.706278128630604
-11.214620280792861
-4.232193962229967
19.421852598459203
-10.059652200710993
13.498165090493636
10.764391740950458
-6.68204008546034
-12.252486681383502
-18.768227747975136
5.043157228338316
2.6371265083609963
16.378491076751665
18.107426573251793
-12.71316495966282
11.230815456266804
0.7217157105205771
-17.262110054950313
14.570912957374738
1.0304962746583435
14.925964567861058
-9.410849105121475
1.4185058899959984
6.5192982915795525
8.21467705223986
-14.673159205455999
-11.928191756196401
-3.8988230211589894
17.232422008327866
9.273398918936966
-5.344504222147801
5.89069246004302
-7.691195903638853
16.342232576089437
13.718016980920318
-4.287500255655075
-4.279622701086057
-8.812630267368435
8.176252204890954
-0.7676378905305405
0.01725872736521339
-11.360144360408334
6.0259156776561476
12.925942003924973
14.94106269028682
-12.207330543637145
3.2343033870782705
9.95625110248108
-17.205006137064572
-8.303147332818277
14.89757513779275
13.133587733575311
-4.521743906987524
-13.360303282134648
14.159899503113309
-0.8714280919660702
7.993805825704268
-9.220483584693806
8.069994266608518
-14.714415573205294
16.990400193192173
4.152472677586601
-4.930924277258889
-15.735605661519854
-1.4957732394338272
-16.149805012956712
-1.8221086093699945
2.2322991861609367
9.67590872273789
-15.252447378719665
2.732094180070156
3.2785790137343795
-19.488533973743483
6.260768525763698
17.258901519947187
-18.654377153268122
-6.5471783791254
11.057663412793282
11.855746224470913
14.605349917379499
16.71339399401228
14.769790187140316
6.153940210201174
-7.755739071804321
6.113639898121232
19.80354425897307
15.491149032103849
14.147391982964727
-3.4954858443908137
-14.962470505121818
15.630756969323635
-11.994190085892512
2.065974940199922
7.245683651666269
-9.386570322156938
3.381088492903018
-3.432528053039597
15.513585980679622
15.931938031751088
1.9631224001643055
-14.500527809075802
-12.134254352761022
2.397261182960854
16.173045004649353
-15.275916919904242
18.270809388299718
18.78097489359415
8.33837918990719
-15.663973452214215
10.745200974796425
-2.2184383589965506
16.232049808939095
-7.817712950636459
-15.024196537557524
-7.531473319317623
-6.496054011757666
-8.523435559332135
17.271068958195528
2.8153899164968195
-0.7758692311696009
2.9377306789838578
-6.1471414809696725
10.431333556000105
16.307700979693777
-9.187629480785127
16.73614030060066
-8.652617739596327
-7.31984280045349
1.7998585698897145
-19.928308966146048
-13.67950467125242
9.71115495608278
-6.982105683516391
-13.786640800951325
14.150620759249357
19.99982039106537
3.11132508248469
-13.57213905475577
-6.356444563094911
9.54245388155389
-5.1536227951990465
10.669328745087519
-19.04967036516361
14.146527343895066
8.352166542683737
17.22563859628349
-2.7837499244772026
19.86633438478534
-0.9149157860333226
11.111155390933614
-12.536148460225988
12.767360747181328
7.673408975746234
10.71014275717069
-9.291762579005628
8.222337301070809
-19.154914807808424
-15.37663772019362
12.806930507648964
-16.031845083134705
-8.825913936037676
-12.835744766000188
-15.901640425820375
13.882427682132942
-8.747083038213791
-7.788347511063872
-4.622017401465893
-9.446718457163934
-5.8723372366997815
-7.568508610884157
19.69300463005507
-15.403905381516996
-4.372807174627491
-4.299864194944934
3.1408970913122047
8.06660433973439
-10.71415749948069
11.155994231266217
-7.125991601892858
-10.31454223195416
13.663512408476556
11.278470955169428
12.545613770150958
-7.600828159389351
-11.905077897685405
6.135555172451454
7.514350511373841
-8.660276218453644
-5.703358823800709
-4.974158083905493
9.910979650501762
10.165868871597532
-12.29139307994815
19.28108996977476
-17.747290072900263
10.153228579240565
5.182158409807226
14.716626108972179
-6.7468610750515765
-10.073843021446493
19.490936800194547
8.533596983847506
-19.714915425172137
-11.900761975069024
2.315308260796595
18.34484818231158
-19.400009976745896
-12.26601353758912
-19.62528079868885
12.262952101873509
13.954928051233672
-4.600821482575919
6.174488491013502
17.448719881817368
16.110549459580014
-4.532549557668899
-13.35597298906598
14.894708598707055
14.807080142561531
13.785609492622214
0.9328551820295594
9.010552497641928
11.895840401765504
7.8291797358478945
16.377480582259835
0.8219002508720124
-8.320897938857241
-10.38992728847926
-3.100522421257743
19.162935523865954
-13.488024166175606
-15.428274235300554
-9.344609318556433
7.416696448988098
14.70337080368526
13.87236916835721
17.227213979628388
-7.659675549280838
-19.778930601302783
-2.7710249161989573
7.704088705278409
17.563870896394015
-7.07779294540002
-1.3026868238215563
-18.93073436344345
-4.824326151360827
-12.852009924824195
18.80025276563974
-7.940720068460356
15.036915263602623
-14.566651360976945
-11.551565594294804
-8.959231572875286
10.102746440119759
-10.182848257647157
-5.514181362833597
-3.088348926341787
-8.056420199043703
-9.470744017462698
-10.66157966563865
6.355595544558081
-16.659175394692227
7.311590540424461
-16.818778546201628
17.29791542311267
8.948445430835989
3.1746996812959303
14.235440243799424
11.912158731948036
10.882725090571501
-18.104620119244814
-4.202588977011924
4.5344865244219825
3.182402270807522
13.149140541573644
7.325666530103266
-17.349729969560478
-5.164229997209002
19.293923806932483
-3.2031584036677074
-4.199629633042523
-18.657362482855287
5.486449990800828
-10.466039153299707
9.659578319455836
-13.979282992975586
-9.809337864700343
16.71476341731782
0.027151657186482936
-4.8764019692859595
11.625393289108203
-11.945459827047085
6.0786420943774715
8.621798354968973
-12.607287560764803
-15.71886559716749
14.00330682487121
17.234699022466025
3.1067970268062055
-2.44840816571406
-19.823358110929234
-0.5736163539284576
-11.571465808550144
9.282342895032556
8.658580707690401
-15.688260032963516
0.28964609287505994
6.8796543881163075
16.009826304822624
-7.281425146314785
3.6578787089937848
18.80058008839336
-9.007132883269282
-13.06151327544692
7.569756597263119
15.21407803817118
16.195777407442563
-0.4577533965582212
17.38795996235794
-2.6507973933246305
12.255418927495604
8.054854947879974
18.94189549000985
-11.633926816273297
-3.680519050606719
-7.768593090559062
13.133179644128134
-15.07643920069954
-9.567052322159384
13.599427284853654
-17.75212596039384
14.098594967587125
1.4698132961544843
-7.449864921399181
17.419743677138953
-6.036176026806137
9.407556793839603
12.997954194008614
12.574253972287622
-11.364471394814956
-2.9256551196204263
12.500826916395845
5.161187278856051
3.8073414677449335
-8.343632499871067
-14.516572172948642
7.231727376733836
-18.04878509304283
-0.9218236379510714
-3.1503511172200085
-14.757334149680235
9.429232979656135
5.941546901770259
3.8069339486296307
-10.299916600254019
-10.130944880012006
-19.50069627088751
-1.0121937248351074
-13.710807553628506
-10.412496648187236
-13.644943243950047
12.143740024274045
-11.789034015122697
-18.387355558073907
1.5563204509211488
-8.596102257180519
-13.728162458096005
4.528726591611424
12.611452839637842
-13.451756075450758
-16.55327545730455
7.650929097568163
3.833463105292452
-6.184059024074742
14.615879314175551
-10.427556252149435
-18.36531992394317
11.136887974569106
-3.43767215201526
-19.070483348453532
-7.679635739689905
17.671034941875448
-13.171392465308575
-5.252856219832598
-11.37100637827741
15.645360154961907
3.012765255239099
-0.9399921910229949
6.413603602036119
-16.388933517169182
19.87009755079802
19.53828083496959
-13.820646266854633
0.08772379951183495
-4.320548595684164
15.064395439861904
11.276757405021591
4.5366363232664675
17.726788490031268
13.717008036969396
2.859127824965391
10.426092299627342
-10.033723224675665
11.243144149363257
14.754083518524304
-15.094577691855928
-11.809982106767807
-14.752927631766951
2.429101016425772
5.3943212071134425
10.081664477386273
-12.421428991853691
9.852391890565585
-4.223477596749646
-11.566371059577065
17.390750470415696
19.072637232476602
-17.719186959269408
5.33684576264319
-4.208258826758096
-18.729380586755386
-15.570190940659332
-10.97043738460119
-12.23583877703842
-3.3616223636671307
-11.612099060200588
-19.46606054214231
8.856076240564462
2.7909800865392356
9.681864888231484
-7.076814504927938
17.089804380177334
1.7198390710556133
3.6088359706229625
-7.688057267979772
-16.754464166216042
19.391555813112994
-16.807515982715287
-10.974038373143893
-9.109264167675928
-5.288158009950589
-0.9423298184675346
6.45647597289825
2.3798377473489722
-6.407586690862628
7.346815286200826
-17.755954227722135
19.44031872936072
7.102990228427984
-18.672345143546806
-16.274649593228084
15.121014874738975
-14.673797884550135
-8.49723627052529
13.0760842885731
-1.3878524911604337
-4.203942228630373
-6.79213506993047
18.193000473121714
-17.686364213070362
-0.06264789497725332
-15.120414445069393
4.118960934211952
7.149135727597383
-18.971864114124752
-3.214873764502464
-2.713044999285831
7.817952506875994
3.904128938551608
6.978760211747307
2.402431140262774
-10.049256073302955
-13.464056395288786
5.099022654632851
14.151962016640894
-16.116274209007653
4.444795060326179
4.4123998873733825
-1.4397170019182646
-15.733214397723554
-3.4865960154651106
13.668396743362841
-12.030332874308215
-11.456026117049385
-2.153560158984533
-14.786930795366228
19.784110908395135
-1.6219302092312482
13.930422967601189
-5.8924075336475354
3.4521861231429796
-9.460034716380381
19.964062766268754
1.6890971911344153
-16.524055180069716
-4.200006717781051
-5.579461294786125
17.555938126751904
-15.080131110168198
13.96875894948682
5.438509574567551
5.24892698696209
11.76611830