2.587479106035616
-8.887087960750723
9.069885041728242
-3.6035885577616575
1.4502883154956194
-3.5851674352675325
-18.981874187549028
18.388913577826344
-12.359094097083275
19.852496869713285
-8.655937721805076
18.845538648196438
2.6701402505877283
6.414781610132721
-15.85549934009455
1.6302279949813325
-16.63141036792989
-1.4695530474523402
14.32294546297581
13.815089283798116
-11.095664916387173
-6.757464889933802
-5.669078062635604
-0.23380977295332528
3.5812421415417433
9.864115750953925
11.324286797382772
8.517792662021094
15.283190019720564
4.096858727326314
-14.708242609953338
-8.060464465805882
0.37882351503682443
-19.126369596667537
12.219357985914684
4.922807003242212
-16.322280707594704
1.683480942853393
-18.64199745065518
-7.2277661017508965
-15.88110615377024
-8.385857228332334
2.451297274176426
18.28262247075945
-18.60747168812514
4.059439416420339
13.679234303861143
-18.667705439022374
-4.123583378636479
-15.850062611602208
19.527753820899242
-14.471441709881212
-15.578936970900724
-0.9854718528689617
-18.501896465379637
-12.810781761929388
16.652776025371473
-4.7309586136440895
16.047145191966273
13.160309326826017
4.802641979943637
11.122543738417452
-19.902825584604642
8.841999365556092
-1.1904610222094334
-12.866087541723692
17.080432490879964
-15.27988780911555
-16.11845689711917
8.271439676174552
-9.650262961051691
18.81365086305501
6.66371171715501
-15.003483169507605
-6.26313273362198
-3.875415952360889
7.981382603593833
15.28838494121338
-18.806720776624488
-18.8103195571059
17.15945350948833
6.470962840157274
17.1836313760152
6.151844786437593
-9.423532918132542
13.0740841157401
-14.710490173089287
-15.789988561252088
-2.8956048554697773
11.894945520780993
-5.48448729872867
9.784350228672206
-4.675641306534741
-12.195258526513006
-10.812405024931802
14.20470214245168
-2.0199584546441613
1.1298046985403296
2.515209209079149
-14.442010394535401
10.399296941323133
-13.314505085471623
5.163576658206374
17.12660622519229
-18.039767092068438
-13.449650555203627
11.596756237450517
-4.0193673132137775
-2.8147745156440536
-17.72118756456425
16.24986625453863
-2.1761514107918742
-12.415742698909469
4.419746645938375
-2.5105473105774365
10.408239985416785
-1.1175052928066407
8.619856077681337
2.5221038849797424
-1.422439368175013
-15.658062669098264
1.874661145856365
8.690493796932692
-2.602389294920357
10.07859008199376
-2.6323001867498697
-17.556409256619744
-8.347634029065713
14.210382535131359
-14.715207168456503
-19.74060713158639
4.882240835277965
-0.7828571606459498
6.6075598784886616
11.505780535665448
17.17123961658742
13.212945647240474
-10.677485162522284
-17.073249029185597
16.07131337474329
4.141728457595843
-9.776795089310975
-17.443417760980257
16.375866873066023
-5.071625980648516
8.819965042874255
9.66079077237103
12.92515512131019
7.167926423139971
16.055242462872656
1.3799821239531873
-16.160550409869533
-3.8438597806605657
10.239826050956374
-10.160583315362924
-0.4158689696691944
-9.324007319634081
0.5094178953746962
18.717693270695477
6.173209046783455
8.601738228356844
-17.60645942900307
8.609893560845173
-5.75778354569743
9.167919293678992
-5.224123635350573
-11.64934944149767
-7.850635929752574
4.300642666260778
17.868273515081306
5.610578181275482
-13.386112317216048
16.572434622540086
6.492054947857476
19.104704611969467
-13.030059562274392
-0.931278186771678
5.81133933043445
16.27090635246575
-13.722730634141339
13.114991555500495
8.228156663202487
15.002917748431514
-3.3717566030824813
-18.33894380535279
-6.325810342726221
-1.7374226603990408
8.163605636083417
-13.6025071902055
-6.7858057623180414
13.756548258563349
-5.805255663624651
12.987102230187652
-8.227297721239143
-10.5152377355804
15.977379613639776
17.63984436781289
11.228140375665824
-0.911379778411284
-8.716119679143999
18.240440972211573
-8.971744413786404
15.247064779081171
5.636623054457651
-19.696560065596312
16.71224397657921
11.701468542696656
-1.6340434738962983
17.722488867219866
-3.5609838315548856
5.744017514455795
15.898728787771425
5.392434978160331
12.011626363675198
-6.507071175929822
-0.7769444090929056
-9.951354656779223
15.883677191719052
-5.313988301023116
16.149681543286228
-5.751572282730857
-15.754599050029148
3.2169309911969393
18.98856142044287
-5.874326271987943
9.48938152264342
-15.321688288740184
-3.730078275564285
14.221971338403904
-17.831881629556236
-5.529645695683749
0.4217209207096957
-1.4910719395548746
5.719381498841408
-2.617977822422727
19.32908383750201
-14.887211880755435
-9.620096514229388
-15.593529131140663
-6.917406903271299
2.172824224814221
-18.045124993127224
7.721201634431679
-17.935646238244225
4.598930427309497
7.411741329404226
18.40566049849275
7.60065338137197
15.498170327673712
10.914496355077837
14.410865068905231
-12.661668162169345
-8.484691873104154
18.27476345349779
14.071267821073015
-13.03658705994553
16.402051953756676
0.053651699755338456
-12.696335482501038
-2.2731575855320614
-14.287371440943009
3.6431044242584285
-0.7125469496833468
-8.247531704466354
-15.45737923298153
18.49481470149739
7.3587487277205454
-6.806680220819459
7.113508027136419
-7.151630025612651
16.742960526270963
-16.225651792977335
3.8066861926993525
15.900590731142998
11.237272057013175
-17.749808832000056
3.0006357753949473
-16.323371194390383
-17.704498441684237
2.8938197955702876
-13.396233532070063
8.82598482390419
-13.783508919812032
10.552448015918934
-15.578069095474598
-19.844917274427196
-5.894076717476713
-19.85945502598749
-9.144260805102785
-0.7722542123712053
-9.927918931709247
-6.839140115054846
1.9314364762854836
-18.51664677642596
11.504044632130828
11.905379089362338
12.572151972780425
17.358479072296568
-11.617542727152301
-13.273514300842377
4.033727158500746
-16.0962469467663
-14.24281624637719
1.816892056781434
-3.5813899314957993
-9.178256665804776
-14.154530058293865
-13.122856333427379
18.791089001716387
9.345244700878332
11.448807588638829
5.8660407067920985
5.387072948748571
4.790235144256112
14.77248701269734
-11.056692313497294
-0.8391410014304945
6.592186712471836
-16.797242611028626
-16.262800381759043
-17.068387419877865
-0.8107328402063914
6.913121993886129
3.508180580719152
-0.6853301011337756
-12.641618317091012
-5.702442999485449
17.424277137734393
5.862160519741707
-12.05229313082237
3.8553518141966556
-6.606840406070717
-1.4372616540641836
12.496333847216185
3.1339730507313064
-11.41237777701804
-8.392831549514783
8.593942551452049
-1.6792965389185888
2.111936584647694
-7.9615874465707215
-16.72662218011095
-8.278380422549851
2.654765340424248
8.41200125454478
15.172797748669439
3.9943401287579263
2.7961445789442436
-0.8084038961735907
18.43524795942068
-5.480498629172391
-0.17796364042361645
11.426056475277072
7.865904079941878
8.422840111518024
18.929698928757773
10.654413976597606
7.999142783540918
6.544176887171133
14.080512478862502
-13.976986263699228
2.540678306917769
5.726039228696905
11.147948242387816
5.441967779370252
6.682563372530609
-9.231254489673631
4.339091638216029
18.9912882515629
-8.083022424175903
2.968771439801806
2.8896439225731783
16.265755410060322
-2.4971480504507397
-1.6831094043364487
-4.494685126318579
-9.982272673336801
-13.448754968239257
-9.76527629164083
-9.692374688827226
-12.087731179090877
8.09855728246201
-3.3232941949755883
-8.267752218860128
-18.29219838784151
-15.86826760084881
8.05120702626347
5.809113491365018
-1.3991149808885694
-14.827050017766394
-10.0869044932195
-2.430142908726374
5.730612707565758
18.592270904260424
-10.740532433637897
-5.3746041229241435
7.989443344621137
-2.6170106390419043
15.627306764022734
-18.393068242418657
-6.69281817808281
2.832696372838136
-7.529237756913769
-19.93677205375647
-0.6723326923997561
13.428449872638701
2.0641296402386686
4.598950855978838
2.2452644712947887
15.044522507460485
1.280821718943244
-17.430732840420497
19.029032640603745
16.786174418670008
13.147360298719903
2.6013923043849942
-16.062974404208777
16.62580753189461
13.262030075838325
0.13861676638501308
-12.222897072726425
-5.783605528567417
-12.768254324372048
-7.589672565930936
7.234386816797755
-8.097025631227641
-18.925810082540075
14.750404379731954
1.4994762003143975
3.461251764932367
16.644168094329935
12.179343065095878
4.5749352926471865
-3.719381275893774
-10.293579336971476
-19.25661784638112
12.878139956002798
-12.605931850434917
15.086047748698938
3.6347454258263525
-19.327211895405405
10.194669648939069
-17.85723514436677
-17.194396790354677
16.84149345566623
12.635836654115174
14.712902285091985
-10.325326618727416
-17.027005370385076
3.7753773235386703
9.044521255503533
4.773325528664927
-15.798632427584756
15.595976983920423
11.71511088366578
1.4474448754869087
15.299602695229417
19.974785537971357
0.4005543855058775
-1.7030294478849086
-10.070178937033383
-15.517708551035927
-6.771376573148849
18.398496925664503
-15.396938714138123
-6.544354422106334
-6.113767761865802
-18.155543453098964
17.303173985865563
-6.331622733699959
9.09387295312396
13.170956207127347
-8.388936971064012
-19.41603446149132
-17.552709906729028
-13.977091194751331
8.083953859369743
-19.190390067440482
-17.814632442351122
-0.1038709317110289
10.022001421667127
5.29267268125335
-15.379459390063769
9.943608480313255
-14.272154969254931
0.0032906297457344635
-12.997473117858927
-9.522702549230878
-9.24078165147781
-10.345609759428163
13.470051654233416
-13.974792333179078
-19.646214970028154
12.455301613322234
-3.8274788050872317
9.665459288840434
-19.902716874883687
16.90912576384774
-10.578260974678537
-18.41148180828645
-7.510532755049354
3.176548507898186
-10.714485773301172
8.736051208386563
-7.627372527155627
1.5073967902463536
16.893887412317895
14.727949962879904
18.730827217357046
1.546063453568955
16.111048976130434
4.326328879497048
9.872279373161746
-5.67731971654978
5.487888314366728
-17.734467284675596
-9.821726581766903
-2.6469714632440073
-3.982140570395565
13.71881065172343
-6.314739137453422
-0.23113492913234168
19.812439023991068
-16.978694282858534
5.579376209138275
-16.760036765551668
3.2887627464881533
-9.178194301746823
13.20335364178132
-3.958671874967443
4.028559922227402
9.235046183727064
13.604226892283812
-19.14491639403502
13.064053431960332
18.522381836377328
11.295848773250718
8.219085951288783
-10.959599587173564
6.520421132872954
1.4297806982638441
-5.23140953932451
-2.075411553297709
8.42017166982993
-4.697173929484713
-19.85393588602623
18.61799294320859
-0.3705585907132871
5.593207178037851
18.302000542908317
16.05343090668181
14.35822078646715
19.67753640345832
-3.5878674325155657
8.26210081182948
14.559528342309285
11.845037159413852
-5.128909997962809
13.5157327482017
-8.288095897567228
14.868582464912102
-14.047855396961042
0.252574227328374
1.2222702011485218
-19.041057537774368
-9.60799891926316
2.051165248468479
1.3696659937442277
-1.3554184366761035
-18.124139786831424
10.437332532938296
4.328304335295698
6.5547050986629145
-2.3994719172565304
9.029973412919912
-15.91979896097747
-10.675903131333314
17.945394292726945
-15.466060059709289
6.0902677012164865
18.78094012802204
-3.8918997223365253
-16.55147780397359
0.24059582789147527
-5.298049217948648
3.8681093329253677
9.60782991853025
-13.9163006589725
-13.83390394649895
-13.275772087245281
-11.822226818066056
6.53217636077914
8.197935880529755
12.965160595098219
3.8993196185386516
3.488675724299757
-4.121594952168994
1.516180412504312
-1.624021364075876
18.459550753797522
18.093690348721204
6.65181622601677
2.1945975970307003
-16.64150173155791
5.678426092746491
-13.571497520738838
-10.096768218689514
2.3460013725183444
-17.09580125697422
-8.782160664927945
-4.965383912488534
-12.258482425565909
-6.855195240831602
-10.283941821299024
-19.991410896638172
-3.2304520852695617
18.097374764876747
-7.9041212776739975
-4.298264911232614
-13.320969254556347
-0.276775058103631
2.7314897079441494
-12.041245480635588
-17.91940639845273
-7.707628671035135
17.569749537869235
4.592264553035598
-19.150510823267535
12.945198610976632
11.23585687830905
-1.3154368534921623
-15.793846791921444
-9.856670359030574
14.699312198897218
-1.0254267297992534
-2.782054652429622
-3.7318056500866064
-8.69533198467526
6.436446917922865
-0.9995327894423198
16.57422335726975
14.726770150161109
2.3351493703384634
16.55374499113713
4.116377056126872
14.518260779413666
17.567282619305537
-13.494613134803828
4.226833924427808
13.614832369312367
3.647211532721766
-17.525542749510876
16.95076183034692
-15.301006060816453
11.045852265277322
-18.681619904712132
4.020988446219199
-16.91834840221841
0.9767989006134172
0.6342660653140797
-9.14084553565138
0.9568539479170859
-6.798282017918789
-3.0355289763616184
10.507050697779473
-16.911626262623898
17.055569074389616
-6.432064845988524
-7.066436598489037
-12.314705359249384
8.972287948390758
-16.16938304584422
7.671975309796135
13.008576314390595
18.716552918564602
-10.066055950409233
5.584871450367245
-14.961886495012875
5.98236469365564
9.63322311135478
10.865042417931257
-7.967709766311533
0.6450127767217317
11.397043833055477
3.288686979927501
10.96602034004728
-5.082467331670646
-8.311868874991163
9.076245249542808
-8.465425892624069
6.313466226150702
5.392179113642406
2.8782500645146385
7.174616368688923
-14.70517787270814
3.2972655817841385
-12.050861113866805
1.8378370682666372
18.31195170196888
-14.96098642382536
2.347573465728658
15.394600081270994
5.338533793272507
-19.527995690968922
17.72535269699624
-18.604404108058276
3.9731728355612645
1.5712915656718565
7.597525854290943
-19.522153430678433
-16.55210595423299
5.044430840570339
-10.38834763376753
-1.6387336126633265
3.153280540669847
8.653760420050453
19.61061144220386
19.998967244592848
-19.446956465123847
16.60760232407042
-5.633057895449539
-14.171173239989683
7.5669123013593484
-15.043923770043142
6.778799589598179
19.40104363010674
-13.247954498347724
12.132477062791232
18.930183974219247
13.521214412557427
-13.078059239613795
-16.99949001270426
-5.219030544784982
-13.679074913055494
10.548456646321366
-8.453737837909303
0.8579706440115409
-1.6623007761092587
-5.145532972315969
-10.871893293382481
-8.123373245332273
-5.377820898131013
10.664909269713089
3.4030779152374855
10.8172497764875
18.923940553977864
9.481770897632181
-16.27950693794228
-14.68365057283794
-13.555532291788182
-18.39467327292497
19.43009849837844
-0.10111034913168027
17.962687961536275
18.617727419273656
0.7642140147610377
-5.987580081198836
-11.465303265948489
13.330499234363408
7.436209097518752
-15.350065927728043
9.751443173917412
9.790892863496289
-18.470712033413772
19.578612167451965
-9.515721509799096
-13.173146807448934
-1.5223744184197265
10.078290556017642
10.349954540412458
2.8310664118598936
14.249066016156057
-8.935590467238104
-17.11795309458312
16.8714277021285
-4.917392489147767
0.3052142472119357
-2.4992549687695913
11.54974616668693
3.886978856031238
16.18476745038842
-15.599559034899698
-18.930614439554233
1.6378671605334425
-4.333553568948062
0.691654612831595
12.867714720852234
-8.470893428540997
-18.544916766756707
-10.283818509080213
-8.198425057991754
-0.7239077061568793
19.316182122083163
9.574854499357674
-4.254910877291152
4.623527648792848
-13.135787164303473
-2.041452666298685
-10.17394658677171
-5.762488740579688
10.452806443792998
-16.697844568451153
-2.6323294959256707
4.5349017279563455
-5.507086068229672
-1.7923527319864654
-18.649812938707136
-7.839518402945069
-13.207714519276248
12.531576576464246
-6.427987814810482
2.2442027933746047
15.146642509565268
13.082315629159716
2.460246540533518
9.054770050287825
7.168148773696252
-15.716434013248106
4.5768312114271055
-2.577844193172293
-11.330919750245695
-8.693554275814135
-0.7142883208996729
-2.218950455582018
3.1004060343758297
10.558282389869174
-15.049782119912681
-15.63203510196237
10.980441805021222
15.10557361297699
-8.890068735409692
-10.377931765127485
-11.821438510737083
8.414262166919283
11.761650260395204
-11.443653763401468
15.488626709149187
-17.684271848139666
11.939941969716958
-9.927107555735635
-16.09073325212623
12.347704832415609
6.482980739236734
0.64613351040731
-16.682297971173536
-7.734218644625891
-8.904440442118124
5.778240078916568
-9.497815907845348
15.750402440415378
-4.196230069403541
7.365929864032999
-16.710618652094674
-5.1751992968802405
-8.438140382490356
13.049301660515567
16.23832770301796
4.409586944673748
-12.24773814064295
-15.355453677152987
16.94515050401661
17.156847818150084
-3.3251762042053343
3.4094485866346673
-4.3894466185451755
-15.364006088756192
9.326739281010642
19.152116560506933
-18.786511793108684
2.771582506345645
5.26845377733509
17.006624237028703
5.9645968493932955
-6.6494599760631345
-14.966509111367898
-4.73925101602009
-14.135213041132415
17.257875011909604
-12.35717151209963
-11.031583086900794
-11.117881570038435
19.817239194911693
-6.516753282530292
12.279777368519959
-16.41239987079841
0.31400379314438
-0.005244837637729205
-17.72230273804752
-12.202241871648006
7.134936948662322
8.25024817263472
-17.475376728744987
12.10504930373559
-17.874993572885923
0.8855619364872815
3.944508910359133
-0.7192212526951067
14.674280989081176
-16.466562487834246
-5.101839071045582
-1.2054536513036886
0.3554808892524619
-17.83593242469818
9.977551514035646
8.10529372639516
3.3953085388502267
-13.326887862924753
8.567759597107841
-11.145992485455153
-2.071998582244021
-15.887923340568815
-6.459130039746883
-14.418839983594678
-3.620462986754383
-14.478207623365996
18.5811732405488
-5.713841674760083
-15.606567960829754
14.241166443955152
0.7470636957467782
-13.18226279596795
4.083992826349974
18.799615660605056
-10.963261417311912
13.745720313496484
0.6831957203408479
-17.213030596608224
9.917429803478626
-10.136562726026806
-7.605716677900261
-15.228907849826708
-18.186225523980095
-11.093006701531394
15.05790439537418
-2.59836840692455
-12.390623987256175
-19.496385795018796
-13.133882878427489
-6.291538862093663
-17.859586694935867
-13.778841007518361
-14.698339382421057
-16.831663047673505
16.21400492832487
15.018305145400504
-6.995878134871539
-5.394115273087436
-6.849121882959492
-3.886054251616045
-15.228254106569192
2.856526781303721
19.754611263029325
-13.193951400169354
13.694752210977164
0.43321956344216517
14.22677926734486
-15.46141034550784
5.075666048055677
10.930705539855971
-11.462906940829495
-13.564417551708715
0.10823725622559977
13.200630887774714
9.5793398962447
-7.6022560092712546
18.61441516117555
18.075545836224393
0.7142336526663406
-5.815341504685833
-2.556765372551226
4.886580344633128
-6.6300581625294885
5.305219983327749
-7.628609922976569
-0.8427942885489941
-1.3432417357964788
14.689108984916437
5.872798865328907
19.954425144484603
-15.229056657313539
-2.9843465442863994
7.905922398354729
5.483341672915731
-9.204192696262075
-1.8982592165677268
3.28601435893259
-19.587411342529784
-14.38685062380455
-8.279936015979832
1.6865525571868005
-4.03919021128301
-14.854971162505134
5.285930758878372
-13.246085364390488
1.8349799149991277
-4.88472786271792
6.621992422825063
-4.281847346001083
5.212868174558594
15.434886550139758
-3.195035359026921
-5.749025067505972
-1.7305940297553626
-4.220913754401558
13.980677984982933
-9.190920363711257
-19.652835310625644
-17.288713195316404
-4.081908405187722
-3.8727537072542546
12.240606345150496
1.546096815992513
-4.748580700254177
18.973979393207962
-10.973557976845697
12.294547470857388
-9.288536867956001
10.323896123135196
-4.077097103476506
-5.712706788096824
10.390918604802831
-3.3212632232930446
6.308726856468741
19.7252837253643
3.0055660694581974
-4.8861967724179465
-8.876099567337882
15.46750355133878
-2.666383446991599
-6.206368939515961
14.213468375308423
5.889084531617165
2.326307012010517
-12.592307397556661
0.3688525674569618
-3.2927940392601016
11.591385252008347
16.01218362056366
3.154188289052268
16.433569766401263
-18.072411470718283
-19.89532152056114
19.5344133336296
-3.0535713670799716
12.841174204300117
16.13932915378512
6.993742811900102
6.46974651144777
15.824932998547212
-12.100141754317484
-2.5945551845809334
-3.555900050121622
1.413551298997838
15.952569733644786
13.990495244817595
10.65681794429576
-9.24284973053592
-10.941022903278398
-17.01483047350111
1.6070754737637714
3.6839019788287786
12.765440883233019
-1.9497059788600382
2.0321406423067216
15.814187602405312
4.341567914327619
-8.975573335857966
2.5993479031634514
0.0924091611487654
-2.158077619465427
17.19268536748759
13.950460309574304
1.0749661065299279
16.356914749550164
-17.807115209121548
18.004823938845355
15.38381692708397
15.973263721659862
-3.7399488918647563
7.144245167649498
-5.2543422976654774
-1.769138539476959
3.6470540284072506
-19.74788006370375
5.4409787473233
-2.047433903472676
19.359089068102094
5.245814938949785
19.193557549802605
-9.91619144712509
18.233164868230354
-10.879429986681487
-16.915653219938434
15.91999624128492
-19.2689722042513
-18.43901196084456
-16.01188985098834
15.432645818718356
13.949652547507753
2.1497913428972417
-16.804346621697434
-5.23321389137687
-19.978935241410518
-11.93804890043273
-1.0662938872921401
4.269883663236264
19.4196761488343
-4.569984666532537
8.352534518748897
-8.207015265933823
-17.429012389087983
-3.05697799614007
3.7128973323832746
-5.563981943684615
-14.11301847686694
-2.5395296780626495
-10.189386846623979
-15.33998109120188
8.218222924085708
12.786110618016423
-17.449979276174513
11.82823433558245
10.834467896852509
-4.155973178120615
-18.01514935801228
11.652781893553765
14.174679031146894
-8.668016353374979
-15.404163905950714
-16.61491763590484
6.432742476675465
17.930924737519597
-18.73278599241843
-1.7726190663735473
-17.928636679867836
-1.8966469921010933
-13.182141972117453
-6.754094609519004
16.247542380734572
4.18142099591492
-10.356681909402772
18.060949419064023
6.614027784882129
-3.126549777560861
-19.28384675711591
-9.528848426226917
14.38727318941104
1.6561899540320688
19.83807092979046
-6.239883339830726
17.792543885931813
10.124138073516207
-1.5667201416827616
-1.0724085888369963
18.7331244335776
13.082645135481755
12.92676588775857
2.932278746441707
12.56695945017001
-2.431027916033507
16.72916545589839
13.546189227800546
13.057142261371645
6.930537837476972
14.69305251354492
16.181558855665415
18.17720430914038
-6.450277926595742
-4.184256816143076
12.956681727154688
6.089049308883354
-8.438823872326155
10.987553996632261
-4.612834216297452
16.511531059079545
-3.9826266405037494
12.394217398338682
3.9750030346558383
-13.183798018519282
-19.96424293614541
17.656944755360307
-2.1020479629705413
5.243757314877151
9.73101210654098
-7.127054547878689
-12.108510180214424
-9.698712248080184
10.771926495530316
14.186015655256213
5.556403705378997
18.193344892409932
11.75639176243202
1.8964524991243046
8.870350520010582
-6.200313677720878
-12.73835445168723
14.31619548768716
1.0097708824416358
19.900831324447893
-9.363895331509685
19.61571388485384
10.362685054770683
-18.77537780478649
-8.253548394364643
18.500663485715982
-18.69767162973003
19.684613354608715
9.190265155469422
12.215052593307874
-4.104476335575136
15.939847455177045
3.8216802500695977
-10.667699496810478
14.392573354712354
1.5441510645713947
-6.633847060723262
-10.810598251396373
10.229192880369663
1.8240764357857877
-18.978802010236784
5.92991724779872
-16.710569313550128
-4.214533387498513
1.0093368741853013
0.7006968507780513
-11.99061540760674
18.77471041882651
12.59183310376055
7.008663497385999
-18.437708814092684
1.312562197715895
3.497140146563872
0.2966719891870966
9.786788395205722
15.403621830509891
-4.469908196723292
0.17988235402079056
-9.0197891509969
-8.844528562891245
-12.030949913267417
5.504941476320148
-18.60232008399793
-5.674738544893145
17.30021141639029
-5.0145709578164155
-11.086489629868774
12.407235702977019
19.870018937457658
2.466368017235233
-17.21479923139297
-14.088019003567984
17.574894278517185
-16.37098028932322
0.5392018532058671
-1.7282163040139729
15.110037769547588
18.913236413406878
-5.977495804183594
17.80297133166406
-12.479594389879125
-19.797009050004107
-9.15878457492671
2.155777146209413
-1.2125490002227224
-2.5811658123029986
-4.429503891975246
-16.525338883480156
12.220144479284542
3.3953461518325803
13.538373572335132
18.35255110536641
-14.132582298228517
-17.77504712325623
13.76213463689652
-15.969517158757004
17.79360762863579
-19.312766022039753
14.686733557456478
-5.2097283994084655
-2.4478956094393602
-16.999974968201165
6.633465801996042
14.244722206008994
1.259765191915708
-11.214648673995748
-15.566677493763198
-4.481249279692925
2.975649235043825
7.301329163289104
-17.248145589946823
-3.3654187417640635
16.76234644837966
12.933761229041096
-13.09124745198134
5.231457618888314
18.72699607530474
-13.528683275245733
19.378711836233904
-9.392892477426189
-1.391709788361588
-14.60529345113967
-18.660046124155972
-16.822892162205463
9.729038589541304
7.700595852485428
9.736969869008227
17.088816799287528
-7.577366811673475
-17.148062896423287
-11.74421077523978
14.660043966451191
12.08202383676587
15.021066162443802
-14.62133227639438
-18.49051179663875
18.103743837635932
-15.370871137816158
-4.809320709918982
11.579606129599966
-9.289016388236577
2.9644489015662714
10.929720135387374
-14.710713811035973
-10.981719458214783
3.3997351742738218
9.28484090752681
16.41831872429445
-3.756471797851127
-16.537741092442147
10.537523376837513
-11.824591063858607
-18.354299700540203
-12.079471165054692
-16.20001500959546
14.02251407349386
10.786044064634996
12.659952156341035
2.5415691279988692
4.992750342872789
-8.768448174539136
12.979809295059582
-4.058598724885609
18.587881059071336
18.707823742504644
5.953292650802638
-12.821787070020694
1.1805144708851927
2.080064522690485
-18.401418381270034
-12.935820997255188
-3.4932527865447156
18.81051666010662
-11.958503210351385
-16.442150692612415
6.104369040599803
-18.667185111936853
14.027314203308364
-11.641998917712977
-16.15762625754784
5.200656148472518
-5.554843259140654
-5.4770639200678914
9.725495999697117
-16.07606003022587
11.361976042681569
9.557774374086193
-14.58966025692709
-4.163803961771549
13.330069650001484
-17.367695406790126
-6.022147697346227
-2.877338754147395
14.694070319194637
-11.155011184065105
-7.815387953305812
16.664420889334956
9.92944773587126
-16.583001117695538
1.722754580467484
-18.94009343974611
6.019799231423324
6.877042843861947
18.620866475733507
6.019824788292713
-4.5789589224363105
12.769228695630446
-17.264202852029925
4.489750795072055
-3.911993440891454
-12.658969549648322
-11.533311593723754
-9.92188923145418
-6.140084277517435
0.6705550501741442
10.952461731883037
1.8079844830724312
-0.5043289540833769
-4.113688098480681
8.946105074672378
13.005725425874608
-12.154611321582864
13.693862228551112
1.443321461110429
7.846390504592588
-19.08999726474351
-6.572051853505009
-8.741609081222776
-13.716775477240901
12.273920524216024
-1.6353636486478251
-4.578047860577348
18.251713655033996
9.105798394880445
-14.323356044429826
4.538956224899131
12.799104178659007
7.762544771903777
-10.666838936097442
-16.682404841042757
7.597842127320845
-6.724788168596941
-4.83617171310868
15.644593746111461
-2.212665402784225
5.717440121006327
-10.27084364267077
-10.124666623996038
-16.968797535100105
9.643654002227766
6.008194837798584
-2.338497220190728
-3.7010720754118083
-5.042005325807612
1.2119602959738245
-19.612575311029794
15.343474196872464
10.613272335232004
15.736564942492052
2.512477661694742
2.3034979671511024
3.9714091232584323
-18.74869454418725
-4.428509014997527
6.626007389659044
-2.060020692340295
3.7394288988758504
10.390974009561479
12.846544532216193
-13.143592466136681
-0.8645327900502942
9.77999763918982
19.308069839924975
-5.19636463937168
-5.843398685621031
-17.610828987922368
6.547261351177475
2.4777785603771108
13.013482323439753
10.341305817430808
-0.8237400325386872
-15.615785095964867
-16.96969923663169
-15.7833687793826
8.059326583549407
-2.8597748727317693
-15.946087924806136
4.782307204837348
14.089419087176964
-10.607557970442674
6.335252068153167
-17.405171847645022
-4.34901712099181
19.898646665377967
-2.9502618078164247
-5.745134355298699
6.687863298771909
2.8177765893950735
18.42917020325889
-11.258534975906738
17.027228949419317
-14.828972670934228
-15.819252837605049
6.343353260026916
-17.734293633789676
18.21634971591987
19.769907167147814
9.946757537678511
10.289914889534685
-12.864219082516378
-14.702361893581234
14.708803755652063
11.925291278652136
9.071948475055741
9.39898233212157
-14.469626120996196
4.171827586866929
-18.86138574216786
-5.3539661569092445
-1.021961681598924
-13.640304536647383
8.06727129405531
7.763220627881129
-5.886791294960997
-5.5554248233586545
-2.076300346053202
2.923568501651225
-18.619900028574182
-5.404449792697058
-10.664049638288432
-9.928253226709046
-14.554651604778584
-2.7947477692078664
-8.106583103001226
18.39344008745408
17.792729471535978
-4.855088907187337
-5.233822297128663
15.340903899616087
-2.476064288766043
-6.427178914391769
-18.8423810482912
19.429670788002383
11.968423037085493
-15.635384873724028
-10.186112729476902
11.89195024765818
-1.1966565207226054
2.652875996257155
-5.861152936414404
-7.856751459881469
-18.28302392093047
-8.55638686284854
9.412539125708967
-6.564642724514357
5.61310250878897
-18.210903783951956
0.19723342747469985
-8.041066933970136
-9.816303065161222
-12.44772652743019
-6.666620024589335
-15.41458900099473
9.708464610481137
13.359393425091234
5.392182054549867
16.09010155865299
12.065815123171028
-8.077582098595286
11.51315375283939
-5.9210894375548015
1.458062542238597
5.003624366959464
12.997021741358942
-3.4346061831535835
2.1651285382415786
10.354286899991564
-7.326937025630977
-9.692683942588275
18.83056109577373
17.623969638537098
-12.27315291723385
-9.420082585997891
-18.138557353625878
7.611828423933421
0.8867106367447803
7.672530797146678
0.4396734334987151
-4.7325064986763365
-10.309816165198153
15.712510238844821
9.65817722042122
-11.06240125957228
-14.194306708860767
12.841275485372499
19.74036202728039
3.489687024205157
-1.4351855745584494
-14.992487241867835
-11.881104633170644
2.217659375384457
-6.777654874762909
-15.776750017184863
-2.1103036328955795
6.863946335565494
0.8488347825695257
11.794450704055034
17.885049312910617
11.418896590672393
-10.456487833360079
-19.913743519716355
-0.8435194946255606
-10.521346200586903
14.196191252485313
16.201642923310025
-4.015429071825567
16.602049757781238
-14.980256351707952
18.975315347171986
-18.20833043194461
-7.818189511548024
-9.732993515557457
12.456909550001022
-9.885443540250286
-1.690776347984773
10.514646970597639
19.706815847441398
-16.642638676521898
-6.620311901859406
18.003369945842053
-19.277705316462303
15.712208613986618
1.789914684836532
-0.12404191711510748
4.426167486573881
-12.159282389327291
-2.8830015847213275
-6.033113218968769
-15.654026222321473
16.63797348713092
-11.19045074486337
6.612307479756584
-4.673100834552146
7.099995387643972
11.181100408370554
-15.227587754894238
3.821868937335008
13.327310985251152
4.839880119772857
-13.01383314025001
16.423452709795747
-11.763499851858242
-7.153006578443314
-17.223764990866556
-18.071775442145217
11.613695919945265
0.6765580407832097
-18.44344861318087
-17.057162920899746
-2.060630984193512
8.954709669675808
-14.361565922901285
8.593194798908822
18.46166937244743
-2.053971493921182
-18.330608638707695
-19.915735731610795
12.578178486751952
-8.850309134162245
-12.04746519716922
-0.622228273100184
-3.639272615208384
-7.624990731007646
1.1869832108141267
-13.499745565211413
-11.374052260206362
-3.8237686098165113
-0.35692993745769996
-8.88865934236328
-1.1397394246016788
10.646436622974168
-11.519597962937773
-16.472554859210323
-1.7864673900002437
9.183599802727596
-7.551800199982171
7.647675345522856
-11.528195281101873
-14.976864699953358
-5.257646177725569
11.711020206201304
-5.141342397708243
1.578450098189748
-6.719850897176659
9.506982621294192
-9.832113276823291
11.899525031406085
-12.716824391901662
-2.838030228551535
-5.816975721649298
12.698771518150302
18.894001759680904
6.463945717100479
-18.747479601466708
-12.075345244409249
-18.621929294356274
7.519065994030676
-11.041383922913347
-19.342670663021842
-7.587312547201268
-0.17379862704381566
-11.475614802990792
19.718304260684654
5.137211735190931
0.1498350450750543
14.348580097502015
7.2886938826733285
-1.3340177454806863
19.380719447794228
6.709355527556301
2.1286016029541415
-12.226983664138324
15.925265188610737
-1.444380302714137
0.7921706850129056
-2.205159608500736
-18.838717038689822
-10.540632102150962
1.8812422296156903
15.545904207416086
-3.882846128665186
9.202564893778483
-16.358570156988183
6.240250807334682
18.41221678718165
-17.94942819334154
-12.111217132045184
5.655880193132738
4.0884805669698885
-2.238906532480062
17.283522899431922
5.541153157221565
12.201783662744518
-5.215344035903836
-1.6992515644668238
16.053369394030426
-1.1851627928812007
-4.139800773529618
6.939942743661533
1.522685253077082
-8.37752159580095
-10.77215872892614
-15.982619687152123
-14.478642832414392
-0.633953374227211
-6.092703310464236
-18.42048146351103
5.040829550069276
2.1865928629740097
-3.2340653345159325
15.47053754398354
16.298548505985487
17.896768030289678
-11.117959485117836
-4.496050156935478
1.3169765900868242
-10.897877785779592
0.3441905789019728
-7.465198264304931
-0.5415281405049122
12.245836466297412
13.641435289302152
-19.73161953453416
16.641816383697915
-1.538131947566054
8.930988853911145
17.11634322179416
0.24905615244755808
10.745488347821755
4.325745345878268
4.158827266286259
-12.355097505679836
1.5132855027362595
4.061572373942536
15.16239521980821
-2.3754454898769524
5.098947787787541
13.939360652188306
5.7252205597783
1.5105293924561245
-17.331384487373086
-4.1355845388669366
-17.494153064689193
8.975181117234886
-1.0895738292599404
2.953926308000348
-1.5383532782551548
-9.614889171995431
9.546726284492088
-17.994907448950485
-7.71969930078486
2.577724773523947
-9.924720323286348
19.61003650272319
3.659374191712356
2.8139822181726224
9.63737363605403
-17.840390042921467
-13.134510106070332
8.618243469357108
-5.444659018221181
9.601720718351146
-11.780422705516699
-17.192785189384743
10.046068997536914
1.5462345254058327
9.981982095484419
-5.045483524730777
18.93543399797528
-19.27923868399298
-15.196141604211494
9.985409777965511
-14.27723916521423
11.260413988950155
2.1622138348551623
-11.246264160179447
-16.41134225324769
5.904588953381229
2.883905943211875
-7.861243464017749
15.112523836351343
-11.139772358947702
-0.8339343101812062
-13.701911082706024
2.956427763485962
11.742387068739927
0.9224550591112006
-17.746120299845828
-19.483044519761528
4.22562587992774
-17.21339581977558
2.3664805649417744
-14.311190811111327
11.026620258039724
-9.528522940800737
11.127847149552736
-16.69703277620446
-1.5815480184656785
-12.846048796595353
3.747771997331114
-5.959950988662715
3.5499270809412096
7.762524062438878
-4.12103486122116
-6.812207175295173
16.25825595059603
17.713456461609447
-9.074192345840487
6.416420279416609
3.1227581465028322
1.1181270706158521
17.581429110151575
-9.463508161308756
2.291219403318401
-7.9312994169160245
-7.204583354182287
10.602323816412312
13.7761700588118
3.972514007284463
19.56664493510027
-12.286664559138117
5.1492512715374374
-16.195395510701623
10.388614483079998
4.86945109697438
-6.957356259861523
-11.38022128297866
4.076179722736679
19.32566919452418
-19.360502180649107
1.3566150895751683
-10.100900074855081
-6.670528106573892
17.650041651578157
-11.549471661564525
16.255731191705976
-7.65709857473003
13.32947522302051
1.6058794784643808
1.6562708678761595
3.9758960879338865
2.26405522465404
4.643738172877889
14.954549385272472
-16.258595495499655
0.4004363385165135
-14.428299687575535
2.1850821821489887
0.5811396678441092
-6.779178706760863
-14.617545246773647
-13.407280373664499
8.070357918057894
-13.294448548289548
-10.19740408015049
14.202935419954827
14.657316449264613
19.44594954257643
3.008652812825968
7.938898086019314
-1.1501985474317493
19.146122270694462
14.840324649688718
9.921489205209802
1.2918594845547489
9.528527736449348
12.674310758272064
-13.09171233037909
9.417393146634836
-2.010993644658832
0.05100146502958225
-14.386799614019647
-11.78908099637729
-10.336691663305215
-16.390744941703133
-1.9434167589423268
19.55461747431294
12.998051563636622
-13.287431589066866
14.540387002201314
6.262199935572042
15.629936507350862
5.806586991392923
-1.1800158242447552
6.706605928909596
1.6807442102438301
-16.77644863175469
9.374565402057247
-10.654733183741172
-18.473872773734573
1.282214404152139
-17.831390213019027
6.815886787504432
-15.421536560450217
-9.358267692655907
-16.7923678547075
-9.158109034847897
1.8024161466768476
16.130369516273944
3.7060504403719143
-12.864456816777267
9.571104968017746
-12.69260438706362
2.0335030881931786
-17.34656374140585
-12.67889253191202
1.7762421977356198
-10.937639604612098
-13.038250877544932
-8.808414764089992
-15.23989021538316
5.630294157838854
19.117095997239012
-13.132792603925235
-19.552141303386662
1.1371154149560994
4.844234455828214
-13.354294096587655
16.53197785993313
0.6852124079713704
-7.133003710680605
-2.094071711160158
16.557941936775634
-15.91511326249869
9.081408093283745
-13.96388943831056
-9.066363857042795
15.637033418161288
18.02584233814808
19.22482052975554
-9.524716519982647
-19.68594596486975
18.577948866317683
19.030159271418924
8.35530062606368
-8.28592588206794
4.553145478792725
9.026886712399925
-16.162249219247222
-5.758591210104438
-5.864334856843833
-10.949565213698573
-6.92901936013234
-17.862780363892725
4.124341806225811
6.51022558903535
-5.2858646146806
4.898822940931559
-10.747797880602551
-4.464188448893616
-18.437245443839654
-2.699332034715507
-5.34848023996847
15.933067300542938
3.5749225321804055
8.894130006736592
16.225681143904772
8.761899356083806
13.909088153953455
-15.026146407773071
7.373788022602877
-8.28777490659515
-17.79124256531827
15.135511546596305
-4.966795423782205
-7.822740062781861
13.814157325934737
-17.592514354013964
18.755415681688383
-0.6852883494180801
-1.548314299411789
-6.919637376719701
14.629515498974904
-18.113204570636086
16.678384656372728
13.004998595845606
17.589785045448508
7.551858557956834
17.812577207254478
-10.321790515178755
-3.832885161992241
2.1456134360687997
-6.343295978140567
-0.42391321825947514
-2.3431939857986706
8.971007060017008
14.65437436770371
15.815047430474827
-18.77517425746102
19.47657260791943
-8.017579797512848
7.617816131265055
6.998691914447939
12.863011658396744
-2.8390534964557688
3.7566877176261357
16.57633355431473
-3.1065738373074865
-0.267336361321334
2.3930362745316494
17.2024836059581
7.620808009297807
-9.092116517995272
8.907228316950494
-15.191348278930406
4.629157206230513
18.65610806607868
17.82983667763655
1.6634901389536267
-10.989062818698173
1.7089949403724276
-3.1993625801971888
7.292113082473996
-18.664133683549583
-7.87369721825284
2.810627059105112
-15.496139107422202
-15.997276173007723
8.838924896310068
18.24163251918754
-11.491832850948715
19.16883122194009
7.248234056189169
6.3394234510941345
-19.631356668035256
13.498555420457578
0.03223333615923707
-7.992971137405153
10.431055034542101
-3.5953832793310667
19.0772926768077
-3.139989038257795
7.107245720470601
-0.5952629779404042
-13.303817581246452
7.707977216325894
8.209888742611358
-1.7018094581075225
12.289667888113428
17.00607312795473
3.6423126875830576
11.20641219651969
4.621213968744918
7.29625128251223
19.49571291166538
3.0736977858959307
-8.815130049161336
-1.7279499708524035
3.1761981113836946
5.314584339943508
3.747083238640574
12.732328202968176
-8.35506357351186
-2.2156669449578494
-17.26520792154997
-3.1549037520479857
8.11419619044154
18.2660628489024
8.596461161795062
5.007950223426629
-11.899619915316073
-16.70900840882586
-2.3449884325453354
5.608928283430327
-15.382013222286485
1.953668329579024
-14.46866599213083
-12.682346092883154
11.465434937880854
-5.74700288377921
1.2836174050728673
-14.558402478254756
17.583340060893818
9.026931555573551
19.48660114913946
13.206044380895506
5.393089830162715
-7.515265362756033
-16.897062265246944
-19.50969022664228
3.727083853409347
-9.776705218630092
9.477076638297003
-3.910474494365719
-15.712323743273767
-15.857789366842528
-9.176454366393152
11.847722651673791
-14.928047666696118
0.5950452382002496
-17.273436756452863
-3.3255359424335893
-19.847172190941077
10.107271907817633
9.49808881246543
-10.773831811770966
1.1601008744068224
3.545992657820456
11.137294431655896
-10.68914254994445
19.860345791455757
5.6557855258626475
4.475784500682497
14.940072538884586
15.805305091328158
-2.7939505219865133
-7.855483554300333
-6.474722490530764
-9.581012387852542
13.222912073202565
-17.063408795975032
5.513634512931116
-9.049125793852095
-13.600850931523984
0.983539112543852
11.645873736079256
-17.339227030565926
-15.736035494560031
-12.882647080363952
-15.26427203901131
19.865883464289674
-4.423648671617379
15.989134425870624
-9.527043667801571
-10.426754041891444
4.793360266092499
10.871648798773727
-5.404451909088106
-17.192060924873218
2.65300868127353
-1.9860674881151432
-9.917774808862681
-15.927631108480238
-18.262714184061156
-18.680700959729112
18.452632141491492
-4.657440294852467
-6.341915260407189
1.878467333478131
11.174661125087027
6.187499027802552
6.389522740334623
-12.411769324855708
18.083210774235134
-5.673495090804881
1.312594433170318
-10.630011514298939
-12.885446227358376
19.054128636612177
-11.260635961019588
-9.460726060913544
-0.9372185327944251
11.91153632149129
3.4523761673397324
-12.463641126606863
16.10321937889124
9.614380193066125
-12.641519045398324
-4.904535913511264
-4.4930903664372135
19.8042415198399
3.106873452504054
6.821210449279942
-19.34813389131767
-6.640661691497346
19.958869226310654
19.222450657906414
-8.331756530350717
-8.205810243584999
19.7487050334559
-5.742944036018605
14.37246431360174
3.258530007997031
10.264200270837847
8.744151643077135
7.8620823141331755
18.791786494194042
2.472563709836315
19.66203378184582
16.350850546305068
-1.0406338900579755
-10.430436782933516
-11.40467043870399
11.906882284344249
6.267542456288332
-5.0201354132332465
-19.081407359857856
18.763133205682287
-14.859181960419976
11.600909728021072
-14.668520149410034
-19.43219707175613
3.1586678539605657
12.95867131245516
19.93883275615316
19.690489414413463
-14.163510238021146
9.733084899588608
4.228610214127386
-8.120581686788979
10.119661270113646
3.7685627252722718
-4.983858400199939
1.0808698501722027
-0.9324831348478071
-14.439370416650732
17.55707286687833
18.601355461507566
10.573848933081447
-8.651883022407759
-18.166777513439595
17.26578145546688
-12.287194599152249
4.946310788768052
-10.303552185444676
-15.05288886843569
13.536483432128684
-5.936149885070217
14.916994785415525
-2.69676422852028
2.4043079098861924
-18.982565587138286
14.22204728034103
4.130817294634937
-12.809684070088663
10.660401361394726
8.736485114795105
17.740126927588513
-19.801904397830285
-17.965253158947046
-13.055576673741731
13.588526209847899
-9.539725221941913
8.290355206151567
-6.380036246108833
17.66030330730758
-11.79974587458258
9.560814761756802
11.254451004808441
12.97962916186345
1.3064623856801951
5.521701139362026
-5.409829534672518
18.188905525984836
15.381993046595312
9.173743510915454
-14.966614643875268
-14.03726656051251
-6.934389175660115
1.2329547017481914
-17.763271487062347
-4.652579519233475
-12.532466786075824
11.78187629754298
-4.205226171885123
19.322533235012564
3.648242985553239
18.93514426967502
-6.195259098419239
11.333746430131843
7.983845213473316
-11.590760444468597
-5.290900594841453
18.858515574783013
19.27070898126383
19.179635110467814
18.474615541021635
-17.005287373439874
18.91470061378321
11.440400821944074
10.789663465437933
0.04505578693929735
9.551146987884064
7.321972590313589
-17.163891033681203
-18.581124015008577
-11.82328739966417
-14.475906176932432
-15.886733362005753
0.7847413725944818
-9.491304297839122
-18.00052655087184
3.4960040258389142
1.6444172738258658
0.9281905049406021
-16.893041562240988
1.5849948247492378
-5.071204011842983
-10.359193564488676
2.7891632754174935
13.274475660803489
-8.753264693608006
5.19084705601999
-8.344737042304565
3.1353403248353544
0.9786263087777023
0.7445908870723308
5.916499175784988
-9.598176094022076
9.823717081153383
-4.885792328306064
13.101476430325647
-4.516613855766408
-11.252074715884133
-3.0159319162591913
-9.545008745684477
-14.233943793719895
12.230310427039953
10.093913748905784
-0.9390657746246589
-0.841091275509104
17.478182863444736
2.0971930620236563
-4.790818146532114
2.1345118414664483
-18.162210519699627
-17.12324290562092
12.156241659716969
15.216796912975951
16.27353411929866
-2.175987524840256
-5.290344519118019
-12.618206383439524
-12.065421349386337
-15.14050580938318
-5.785347188509661
3.0408445716604504
-9.273858855809003
-2.65350078449692
11.087239424375177
-11.836595727110875
10.614138731512831
-2.1619498125311374
-4.0431511261094855
1.94317214436699
8.272079187859905
-19.17379018701365
17.56131697008584
-5.274465843311425
-9.060836091126362
17.84421340111666
6.915131410802196
-16.533433796233844
-0.3698903794070496
-11.803460463924127
-1.8839960596579886
-6.412782302490321
1.4499909797929362
11.284495926041348
14.659926706589147
-6.82328622811205
13.24257972358695
-16.27852762787521
16.569204581951283
-10.940391251103438
7.201985498336029
-17.8588266212104
-8.573741629036613
14.901022616890202
-4.3996022910761
6.5392357702625326
-15.31134127385636
2.6098079165016763
-16.61320177268958
15.075121454466476
-3.242957108008291
10.335876237183012
4.324016356446634
10.372082972683152
-0.6653790469281304
-17.89339111539664
11.98571368343356
-7.59070466139443
-13.0073115912735
11.019307802408818
13.95306578159375
-12.52704585983535
-8.43402612260629
-18.937694906154015
9.105188714792519
-7.618057828367487
0.1981451667603018
-17.69512884191296
-9.561998290343183
3.032251805488535
15.292193407513224
-3.1023974261147558
8.4938003390134
7.27322707754244
-4.56545294795732
2.4552195273283033
10.849017656420013
-13.537014938214238
18.14871416642105
-16.15264576341401
6.27957625127295
-1.5939087460331436
15.63338732781083
16.94338672835333
5.08827769656272
-1.9843435164093783
-14.599132053249967
-17.39031666759207
13.664083699220171
-11.029547631181341
-9.578344445620983
-3.760327979541117
16.496257041700062
-7.891396692378262
-5.201515447923214
-2.884187883520248
3.9062748246854397
4.453663037392026
-3.2596933314800616
-17.19265980665029
-14.140423682501563
-6.251206219399883
19.734636884788785
11.21701849767031
-5.389483426045398
-19.593019170070896
16.56933011556258
1.493858141105676
1.2171626941727496
7.161420553677765
12.597961806307218
-19.153402036731876
-6.901218223327099
-17.63969602023717
4.1638007581448555
-4.636280614878171
15.954365207890802
11.345630287462733
-8.134544086003803
2.3792618787436055
-11.41505912180342
-15.16764266808634
6.285118945463498
-19.042358888871224
-4.8194416661910555
-7.372417697727464
4.353578201740614
-4.206659665945427
-0.21083933333772364
12.94411266726496
7.423508772390601
17.934038150337166
-3.091877060173065
-12.954416050894636
-14.431525116266716
18.44544926563995
16.53612045864027
8.046939332382376
-9.656595976033127
-12.612209399009844
5.155109496168979
18.75789333896418
-12.078548366535582
10.946584671088434
3.023624935498347
15.951943268460795
18.202248788691186
18.096878481659864
-11.896212315139621
-2.136435539415352
1.3786143960800992
12.378379754499711
-12.429508397360859
-10.558832652174171
4.39032579477437
-11.19793501332962
-9.52928980379307
1.7169013773315633
-14.018679198392462
13.79979365723436
-12.177860426036865
-11.402761382368825
-14.615559605040236
11.629484390025105
-16.89727457011991
-17.356888667732463
10.875580685617194
10.339921157708133
18.999487526383973
-14.57368771010958
-14.592949855394277
-9.041832606755484
13.22427123351303
-6.120877280048415
2.0454570128783374
3.4273457888894185
-8.698470836429566
2.7062137072243964
-0.9081177753446781
5.209922060952525
-8.041885703795796
11.344734950142442
1.7111724469360396
11.587547233720784
-6.817255949778481
-1.945691968456078
10.087117330674644
-16.449883567690982
-17.457301548531913
-9.356603611488508
-11.605601063509186
14.5988898173769
-9.146220711859998
12.58836302618559
-5.336655539666545
-10.651686065511514
-12.28606588644032
-16.663093292769226
-4.750015380791988
2.4628185125853435
-9.18920599694555
-0.2613479290593723
8.229876663100818
5.9458061455686995
-7.28615811556482
-2.1988866013587653
13.874603489011228
-17.632618538320703
-4.521859233873107
1.5435521939161276
0.7077362306076367
5.755984118826333
7.616372463677827
-8.714158338427724
9.91778245551426
-16.257794403717803
-2.112175576753458
-7.655489228340642
3.0759842549540473
11.313019873102775
-16.277623292812372
9.045582732187988
-10.958809477172018
17.799547104802343
-3.2929085566842886
13.202875129659837
14.512022700789792
-11.844791209404338
1.3730640794975173
18.15729012283876
4.780922251648413
4.828034780548329
3.1923241668814555
-10.974413923074483
9.821066695435725
0.6060558165091052
10.86681465184968
0.12393681113214683
12.27964485938255
-5.763577829786861
11.013473396531865
11.284384529073922
-17.61091844181383
17.301192659241885
-6.0277590570162864
-0.6273207123767612
-4.685540915572513
18.082888399747638
-14.434179704730369
-8.326111072100906
-16.10461915027399
-4.114397241351359
-19.55731897491529
-15.468402887799844
10.64197495578684
18.692048679641495
3.4354396798249986
-17.804551226913247
9.493635678105722
-3.3958558635608895
6.714255108377554
-8.338403595538551
15.244948611625595
-5.643976687226697
4.3774031689659125
-10.414487264519
12.101993227849235
4.6044612359409385
6.365323605579533
5.1483901594542125
-6.0642433352989755
-2.819321929207703
16.775306296896844
14.821450037818643
3.6324760937195357
5.911733597293853
-3.656662914488056
3.695112767994747
-0.932224409529038
7.197372304418337
-10.828228671569553
-6.876557432832687
-3.261013679648485
6.6943611270484205
18.28021649855267
8.162634571746864
1.714907302030774
-3.5737262513908448
-6.154618564042519
-9.704077567322802
-14.631478775166688
17.788169891306026
18.53451309601038
-17.388595227802174
-19.021279331603633
-6.41291951672625
-12.868290715663772
-13.598379847985274
-8.944058816002052
15.299444414129432
1.733588129495569
-16.26976170077476
18.664729394672925
3.3901088852588117
-14.134494060482945
-16.93785361303927
-10.935741351562601
-14.050571865363048
-13.050037649860826
0.056325712470275846
18.609651396187203
-5.386540220341534
-16.967659332494115
2.788630104700907
6.979977034186078
-7.839188226816098
0.8204470796269874
-5.897805331826088
-12.434162860753798
14.743365362140906
-12.698431212065802
-4.218909386117055
-4.1227663879578635
-11.963880094167415
-7.8232821148206355
4.578940406097466
-10.47937438125408
-0.8040979627028904
14.671435510667202
14.127299512252016
-12.852924826870225
19.558343147082596
19.63162304611386
7.522729664143718
8.25849188504474
1.887299867370853
-11.286628475181555
-12.704860555444672
-10.98933979338617
-3.2609138222975247
13.486811771955765
-6.396889777762592
11.25454502659366
6.432863129408144
-10.279142890381493
-15.087517363810932
2.562316561572157
-16.727837291517453
-9.446467816832378
-2.7167656258532666
-18.382030046085145
3.7697015986568445
-18.652187039094446
-16.261693454475378
-1.69928516354339
7.784182227551252
-9.933589113085791
6.846674262802534
2.6244472642590146
5.740884767584159
3.2668579721804534
-11.667480297055013
-12.614274267244303
-15.427516821348624
15.263491379440012
-5.2933479051731105
17.00495043189853
-4.8123197833007545
-5.12285124600384
1.378235937281488
11.0423172969613
-8.489255786173429
-16.1025555956379
5.302849227009755
-10.275487337328158
16.03890963120307
3.971180913931235
5.241478620147365
-2.741180629381148
-12.873692158156288
-10.295124491974693
-17.243990240317125
10.67733226730455
-2.732095308641604
18.85201543942793
-15.825412763814612
-3.8956940975046415
3.6961027604577943
4.408016167638024
18.954582432406433
-9.321903201044837
-8.981422110369138
9.286862760638016
-5.303789146682579
7.5990853108246945
6.480082177323716
-4.677304414097204
11.289595381872772
-4.670691435602304
12.481260166651687
1.1961364949373987
4.000389517912325
12.094999829082958
-2.389950197942966
-2.913097554656005
-13.120705189600411
8.533221142400205
19.488040209182522
-6.275658060306025
-18.86837705791109
6.818604918830054
2.675874820652581
18.889202804658247
13.33926782346029
-0.8731148503553889
-5.064101376798572
6.5635646930622045
9.857294211636876
-16.152612743860878
-18.138420758528326
-12.033005033824589
-0.44996452258452635
-19.833725767346223
-15.613553166566865
-10.89814724901017
-17.46260208452469
-9.540589711717736
8.820093666214493
17.809618252564483
-8.41217664905269
9.954479117313912
-9.89459688377179
-11.543303390800395
7.213303503053801
-16.42886049216036
-18.797319324541917
-19.29028012978856
-2.5229894908185635
5.043351494375067
14.106018621508959
11.107111150552107
-16.897666843802057
-8.073480192821254
10.830401050006095
10.766968144213969
-18.41055606207648
6.690938373766567
-12.075381927274664
-10.651103905115669
14.412371952536354
-16.423630600579394
9.274964536932945
3.116915305760397
-18.919801433982187
15.215503056321175
3.642291832330905
15.751239965708862
13.898024260688373
-15.278560797928126
-13.033414246999975
6.631967452649697
4.02957375541672
-8.978252531828144
6.33816641423277
14.841428081354806
-19.307010392966845
16.853493012786686
11.943737910424627
-5.945421044168576
-1.428286731725553
13.882463448760596
-1.7175825675845502
15.40988272045248
13.415388014922435
18.57472306671766
2.3859011098593683
-7.736327513941848
9.167603736381249
-17.816720448033713
-4.697015426241688
-16.66543751315554
-3.8906702124769907
5.395673991753487
-7.077011551765938
14.204999574102779
-19.396276486737758
-9.34063011768826
12.987015820303
18.097589171587735
7.540385897653408
-8.090237844098827
-9.409629048247922
19.819940782956223
-14.319759015994142
-10.184763757166726
-10.654368436833002
11.20864948988849
2.0568454863294683
-7.924644241723037
-17.30224212866149
13.840637525722052
9.859788372312313
-7.189802997454908
-8.026361115548749
5.193412518399775
-7.289655128520462
-11.0122868100974
-8.659402926459974
-11.50015784314331
-4.408875620024624
-7.27435274615309
0.4915566713854176
-7.715152712011957
6.69749850949588
-13.024637109182851
-5.885787198405765
16.461881146253205
-2.7800630185561204
18.45795977863736
19.295435157965315
6.86019241507692
-12.134831977618528
-17.119218088332957
19.59558595911348
12.034087047166182
6.69782918495493
12.773442182824631
3.064266735600846
4.980596475611911
-18.756663802312403
5.883521495060261
4.254924014529369
7.233813130927601
-5.940177925796938
7.289318307311028
-2.9334347482213765
-6.062969880931494
-2.7811032641323408
-16.94122875831299
16.75003311137064
-14.547938972019727
-18.535955315064175
-10.977452232971201
-16.8530546753931
14.432101494918086
10.799046424058488
-1.0260043079163097
-16.179111084528024
-17.11945947132506
6.795637507003413
-0.6363062731481293
-13.59938784215954
-11.104665305074587
-1.0439118234716283
-3.547473769080753
8.915671706202303
2.305411759008198
9.052801968526204
-12.00050533503926
-3.7710285596661564
13.86860234748022
15.461466624046004
-18.870348773404977
-2.5698366916185122
-7.998132063254122
-12.657618375703512
-0.8506341415989098
-10.006628350494665
1.3222426280962765
-6.36505744623339
-14.501519994131105
-9.231455631967131
-2.276733834076545
19.893517774430272
-2.6850703456170386
-7.725670305302099
11.984114534497664
-9.3948960313616
9.44021580727837
0.25530341702225456
15.717927932250369
-17.509343052376785
-15.145986859733771
-12.481640872536225
9.844162410696569
-6.758303565810678
16.164348674979998
-0.8497547040505928
-11.21561262296845
-14.539127407252828
15.286008523938534
1.8962094328633228
-16.718289286317468
-19.824153408975977
1.365860411642398
-2.0949118482272837
8.02676239348271
-5.270141811276021
3.160260631791015
-18.175705039466532
-9.472418733147713
14.162654734466777
-13.139545203695842
-9.600025357135662
-10.446237888128266
-0.31802637771269104
10.019428968226872
14.276921503113584
-18.523808612804654
17.166573102916644
3.191018306016261
11.998766499125427
-1.960044237471223
-1.7245299395227853
14.491460355887348
-1.321840683502927
-7.941746146534264
0.21492480972005623
3.5052005208074704
6.228505782529599
3.1839884854422564
-18.9015231936239
-10.10573776333462
3.86850054727827
2.9148383280584653
-7.20893155638584
8.585158362735243
12.234143435161819
-0.37748177116052517
15.201818528138077
10.535152919388825
-18.02898054311159
-8.106257234432066
19.79493312828977
8.688419999845323
14.87215970153018
7.515988433774691
-0.6458440655740105
-2.6394662032936367
8.020792155943191
-8.02649049231297
-1.6883112696155003
-13.930836839337587
2.4614578406995378
-15.207015826603953
-4.383627284098136
19.125879686866497
5.521030283319412
-10.015860987004626
16.578361021693162
-0.07658714233499353
3.821014003268548
1.2146941697243463
-7.292541692681693
-15.855096375014096
-17.336858571906866
-3.6011704220529914
5.737394204381676
-11.499477699035028
17.65881288831652
-18.45806201321195
0.5323173354468089
17.888807544343294
16.016791822661148
12.896391231314105
-12.375620714823103
5.23371004099284
11.017650640124714
-14.214318221266842
-3.568834927782838
-16.481047592944485
-19.83549559744198
15.373087496781054
8.040459822506008
-3.9567454688526915
-12.880440654465236
-7.945903476574516
1