-5.210695907234477
-18.99677720252447
6.850947910314858
10.853070190336716
-0.6493050172908994
18.98834715240315
14.306299301346911
-19.74286975126215
-17.908893315643507
-14.469247393890141
8.937177902049417
-13.123928408570134
-13.343293758590873
15.995106371093655
8.48628159071535
-5.658152242905711
16.404124143488367
-19.394521013411506
-10.098140867981332
-12.798181144862841
-19.500310843170876
-1.0640688921348094
13.65770252558167
-18.761716107693694
-18.145518050270297
1.9101469713443286
-1.6116753991062573
10.400192451690423
-7.464943996823919
-3.3878702442159323
17.629607728964857
-18.746384821847375
-18.672701570674075
-7.46436185991465
14.766551569744088
-7.862294753727728
-5.375358937534717
-18.04360699357344
-17.776531467615143
-15.1503676483496
15.430664312116832
14.320623186246657
16.957031096429013
16.167943374416915
-2.54398003852474
-7.059016174825889
-12.670942655681706
16.0435444889645
-14.88060796921439
14.12238813946395
9.9640767125838
1.74961788147559
-3.4780372068672776
3.096261284651561
-16.381499316745376
2.53830837889862
-13.564709241919392
18.634673378390787
-11.938076060690959
1.993687743446955
6.191425054028091
-6.893594957400616
-5.596906097843956
12.219576230757838
0.351487252018412
0.6392148714373072
17.042446543713908
14.724680998727976
-17.877708044396506
5.546487119090102
-12.719322428694353
-3.714131907532515
-1.4021927476781997
-12.305901390270094
10.66613542323621
-2.918679888401826
14.97430488535204
-7.189915259855976
5.2227101860198815
-16.989424777751832
5.070021931684931
15.889577285528496
-8.005651412547161
11.173605171585539
-1.308321228818894
-12.029875781794903
-1.5063265913446315
-18.96993828866239
18.14013228105403
-10.322986908098883
19.904833457835444
15.553319550991233
-18.313453775077075
17.491452212638762
-11.906024647574739
-0.701136289157418
-0.89460117872067
3.6058894060107036
-16.069926610911928
-1.1320119098539472
15.573535276066586
16.475473231052362
15.087874645049212
1.1312198218838532
-16.200863558264874
-2.9665764861008306
11.185309742089853
-16.504814347338005
-15.473487118700957
-10.503659909710619
10.05517689706556
13.273054137384243
7.20587722402022
8.093244020253884
13.879620435085805
-2.9304382404327427
15.7233992651527
14.906622830451262
10.408600632288447
-15.212096068781648
-5.803424861696129
4.1474701640618115
17.569999345733905
-13.134942545815775
-17.28813115348529
-16.072244821247384
-11.973575527575374
-11.585320992016372
0.5806857759344979
3.3423730292800755
16.066778362103705
-7.1788445098484
8.129751611396713
-9.266395825065178
1.2525392662205803
3.2365395688180563
16.391229338161082
-5.617048492940707
19.680864913522775
18.96216600460191
1.3834186510561963
19.936946688689893
-12.68495843581412
6.312859945683936
-17.2136546174371
13.27182676039017
2.661691594666493
-9.01686688838149
0.9942147303418523
-4.158359487552934
14.323884167713594
-17.80135733120722
17.811435869450627
1.8342422330850603
8.577855802648763
13.241225660679454
-19.558810297192906
-19.88682926145486
-18.12297013644695
18.260270752934595
-12.22424393707309
-18.6300008391258
-14.90944651568988
-19.805186627617005
-7.740863678494993
-15.61591512529282
10.715086836873922
-13.962827638130793
9.366281408575894
9.698339480772713
-17.279985079913335
4.584588391575345
-6.890679527827697
-8.215914338740635
12.671742207437518
15.120040797266519
6.408419823159175
-14.66269786178319
-16.867023659301786
3.251971348431013
-15.818565866009745
13.04263661314306
-2.3747333767948042
16.604155760048265
-10.61801934877931
-17.6951572693794
-14.930077069015738
-19.541238908373977
-8.931187618874844
9.055511068275987
5.738112191961314
18.922449083822094
-4.039193433636941
14.72454210341455
13.466290693129224
-4.342291089418811
18.051040420993225
11.840614795876299
9.854337058474627
10.447237253062266
17.961593282124028
16.0263873042973
5.841252624496104
-19.676647390982154
15.055126452512681
4.653367291646692
7.437551893678847
-6.1694346845137105
13.824260791413735
-10.939604654848655
-16.111296013677816
6.362150409926443
-3.6560160120246685
-4.82607207585855
-2.8909582649799574
-0.011708451132271591
12.638431672534061
6.183184549165965
14.326915607292449
-12.093639868838956
16.34582303135509
11.76573094739258
0.8086606997753378
14.974122941394619
-12.98194340882076
-13.691420683688534
-2.3712874762841807
13.715878821100056
8.249585552348758
-13.84314235170216
-0.0703211363240328
7.463993662169987
2.3839040945303545
8.007040666011829
7.024863736367113
-17.388398502558932
9.258648519870619
-7.1813717885252935
13.706335700437755
19.995242832933485
2.50433841830073
18.98303962279335
0.12130247383302262
3.276340390578625
-7.464101537781884
2.162739509198346
16.688342539470206
-8.750500032998637
-15.039133770217532
7.527183520987229
-14.291465106384482
10.059123443744372
2.090305448967264
-2.7772263695252555
-17.4148958775575
-3.2016704281431103
7.050793476703376
-8.226318657661835
6.4944912990574295
-0.8143287202698062
16.071625624295713
15.712088873849986
8.615189569213015
12.872695847386439
-10.8140348416287
5.52460808934708
-10.18235309031879
19.328274903664493
0.06594475880643458
9.402307457596557
-11.654749917070205
4.897786908285269
5.253008843037911
-5.85703921468934
12.012866771299755
-5.189657759970263
8.78031169982114
-1.4787454204474741
12.255270752638083
-15.43741180600529
-8.159173391336116
17.53166132792665
-6.3479098833048155
-5.706716041163546
-10.272767399716201
12.005327348270136
-18.191480080176152
-12.086860569448397
-12.651315234472404
-9.58332509964289
-1.8604504512259794
13.317924005787518
16.742680397116636
-10.7210597047616
-18.402023430640977
6.492796972876992
16.541422953784483
10.067880405315265
5.7614023968282595
10.544289019234164
-17.26154671399179
-0.7619766381976305
-19.241271688754953
13.09288289519418
16.98256120732652
0.8623186773402338
12.745373452741987
17.788793981764776
2.1745655382388698
-9.56302563427251
16.45402243946571
-9.101479689970589
-10.40909724951042
7.805115065823056
15.93181969942367
-8.742340411469481
-17.76834817023778
3.7542740890936166
17.811894539902895
-11.455408858512598
-11.886206759608932
6.401874665369643
12.618071630612633
15.440539196082355
3.742333940665951
6.047930468126381
-11.656011739336233
8.072452434097922
17.965188674486832
14.357959917141145
-10.39370866319421
-4.619030477117043
2.862646205206101
10.234722992408368
-5.494426696365142
-9.021911979650667
-7.126940974098815
-10.217997151103564
0.10537400387622853
1.418958161733702
-9.046741945518253
-4.742075482129975
8.3229582664788
-19.68298306056225
11.335405176351813
-19.409102663835007
19.371380240909964
-12.81304014339835
18.3997320328385
7.6606663716099135
-4.47842112229235
-6.794763419255965
16.97532165046406
-3.926667199830675
3.179926998745696
7.668462767399291
-10.811597353651706
-5.237648589217407
-12.011115832758863
-6.231612743122135
-9.129709078651494
11.422072130355275
0.8362551101929014
-2.6262171391822733
8.382203214872167
-5.897424391486306
18.21489821875202
-0.20866153797726028
-13.091433349795043
10.150343863775962
-12.779828089444072
1.8044901568215757
-1.5091786468357924
19.771378029950498
-4.546932907051527
-4.702362496512231
-10.252784052867758
2.7374064833144054
-10.43280434349608
7.383177849373233
-16.508673226925517
-8.765720147096566
-18.603123682277896
16.72852032620422
-13.483776201780229
13.083103201177863
17.48965203633262
2.6551271819484903
0.33690593039445105
-14.759174270921074
-2.625660180740379
10.34601312626748
-11.795251886840493
3.254425362466943
12.370041213396902
-8.000473067389597
0.37698801869265
2.4096336011385944
16.033357855539208
-3.918228866758753
-13.155862879865703
-2.714997584800475
-14.797938229734712
-5.0826187641528655
-18.603655124956752
16.957591464291617
-11.879331693705751
9.581578780741307
-5.7751200500394795
-4.4702908030982424
8.790554045327891
-8.883817155046941
7.3663295497491745
5.2730274927267615
-19.839606313301417
11.393457004874563
-4.8894168615955955
-16.5086391538239
11.583592867648331
-9.889146596434518
-11.866875530396799
-6.006357400527108
4.9284789190580724
-5.143552972005789
13.427052853352535
2.512626665506051
-8.135181657669857
-8.302544258675496
-3.054584584176766
-17.512927573824864
9.62050315203864
7.598004512187082
-11.860473433228979
-12.185034859215076
12.999648507832106
-3.3371975873332147
15.000496526781816
-12.291240791249676
8.734042861235306
17.29453181450151
9.484870080357215
-0.6151532642650714
19.87605223045462
3.4664782490025274
18.03777562192515
-9.192200013411082
4.609127602916054
-13.954766028295662
6.153704535884245
1.2827714523615832
-8.055689746476915
-19.181652508680386
-15.465718035044054
17.539531182625744
-4.119280549438415
16.122142254952834
-15.499950441190462
-14.91898626887953
-8.243741869255956
-19.36437525529772
-15.021934241051254
-19.92143129335471
0.3177003239442726
-2.9600991206876444
-14.410357540011344
-1.031486698768795
6.1379042060033875
9.651148647760756
-7.451495050606308
-7.456199907109955
6.456422480020464
18.13816018449174
-11.2779879108828
-13.587874609469281
-18.054113704515196
18.322312044086438
-13.542949713759743
-14.564335471880806
12.141297667427992
4.70358478313592
-13.09673236974775
-8.66832316084329
-14.511876257396835
16.58184265967099
-9.018069328266446
6.154958181293072
-11.087568523966805
6.976192577158258
-10.155102402936071
-2.6675261525395335
6.447967786759101
16.60216412073072
12.80709889258464
4.907415631920404
-16.38201255976898
16.801873276858345
11.716018871093933
-12.409796348913984
-5.6739663386997705
2.1647955799475582
-4.273949255781142
-17.57117352224879
19.761681914747037
-15.929877581949455
4.9836335899850965
5.709491442055263
-7.607414473665912
-2.8251552908579143
-3.2129571199845905
-4.659515374272027
-12.225931014288918
6.468827391469723
19.768303726495354
-12.768937099568788
10.58637836325579
6.883567362415111
10.908549716046632
-1.0140459981238763
5.5987114838217735
10.229374808518791
9.71141660965532
9.026824674832778
7.639012836624303
-9.635661121509603
1.2025040839897443
10.081762340792537
-3.089512501899989
-2.6747827321811144
1.2931067095766338
10.377522252667134
15.34431277202259
-16.246762804584733
-16.38608170530386
-0.38474997438813574
-6.920188830038544
16.58443420205127
-17.30002441162071
13.179765454984462
-5.0896835108502625
3.93016424254618
8.11192753681118
-4.665626918465344
1.7507013071236308
-15.502921364183022
8.785918486351257
-8.130790615308086
-8.664763930852164
-10.739835452106426
2.3084148638900928
18.705567145935134
-17.67946634935648
15.106615336621097
-2.4912880734887253
-11.880893425514154
1.384836471183334
-9.038352169856134
-16.883256171652384
17.448967398785527
-11.275391285923133
17.907536200563847
18.09418158995289
10.651730009278385
0.685219640025295
-16.44839965138008
9.558395503405851
2.2302324372318125
-6.517427165345699
14.032852280821587
-16.937926255550533
8.998778897259832
9.764298530037735
-12.856429650638077
-8.256669081895183
-8.696874286500762
7.697489072824084
6.972914543581517
17.16906927768403
-13.786872467323747
13.600702028013401
-15.490885527831217
-13.028529313169962
14.90775954649466
-8.43894474101576
17.717670089715803
3.002845585063522
-8.18421109702241
3.064087004515166
-6.9409417707275765
-15.089312015673517
-17.86770588888892
9.620653638086193
-8.13305015500096
8.185659429146387
11.781254481697111
1.4226229720291172
1.1798290824071387
9.195013699964079
2.5758499862550153
0.8917749591767965
9.379572155076819
-13.577031640608507
-7.705448599606232
-1.9435713306339863
16.366086394631836
5.17981367948466
18.41393336019535
1.8698561138004024
-19.81745363650207
-1.4587194521661964
6.7659872773923695
8.258932519814941
-1.3501397824273909
-17.92572390052813
7.32252499105676
-16.407866024225676
-3.598450330627955
3.4236707836359983
6.3524681726288925
-10.409249099252204
5.648355644069262
-4.0804175351337335
18.92349258457604
1.4013997483615448
8.54714704835565
-13.93816623862353
-9.124485393198626
-7.330775745867442
-2.383215638883165
-14.592695777427767
12.81500471411811
-9.147272308066281
-17.558303380107773
-13.907760217749985
-19.154958739924787
-19.36017979145371
-12.378240811157543
-8.867593114756396
-7.20712294967058
5.861901317997635
17.677623989726953
-9.436266502201583
15.957229351352915
7.840342141311627
-12.785821619746326
0.716044742081273
-0.5944717035238156
-10.373835210363094
9.435032136540997
-12.351690050462384
-13.884515393174212
18.877927172546933
2.042663866568116
-9.046961649516284
-11.000368875008991
19.63773631282072
16.634611954210918
-1.6396231508882373
-15.918057831236677
-4.331407261966135
14.8757654270875
7.698630555486279
-5.40432487695346
-9.281338601372887
-7.795055200677474
-12.510085560800302
15.295274331944995
12.550875544023498
-1.7006043973663552
1.3315370172892216
-11.046868514300673
4.451096687604856
13.72939660774027
0.2630258932721645
1.299096551588768
-6.602101541742936
8.811435159911795
-5.938020141476512
9.45727167429316
-10.024158896113793
9.421165430369797
-12.259409523866843
-8.73894557317341
-16.137067154669285
-0.3003449572961472
-15.62699420209832
-3.5746801396622203
-11.970201279401191
-5.215462111345705
7.055806062972895
8.891396739511698
13.279003393641588
-15.255157517444008
17.479444909896465
18.41941381069571
-0.1566506536711323
-15.897592588497943
-5.31714946792591
13.12049364017168
14.385375623178042
-9.141294125151248
19.094084947240248
-16.51229084670775
-14.8934962923855
6.441728481837707
0.5323563365362141
3.061307062177807
6.175965755987285
-16.257991579565978
9.843360553207532
11.30040216927529
6.2650972200357025
-2.1033616168212816
-0.5140585001422764
-19.27066360905494
-11.314148347610612
0.6248708459189132
11.867084433477654
-2.4758555659253467
-11.99092285502382
-4.2853703498010844
11.505945980945672
-0.2880441472680957
5.088483378388084
0.06947485638800543
-7.866712500127706
-18.18129678530124
14.764259871730317
14.017190277470334
-18.320904452813103
-18.623862143692644
19.264158429289658
3.648560452581169
17.98327546050772
1.4227313620249618
11.786303281824114
4.903901204850719
18.104047050232104
10.759666892022729
-1.9252707524042734
-18.67854919468753
16.598092843663117
-19.075717575481725
-9.537845332715445
-9.614799084297028
-9.423978285298382
-5.048669019642645
0.4668723792596907
14.14495355535864
-0.8337884589911937
1.3993355140314812
13.40885499630452
2.9488067495306645
-12.510499154042654
0.1918396751360376
11.752440107304686
0.7200463693461465
5.384550655188384
9.702539933186376
-16.590984398408057
-12.426413657717376
-2.8934525449137958
-14.315112593596098
-16.064243923576566
-18.15508099226384
7.718271822635344
12.08604351349122
-8.175940582005566
9.783184917698321
10.458838269591617
19.45045900484552
-1.9592680515360428
-10.856089913467146
16.824253954837324
-16.650857486101707
17.502596145579602
-17.805387964780518
-8.026437404495411
12.725907495271478
-14.561670852383116
16.538515467565908
5.997737103288834
-8.05765511882183
-17.96609350996231
16.028538684322314
14.323458725704384
19.4959450157438
-12.124325379296618
-18.118843170369836
-16.29632840666379
-14.25485373598439
9.28656693784523
-1.0586516975089921
-6.530372248634881
5.36202829150367
-10.935064345094961
13.483020397541068
10.918751341949239
-12.451049074841908
7.195400771257422
-4.767022576353238
-15.478494721654075
3.4294116482754475
19.18006337836264
4.301633650000177
-14.984443364404454
15.5406583571893
-8.91946166008838
-8.19622852085323
9.201506881040839
-14.622627560050905
17.913802407371684
15.409348974187964
-2.4006487485529036
-11.55299234973226
18.157643253528228
14.311558281377302
-19.369600574876728
-11.456190362588892
13.190829855159386
-16.09798762173176
-19.21498037317434
-13.434603079278347
-5.720581312219672
-12.186582342856372
10.11731689645761
17.593166549658022
17.679487134331644
13.080205867849749
15.683571256504806
3.826544370077521
-9.113727563093228
9.346821748366043
-2.6015191951955075
12.784230278179557
-14.27643796370845
11.694772718683957
5.62906173930331
1.2477332936733134
-19.324923892847487
-11.358530872696386
-7.474222835687652
-11.397287110909229
3.2771279115687406
7.2470800671860935
19.009840657619065
-16.10734297015793
-2.7753454058271245
16.10818237008437
-19.499876935542694
5.7560197675208045
19.46867478253902
0.3935273937179602
2.0507452663839487
14.817166835524262
-18.379838512694345
2.4345545513638243
16.61069433601503
9.07063588826636
-5.488620283819774
7.725387146101422
-3.8691179252299293
-9.056047225512657
6.084584568052303
14.770310817279658
9.923522128688475
2.669864899461256
16.604352500164303
-19.85603209391647
6.056980749957646
-11.26808099442066
18.033432804039705
15.583838031261294
-18.24261487945043
-11.19354701752695
19.674804587805895
5.413129523819123
2.684911802831749
-0.5517672411794976
-4.449868316779604
18.30200116128725
2.489514876193052
14.995207844519392
-8.330094562191515
-4.845111947350148
2.6285370111325257
9.782744245171962
12.146010739872587
-6.829607238438671
-3.6355017369291645
9.88295916679408
-11.254275030182551
-8.07862405509987
17.057893533710285
-19.333012611492105
7.393466801294899
-11.127556497559898
-12.8425218749737
11.883996337734615
18.889275400797217
7.328852649485384
11.256291922720195
-15.562887949535193
7.003459740259856
15.768111026036337
-8.240738377773349
-12.842295752930335
18.73664779538781
12.439903057567157
-7.116411672074371
7.605827462525237
17.81637097820053
-19.88613259940933
-10.817217944391206
14.42678390172972
2.434140733672674
-19.040346816975905
-1.5124507847974265
-10.754439512256715
17.784511728211278
-14.107646777142392
-5.47593141791932
-17.43275382470321
-15.41024041856646
-11.339139115627361
6.394420821720026
12.347023346250005
8.116896919994275
4.97114708983899
-10.542293143151493
17.420900958704728
16.33474073183291
12.15999540386052
17.84183628542926
-18.790825793764775
16.462623846006984
-6.956910666717736
14.75196761737923
-15.73222998486704
4.304024938849416
12.082415165891653
15.492121958597565
5.775378055224177
-11.499348272771236
9.386419139596018
19.053077295835273
12.465231345898651
19.767185926098577
-14.010479891966408
5.510785087869383
0.06468537539982577
-19.47059176474751
10.286268506254572
-3.0299885643495053
-16.565602243687728
15.84483550555479
-17.29999830250282
14.719922103450102
-12.461083402044647
-5.154429214650786
13.782175291727484
-12.262859862370576
2.15792251016223
-19.179960986977203
-10.722277935437798
-3.9100134882985316
3.4649380409242667
5.765614445629652
2.3340649775161637
1.1192595346607064
-19.384871033908823
-18.814627789781927
-1.7188433155201892
-13.127744256254585
-18.595457011518008
0.12308072513139479
-14.365883548774594
19.57199590879118
13.859341800452917
-1.3986408513577544
-9.225356273647979
-7.378639226364395
-10.455459130057081
10.322655827084851
-9.605962823444557
-9.859394333953926
17.25769111120524
10.180739949537308
-5.722694082949712
-19.156382847147853
-3.5415172165206954
-14.104676516150665
6.783572469436731
1.045639839243627
13.515232355027635
-16.44033853151943
12.317948940017857
6.7684319741481715
-0.28758133582297774
-19.739951959787504
4.498141598045152
-9.26388279828223
16.616672558881845
-3.5263560782990098
13.117128544920583
-6.3723987577972565
6.737276327720622
7.033184001036453
-13.766899858312822
-0.8214983064257133
-14.923421971998803
-6.3752113504823615
-19.71960240239223
-15.994526951880847
-8.959844812711015
5.832230102030557
2.950798953036905
3.7304721952073336
-14.833260337267596
-5.7377417814330265
11.748062382415448
18.76104994531297
-18.585472608316746
-16.384983087679732
12.781651499631181
-14.002096252455178
18.505078891829726
5.205588814907767
11.604986468978154
-8.616466710781756
9.324215161485832
-0.17713873490582444
4.243826847374727
-13.780167058037009
6.723650396883919
-15.389672745013199
12.735965127422382
-7.961788062766409
-16.455228904698945
-3.0968892295085517
1.2934442704564866
-8.427838121573604
8.471514479753036
6.043239761663777
14.53038667983656
-16.59674091846041
-1.0105560401116946
16.810300119300678
-13.679112705357777
-9.508252194661818
-5.5297670857153935
-17.637684519205322
-7.281920203408209
19.02102216989696
8.555726753448397
7.6397164494347365
-17.901385292283123
-8.565627232524498
1.333335438969975
-2.1431090647095417
-19.943614653914466
14.014129924358095
-4.2087393332887935
-10.83711713820068
-7.812159793324636
8.662625745762412
11.977942351935372
-1.5403633930951024
19.22838211511776
12.937840299974994
11.88646742969054
13.311911572481392
1.4510664784386087
8.598375638202917
-12.199207110724233
8.721074025065715
13.641663414404363
6.323297925703866
-18.588007303092425
13.498107786225582
-1.5985238377541897
-8.190778221253417
9.956944396626266
-14.042884363343124
-2.734148818191457
-12.257813246941556
10.650900675923786
8.358756685852459
4.2408399041317715
-15.233264793002563
9.917961330244914
4.084000120688632
5.649274884893348
-3.7925532850359502
4.895604709749101
-13.275847662962414
14.15820064704365
-8.79115772643766
-8.27453728148091
-19.236593890288106
-15.509331510194357
8.206559193954167
5.171963801213511
12.837087958606034
16.42158371190567
-16.625747229315238
-6.7336346493636725
2.3108511586937652
-11.670854742840625
14.107935386436367
-8.971057386863471
-3.4905297598359013
-4.391744878351984
0.2641423484113439
-15.106464084132813
-13.212656041505507
5.804230178825161
-9.148740207486012
-0.5169907349307756
-18.198609166379853
5.930049876612724
15.972061693677915
5.936425060718978
-6.292808027515932
-6.991477150768954
-11.789612982208787
-14.070248279773153
-3.542853325789981
-14.437163317627487
10.748848258193515
5.0685452202424095
-13.089270629701538
17.648272994736864
11.7875277202408
-7.380969241451822
7.085126849106857
9.49938284298074
-4.9167196443824945
17.233521867102496
-13.659799500830543
-0.4845134449316326
-15.134057444237698
-16.22691951230355
17.377732846608495
9.723908136630964
-2.169310397678551
-4.895773283020425
10.970242108179328
-17.38827841345213
-4.8614391689724314
1.203989900244654
-16.519502317117293
-4.279281774395084
-2.2153864140307533
-19.149940589524608
-19.089659290075502
4.865546319700922
7.150051264474804
1.74596680174362
3.5672336712319677
-3.404094774347417
18.142925311780502
5.711619608187661
-0.6293758259355933
-1.0552726775947647
16.654354591939473
0.5217396755177006
-11.876842956757908
-15.148768465982055
10.867138284080411
-3.021777710735339
10.173666199827387
19.06525542427883
-12.284390023870571
6.859113629657259
-14.0734533136952
8.186185036510977
-9.300941809266149
6.032170578816892
19.882852900974136
-11.973431368767478
-8.792023610564964
-17.93786895082171
-1.6330169889172907
-2.489068338416196
5.336094590828594
18.246583753065323
3.720966177813846
-2.368268258863541
15.320323293673091
-5.035741492780467
-15.46387745862746
11.913260379996604
-7.745746417371006
11.831407171004944
11.4000959862365
-0.3341928333738444
-13.235117412157592
-8.53892048813794
12.496810630223614
2.4943650856397284
18.885223882052536
6.5704623991753905
6.026403855035312
10.831066194419584
12.358297587475313
-11.308971411916815
-0.5447165654472172
-18.828317558059652
11.189399033631595
5.876440676001572
-3.209533950082843
-3.3584043103659837
0.2128205308931257
-9.24455240057231
-2.5932624593343476
-14.824154063158197
16.57454582672549
-7.674297193772208
8.855183177806012
-8.382380129820142
8.800332447544982
15.526756052637786
14.943067029113053
-2.367199809933748
7.093802393745598
14.378988300468905
19.357184815399286
-13.186512841061848
13.473289415918458
-3.0425339476472324
-2.534747991986098
7.723076589035145
3.7646709599027233
-5.1632034939339455
-7.013210069911064
11.74983557190684
15.996199952745457
8.569658710665298
2.192757009862028
14.74750309612326
1.3682916433926309
-3.7977031770620187
2.450429678071771
10.000578044552611
8.384848494148962
1.840740453759679
-2.6241269199175576
15.186017011919319
7.971353986503523
10.402009480732914
10.355345106040051
19.963636047796427
4.308471123229417
19.417534505109934
-10.511127972092922
5.907632050584155
-0.02026162567822709
-7.45153005524244
-17.847722712934218
-19.20158471706856
17.9450115708379
-14.295951671580326
-11.015935321440796
5.091863032597402
-14.465660390300634
-2.1698496868956383
19.536088754738195
-8.18154038495138
17.021078001209204
15.80151349915814
-18.65714673391395
-2.442410330387222
-2.954563473494474
-18.240378838878083
10.347108085893648
-11.716555244545987
16.363985737845795
19.193467949685797
-19.927650064418657
6.454724727027482
17.248860321404948
-4.343206004333862
-2.638752004520608
19.010819535318852
4.095429973919437
-15.117718786138315
0.1566534562336841
-7.320774232735538
-17.87519561946871
-13.613763413560825
-10.385176121787381
1.6215445407684612
-2.5499382794406635
-18.01960481678041
5.709850187296773
-5.009866650868503
2.291297232947702
5.240218326520193
3.792384753811877
-19.8142211089092
18.18119166563079
5.056723157382219
0.37560612952925254
3.2490384180917786
-10.429229964476692
18.66337975430327
-17.8652703245753
0.1990364677703198
1.0980993737398066
14.024876407279393
0.4085470098975108
-9.823335943234767
10.425146117771185
-1.4181552424696875
-17.805602589101852
13.891188292545557
-8.154518640620498
7.9381317397831594
-16.774525305653864
-18.759471390689416
8.975358118070819
-18.452897112120603
-6.712210568724162
11.57809673181129
13.815405504727465
-9.77281638614295
0.030749422260957004
19.700322007732602
-14.539013924588211
18.249857164925906
1.332553753407982
19.277387069867594
10.106995968248391
7.84130902587275
5.338248337375141
-0.8605631806430196
14.126639801756909
15.555433663345887
-2.8612446084163636
-12.031077745584952
13.682731090524165
-18.238953258726298
-3.792350644825877
-3.6173531809720707
-4.722913249392846
11.448981777470479
19.036921325837582
-18.39646366580054
-14.167905714524554
-1.060438388290077
-11.99929196262763
14.942831507960804
-5.486899888308505
-3.6195030317640686
-19.119466536751084
10.278153228272284
18.99873249194532
12.055515788746021
-0.4747118576618625
-10.320998403130499
-17.99071466522033
-4.334348534594739
17.18687606176175
12.151511446332805
6.934594459362913
-15.173368349500107
10.662570582455881
-12.259427637092584
-15.058177369616619
-8.445800402006384
-4.949596403937182
-19.39827724289629
-5.164489965310954
1.0099736577272296
-17.467166900004486
-5.434174341260638
-19.478882246838126
-18.18189858595854
16.393062621961995
1.8853651826413262
10.770103653156504
6.219161407928617
8.984812621300158
-14.044132115762974
8.463590381854232
-13.978442930978353
0.6188834828120164
15.58229934082037
-7.727024853829789
-14.231136593166887
11.997699600557354
2.3094334579723785
-5.25386934937449
11.095900930095603
8.176249267590869
6.648486624436529
-2.3857750420762933
10.83961798106197
18.985477884176163
5.933061262031913
17.38656688646732
14.707822509461671
11.095939844119698
-8.31264457838952
-5.553144696726147
-8.21749877417905
11.598433760355494
8.090249470387857
18.73938365848113
7.383943453094545
7.9920171442573675
-18.637859065620034
7.921817258993137
17.528040715520504
1.173379160649258
16.48173125324376
-12.157528081569811
-0.4849753000817003
7.537467662469201
-5.650447804899299
-17.217372008288805
-0.34139811957262367
0.07901515586797814
-0.05006217551207115
-6.264741392315262
7.324477093386626
-1.5749039920087498
-8.949827444065658
-16.158867636331582
-15.003865742058835
3.310939950506878
-11.371734493483046
-16.099097088799287
6.099288347597454
-8.300246194182556
8.944089216101055
6.226748435502778
18.186489635540077
-15.607355490013397
-6.36403573102514
18.730251657470042
0.3784401690307817
18.261069384096395
-16.138281949652562
-7.19991429868263
-16.164005937695446
7.153962262809927
-15.021064303821628
11.65852046915284
9.904959451583384
-2.475988658651623
-17.214016994419392
5.096846117162595
-17.313374045193935
-19.43190319590292
15.42388744895203
-8.130740673538117
-0.33097610538879607
-12.997809452929179
-9.274010537775798
14.388209253043065
13.21853047857153
-16.806092706538568
-7.244556575483166
-12.481895815771399
1.413092246769967
14.461600003456034
1.24775295136223
2.257960418521119
8.921316859338063
-8.210729143939414
0.8936899371816835
-10.438880657172822
0.49686486558799814
16.442182131032936
-19.855126029774127
1.254001013749324
-13.931059187426019
18.40287017761532
12.666649499568607
-10.018153089634975
10.460165911068703
11.5573822050048
-8.384435850794612
18.02493675777565
-13.457638977938506
0.6729184024842354
15.324096953599962
-1.564352057260102
5.720451160060737
-18.012393817358877
10.016005612880008
-8.41811100248815
8.374706383036997
11.108171923986518
8.551471156432452
14.905858964111367
-14.898099095900168
11.738111181837102
15.730905386058616
15.994963680172603
14.918286184357648
11.498729554905786
-14.898094263320004
-14.509794921964998
-5.1622324012496925
14.241102019229189
-7.665323464040291
18.436034912712486
-16.04612508252591
14.60956062879989
-0.6770423466767141
-5.575032206188947
9.866142589079068
-5.100967344529028
9.479929671819992
-3.521184970828479
3.7993873764598334
13.303572446388003
-19.342936932420113
-3.2797635820766438
12.244931875535102
19.11401846153521
2.9065803042363356
19.726624039696127
-6.500338897753926
14.063656979998214
7.874379086046467
19.40601922001894
6.392313691567107
-4.20756089187018
-10.560682728162764
-10.013820983380688
14.13064735381839
-2.211610220591652
16.38619978789582
16.007009921777517
-1.6448171048305191
-6.431832830283772
-14.551085296262034
-2.923325219810117
16.442948100904047
13.821035453599308
15.098061623478742
-19.937459723210473
-6.4689458975054634
-13.474941879351828
16.23545024573677
-1.4042967058666918
-8.489690325912228
18.098496348528066
10.116025361201189
-9.010815587756756
13.857022149711696
14.08202139506649
0.9484703369527772
-3.1869993672699692
-9.97513906111601
-7.62106034028394
-9.584504194028156
-15.681906807547783
-19.058121155470044
-8.251682879897654
16.55631771154691
-14.648539880755465
-10.840251084525558
-13.477645873694687
6.5903827679470055
-2.8600822648370894
-10.828891461447508
3.8135370826796766
-0.8141500774657828
17.29085202819983
8.579252931913
-19.239104055225788
-7.31855015802768
12.261119202697927
-15.916318736242886
-3.561912502696309
2.101110812097396
17.10477906304711
11.401562718374826
-9.656077210878049
15.720616780322878
-10.356704519901063
9.408016748121618
-15.874666126882628
12.935771613768523
11.960857333156806
-12.422436440794593
12.830886080849865
4.241506381534009
-18.885587756583337
8.741671238756044
-3.096345902893404
7.983867902939007
-13.707427591907786
0.7267060377406231
-10.487135719833805
-9.93808885203693
2.306587496118887
-19.86053542499087
-14.21873989634201
-9.65587698123378
-18.900261414937457
7.823472554648923
13.992243236469143
-5.67474415372855
12.514816457958979
-8.722688007237146
4.292497891279723
-5.020379032285405
4.5490542619601655
-7.203240196859046
-14.345399172971959
-17.022583157317474
-15.37503565452619
7.871847096429768
-18.116343363346562
0.9696202428380509
8.790864238475507
0.18033205612406533
-10.427248773838883
-12.472921819454882
-12.31410188495095
-19.313217622023252
-0.7291403001174892
11.9482940732391
-6.046616219458411
13.780584138360396
-5.032892861672064
2.8254824113137573
4.023193958710067
6.6007158987323535
9.224519397258074
18.02254287714301
-1.9435735740296138
16.381600543802435
2.4722983563843037
17.79880540820671
-14.847901563898954
-8.72796520172708
-6.19912528793968
-12.702963678214317
-19.67443254764406
-15.820033566663128
-1.5766514959857574
12.108084582040021
-9.279202482060175
-5.4203683490612065
-2.440534733033015
7.5574748402858525
-0.5953926947945902
-5.630390373873539
9.082405979899821
15.176093786467874
6.416895718438582
-11.828182258360389
6.4139455369342535
10.587786335999397
-13.93263346366648
-12.992937882680744
8.407755539610832
-10.312509087792193
9.336596257127773
-8.22362957677717
-14.923553757824815
12.126634110555315
-6.009669004520944
8.97138256556261
10.11909914111813
3.5460832667160602
-9.142521498161159
2.7516484274098403
9.909287641640955
-2.687463285296584
12.56869806080875
-0.0032483963767724333
17.163876986030097
-2.4190671406122597
-14.802821199072751
16.92133348201589
-6.010811711198144
18.9587131107126
-16.00911686739167
12.656047175839682
-14.358688574541357
-13.832279357247392
17.748743386524858
-14.188098201876569
-2.0076067064325045
-8.030087746209752
-3.764636074647882
-16.893008358573805
9.707059084774595
-15.66530531009918
12.793195082563685
-16.632256929106852
-3.6021786209599895
-14.797427268815042
-2.1750039045303495
17.89407294862479
-5.1304263135363435
18.190941148052282
18.310406656713134
17.855345476971785
-9.383130490750698
6.77796554476307
-11.778097977213449
-13.391756966540761
-11.911552444310667
-19.358227481955698
17.829889147556642
17.686598449111308
-11.445697497937871
16.84850690413103
9.461883324676275
-2.9823757917530145
-4.423547822284458
-8.138525769982863
-0.40781132765754435
-10.789530168425756
2.6567731302574806
5.898368728966624
15.26448724582611
12.64345268912809
8.731187900631603
16.75053935194431
2.3701652547768823
1.1909183259235903
-3.0365468477604054
-15.77458397676116
-12.138160910855973
6.146728182778251
-14.697196931027335
9.323061304575468
15.065237737410683
-11.084928683170702
1.7235635565641552
-4.937028561684329
-9.657513064034466
15.47568885345013
14.813862555539487
14.390434558000791
0.8196593034818314
-5.756688753091437
12.317248007728608
-16.169173840604625
-1.961064983745473
10.700315819430273
17.568033192574923
-10.521890701816767
15.913261762154988
-2.9144748783363816
-3.517874673975747
-12.384656700902772
17.455323259299327
6.814206845015647
11.435331942171526
9.836724211110344
-5.304166772244594
-2.5245020190961824
8.6075734201452
-17.202705661525194
-8.488889422816923
-13.45529743947235
0.6180770405117109
-13.761970388033715
18.67454772746043
13.656198282573556
-15.078735880658996
-14.7647047613457
10.973414506353443
17.08179298848865
17.114548855656608
13.504208095239733
-8.508635116331531
15.524432444327438
-5.996437576964997
4.082110139464746
10.901943798911663
3.0579212786399665
3.646159062824289
-16.718101827507162
19.91525438591448
-10.600557054146261
-0.1557556120844339
16.08823449105732
14.095705633699971
-2.6574431454589877
-2.345423556494147
-8.893599638553177
9.78566406608277
5.012323687049815
11.281421589844278
-19.868750676909674
-18.86098530692847
-6.459567961631993
-1.0817296457464955
-17.613009804942493
14.569380261897066
-19.673349521476457
-12.400406728145828
-2.427845753812889
-7.511945405665244
18.95129669762853
-12.850994624893932
4.760697040330193
12.137506583396188
-15.150396976032447
19.24961473024102
-16.844682566228336
-8.59672194729454
12.901769808915475
19.787012165852836
10.263119808928604
-15.621757471013131
-0.21855856412468455
18.174460031762806
13.436765806018073
-1.3037036452339592
-19.105599619012498
-9.311376649704478
-12.814912849652117
-11.529752289063012
19.087458666131404
-0.6189407253137169
-15.031161002142252
0.22863550813648104
7.545016994985922
12.237996056282952
-17.184010979197886
18.258840917748124
10.301771259254945
1.0991692676156646
-3.5353745093677347
-3.3365574541001095
8.61531606531777
-0.42113739705156306
12.781446137651088
12.727710127317636
-8.2564559836613
-8.648321378789333
-11.794182182635753
17.95999734853475
-5.386686561399383
-10.936550093248773
-2.2362521783372955
-2.136067881187035
17.426293582087176
-11.302046342646923
-16.750237314100925
14.284362170048112
-19.064906241633235
-19.8437616216787
-5.590996492205216
16.74576667247989
-19.687475326296934
-18.273513160328513
3.9070666682533925
13.719167371300799
-5.395308291794434
2.231346978668263
-0.5551082805966203
-7.205778364771561
-13.42438672426323
14.072147998045295
-2.441318876528314
5.307599631313423
-0.6047063918322095
-9.654234646775247
17.35455471330002
-17.373967765896055
-17.62936176769454
-18.4907224722069
-9.221694584073482
-16.20504706808038
8.821206319761362
-17.680121397886595
-14.229353937186069
-17.30358711836804
16.368606881173598
-6.37618690785378
0.9571463596796512
10.592213953162158
1.6446238996877725
9.65524613075695
12.662427351888425
3.273768116778591
18.32858535222598
-6.822573430158094
3.697534428039482
-19.290624737700274
-5.987475238876083
-17.189819088777313
13.740219862981668
-8.530090719523287
2.386250144659712
-5.12419899552231
-19.53774155560158
-6.876573137087485
12.040777398011649
-10.833721471525415
11.331386102027878
17.081111515908447
-13.510438097583668
9.531935034975724
-5.306653061679292
-6.922031397589205
-9.666979427562158
-17.845563198516604
-7.848353958790785
-5.920310605995965
-19.68694820167157
-1.8611024624426875
1.7848733239101762
13.516462314245565
9.538138347705
3.1898783213939765
-6.500400645089929
-9.914194514739968
-1.9729050833838002
7.0652902040828565
-0.7285227747255476
-1.015474101060203
10.888962430945789
-6.661274981425427
-1.838395494581171
-0.6534075790490377
0.9037339937222839
1.6415652687074989
14.702167334811378
-7.343757134065406
-17.24203285245242
-11.158740333421742
-7.131649926486659
16.574798824996776
-15.579736544383444
15.090829781204
-11.59974293571683
1.5850053770144257
3.5296193457699623
2.3963400531392764
-8.201513109850005
9.37226253545927
6.784291886954659
-18.30497820968562
-17.427252337199313
-14.71681155561753
5.30943697015163
-0.48312299355023924
4.338188129886198
0.42047801791870043
-10.09195260145706
-12.441377937039245
15.374257207393626
-14.365334228228699
11.521594188779623
-2.9048176953114933
-19.87796113260127
1.3639091123149996
-3.3444407662000906
-1.7388520408645576
-1.4634848343429532
-13.999458061710794
-12.022023585876692
-6.154010049410026
16.152547148301196
-6.202638969134746
4.6612732353444315
-4.73828768160249
-11.758922789109722
-4.006800627522695
-1.2147187868140428
6.333690157489819
7.045557919762288
15.848549751342034
-12.991601236835319
-2.3556130816226393
8.892930694062613
4.246751500784804
3.0356972250789873
19.333308496500564
-0.6227894675833134
-8.064066438795443
18.839231690722755
-12.2936439696453
-0.22565871670654047
1.5367383410724287
-10.913562954740744
-11.097444359715794
18.047938011309405
-19.578866849282115
8.715629715839867
-15.744739832232781
1.7814656385382897
-9.041151069587293
1.5288173901015085
4.216099440115279
-14.615164587101873
7.5708756119330545
16.960165991035417
-19.771560317750097
-17.699097682071454
0.8297436927879609
14.388742671864854
-2.9532330761449863
0.6977605426098776
-11.39392404311392
10.536524479698471
-19.615611275401825
-4.919847067291268
-17.501020057951628
-8.596658944256973
3.946115092218637
-8.41918063408583
-14.09939070771063
-18.264473536003557
7.940415071229946
-14.391713936747376
18.940735880726614
0.03895040487111601
-1.733501829295573
-14.6461384643078
-18.770268222884894
0.13633553432859458
-11.135887918241473
5.32423880053409
-1.1158857805905456
-15.654391549082938
19.554171618464736
6.8244870740293315
-7.748652380008952
7.081556920317521
9.18713218137938
4.689056196649901
18.0507120966264
-0.38554504587953886
-14.556719817002307
18.128122547321993
-7.929977081118892
-4.504627754100419
0.016792961823924202
-12.822893015125437
-4.08729427300154
14.446224003806812
-8.728990937320184
-19.748014070085475
5.158865617112568
-6.302251707176847
-14.460669344015331
-9.71051159354185
9.803382308648175
-19.513204999346762
18.873374428467066
4.955863772435485
-16.805241014790468
-16.993755275288013
13.109375656862824
8.417787994494937
-19.75121236038351
10.585815266801937
17.419856032086287
3.2377187260425835
-5.516373419579184
-17.696888667957662
-6.3244119228759565
-12.572064102217443
2.4563957236255796
5.738184063236961
14.708911182007483
5.455823267247663
-3.7146567145944402
-18.193910077953852
-3.319128895115181
7.422855438310307
2.5875826091349836
-16.576363427038494
-4.3842805915950365
8.029354442802614
-19.348744293090014
-6.732557634565897
1.1928812258328918
-10.10026468566175
-4.69641476704307
19.94250813799568
10.670975755249422
13.703642993219361
5.802022076725791
-18.016565053829325
4.420549606096145
0.8507635078325428
0.732792019579481
-9.711932211763408
-17.569407478244795
-11.075750510429906
4.246357234095079
1.557170401033197
11.061582039391268
9.562375237263772
-18.24400857011511
-12.582488020876523
10.520545794564136
14.137994045680024
-3.9194839891859523
3.8538153088196623
-13.608359794701643
0.381148408009814
11.73634009506181
-10.453108383723308
-13.79495433017171
-8.672859925481209
18.598434653254728
-4.836804639467953
-16.398695294513168
-8.656841829388382
16.42866404901632
-8.055884688831018
-17.51802756569377
17.02967795327018
16.130363972191198
0.4242380137589734
1.202430022787162
-1.5174903278759615
-5.191110460100671
-9.60524492298855
8.558940829645106
-5.513226352170353
-0.9485087735332769
-18.20480418723426
7.89330746745464
13.02063916573455
7.363102865066811
-16.560875629280396
12.299607300192427
13.874985206910516
-1.201522274328866
-0.8382401754647582
-16.81447273066729
-7.8722791374723045
-3.0877614015928785
-15.541776592627414
-0.2304555963952808
19.345102455014953
-0.5204432996180017
5.485867784736612
15.180930855582247
3.9853014755308003
5.709513403556407
-8.419886439117272
4.3956619449900245
-16.039578800356978
-4.111442951167664
13.302548065324778
-19.75965026424033
-17.292450437865114
2.579528812209798
2.0642717368844856
7.072726363159781
18.394071387119702
-7.687251506993507
-3.8089868867838064
-15.37500607069035
8.666940669044322
-14.697450604283233
-7.8139439811842095
-4.320861778849858
19.044103164761857
-3.2892165154345534
6.345357228837205
14.08972373876346
9.062926703894423
14.45456076406763
-18.98685181357052
-17.458547214267792
-7.320541746993783
-17.248545050657693
18.5590361998594
17.9719304191798
-15.239774151251627
12.950190745697327
7.668209979044885
5.177599213307968
2.0129552650723816
-1.314520397109888
0.9973523828966044
-17.265728101254364
-5.361703165348203
-16.88075763698076
0.011951741560487505
9.791914451692378
18.46603375424253
14.639240172560562
-4.593977926685223
19.06776061432727
14.329926111330167
4.018594234385169
-3.281074391072778
-17.573875203173188
-16.365644182643706
16.00648766397552
2.563141929454609
-2.0908624024616174
-9.509663418388064
-11.51852190698433
-3.6124211944484017
-16.145109556871297
-18.761045762506193
-10.775648115368789
-8.106989998050874
10.726001635315285
11.048540438759787
5.468809144795493
2.1774960273495836
-11.469596360903601
16.942777893338665
-10.987891204809262
-3.446253315723851
-11.175189148027101
19.601917972896956
-2.697732611235864
15.121866910250631
13.495217944613842
12.600811988124306
-11.67334448714755
-9.300972441881568
5.1263099283484905
18.875289011333805
1.3216834755632654
-8.829966047219013
-9.973492511730075
3.8980930982703335
-19.491126161980198
6.02825760345619
-13.845186322882391
13.13513303412951
-5.992583029912462
-6.592258643197129
-3.721866599012241
-17.817187608613466
-0.9776326516768705
0.24752822467510427
-1.3971868115721833
-3.8468791471177113
-1.7948193367893062
-14.421222006963568
-9.674171170380541
-5.321656417170111
18.100719264639523
-15.738856232586915
1.0352887072493218
-14.553197613416323
18.485469314435818
4.185736806121085
1.4023827449737922
0.2343211095771025
-8.375382910635874
9.094458885979535
18.97014765651386
5.98140380716892
14.085183858595215
1.2424290392027828
18.92526191950133
-12.944109690106803
-12.35386311644974
14.162813631804674
-1.7474710653028964
19.47423112605979
15.986577996722438
-16.94718669909577
-18.749100802778603
18.338137276358808
7.4600759478630465
6.1977526919642685
3.3447572762354127
8.913358302654657
13.06054793686323
2.5926951974887267
3.8651196055136623
10.885773160218992
-17.650743092039885
-9.270157699406386
-2.6811403808411107
-6.267479954712837
6.150147110885364
14.119650906242079
16.258077118875697
-2.103700421446632
-18.076263583240163
6.522965895214998
9.631470228525373
-3.3488741022489243
-13.321555759817088
2.213865578109452
13.060127737103429
5.080535254731355
-6.551862154196009
10.015860453632762
-12.129930446830159
-18.682456192314515
3.1730282236442306
3.5173007510505627
16.67048181135008
2.7886934798857297
-6.050997380297062
-7.415607118210463
19.496988555036822
19.99391492359222
-15.469643225710442
-2.448501917352111
-7.449307606148121
-10.070705957512924
-9.910538951368935
19.225322140250313
18.739419444066158
-19.902342978951765
18.664618605612624
-0.5333937979149717
-1.332898586367083
9.928417178022752
-9.841367390762489
-14.375743722785504
-1.3756184900823598
-6.7101633438581345
-1.666489766853509
-8.374384411027957
15.97699012541296
-9.311251087571563
3.537926349889389
-18.130679429088318
-16.94190199635983
19.019121563922504
-0.7991416543546528
7.042423598002404
17.97139099002934
1.156941317199891
17.08683368698526
19.72361093491785
0.8291602335886985
-0.9664438584915302
-16.348796614700696
-13.066145187842938
-12.799536107295202
3.694517223945496
18.658258124846803
-15.697930126567762
-15.30408565377876
16.033036632851037
-3.120542343989495
-11.63281277673352
9.660383221399115
-4.691309323888021
-14.999631425918656
15.362021840397063
4.395524975599567
11.02367253323159
12.940549309591752
-5.04966035499157
1.0558263261426362
17.64106547066247
0.5912575541009488
4.352916650089746
1.4992245142322567
6.44932812603248
-8.521879404825397
-14.746758649016098
18.97049666018711
-9.794865383717944
-9.183322876005228
5.688834560124398
-5.945447500867015
-6.990678353645606
-6.948107477626802
5.389300337330582
-7.876897059134764
-9.880629203135868
-9.660733001888824
-13.187435611010962
19.71811114415126
3.977942889129725
-17.823992440388082
6.528481340961335
-3.3852292720512835
11.76101355453245
-17.322597657940687
2.2202997299936413
12.688188877957629
18.73769859294393
10.093187392062696
1.1351705181572243
12.01851556925594
-16.627496997441206
1.8330729440492135
4.650025551699169
-1.2210214012528269
-6.572548146748751
5.387434376770322
-9.240079901860913
4.908958333289242
5.187298256675422
-11.129212859643655
-1.077269906138575
17.880114100689127
-1.227449020755781
16.607430845712152
8.743617300234199
-13.702669821024344
5.035469535557514
1.0954254514531279
-18.49362480279995
7.171354731231805
-13.715742700262163
-11.460358175816555
-8.381162500146
-17.92269324705444
2.3504921527037297
15.562365611019104
-11.617031937311172
-14.845769194500669
-0.4933752807730407
17.91589694797446
-2.3865580091177634
19.35000997173588
-4.063653643581935
5.003938046557501
-15.989507936107037
15.56651915159955
12.018575451644281
10.3686309222835
-8.84723489263553
-2.9398570388954113
4.252669929506467
9.888348907376027
6.418990820362993
-8.586007370308018
2.9623222859105205
-4.262863543127594
-15.788674385936648
7.212615871261772
-12.657561440979212
-18.479274097504238
-16.74309696634642
11.937024331655522
12.799181461762075
9.93070797584329
10.80468375888318
7.359675670361902
17.247374799625483
8.393861367399143
1.279015537177301
-7.685878373541382
10.016497013785663
-8.278796438169763
-4.154137835049205
11.962018802189437
6.783045240689319
-8.852847694862028
11.917303217114199
11.737484637331235
-2.1653962469614676
14.125967646330295
-13.665589579213577
9.748328778633901
7.639531272547593
17.042101147911623
-15.220625543562395
18.20590546127101
18.09335865861071
-5.929287250965274
-17.879457546102845
-18.592813728585632
-1.0366798798498422
-3.585077875501348
-1.2236012493133899
0.9822640569745964
-16.26356986123948
13.319359474211808
6.838220775281908
12.559236119614653
-12.3886987691818
1.0887870429528235
-0.32202908983641976
18.883165788929063
7.899212100759257
-12.888806033237973
14.339847167393145
-9.474722874280147
8.758426503450522
-13.99702243581447
-5.180030225975379
18.857679696493427
2.643966517592414
-3.156066070730013
15.200285992819175
12.688074028341859
-11.896765363456975
12.007166740924895
-13.459145386715402
15.750228579657403
6.8821280819157735
3.8893704532307822
18.207995654800655
18.849031934701287
0.366546785412865
-18.077102904648704
10.168926398710077
-16.736512028519705
4.031138138138264
-13.80562305163278
19.228657259455616
-16.143564822377343
9.890545408370937
-14.179649317719845
-3.013049685436208
10.277315982207998
-14.738830729923752
8.937524746706352
-3.4836810427467277
4.875962922647851
2.3269121331962594
-7.56189837811867
-11.010913888039964
-9.743586037754346
11.178475428240393
-18.941081236322756
19.004762388831494
-1.3168794306631746
-1.71428748154635
-2.2187152794627174
7.70444870035627
8.1972172254526
-12.739368976912505
15.854571176549506
0.5220252421311642
16.31953016829712
18.650216682640483
4.465164886609507
-6.178932905119776
19.24146104747325
5.313581736504112
-9.539528847051795
16.134044264711548
18.89791896526266
0.018765715847521847
0.6417356840676973
-19.10457086835271
-4.42183975883526
-6.779192534833323
1.1924323363051457
5.057373847515741
4.662011520558114
-6.611338198207539
5.226336059701019
0.6678660449644909
-14.556291707017749
-5.62458429149995
-11.619937975914114
-4.428788049966258
15.251151107236169
-10.495011820133815
-2.8730526294986376
-8.554715835545164
7.103919609323267
1.1584437872116027
5.66772672678632
16.43513918734059
2.7063414985443437
-0.24403515019603716
12.97947046004235
-7.174031042066034
-2.451450380535235
0.5131834880135884
-7.621881273210933
-3.0038925216945813
15.110668541493133
11.56169622625178
-17.788115045294077
-3.166198445597974
-18.399855167240503
11.321005412443746
-0.4991600396011151
-8.184737446876248
-17.746443702892503
-0.9528084628782842
6.253321293934167
2.882869491735022
-12.339456072940012
-1.4014649772093009
17.161420718946495
6.219002083497042
6.413815517601357
6.633322399237361
-3.4357451150103735
-7.917667905561752
8.552823977459688
6.885217435464483
11.851030306228903
-2.826548175351988
-18.60753646974405
7.782355302050327
19.123725952931416
18.78053080681339
9.179081686700318
4.670150849039629
0.6894754342592258
11.784472808863903
-14.61600704656651
11.633534558718232
-12.155736812727893
8.715069762836947
-18.487694743719647
-16.79688673737512
-1.5720331173105535
-19.242169620750612
14.484453121364936
5.13639455628384
-0.7645166680604092
7.407129248948511
-11.060168250653287
-6.320495069650644
7.281338940030253
-18.70597712994752
19.81241060054397
-10.401360598568225
-1.047729149954172
4.754226080288888
-0.4630560624864408
7.161286649128201
-14.66227675201996
15.074636808056695
-1.5939219545914085
12.295906599247203
3.9560655828559703
-3.5063900156734533
9.364608036502275
14.288356934902765
12.32310121342519
16.223658483507535
6.32932384386956
-3.251049586993119
-15.93034428393012
-19.182851533029094
-17.761834396252972
-4.3722683771258595
-9.86785911221672
-1.2682201997494111
2.7420882385834204
-0.08939545169340235
15.0585405937519
0.592994005606645
15.162173606951853
-10.073679875196376
-14.739328812837229
13.210335831335996
18.030792512287235
-12.304165534665405
-4.734464662692076
15.026248558726934
-18.55778371040588
-17.50263883962534
-19.401115875484123
6.952473055046141
-17.498818710551753
-9.749778972819655
-6.38882251628543
-12.065038003855989
10.914218482025689
15.61936530743602
-19.92552172712501
11.308929569836877
13.31302797013604
0.20542395328776664
15.740131735787394
-19.592598400985956
-7.163081772680528
5.748276781533768
0.21481109486503058
1.7076956834104742
-12.299363140816094
-14.04066191939117
-1.1624571131454644
-19.776552553952882
5.304097545018024
-4.413148763211478
4.2550660051683025
-3.4272162249838267
-10.630485125738254
16.984208377657666
-9.677260042205727
-17.84422442120134
1.0806301395560105
-11.68057821498483
-12.074403338141138
19.404614394805904
15.59264114923527
-17.049604850672736
-12.26693999703424
14.980950210232315
-10.680633236188735
-4.728286517534865
16.968835671375494
18.51797062924218
8.235973071929948
-5.285742867548201
3.056811196792143
-5.989726557503889
15.801340723914329
-5.937162095077939
-13.618449054201225
-1.3487163302139535
9.591319216798546
-15.499723322539856
16.96961142798476
13.190000377924619
-3.5756292806001397
14.217970480640282
14.593916552870844
-2.9458468205203374
-12.461297737655862
5.978777933828145
5.667422901180295
8.835722161534704
12.59914370346111
-18.21979858695869
8.055516355810099
-18.64915189038388
4.604456436603087
-0.7007976940331773
14.283856834643636
-4.676484399226117
5.227741856176699
-16.488370022883206
13.886673846386174
-0.5936525363761334
-16.710966223882437
-13.797693365416386
-14.480977815019877
-18.509890377715905
-17.44893366062596
12.080283847385722
-18.718387641679776
7.956431450112454
0.4890965253645909
-4.1591508462274
-5.528332771903948
-2.243774660898616
-19.333999842781555
13.968015628208072
-16.860331187196106
-17.598006710043926
-2.967883194121981
-15.2170837930279
7.967604418653664
11.221148708001806
18.98398240763367
0.11198443733841046
-18.091165584964127
-7.686664644880544
1.136744363988683
-18.80211116307723
16.232288169953442
12.719128590424134
-7.2537758513465
12.453073598337816
-11.59679570514555
-6.82027819015104
16.693277629373775
-1.146100828657378
12.617351125107284
-4.377826061102805
-4.826408778230661
10.681917698552592
-8.699806138230901
6.0763853681946465
-3.706251928014794
12.6779352484523
-9.39984626874962
-19.518717164051097
1.8205577103427473
-12.343319082649224
13.049663084011684
-12.60979141719044
5.498909745431586
19.73101321015816
-9.049676108404775
5.310681288489356
7.824877427848929
3.7077151780049533
-11.067750603096682
-0.09160659476549782
0.36904613199072145
18.282510702019906
-1.660642592265141
8.552180243537023
6.394089883257227
-19.95071979089345
3.808731572763744
-10.65860514689026
-17.66079608739654
4.267700489786563
-3.03261850770199
3.147434040005649
-10.740776875839618
-18.056586314279283
0.8467753062090111
-18.563619619595386
-17.023584392415863
0.5275576582727624
-18.279967173022186
1.4997605777733227
19.74433544458259
-11.404793430391088
-2.196854745331013
-7.955079112713408
-15.258267085921652
-15.618536205939844
-17.298813891436637
-7.606637625934525
-13.417165591244622
12.924431897987773
12.780109880997031
-15.049214742070518
-14.519619863715768
-1.1618593576222978
-13.758182540629846
-11.467589208072479
1.7787935665274475
-11.034546458004485
3.5549367923964112
19.786085697782084
8.887318194173787
-5.470969969384193
10.548119250065756
-18.47393627698274
-10.519918729312083
-12.553661966489184
-13.773777338316858
-17.331326986995034
-6.478530617690211
-19.898106059422712
4.9471195020785075
-16.20299935066061
-3.775236958372446
-9.281804385077987
18.232119521841888
3.109891989831354
-13.402074172137679
7.9740899913381895
-15.337219203878107
-11.418313063607183
-2.596411633668417
-11.342816205523212
5.7331295748256785
-19.99949469034009
-4.685867916022053
4.252156283877664
-14.038699557561944
5.055597767792804
13.87493969223523
13.880023533569684
18.61074239606227
-10.981747671342173
17.948707297119377
2.401694971168766
-0.3596789604291786
11.806023322638342
-4.618702270409818
-17.63121643203516
-16.937801714713462
17.87208086217686
19.57250750026642
-5.691366512119451
16.78328947546391
0.3471064866581912
15.088607264988056
6.3752272040425275
-6.83090030426769
12.103730229126995
-8.507680951798818
0.8553242939290158
15.73457579084809
-18.212199956289886
9.918138507341567
4.871534571497435
4.084478981019775
-9.916331763668547
-9.271521173616426
-13.65009859187067
-11.119771497541997
0.009350890308933657
2.1579269688926637
-10.258122739951766
7.863556766307131
7.685166668348987
-5.64601375240807
15.019339283105623
18.511560303875896
-4.5052735797186205
19.736004607240154
4.223985041612451
-5.993311272244654
-7.8607928085783065
-12.667188381512915
-1.593480701688513
-6.081718342128589
0.5467016258995017
10.651074222903514
-3.758442922719226
-17.134227808808657
-14.501669641175901
12.762516034896365
-18.058298726326893
-2.842797356965626
5.068195565123009
2.450582074783881
-7.933940867656792
4.946177958690974
8.188834610246907
-3.5479277643247045
5.828275038472093
19.202529545223634
-7.4252568137133
-14.026389577574424
-18.31744682136824
11.824356487691766
-13.657563548215577
4.430173411720766
-14.964523669042343
9.14078066905153
-19.178145437648038
-11.110969760108137
-18.355500733992965
-11.042171574962758
18.955016755102648
13.120694852994255
-11.518334736762995
-16.17502260518531
13.390030636410238
-13.396615242339998
13.234842423096268
-4.738720094336713
6.910429468465843
10.02779344622898
3.97166166580741
-3.8544297637325258
15.74846105079984
-19.967663974588717
3.399138760257621
8.36146155400948
-17.922954207789488
-7.45769623531908
2.120255165406128
-0.6082609424307179
-0.04561418641272752
-0.3389678284163793
8.236290907947932
-3.658328894441265
15.297296962517194
14.833797154308378
-14.780552172177215
5.808815300911341
0.8182065436070083
-3.4275943451916326
11.709299513809395
-0.2543586942830842
-1.3792204805344745
15.025575662405991
-11.809528332172974
-0.23646520946773464
-7.885923935558083
-19.098048061716035
3.498324828407174
10.612888813827766
-18.320881891849233
-19.851130433715078
3.94002960279704
2.127160999290602
13.230349081161322
10.622665097954446
-19.69388771949165
17.088996221132597
-11.267169361957299
-2.0816383808781325
-12.186981195530535
-15.065888316875737
-15.67579757095498
4.4425042713463725
-11.927532573502564
-8.84246729931791
10.068253201431759
-2.405947362070428
-11.93941402910474
18.904018592061362
9.266702737677473
13.95344751239464
15.590225894096903
19.800692014501507
14.901099081675277
4.454144285725832
-16.75671295809709
-9.524811668089143
-1.0878797062227008
10.952869995178677
-4.2484175897696375
-13.919132785837132
10.58891917292771
-9.035175356115715
3.74586758895218
-13.209002683628789
1.0091961719726896
8.048785815279551
-5.232891225873724
17.75021167017308
-1.6804000679601607
19.224422603047756
18.241270029597786
11.726658774614343
15.34374