-2.9087285110723435
13.303601631712404
12.647941524487514
6.752088168365312
3.9787084560477695
19.009922234028238
-10.768483170435017
19.367126488059846
-8.92195703071538
12.289165635571024
8.683176424519129
17.035705543085072
-16.07022169820043
-15.785011248664787
17.06381993782732
9.08761698398079
15.767693109387963
9.19965201602745
1.9463141009730798
-7.720811913745575
-15.807327311277986
17.46482400611866
0.6277130465446135
-6.38661829013234
-19.908045074301974
-13.267537395202321
7.1644853389886975
3.500614336841643
7.733106158111344
13.629704715943937
-9.919652048268443
-17.20038864627139
15.119838550563443
-12.384962549244287
17.993311610866137
8.100534341240028
17.498333309335024
18.150404031914064
-15.017603586149457
19.21618726410386
18.855814346532355
3.374684176499546
-16.456122771300357
19.25626210439453
-19.570945871039452
-18.335125387677937
4.05400570316527
-18.796272266476727
-13.778676505920288
-9.71422064448705
-19.29709178520083
-15.630552499624502
-7.90682865687376
-3.033985396897698
16.98830757272303
0.0459309143958464
-0.16241235224999073
15.521483421740186
-1.475419462771363
14.027733990762982
14.01323248701916
-14.229121758757932
-14.373407617643394
-8.719246214994305
4.033950175527661
-8.162603997418652
-8.70243195274849
4.405782405143444
5.868280392555199
-16.097633644807566
-16.476339798148345
8.494955585372509
-7.066849452972686
-1.1272597430167295
-10.11883332088276
16.060087897457407
-2.0577529629514117
-13.506776202395393
0.5065942350239006
16.671771601807407
3.9438017724468786
-15.067632654859771
10.52907630270549
-19.484791756121123
-6.4158922467812864
-17.23335747625212
-15.777014979961006
-5.007117284598902
-7.764353502399501
13.507826568803637
14.707278817623333
-0.4169590355498656
-10.891534144008418
-6.985150975298353
0.2828936510842972
-0.7406007219472563
-15.73874146097463
-18.836546318259884
1.815513999694737
-8.418756713686427
0.18228139937617627
10.39735509070034
2.93944252309187
-16.47012438649613
-18.066205323731218
-7.43547322017244
4.301696468981348
11.80379980911404
6.870290871885874
18.048775466616725
-7.886908666609278
13.635877131633897
-19.02630624172453
-11.15901267826735
-13.840795092880542
-0.5649698315445448
-4.968178399599669
13.788656269635453
4.7026973460035535
13.687117681441634
18.39908856843533
3.1211954288687274
-8.351965671271401
15.187833583337039
18.623428341348117
-3.641986750919486
-13.369958909066808
1.5654389463109624
7.413208785369122
19.07246212455442
4.525965087543796
14.73314913607036
1.710809310668722
-13.14239374572779
-5.6886616484858585
-14.467039391372305
-4.079463712291375
11.56193614777511
7.986752636146811
0.31246521549504536
6.756472226672116
15.091884086963027
5.309158696360129
2.9444956039120704
1.9477861730228554
-18.696909355482326
-18.781988639292756
17.86670678919873
-13.11449968339045
3.775798511391365
-4.412040004960783
8.335868686859406
-8.38984214096528
-4.369537388574649
-1.3623914202288816
-14.2689433500292
-13.158255131178933
-2.239296829118011
-16.125568035774304
3.187432584436909
19.383348292732755
-10.022040074308913
19.36790919866337
-16.309912375509885
13.930652231643045
-2.431338768021263
-10.349574981005327
9.431258735319865
-0.6426100273842223
-10.323297246257903
6.5010502195680395
-19.45271396342875
3.4167667406672564
14.134934585380421
-0.5916182205524194
-17.21098614567438
19.9470539808146
-5.130172621410951
-8.6625456506476
-6.801941563824943
-7.856176175089406
-4.145849091578416
2.228887509776875
-4.438504911072467
13.351387754473187
13.817379466216828
-13.656483635852585
15.603657281444505
-10.509492172757904
0.7922334568886988
-12.31775229736147
4.55642611520199
15.665448682467648
15.392459510109141
-11.610371577412856
4.914625606663243
5.4220921079197595
-7.623092297513146
3.854926913695035
12.230968837796603
3.3226416553742126
13.426155908209068
14.764120321717002
-10.903321941967912
-9.317363036944343
13.106371429089066
11.401071899942302
17.81452418099397
-6.615289581043351
-2.7983724854449648
2.558849119670459
-15.15045656509451
2.3101604442893233
14.551941776663362
10.613401572177853
-11.101635778690504
9.959109722920637
-8.980238006156682
7.467819832220005
-15.518968088098779
14.893870026935893
11.79373544110366
-15.683150592151884
-7.57178537913752
-13.174184921909635
7.687923739063592
-5.07071249780488
-11.000228554621735
19.075072488177582
4.106688605996368
16.746611607218625
-13.235637425822366
-11.81642726638012
10.883490840282928
-12.095311469552815
10.800997722106015
12.976667337763999
2.323880553933545
13.340287012950945
3.0437699826812548
-5.156663008582122
-11.59868017947761
2.4852767458907223
-9.324184505766118
17.691302987408676
3.6412401107512764
-4.898503096341944
-12.222721186893235
-19.035078243466238
-6.514274424336271
9.37436226691976
-2.757315445510315
4.303865622035282
16.92253743782007
-12.768517142294918
-5.5309850822900675
14.312681124739427
-2.877661257406121
-6.58519165277311
16.905794020525235
-4.6448328745044485
-3.9461884790580513
-15.616987616396663
-2.2598775741159827
8.041003524188625
4.792818547924
14.270966279072624
-17.916154602448454
6.421401477308226
15.53064798587976
-17.748268798020206
6.115345742184619
10.767960523593537
-18.373446732296074
7.314703211979776
-10.464099536202202
-10.106100992442219
5.208471769200575
-3.801630499478282
15.202112529476203
-1.8257416674958051
4.185014365281411
19.120919915493964
-11.111216515474883
15.401498988196892
-4.64087018739097
-12.70939774642654
-3.737985096208014
0.48375222529376316
12.491538271461685
-17.071237512358888
16.54380578243633
8.116463259429452
-9.534421454938592
-4.695679556971726
3.323883876321702
-15.2303547602247
-15.05575481862465
-15.622422016043803
17.428680344905196
3.1317580302243364
-9.601109855870291
4.792186119156714
-8.700078301396506
-3.5260011695632976
-3.0741328620692343
-11.03160753351888
8.456942647722514
-0.08819462888308394
-3.9454886425743894
1.0267866458815469
-10.01309296377363
4.279225613621101
-19.081562078029002
1.0821211235246793
-1.6829450813214777
4.214568261489827
-1.3035910153293848
3.1520053608338827
-5.64894555399221
-16.214685103674253
-1.4229608131736313
-18.216993965530598
-9.074522490192196
-17.42479959226563
2.4035219055057837
-19.99929972133751
-16.754372268084765
-15.999853290851052
15.082028836660967
-10.61691587352383
18.204640195569695
17.73217181583621
9.466038426779448
-3.8240617730593627
-16.243944593350868
19.272856939152547
6.535460459441854
-19.18677009191059
14.230476821827473
-3.9438985235983637
-9.443872897352685
8.23109029124685
18.627314068823466
18.86494664732949
-5.6627434981484335
11.169776742967006
5.749100991258075
-9.485101411138505
-7.563879730157744
-19.271779061443155
-0.7275354047701583
-15.911056547182918
4.31212577407252
-11.050969774144374
-5.482373496714882
2.495103283282557
-4.528855619998664
13.982048251052241
9.755257143050034
-13.689577651797752
-2.535822824425903
5.639625507632871
2.0406099399093947
2.054897081029864
18.630265852873315
-13.22457005609623
-2.0818098004375187
-15.292603605488022
6.209870969681592
-16.876386794462157
-10.876492175795178
-5.297863098419606
-1.4107063277267287
-4.032101452647719
5.9603064640058925
11.972284723810422
0.828758498180953
-13.83681961700685
-15.089396282315244
-6.838336545419615
8.071345111596123
-3.692365628665133
-0.685683670529059
9.302990128065684
-15.831011592456878
0.626679766226875
0.19001844244812816
12.5035672922195
-3.9986882854676544
17.515602083629126
12.928017572782629
-11.272472072246273
-18.912158992597284
19.23794116527256
-8.91798605949408
-5.192220377520664
-14.628829701734102
1.805848366450256
-10.49073086387395
-11.274915223661349
-10.434335941335506
12.005842075292989
6.71080031342143
-2.6084248850016607
-12.225753446189799
1.3384192439818001
2.776530688414539
2.7852944419806676
-4.0172746706248255
0.5499605997894079
15.875287541446838
-0.8917756286006231
6.845156314816499
16.096523964187085
16.79775618955685
-12.991713409192593
-2.8023686349107955
4.795183011039551
-17.072023275193658
4.271202447336179
-1.256715526988998
-4.3465210324295
0.5478664340655897
0.4179036259589779
9.532965462043368
-5.11632678603795
-9.56980559996207
18.06433724560498
-17.568665147629478
11.865557741698218
7.769002311768752
8.303728163746914
18.205327186791507
15.678891926399594
9.533309466872389
-0.7380395245520788
8.215399472018493
15.539899327924289
-0.5249620031755562
-12.055600129610085
-8.165745795947977
10.739360102565595
-19.141938967454305
-3.3484097565900512
-19.941257082229917
9.99359049040698
-3.716295399925592
-6.275030243064869
13.341067152876981
17.695875965976015
11.48212728412025
-0.95098212175985
17.24573053258333
7.628494865259491
-12.54973031635842
5.697187135623295
-4.569911129129217
-0.3014719459494195
0.8987430524164424
-14.93730868323735
9.480999800844309
-14.63473667325645
-8.703902963488424
-4.65111778847497
7.894773444812305
4.37944557212986
7.723644634405581
-6.963082271516946
-18.843821419378873
16.764997690210436
-17.617813797146418
5.619712604410605
-3.491496412576428
5.7238436178534755
-12.636835539538147
-10.047097042475169
-7.616636641583652
6.797801625616984
16.215990705745284
1.298331113688647
7.377434791264584
17.215413040915053
2.731388837011014
15.500394292279928
10.153888126308527
8.591565164240773
-4.691322936860685
4.943791768041223
-19.13659768237444
0.4699868835541601
2.5161263793207596
-14.685954332781046
13.271939086936271
18.853182913856713
9.411849864961642
-8.603971316735489
-1.3018676420891673
17.467357068574806
-19.142703980649614
4.405765380610408
6.9685222382532395
14.475533350699465
-11.975942965381087
1.8465784139115193
-17.732557234798854
14.470364050302798
10.048421738530852
-11.268651284181402
-10.154366899819308
-13.788702717513335
-5.014343317980687
-12.461572499888254
-12.114935316033355
9.800601614224888
-12.658584850330318
12.559259142228015
-1.2314067875929346
18.538380571777545
2.8200009281385796
8.69582357346562
-4.061323211433706
-4.659084191995486
-2.278248217469386
-0.3043026839948091
8.245065269211153
-0.7043804195973955
-17.811777284879646
-1.2728427683212438
6.418463092394187
-9.162808047369433
-7.553719885091192
18.1585788413191
1.857401252602223
-12.220824922709713
-17.50407403770598
-11.577282116819937
-17.52245432328111
-1.3532445534603
0.9044630022738822
17.631848285328417
9.69780803993472
19.17759977583365
-13.633849442165227
-1.85825899607579
-14.04386778778138
-8.62603783262541
13.089590853702575
-11.696798983176864
-3.2957611412413286
-10.475285072168209
17.972086373721147
9.025680836269345
-19.70513035502137
-5.075472569545077
18.629458087367325
17.55687934121518
-17.474259904888193
-7.211148007885546
11.299173127010587
3.1356502722166546
-6.731972622934816
5.7593012331979985
4.652430625918068
19.877146530116555
10.67029867539165
-0.9862254796528838
-12.049092635316892
17.646922845181436
6.009721058695053
17.65878182213362
-9.387478843630044
-6.861260820408219
-12.25988602364222
-1.8091894419026815
-1.7055721471427354
-5.445474671441556
-16.593012946768653
8.63895537821022
0.8313932023813528
4.393730690754772
-0.2879786231818038
-6.262276352154984
-6.666880204868653
-17.835163769755265
6.632184532982034
12.181265055631727
17.973305166655706
17.429179655466257
-8.281802708159782
-13.603226942823836
-14.712613715314982
-5.698327181348116
-12.409934217771351
13.181914532277148
1.2631149158266624
-19.67454463779683
-8.774612119524118
-2.2255350825485785
-17.493351513963734
-1.3748260189643702
-11.842020344066771
5.927181254614574
17.592681701564395
-17.349514532745886
-12.91591304945333
14.04366372730815
13.498265190402982
-12.995196186389265
8.158676526251686
17.469830269479345
-19.158554517028765
19.009085806441817
-0.6219662368849832
7.517830391788362
17.145216052974448
-13.139001171532323
-17.965717828472645
13.389886151720368
-11.89442335323104
-19.00435855628332
-8.050115262213481
5.508937788164605
4.375504728173514
11.458666827429234
18.99417140664012
9.237199910518278
-3.5896953664623084
-17.762030003194234
2.6638439746169738
5.1164950765976585
5.589714127087653
-7.150911602030554
-12.670603276515632
-5.380665294504423
-19.68788193189198
18.50452344041385
17.5525422211945
3.8300697904603638
-15.98768382563689
-9.495523825559872
16.51807162647492
12.793802486286125
14.879629517329683
13.100357719914072
-19.579454807914935
-0.5436455153815309
17.514781815185323
-12.773912781063421
15.780295091674162
12.47890469965261
1.3875274130144746
-14.129851053901428
-18.80772821170268
1.0114852321373107
-19.944336529538266
11.181145699614046
1.0415177383172463
-10.918379830753562
-8.278302291568895
6.047042619966135
-17.184037830666654
17.06132705140675
-8.559618602588737
-10.412399262418027
-6.423914251789981
-16.599447278510134
-3.372290155665585
-18.348372692846937
-16.772843152336087
2.5925874282795114
-10.18172117519985
19.230683025439625
-13.054048833042028
-9.421551601568773
19.313339725188428
-0.5918200187482938
6.468854079097078
-5.792638550600913
3.417923151510905
-3.719887117009563
-8.461296296052904
-2.496763425321955
14.099893376067897
8.258235285122716
-3.2291143911965783
-3.259204197746378
9.811977287677177
-0.8652074572852406
19.903454438179786
-18.405773133495494
-6.643151989529441
-13.83939543629793
7.707147090609698
0.549714455001574
-16.533643156705388
-9.333300641178486
-10.877612717031745
-15.580589641143202
-10.942332379243025
17.113101307160278
-7.898065992737614
16.849485183812334
3.9690627070360094
17.254495048129954
1.0742950015176262
-13.903237548521595
-1.5690767901530833
9.974037670740458
6.9727108128450865
-19.872740201536313
12.020477631717682
8.094574233618449
7.832576843402496
-16.58404289288005
13.88320283698716
-2.0340240183902623
8.572994570477988
4.089910073387344
0.7013275537939236
11.21611294435833
3.3447264442141247
16.22168437949619
-12.889339167160792
13.658669116011033
-11.27466183822305
-3.8816635253849228
11.435243762836315
-2.172227452824206
19.315019845684972
8.078099954745788
-13.848074179848457
1.4936077124726097
-6.753347364339515
-7.215384035797161
13.504796697698694
15.52438830500791
2.5223755826034306
11.779357156351313
-18.044223810504004
7.491686591193776
-8.543628157360153
-18.817065694656275
8.302716430886964
-16.210586037330973
6.770826071382725
14.34563374811723
1.0767398541561413
3.955765687760149
-11.189459630650575
0.786815611079664
-1.100785602428445
-12.214830792242335
-13.479019680635314
-12.91635837918983
-16.84392279165661
-4.305672052610362
-5.234014765195969
-4.907761801575422
-1.737778979969459
-18.436338072257644
0.7175111220223407
2.9572161811748963
16.473936240133554
5.456580776456391
-9.242553201316985
-0.42481573694349706
10.573166297069335
-10.024285877468241
-4.565565595580633
11.846237637241419
-19.731825676811624
-17.460920287656595
-1.0846888779268156
-14.50329966011414
8.036936189470104
13.775079572257113
19.976906972613527
12.56360966746358
14.707545312482914
-2.3477933085813874
-12.81294840331277
13.187700523799009
-1.3940777334814385
-18.22998920005257
-15.37454530480652
-8.057899276767898
-1.9329679958730672
-7.944205990293964
-12.854012329360685
-4.496836626978787
5.824925753210838
8.0498553028523
13.847244301674955
1.7252651671500239
-7.536537493109146
-3.4533656702065407
-10.741708821928455
13.88459780230508
-1.8908022208239252
-1.189475814422142
-5.655109221806844
-10.081221300198715
-17.151981804738202
10.464084485790181
2.8181562758698284
18.174693400741248
8.505636080884095
-12.757764115831147
9.72652772308134
-10.29672217336251
-9.059541901941559
0.9693467930761983
2.7384867205952332
15.023673104387889
-2.5492489547843
-12.49882554655262
8.183791088951395
-7.5304621371602956
4.228299631657823
-15.347805632426855
6.4032513410436
-2.080553679606936
-0.2441400069078412
2.118735139394417
11.393018499051664
-14.097829103267344
-7.113215135965749
4.973657564462442
12.97861201741653
-15.16227173127013
-7.584275748357342
3.571565574074043
16.191828821701193
3.457786648553313
17.1397903584339
-1.7687334765891478
-9.623602686127054
-5.6281361148693385
-5.283629739169346
-15.756051278196379
5.240885178509803
-13.41806040149567
-5.891269348942654
2.44900986633267
2.3221617978525657
18.112117510511375
8.175599027906042
14.570002484525368
13.762182116958797
-0.16441962236794083
7.487910991045112
-19.73526171522785
2.4738195853987435
-7.718308838605449
-2.2670523488642367
-3.1897074279687914
-6.527993990984552
4.11328470432381
-10.459142371640905
-0.17586713094421214
-6.960793401719542
-0.18687909676100034
18.08824512118948
-15.023613370676037
-2.5359593418583373
-3.4832212115160317
-0.5651317794854904
4.89571967399457
7.915989811994869
-17.012277754441794
0.9633562880654445
19.487629495774485
-19.14042096035585
16.55171709981645
-7.066254157098438
-19.628886262614046
11.186096113304554
5.428228154231654
-11.250592683069405
-5.195995576992711
7.905310058399095
9.927328415796591
7.9561381477597095
19.231570787235455
-7.265927965685535
-15.441362693467905
2.33452760603976
16.081280107448606
8.437727662142148
-10.315707880026924
16.456837064475714
15.246729636133978
9.715768304084786
-8.817029053087833
-18.609835903551858
14.27600647093579
18.00266123164335
18.07353273534379
-5.807599935398095
15.996797510464127
16.800030566906543
4.006504814436877
-9.099515002269252
-19.335684192810355
-15.381944034445567
10.277991382824347
-19.812807901330824
18.687958936381655
14.48000193071492
-0.9549745710981306
16.61728565157837
19.464015943950905
-14.719862437160334
-1.509168337658771
17.19644093757482
-10.365137341342399
-8.096894734723627
-2.483439024052796
-10.222507233367693
-4.931329317347949
-6.349694107374075
1.651987285243802
10.203963479625408
-19.77205190844231
11.027819985209035
-11.028709283820923
11.20444843475465
-19.467648855662397
-7.066864148509527
-16.342304863818256
-13.702271881168176
-18.08990330046399
-4.734836953188033
9.678613763865584
-19.624006178607694
-8.312146349419764
4.633911948458298
16.101900685967713
-19.33402621775111
-15.495341393820254
12.436776780647719
-19.08380165786482
-11.61471123934733
17.61464216267298
-11.016746654618332
-12.051591543264344
-12.78794451018802
0.24651855763571007
6.6317681399431585
-3.9947632384260032
4.871679462026421
19.12956644375076
8.536110927334484
-6.993323018824684
5.322456691906549
-16.904886394629663
10.129453058250114
-12.074686918055626
-17.886890829167005
-6.565414909049409
-14.378351064791296
-8.480659117680705
9.66305512704131
5.965194496716148
14.934426245588838
-11.145936904845035
-17.09262870628155
3.9289509522984147
-11.610430447853517
-15.956672737558137
13.588594352919465
-4.209442385207263
5.665982995272856
2.484721401449214
-3.0254396547606497
-6.769116207597175
4.744040062501099
10.882514117501344
15.901778987382158
9.051497017322262
-1.500821711614016
9.142765734750608
-4.615054778074352
10.743995431209008
-11.502335497731583
12.688004907235957
17.59548051955239
-12.171758327902662
-2.865169290658798
14.72576978115972
-2.419951048603494
0.11875870421211232
-18.67057124940162
17.214424597144685
6.933092190417327
6.7380509113743585
-5.4517116868802376
15.78976001932643
0.2360984830005819
-0.9704533650519842
8.528020721017391
17.01399350021847
-9.861344395350983
4.97986983739473
9.488448322382776
-0.6877341745637153
-2.5268183567422895
-19.302357985451593
12.475782374020653
-17.490483531561402
17.319853464726357
17.968884249134227
5.4252851632724415
8.251794768759254
-6.0729856599007945
-16.704523141589895
-8.513903675484421
6.580393100830197
-13.252749479091772
5.779497142099508
16.002722961394838
-16.149786293369253
-7.7056151045876256
-12.717654263848575
2.5157606458779433
13.98144326192245
-12.655851309374363
-9.050919636076769
-7.49076031578721
0.17268278209557764
-16.427909233208894
-17.186767302111193
6.2860936868273924
-19.254576492117742
15.35503926626808
-13.958188668045937
-12.462000275383215
-11.861408906804627
-19.27176951581945
-14.430045768115622
11.61181351970842
8.160084771406758
18.467855938840444
-19.725793035477825
-12.953979152918675
-4.128063731846403
-17.322222686082533
-2.235926538339939
-15.279716792736036
-11.122785942536591
19.171479425554374
-7.129664217398076
0.16741437478563626
-4.8271555875095515
-8.817890523691126
1.354580435436283
-15.306758308698928
7.053862384467365
3.5426234423988916
-18.79348604065749
3.9871161962072534
-8.657906039246225
14.687324505343739
11.356463925786471
-12.03120479555151
0.6644362440324443
-0.9332356876686454
14.02152470915204
4.786924513314585
-9.982197143132021
19.66661155424127
-10.19226627098423
-18.138941356779156
9.69869593225112
-19.610799943752546
14.63296681715044
-4.941172222347969
13.798262311471241
-1.4101193644199874
0.45374929130006336
-15.823179465582138
-7.054422915639403
-5.8014232447000715
16.85081716304606
16.99208500554355
11.526808471408764
0.06638606715468853
5.585219347788161
15.849007155988836
-18.824769435087664
10.05540217547708
-15.729976036639215
15.7248952458488
11.216861178607381
-18.20897811395351
6.9945710435059
-16.138398678915166
0.855918710774425
-4.208440862678939
16.214556947160887
18.54598971871261
19.64118226902977
-4.997165111704831
-15.580941206855009
-18.35408198647945
10.497475239391136
5.009366149464107
2.347035992418874
-17.93082651786964
18.52710758447452
2.588713913733688
13.218323165338752
13.624050742402048
-5.689997218570401
15.7857281457824
-5.770569848229945
19.40035022934439
-12.481047993253092
11.931952330156594
-6.141147921359238
5.533430868511697
18.378544384394083
19.408044680543014
7.609753070054111
-14.981089394779868
-0.7607888490350803
-5.396394936356357
-9.779926876945538
5.606817630393856
19.03694841286145
5.987910567181128
-17.617438981470617
-19.71889746255981
-16.039706721408045
15.311281706775802
-6.033934634764947
0.008331623486057538
-17.88544553809048
-5.508548198940733
6.98789447469434
4.549839735008344
-11.581925014928004
6.2719979677992725
11.795397440652682
2.4987636924035463
6.2569841677274916
-5.584835232829178
-4.498863907416899
-2.996541296197961
-3.490462844569823
-14.228809835096605
3.617724971027503
3.049701374040975
2.215577265099064
4.143237154914257
0.33105816478594363
19.169478508883124
11.396429904603021
17.36619009952544
14.04087140426546
-0.4746764777685897
-0.5868282234415005
0.6506389536472241
17.30371574027391
10.669523477396233
9.908422137873181
-11.883447544590409
17.570676243429375
19.969709645857428
-4.259976288036732
12.957284830454057
0.495539864999607
7.214468736521624
-12.328712407853896
4.380266617775735
-17.0108864155037
-17.90997674400912
5.443728681968402
-18.092876314422032
11.547429625967741
18.87930867515678
-17.85886601922657
10.399517911146976
-16.906907850034216
5.9381552171806185
-13.031974282490886
19.16580183547091
3.3495796630089387
5.33237446770217
17.25939134933506
7.9588643660067575
-17.891238291225726
-2.9916687177309598
-7.995175332312359
10.342491019169554
-3.397873681050328
3.923994215390927
18.1879552816861
17.15868052536169
-10.629485555500047
4.773679751371468
19.69028609377404
12.359971878949665
-18.170514256613025
-14.632841560440927
-5.965583411504479
-9.705883485217385
19.773773076759063
-6.260725220398209
2.6092730929108967
16.136004138765408
8.160793837155758
1.9019451642790628
-9.96784326917885
-17.067596209419843
6.838982290429463
6.680892945634508
4.6896751746152745
1.4768989918483122
-11.398170408765726
18.491332382335095
5.447610235368472
-18.19084911692887
17.534879552762284
17.155648377418913
-17.46608748742699
6.809017510714568
0.3070925368220685
-17.359111428039817
5.637018851434998
10.029316945345556
14.331682758574104
-15.355112694738594
-15.335472336217148
7.391969252922792
-19.706740992040398
6.011973108368501
18.260880978349306
-7.532743617724854
-19.06299538490657
12.741766409087255
18.00075263952874
2.1429307185925417
-13.7952059734824
-2.4565021060150727
17.85629959763105
-10.28779146806039
16.027636803319425
5.345477490529351
-0.2207244443634977
10.689871880855335
7.5571441292319435
6.810987505491251
6.653642208126072
4.441737775502546
-3.730871566762911
-6.011233836416547
-15.179020811566089
4.128027195126585
15.47312075317327
-7.889468231406248
8.582662111538188
-17.110976373201183
-8.54183049114142
3.434307796121516
-4.054376510821456
3.243106027081698
-18.062900552123335
-18.08082811571054
-10.009257954962942
11.3128495332232
-11.620663472846768
-5.431483964577467
-11.023767170898576
11.495124451290792
3.636717029162952
-16.125527735438304
6.668723420828208
-15.496688411302362
-2.170784802115648
-11.033721042232361
10.96936134168218
-15.850241975197221
-19.91073015834465
-15.389965803717098
-14.392866554453597
-2.1789548925436506
4.417086309099155
-8.693255437347286
-0.9815586189009515
7.168499708698079
-7.204776755474672
19.251246479245225
-17.683891289579666
17.147966683360316
17.96510322890999
6.136057349915905
-0.05420181056381068
10.354893810484747
-16.380376563417776
4.066516385777689
-3.6576167368132495
19.911698871133254
16.873025830657802
-3.030630253098323
-0.1525416093952785
-14.088231387346157
-15.30875018480998
-16.60594195569033
-4.745245037041833
-6.252932209905499
-15.18604926054254
8.82150460502963
8.295961887775803
-4.59115047226172
-3.7833464943430073
0.6640901172717051
-8.177951045390124
4.671513052012767
-3.999224384550498
-0.8963437790255604
-15.047272757280457
18.321753248460503
17.554014634997827
13.028180511914336
18.938179963867235
12.464683470379846
2.436597801518449
-10.837369728933872
-14.544441369184371
-1.5057376137276677
2.9843085926721358
-9.410820145539658
-2.0196164141438864
-11.853104590355867
-19.985290809376323
16.11351143727441
-12.13269034878306
-10.449799956616769
-19.278415331790328
-15.148863582832854
14.881670987872141
9.912601162934337
-17.94426864320812
-3.3885952400742454
19.89985023654966
8.914188101397443
19.31563391354034
-19.297717593057957
-14.807311521154718
11.476607585803904
19.677338416784266
17.240259721763337
-17.747371176848553
-4.213597516212047
17.562734374793514
-12.269299125907889
5.183054229450153
5.368945728683229
8.919802981626614
14.80789215403172
-14.954214085906422
-3.1786065181329057
14.504870066843921
-2.700261829609257
-10.073593869991946
-12.564137609698838
-2.8701818662346668
-7.606866427255499
-18.19875550018819
-1.8523921307503421
-0.30130957821505433
9.157373597963119
-2.43316158749888
14.35173531894052
-5.117698247692996
10.093865126531114
4.16347070617277
16.190269428786657
3.6070933635646014
-15.64073224120811
-7.937740711903167
15.073344158385325
-2.844560934710021
15.319824076386311
-7.118423222326275
6.0241429685187775
15.758011061492645
-13.26313099723253
3.7210440860677743
10.399111890424699
18.244850049578233
-5.5622223357333045
-3.367658388471689
-16.8316361451117
11.90853731981122
5.039307076142485
-1.3966890865146517
17.76708443190013
9.196505361951818
-18.947245292241202
4.338245947211078
8.696289716124326
0.5473495287289438
13.56348524680731
14.691069852646606
-7.597897497604711
7.328769374783771
-5.1239701545139305
-8.289924257902195
13.82429547326798
-17.62084016168189
-2.0789175678621064
-13.714727682760897
11.296826829071783
10.395554336314781
2.761757967654649
6.82641207550072
14.03949233116154
8.805460280400105
8.868900795894419
-19.79133393454618
-16.79387329534865
-3.0206464455356468
-19.045201358952166
17.626245211209955
-4.502256047929819
9.971741071650708
-9.90675313591944
-4.38613019581171
-3.2540221533913893
-19.73745502635852
-12.403438949490884
-8.81514545184709
-9.183521434311178
-1.7918632954117655
8.241136259289984
-10.17763136040639
12.273778304766111
11.365785332703059
8.190768484734932
-15.55996283513367
3.335122325525166
13.399917131701756
13.377212023716773
-2.962694850725182
-8.685602576370117
-14.761335506182354
12.334451572330948
-5.131887525205702
-17.941091700028544
-0.5673010508377097
-6.66898913573716
5.486786381881753
0.20910479290862227
14.689848350091474
-14.409106432711551
-5.5027950776406485
12.448675775976831
-3.0825378782293384
19.8961337557408
14.111275485007333
-6.16109783113933
-10.924873686221144
15.219151375429675
-17.01296850477741
0.6065826398058292
-5.377077000763254
5.121939145154506
7.97585245448094
-0.5294934862026537
18.050486970875838
-14.187202069961762
18.969093952406503
3.6358792033053717
7.310299459316457
-16.515230585204538
-1.7835962093687776
15.285809638766885
2.1003523118764775
4.48782830045074
-17.397522819579187
-4.653821083395343
2.2310775490709105
0.8926040149285868
-10.086245370032266
-5.103345836860488
-12.18728349504881
7.086707786936664
13.735876520096
1.755942933911232
14.805585050179019
7.296309593796963
0.9651670230742724
8.946624980512944
-17.503978864325134
-17.15674300231601
-3.2071388198913766
3.0111118821793426
7.664833662622698
17.97855305416723
6.323170123779811
-18.54839497294648
19.222287892035283
-6.669682688028624
9.773647210090623
-4.760313794828438
-17.99195631654731
-5.047588104010693
-7.718583794630142
4.026506782834154
0.48317112147485375
11.366251799764868
5.091024113844501
-6.267585907771096
15.501198484103249
8.291454422797209
-12.1530188246625
-12.983451815442443
12.172030095926303
4.247704931828412
-17.978063393367115
12.123008969113116
-18.658437204881825
10.067626336656748
3.770565041733505
-11.490422090200362
-11.706400464986512
-19.23669483161877
-14.558985078124763
-16.050191430940078
-1.6809015788422563
14.49053285718702
-16.169846944530974
-1.587087874265329
-18.50434075304495
18.726602858590383
15.072454829704895
-17.015026294888234
13.530637055608985
-8.629832880343562
-15.259247984019112
-9.684541843665508
12.150013666192578
-18.933371374498208
11.784959402183244
7.164254940770785
15.57737677514777
10.3915014905336
14.549121548836375
2.722122771783301
13.497208018169601
-6.796510537773743
-10.454234694750802
14.909599131042313
14.776467742063232
13.135655235503933
19.90195598093503
-19.179675838472
4.766824344814715
-12.269441274840345
-4.522098412177137
11.572031621018848
-15.732504695713514
-15.15802235474422
7.962159878015001
-15.100634173245421
-2.728322748516181
16.911252211200406
13.879363662597783
-13.141102982800481
1.2582215818456532
14.634842664649469
-12.717275198958106
6.083584202697704
1.5795095144035187
-6.983746272393741
7.675756257303643
14.24045163038899
-8.894655789376248
-3.2195920932223956
17.691965484753297
17.741196481962277
19.30239531105665
3.043115030543877
12.001228627613074
15.11077376359765
-12.466955969851718
-12.132759642082714
-19.641321692222785
9.969603817839975
-1.298750034772695
-5.029296465663947
17.259964497836428
0.5032705124397516
6.244013468515668
-3.118596543284589
-16.294634848187258
1.6181942662443376
1.030884625029973
8.780307677000643
15.233319846197091
-18.99379766313143
-12.140579005814583
-3.6811985532954914
-17.2323370988259
2.287281358996193
-16.06903660248482
7.8682475728229235
4.764601294039018
19.831335124217688
-10.522625885708337
19.307022394783615
5.911885534933003
4.096549250536402
15.927489867330266
-5.223651230186629
7.110648098439928
8.650065520425567
9.337946759078442
-3.3384027842901816
7.89843577473501
-5.121794054995599
0.7685392059608063
12.85010973006279
19.877488368026334
1.8235565660102893
9.187281016321371
-11.858219970559528
-15.633548264708779
4.744019448934111
10.994958360239195
3.2156152895702164
17.993128562293307
-16.816301095150102
-0.4096635984469543
4.503453086800935
-17.41313843523948
-18.582719762650154
-7.942295940131796
-10.271131597318025
-0.8394500197192976
10.588308130419964
-17.512855576410658
-9.455637892441446
15.130010464765647
2.151784109639795
11.131735859400386
17.062741468671454
12.910675292656556
-2.079634186741032
-15.693971261719962
-3.939587284773772
-14.294991873983722
9.25304064920411
-1.866714784497674
-2.33696177450647
-9.985252666885183
7.108372700475918
5.947481812421888
11.44018790270026
-12.055471475877898
-11.373801111958057
3.9817336925174907
19.99077946148043
-2.9623330833287937
15.455649822225126
9.990895612953725
8.743219689192454
3.885485639851712
13.691120550245273
-4.566660692609354
-9.35643307786501
8.287736041380576
7.757183211730986
-12.283240362145577
8.948668394935758
-7.2449161802604465
-6.688557006394081
17.178013480587197
-16.090554437430743
-5.631191233741069
-4.07699498963388
-10.248998765618138
-2.663921079929956
-18.59565138497755
3.458873954008453
-8.331831386011483
-7.565623871692889
-17.382991075873775
-0.010103365119071839
14.392977330221434
-6.048951159446236
4.522762816721418
-18.179857575220765
14.993936959948265
18.29949902507517
7.025875286393731
4.304064132307168
14.699450419281554
16.95044432691236
12.930045050041045
-17.251249577139554
17.16913862628237
14.753474178503858
-14.596589800819494
-2.167249899377648
5.812185321753095
8.792341314356932
14.382403485161376
-3.6579859833752373
-9.09098045563657
-0.7071836323317342
-5.8040817441120485
-8.848230845282155
-5.895977047821074
9.252830541333882
-17.0401298781494
-18.792117294759308
-7.800019380106416
-6.647573450846128
13.830054845683918
-16.188606389399432
0.7021112083965377
0.6440615936321237
-0.48219724273580056
-8.548550152332277
-14.781381744034645
-15.879222575955009
-12.597761927499738
-18.11114062469478
3.490594236379426
0.9215418984141976
2.8123578388037593
2.8854403006443192
6.40068367603898
13.693458879373793
-9.786550405715815
-3.8010759271359795
5.689877152060696
-10.805637617972149
-7.573355701915677
-7.030594876671778
-6.779457835807833
6.490876008154721
-11.901997057864314
-17.74743611707315
-6.101670861144077
7.438752141715273
15.872997684890656
4.276279967546142
-6.746512847037508
-12.752890986504063
-1.9349715969244166
19.79901996963543
14.262194286610722
10.341271329064142
1.5297177440572938
-15.547126582165474
10.37094713935494
-0.48574857732134546
-19.275254148021293
-10.241919878845271
-10.545881614231213
-19.767281579959302
15.140370486696064
8.072220595013519
-17.90328995115832
19.992040131139603
-8.191117642343162
10.557446205021378
8.26508115006272
10.430747035538907
-11.235682243412164
16.679712981556733
-10.110513496598106
13.787012411032421
-12.615379648391478
-14.327319363087012
-2.214306546143753
-11.038311015998787
-13.971613575671554
19.37181513925306
14.513599901392368
-7.41645438547938
7.0155928164787085
-5.877783712368876
6.206132553263647
11.722452880093634
14.224535608675367
-3.1612801144246134
-19.686214844542818
-15.376651845926519
-11.973108178070738
-5.931551631628489
-6.941859695965306
-4.906883007173777
1.758737469826123
3.918431879678039
1.8048997056670615
-1.4198792828508964
0.7318512315335148
13.392987490771773
15.400783247445247
5.936684226611323
14.226323410347362
-14.192793969359743
-13.862785745715529
-15.825843237511137
1.515911304460559
-6.087718441232841
-11.115924011015284
-2.71448401889176
-14.499139511704154
-3.0102861296035
0.5788075895194176
13.0990845484013
15.233082010366083
-19.605988073715356
17.70671977546676
19.26329333153835
15.817038619679153
-16.635573097215502
-7.186379127012273
6.403610148964415
-9.488073787560488
15.069174683712149
14.656101275054326
-0.96919218564895
0.3395843757972159
-11.767776177905596
15.747563534112594
8.32085794918019
-12.770816651881862
-9.254892879218621
12.90131078577864
2.777102073320691
-2.1230421794421552
4.572433181014407
6.53441307722747
-9.444213481228445
-11.04981092962181
-4.002379117372094
-9.674355515815973
-7.869284874317399
-8.432647228248555
-19.308660215027928
-6.924501671654832
10.123763352432604
0.2428341940693386
17.274350144723122
-11.485107875297027
4.688504472507383
-4.2502864925118455
-10.78382769787881
14.410380124104726
-16.967130916193184
-13.150763450719754
1.3488071165460802
-8.065643921442916
2.8656871404149378
-15.704653611758378
-5.859720982217516
1.801985104511246
-17.814157547789854
5.4406710109424985
-6.1153261115979305
-10.063907574164507
13.108022407612118
-10.240725478011958
1.881438008235449
1.8139580212769744
-2.5776958545608686
-9.45649767190384
10.551686508654726
-10.30006096132771
0.5007412750823228
-19.64115188971579
3.5878301138793773
-6.670953719226516
4.753161617744311
-2.7242906113308543
7.113279728758815
14.536442448276183
11.866739125438983
16.34091902532657
14.34835611480787
0.07948308418026784
-3.055926551735496
-18.378452432363616
-7.985258266130234
-8.800232472426423
-2.0037637033159363
-12.989711586215673
0.004002760804556971
-16.23863187631269
-10.615972608372317
-18.712230324326224
0.7199267067592672
-19.280629819550153
6.629285184719592
-7.590642884804698
-16.63560549139493
-17.70103877710879
5.032965737735871
-12.57469619666757
13.027110626601747
5.59714625973308
-7.332533669798025
-2.5978389595588993
-12.870743241145037
5.383938241819827
10.252022291619156
5.888370118733089
-10.135521813121988
-6.092814940579618
10.356654845291729
15.998867210563425
0.49882254402843884
12.958807311746725
-2.7899871887360277
7.941090848038783
2.279893082855846
12.461356661305146
13.606973556902766
9.73703782917088
8.305960511471163
-11.976824437294447
-2.9610433793715245
12.24154650669798
-6.5081854252935045
-8.166800479773467
-16.099143207127142
-11.072328519076526
-6.576876571383469
-15.355966717425833
16.122628436480667
-19.44975542168338
14.371623227567994
0.02130643615710781
13.920342885081055
15.050543920821482
1.678923073532669
2.993611387103453
16.6995778791227
4.714437676258477
-3.8470942829734014
9.333056952773067
17.543882840491207
-8.841728851833448
-5.141686651105783
-3.7772613439459874
-13.467890354012138
-14.913161749101986
2.9230213421346782
-19.411140040941536
-18.60733412858146
-8.528976302914387
14.142725766961917
-0.8660913518647035
8.419227306780414
10.096930554885418
-15.259902948824235
10.03555499357315
18.485450975518617
-9.405758702535616
17.359861849788658
13.525210363732505
-9.54752963468052
14.55679626218729
8.41452386010858
3.710232193299344
-19.878488304587982
1.4354510003311027
-12.550077158777263
7.990626523856964
-17.141666249319986
-7.728706900237379
-11.079319580385206
11.294524003926266
-10.86422908106516
14.141710866126559
12.283168169332825
4.737994246429032
-15.695833528338872
-17.386762341962488
5.190227510694363
14.49325729320276
-10.894176867763754
-18.30870947540187
-1.084597767317284
2.3327960784808752
-11.720562303104165
-4.700995868890537
-8.096418432558231
12.918699984872923
6.4885351089697885
-3.0550719623106843
18.993926774364816
11.23260467763906
-5.3279070551267935
-15.124928858687895
11.842398585977193
-13.617839893933855
-18.10218716023559
10.811296105197272
6.320330520220235
1.8405321283511284
-1.9325579336264518
4.041847518403912
-18.478282358444993
-9.968118927903626
-12.214367784993541
9.323001825436176
12.97744911119063
3.427900108865664
10.118311294058891
-13.604771688530892
-6.0877471137829495
2.5837891528227814
-10.035755900290052
-6.275413803118841
-6.5868237295821785
7.93734369756212
6.550190727097515
17.623142782759103
-6.524504238868465
-11.818648694147921
-5.4132529169091725
0.8921645292854699
-6.109843604947983
16.96560078714579
19.1076695462054
-18.255967813104817
7.788610374820443
2.6002967816315667
13.244215657748427
-11.254447035042624
14.224137166708644
-15.838368695274001
-8.65361970666758
-18.262822847233224
13.054675892607136
11.650984529255048
15.34562231349986
-6.978661300953606
14.772533898247403
19.87179402218606
17.226050206499096
-18.26836907281772
-12.945898062490283
-1.3195189704003383
8.073541690333922
-19.376830944851783
12.195215653671795
-15.507429064460387
18.213363020197207
13.920969837832054
15.057131525006966
19.02427583678375
9.411221953473344
14.023675837089357
-3.0870554685669696
-18.483430442979447
12.377950987108918
13.889163218683713
8.845088821755112
16.803073635940038
6.165540880244301
2.6259132473877074
-3.9303649113993266
10.12307750328917
-11.082297244559678
-19.019532335708803
6.852604205028484
0.1533628169017156
9.421973974843915
-2.5041020098905697
12.201438818120167
-12.744461372578954
-10.146173421923134
-4.976390686375932
9.322885242264334
-13.459382422540575
-8.815006935655942
-4.896882193083618
5.15742766270419
4.055975939394777
-7.276788242649221
-1.3956068279762235
18.837443792915437
5.887065434424628
-4.710468554031543
13.994708957290811
5.887744151951573
-5.764130205619956
-1.5341796529713356
9.363660481886804
11.329119679821723
-18.89699323356943
-19.89432242658365
-0.131742982778718
-5.688218036043903
-4.399059502059565
17.550575385156023
5.1969683051244395
-17.795881524988978
-8.24532818625968
-4.710608266624243
15.005950796075894
-0.10768704295040621
0.009956534348777524
-9.519293068874184
16.478521796070453
-13.480912461543856
16.43693012843248
11.678017721084647
11.334842925036853
-2.545052708045649
-16.674110695778328
-13.673873614132814
-7.839185308697289
14.94096566072659
15.483488484715608
-6.078462064709221
17.00024533026663
-11.385392647183142
-4.26319612858935
15.839977790823959
19.70071345413838
-11.72080826963754
4.584291299096698
-12.232381726264032
-12.146874255808626
17.422495251075496
8.073398855234966
-0.6539031588408619
4.70833682736782
2.5670961273518067
-19.240981897717123
10.150268577844123
2.166137695271658
9.116285884100716
-19.41993763254262
-2.0246536373430466
-15.038810782787335
-5.039519557813836
18.340791492029616
7.85591447388931
-0.854350878077625
-7.527320688689173
-16.377997286701333
-4.01297653835659
0.28117987811153
-17.001223145741733
0.025810029615630725
-7.109726316626247
1.6291544363674184
11.708266808200687
-14.309107981415776
13.245451141341867
4.319637799946037
6.1040072945444805
-5.193078949608424
11.17030719126554
18.849272013788394
13.04064437639095
6.344252946254066
-8.722017346265186
-5.971132490479745
8.328968640626169
-16.571931339998823
-16.94366485779483
-12.335164923963134
-8.156522484800718
-4.675833585013724
-10.475699601304758
19.878375656872073
10.687375986244682
19.19158273269875
11.99035531036565
16.84760430355763
5.987095396058265
5.167834177765016
-16.99075548129374
-8.125597024248354
-3.4807315446124107
19.005575175213018
1.0423248183940785
18.82771566687117
0.7029650810548738
-9.295112841654944
13.235109199815504
0.5240238797144805
0.8865350585941911
-5.98635164594365
5.215456113058249
-5.919816875425212
10.324635445348669
11.744293417979861
11.796102127078111
14.927368386926837
13.719543379810581
-13.947213546599663
14.281823202556623
19.526742206781364
-16.526225616454767
1.8126179362592367
13.020454220981243
-15.808288495349721
-11.948144128512602
9.593253692506373
18.91946221044484
-14.257251619852319
16.535637433022245
-7.828008433142326
-9.638500506812257
-12.460299829681398
12.708137660102999
-2.301071116139287
6.989642872840097
-18.437530036485658
-12.700292645325227
1.2618439923531
-18.262704971731104
19.80691071707038
3.7726935476088315
-4.589820565698034
-9.014589423747395
10.040973092911454
17.193081723106367
8.814059846548417
-12.107434932591135
10.907189618535806
8.434539017301507
17.344066433958375
3.0162654737905683
-11.951438092115119
-9.626110683697672
-13.821665968407526
14.463423256113394
1.3661924908971024
3.8338620146573774
0.6364915830976585
-15.245362003234693
10.48847497185153
-15.603380281869757
-8.295544156045818
-10.945565913218832
6.078926632135154
9.47472887213383
-10.38766426077431
6.422552598705341
-8.002907832648688
-6.3021515691049945
-0.08456345848993863
15.145533129257942
11.43519206259436
9.020232755665099
0.6402617312024077
-1.0021231887190822
11.56975230282223
-19.517236311695697
-3.81161143373642
3.8704597695129017
9.252193457448112
-19.539986881921823
4.292722588815025
-14.731103350686677
-14.421376406847163
-5.875014395016173
9.579382886885114
-14.138573997861856
-7.866137133432982
5.836443249345017
7.541609977937153
-12.233820995034623
13.620461731101983
-16.98438437811335
-0.1008567026600744
19.441167072477185
15.390017479299914
15.454096778419945
-7.810893474565255
16.08408804244697
1.7921955505390628
-0.6006527299064288
13.094659869573789
19.637086638138882
-18.881935991891226
15.48349495606275
17.698600173658427
19.684304109005197
2.623184614136722
-2.605632473711978
-4.837791792222088
5.923091266301451
-1.5090440508433787
6.5965011308182895
-15.69522090245913
19.28480294208579
-11.754149208040108
3.745316629323405
-11.613974609671347
0.48668542518431934
-10.560935787195632
-15.690703962957144
-0.7819857209404013
10.146712157586254
12.922415529626335
-1.36238745279989
10.48647127451818
3.5232234003098704
-4.329771841360866
-18.57806012495944
3.0331854177618602
6.582535655243834
17.202160257936384
17.83297206920848
16.911541161792144
-16.368562056715366
-3.425573866318924
7.482041766873969
10.55361486388098
-14.34987066519469
-10.664391644684951
18.624113631796433
15.910878939236277
-18.828218222226262
16.231205506567626
17.97582118696915
0.4233986092152122
-1.9702625491560255
4.796699327748808
3.075000980374938
6.578016166148032
-7.1670592451188995
5.044406522265948
-11.142521944034671
1.9754477553347094
2.325884093899461
-19.17445045926037
-16.697402712723736
-2.6454450605950797
-16.376881152562586
13.278145463679238
-11.473011355191108
-3.8043384205893958
-6.199699507513756
9.661397385675052
14.803184353447762
18.634721160320666
9.929809158452755
-5.0226026275193725
18.74201954120697
3.24759464532805
14.770591583489264
-11.206845596803895
15.654272847347428
12.311017060587012
10.935074594999449
-17.117635968162162
-6.714256357303622
-8.611210643533589
-18.509231325489996
-12.415413614678862
-17.694289506959876
14.909151534323883
0.5913836821197158
16.61473787107731
-8.913902085677684
-16.2557157579586
-0.6381274332464493
12.093608238571804
-3.616755751155196
-19.479943329117283
3.5222485479071572
-13.851360657711759
-19.881383259312187
15.060837552873558
-18.690296849306055
15.65132492068075
-11.397431321095297
0.9636799100557312
-16.29879762356399
3.982886402434424
-2.903433031614682
16.023806062752172
0.5131507413558758
-17.267371239550915
-18.53651650108786
-6.502697464457089
-8.04644603558791
-18.70834371031353
10.016415585503687
-7.274009483050605
-14.202384921651765
12.945955016859244
12.036381284819498
-10.373405054140896
-12.738089583249007
7.294653801017233
-13.359152694469568
-8.602460607861495
-1.3852818944222811
-14.968937949586362
-4.911530764055993
16.227694539171736
-7.947304535920887
-9.780660884135383
9.411666729273453
-19.746259243618624
-17.578269650016622
4.693552514524129
-7.296642576053408
17.163217704921124
-8.273508140222802
7.695461185170167
-1.367362080664158
-13.272455602525351
-15.123544051158312
2.3319857076912243
-10.54260642088311
10.244919504938462
17.507029495933637
-10.328976822807325
-16.294166031674784
11.813580997396429
-6.375860735308731
15.017066632060967
-8.176693140171562
17.294289791033364
10.621260538188864
12.381748958044724
-0.3546675621711799
-18.972015247248613
19.637097865089345
12.573778580672268
17.631224680766408
0.7065236721790136
-4.980074921148368
18.34446854327907
-3.177431732204674
-14.078562022441528
-1.97420077939843
-8.908281822767798
4.347322376311119
-11.464103004546544
-5.955009057416181
-19.105937148685964
-14.314017720996048
-3.9389047912373023
-3.9474805033296647
18.81048055147545
-7.064612651416722
-11.464641604118277
-4.751059138453657
-10.930811534203478
-17.348902206663507
-3.806236803608954
10.021126668799994
-6.549936885090194
17.855674769402732
12.853636984009242
13.841612147920287
8.849877872465921
-7.8154764903796945
-8.924017376535165
-4.527564562720926
6.461635420454655
19.86804460065884
-8.006205299761465
8.910226318323978
-14.3492391385386
-4.595990407008429
8.884083671796503
15.06215220373273
13.329486019958296
15.198829228081621
12.860279397364003
-12.329643563908252
18.455833416401212
18.828661750135836
-3.240958658202512
-18.414818273636545
3.246779748505361
14.602824039014322
17.760035651679495
-8.0266007135817
2.0095932418552565
-15.765888942787324
-10.39606788513121
-6.514655798351772
-6.603292662216521
2.673580719633023
5.066496785409569
-0.14008786633834802
-17.570027625668235
-3.446852281406379
-15.552717213163078
-13.43279706942627
16.5753244358706
12.278664801854063
19.119772356286916
-3.1595271162835985
-9.240832283917957
-12.940916160670891
0.4198372544525206
-4.839203563151088
-14.267184806498827
11.775852226410702
-13.269294036466892
-1.7115304892752938
4.788289274253174
-13.27630957028398
18.30418706200191
-5.732653068866625
-4.935048957587259
-8.982828398206415
11.427432206991956
6.948504928317313
-7.72911658925366
-19.196155147283843
-0.7990184304641623
-18.156961533369476
10.76893978592246
-16.179410104279548
-19.536160622185676
-19.336238753482853
17.144929438883004
-18.177815587629027
19.834529900246018
17.917037325134892
-2.6703841608226497
17.24358579157358
0.9320093453371534
-8.26041357906468
16.70541562033877
14.047895290835505
7.484938290459201
17.891070834979608
16.471779069206384
-4.56924545925197
-7.960994930592209
-5.161844602384132
15.022984900563621
-6.854083200991138
-3.9734238799718895
0.6510348695404318
-8.879605919266229
-19.669996140204567
5.711745335036955
-8.599036646340972
-4.02136070716292
9.725772987318848
9.028522994569883
-17.36665055394028
-9.271911191822158
-3.0292018096287805
1.2811510863389728
-2.039225612462232
8.071524307186081
13.589319052217363
10.149877929327772
-2.2955652363816625
11.063290085128333
1.5300302925586067
-9.079190931743835
6.696404105083545
13.941009112313687
10.10414279447113
-10.757182728139263
-2.4915980798337323
-7.569382258572466
0.9230564502335454
-12.419038478895512
14.133836744043364
8.821554970518545
-0.10570153887513101
-12.860130779036684
14.50174031347946
-11.215144128694504
15.382198802790896
4.44874106162974
-5.30737474826314
-8.806332535660047
6.0350905827709695
-0.752778083729595
-5.078081146448206
18.4017201830192
18.19939630521513
-11.28918712886582
1.3654759855719334
-2.8790262527960735
19.093190555336022
-9.179131141037487
10.003843562062237
16.329460609092315
12.582354257203797
-3.30353728080917
15.895948322930103
-7.569620944811643
-6.932688840442665
6.459923894486547
11.220449431024207
-17.858920544800753
-9.932478234594612
-13.690446744494057
16.895259734628787
-1.2276604028967562
17.312162800922685
3.122098597065005
-6.730062369877965
-1.1764078071940212
-18.44103601476844
3.0859219918030547
-14.218277381555975
-0.26919060709349907
2.8792097072481937
-1.7780315287841049
-10.861937185041665
19.10389368388786
-3.0123492756466703
-10.183421738516305
12.334750950017707
15.990723475374331
14.740512502650866
-18.544744952483583
-10.79918923956443
-13.645438916725784
-14.027770750735037
8.925810911614363
-16.23380658195118
19.559768115979047
16.700502346453433
11.327612695975095
13.621872819729404
14.366075204015111
18.24532298317385
-17.679208195824767
14.443042767989745
-15.275418080201245
5.695189424708985
-8.768541117883185
3.188182220610223
9.768018273642063
-11.739827198530502
-8.727655140323925
-18.36307874373368
-15.085631821554855
-15.668311640942672
-19.936609404257695
1.5252621580268801
14.636365025613493
5.8408502663008335
-18.363757040371137
-19.1535108804745
3.6605616901819715
-7.268496335255854
2.2990268510766576
-19.12473118093115
5.818450595815875
-17.24895136548378
-2.1174769729146092
-15.414775631416875
-17.81110389641009
8.888493029674649
3.7677138408176525
-14.02611793450327
-1.2612072537829775
-7.713732403217929
-0.40010667705655223
7.332221585449897
2.65223599477482
-3.934081646803005
16.738647311144767
-0.14398245307265967
-12.657680781547057
-16.55817855659157
7.53578235636979
-6.314706230358205
3.2324586017531267
-8.437919865925224
-17.09610560161325
-12.468612704092067
-11.858315076624919
2.5814294408964926
-1.6866673301963822
12.244015393412056
0.7381195542077243
8.672921472886578
-6.178154331484533
2.152611285395608
17.409451399768805
-9.952349693321239
10.400625555797305
9.218636405664625
-5.692754265943428
-4.093261387778693
7.07378679898142
-7.1268058162199885
3.7328992936510375
-8.90871189001372
-4.55584660042334
-5.239841130731072
-11.29681650685356
12.739217878797298
10.367666014807575
-15.515185717938058
11.496355814783712
-5.271883216865817
-13.214180077973406
-13.584201898343835
6.90522985086227
0.4001846458758678
-8.40950564336091
17.217077933289318
9.068423449822525
13.697026885113452
-13.250135610773723
-18.121161038326953
-10.509380449027752
-5.040206160231179
0.6571460846625214
-5.4072270544013445
-16.795895149519392
-16.311711849680197
-17.348909185525763
-16.2473709387629
-6.429869848532647
8.832399569101579
-2.1319227140867625
-1.481505084072623
5.304861952229931
3.904682878550961
-0.053863159281931416
8.857267261120889
14.132209670305805
-17.368992731056423
-9.016455599333932
-7.039457186942766
9.217946546461416
5.100262519513219
3.963004288088449
-14.736921769972358
-5.950619836892162
6.594091444715062
-5.765910510737013
5.76580633662763
7.298470866719157
-1.402928081424136
-15.470657834062518
4.435575882073021
1.2301705072708558
-2.3641851330219446
-17.58585811268185
-9.109423354933792
-1.5285815782963539
0.13661169443424015
13.066490587603269
11.33025288322317
16.882275734518707
16.55735957826434
8.459252323266206
-7.459103878304486
-7.554385498365486
12.324751282453633
19.875101598285397
16.026288349650038
19.61296972331582
16.256514607009933
9.59733355245
-3.8748466764956326
-7.470920418091076
4.623667057711561
-1.7565553953951216
-14.08826316038677
14.606272185588026
9.293457633989881
-10.390807797803072
-1.440256700369467
0.7036767796936942
-10.904791739441574
-5.129365953890769
3.2078954308338545
-14.805323722184802
-3.6749645149802603
18.653226334938353
-11.627905982177866
16.27287752704531
11.574495868386737
13.09967181780172
15.455070800312235
-6.453132838719924
-19.811761167928342
13.72973495583335
1.4801853576425827
-10.944915758264916
2.7045057368685512
16.45698667715061
-1.3796095142893918
-7.4418576172875195
-6.613479747929695
4.931868360402248
10.098755217659129
4.474495991954445
13.779383026974173
12.513341818167135
1.4755094245415918
14.582419991656046
19.030533611907146
12.295472585285154
-1.7645870973937186
-2.9506719443090113
11.699101254820423
2.6831898336422313
-11.90172207896559
10.258068321745604
9.574340664717784
14.498107185353362
-9.826921863764513
10.30752659028363
19.409428357414143
2.7284234690206013
15.624246092225178
6.421988823905146
19.590407142961304
-16.199465940313182
17.193328918588847
-8.588114323493489
-3.915705790824049
16.603085759176693
6.432077108458767
-4.876021698689081
-9.361763756573765
-18.500758397014827
-19.877386459034856
6.902484869465248
8.603847048252227
-18.953822788691824
5.613736359350913
-3.6188705077424963
-16.969151313189883
11.464334296620969
-7.242422711800817
4.3668054403930725
-8.83183311435114
17.78788301031227
13.199924310281624
-4.048620990845713
-12.760707670121167
-19.051593470426038
-16.925356446663173
5.849472267159914
18.99314699281681
1.6226236236930838
-6.857339513597044
-10.816873867757408
9.906504289068224
0.6932898261411147
9.445621817400784
-5.753705091406122
16.915473355556337
11.8382769874528
-1.1288061096065327
11.167520469610345
8.828470014139889
16.748570507691937
6.9904090221092865
-0.6099315879098874
-3.356702260934618
6.206052411194442
-16.319582629714866
-0.6017436674719256
-0.17043138305462335
-15.056786171043672
-17.369577697692385
-7.112080253521725
19.33260976757562
19.22662850693125
15.06054556694204
7.2195406683935595
5.858409626292598
2.387575080754594
13.056664620405236
-15.22090055890725
9.393887647987892
4.800398439487061
15.629135654079505
-7.634177041735795
-11.828146921735083
-8.559058770380133
2.6073392605182093
8.390228700641895
14.339756325325212
-18.3134998801522
-13.756890459830622
-3.0247704646045683
19.104091238487428
-14.380005047210393
-12.076322030513985
-13.193619612937209
-2.062588324523233
16.491310039617623
18.78539505337472
-1.9248115232171656
-5.6342288188561795
0.4852733712713402
-14.036728498917256
10.285818619771415
0.8143921185002938
18.36769447823182
7.76788090872148
-17.57637678343036
5.205595075675813
1.8656748721212324
-13.80573937616791
-6.540712447088168
0.7663440024505483
4.657908258648188
-10.10502024170886
-11.51868243558685
-18.19808257079668
-11.599566286394868
-7.110723127087702
-2.203381325531076
-15.295604736933326
7.705850027938766
5.705811322435483
9.942287471205901
6.339702250930198
14.893464130217609
19.05400783276886
-0.5604078777312971
18.876480809669467
-8.86087425438248
-18.676435810322634
13.854000122798816
-11.914072377467825
7.019430264298357
2.2602615166250217
-12.837835822973961
-2.2162243056691686
-1.6932790922877103
-13.905596547293095
5.599497830612723
-15.607970288917823
11.01257477834578
-7.164389873129515
13.520825733396968
18.15008988347809
-0.16209271394481561
-11.815007076674666
-5.727443754424222
-10.543474982902348
-14.894290561246141
13.289079120340133
-0.8856415173222771
12.505121655428852
15.743152673656134
9.014231709650417
-0.06064004134563561
-5.230423135839297
1.996329012930719
-4.368109351172222
8.940853290967603
-19.615807873541073
3.4062378831267246
19.01660481755639
-18.02418091612411
-4.67168694196236
-17.858924784596233
10.93581852887942
0.669492746418392
6.826231531157227
17.531388121743994
-5.080821326021585
4.276181566638478
16.552912325185915
-19.25459644882445
2.0597819894057494
17.477453486422675
3.786527193644993
0.4916961807679989
-14.799804712198462
-19.906283323549925
-8.206805267537112
-11.559686811778654
19.201420583315475
-4.599495823903119
-19.592792753702327
-13.190204448341092
9.137290341428766
-3.4350724943547775
11.435834280233156
19.7510973254967
-4.082444649128991
5.7842459435077345
0.7380903484591563
15.487302549182182
-5.170151998343929
4.958108201636065
16.987262821705343
-11.280986100044235
-5.320914736642312
12.39662341259644
9.80871797951892
-1.4022059667039422
-13.187926162979409
6.041982891809603
-3.7772547686119076
-17.898847895305995
14.278285810042142
13.510447428147138
12.96105071815466
15.93366305968432
-1.9605475710774485
-19.004294987836122
12.908766187839888
15.341363986775484
-12.852034727981284
-5.320071157649675
0.8069198172335561
18.393307633962316
-3.8494367651619577
-0.1828529231835745
-1.0868568352614147
-11.98349285188311
2.1635684771129924
7.705214028942233
-15.88357943905752
-6.968154207560801
-13.39048157755049
12.012430291580529
-14.911119862025917
2.4387250928143622
-3.8585292766721864
13.293158018287563
-2.947286516218732
9.529985641877857
3.190684096976348
6.367564748182254
-4.852202751306409
-5.891994500612064
-15.808758874579425
-2.900518833445812
7.15406643756323
3.088998501741578
-2.777593411802542
12.220064966125996
-11.07339416336882
-17.19477879695201
-4.591586408654127
-6.950002432336184
7.7654498159208
-15.675147410313972
-6.496645049990391
17.011107562816015
7.792507030125325
19.96856692136617
1.1013196688538756
-2.6236638873186138
5.621762248140996
10.727356671198827
18.994058999152237
18.02828364978707
-7.973958854987675
17.56852659317046
-2.0788253835334523
17.87037549115083
5.865272842168636
-3.061849322996224
-15.457721823332173
-17.514742574267036
-14.925421319046684
-3.801796922144586
1.3417105560968245
-6.537372801241137
-18.450574301660026
-14.001896371915517
-14.600015615076787
-8.54030510086118
7.4480707758783815
14.500321292206557
-14.324311879855106
-2.4834721229190677
-0.932348804203869
-1.9389182147321016
1.3182965795887327
-6.959770395944389
16.652758217605353
18.82212296760536
10.13703141741399
6.703148493888339
-9.486786335801902
-9.907603831323627
-7.3760230317420685
4.776795269453412
10.778899218825938
4.015111645930489
18.64962248125891
-17.011318270799883
-9.845116612853753
6.714598818483758
-17.20918184473382
-8.136339583954989
16.963798900812165
-8.59414732279169
16.222611407989596
-4.441478380454399
-15.482336029685984
3.2880752494225653
-14.87579856860599
-2.9278712992542424
17.647304815139876
0.35444127183756535
-1.1520635578678764
-4.224249107703532
-13.143904609043076
6.7243883389942205
-8.480837015141871
8.694965503284394
6.98155182400949
7.519162657791391
19.424758097277703
-1.118862284345692
19.35598302058321
15.801107104283851
-16.50737851941665
2.4735437003334972
-17.890910556914527
-4.588941787349796
-9.37655180825466
-3.712115368016363
17.288549210262445
-12.974724670053043
9.288679588457619
-13.59678602070785
-6.7524044215665935
2.957542142779076
-18.119253213314707
4.158372919519287
4.572253826764982
10.681908195830765
-14.15723413111416
1.2650611187797942
-18.087648394166642
17.320715634098725
-13.20764950909457
4.447220932077556
-0.841427700462198
10.42124946393379
-12.358977642387066
-15.69743021994855
-18.332382560849826
-10.417942882942622
-3.019714712933606
-13.296186477207899
4.369669992650142
-14.038343233838063
-3.779896826920762
-3.483719362325303
19.381518459245925
-15.908208119049775
17.592043823758253
-13.848260984813635
-19.030827713202388
2.8129525360870744
-12.68843022334047
0.32816617342540155
-2.0083300697463216
-3.1411235766725767
10.075386190018477
-12.46324392083011
13.605777189343343
15.486356680305036
8.489908349013987
2.866619770715559
8.577312745228856
1.6654847119836411
-12.82523234355494
-11.806100141294817
-18.24672125198946
-4.502643480815788
-1.174278816128922
-14.982131673305595
-15.625011009141145
-1.145504110397244
-2.8256883746644306
15.511432819070322
9.826422839255372
7.295000081205515
-13.470291470543572
2.8446287123081326
-9.15154875844301
15.4647147418178
9.8055385701797
11.526921224250039
-9.889001816813714
3.8766782752701374
-9.325963545312415
-1.1491976942019306
17.733166023869515
-8.773169098311392
-4.60216188957547
-11.034245727008113
19.963612265578284
12.940969212469177
19.67697722818035
5.771552864316114
4.040637219523365
-17.789440180923584
8.606299394130495
-19.219771749585377
17.845956849331174
-14.484927745390475
1.9738075522534295
15.042177045075512
-18.714012955557834
7.049760276101544
-14.195415025512599
15.022352513059985
0.7341010871531424
-19.059624287419098
-8.495041446302354
-9.630797463579551
-17.71793130093497
1.7684238813100706
7.064235311596441
1.139554738787286
-10.681748518718056
-19.3616623801837
-4.9225687425734
5.216062926626787
-3.953868346532996
-10.949238196274234
10.93142119728137
-10.083307969885755
-16.72311598300859
10.692815926263005
17.510298536492392
-12.541434678892536
8.343856727280944
0.9454685137315693
2.9544809119194717
-1.940457055516056
7.120932962585954
7.583960125130208
15.220317049954886
3.6236565576587054
-16.83754365278122
-0.02816893633447748
-12.709832357437003
-9.42074957322859
-16.41130100044357
-16.482129716551785
-13.71586322138064
11.791180718212765
2.584730208761105
6.815708658083675
13.168075708829612
7.020608903271732
19.326618048534208
-5.170313886128341
9.110008478460504
-1.8119706634098733
15.558696214725735
7.27287970009483
6.172119307661244
-10.275275903786603
-4.500979350005277
-15.433840971089143
17.057448727296894
-19.34005342424097
7.445169545516599
-10.738121079639264
-14.122207062013903
-9.271353066296708
5.929122262163769
-16.948332929866147
-8.336615334666696
8.50254934067458
-2.2802150419011724
11.716825403230004
-11.335984433131685
-17.683897914979912
16.033306162097894
-6.6255060279873845
19.76070288293809
-1.0186013003180605
15.0598990494369
-9.624331515731651
-18.54530627845286
-11.626908620175179
4.353873939465025
-3.091584674866752
-17.566193964714003
5.9208425016110375
-12.128339997566307
-5.9930811584124974
4.18348679358267
13.640063230350094
-0.9446458516932665
14.279572335775718
-19.311715931260306
3.6228122226560444
11.523531509000122
0.002287215386047592
2.3819254570916755
-12.609076857972404
-0.1441607700589671
-9.936097280355728
8.700044537359673
4.866318990192788
-9.992710292243867
-14.76032207712116
10.22522594311559
7.05757163373757
0.2686926417398965
9.064450586127926
0.28359270481617926
9.87147838240832
17.559178804812113
-5.9287237131696635
19.653694812612372
-1.813732326633911
2.82374316817301
18.102036099501177
13.79510830061561
7.51474759813896
-18.01261018280334
-19.298802469191116
-4.3843036773103705
-3.163957464758063
16.94943800431377
-9.624615687095108
-1.968725789798441
-17.72824230249432
19.918052843877405
17.3230009575241
-13.254404463019323
-8.226493526411058
-18.268997592389592
-15.059185770489862
-9.99958174397424
-16.373695015855848
-0.6406367716593131
15.000222838438667
16.920411420997546
-2.837190072341098
2.729489484193021
18.673407831414686
-4.7291695486941965
5.179519515029035
16.70666478802044
16.74783970518567
-15.56106252249974
-8.766275036569432
14.625190323988342
0.9232408184473719
4.8440459831367875
-16.033200672634585
-4.1208150701122435
7.548404535356632
-3.090134687607467
15.08733798501143
19.390594574133722
4.028080946701849
-16.13411456055596
10.821056427908214
-16.928250293390107
1.9348852711429885
-3.5705828557670216
-14.527263104707991
0.8772651622242194
-5.052982748369871
14.735976515009185
-4.284272160295309
-1.187026975030257
-15.36943901136893
19.80118867219418
11.657335909434778
-14.690374157471545
14.236009202075962
-3.9516675731147544
14.768183711975716
-18.802054532678206
16.9922862855324
-12.65749979157436
1.8084762728768098
3.655480389358395
-5.735586437065576
1.702224145967719
-12.300392438359014
1.493387375464529
-16.897071552616953
7.5009483249771876
0.32259399325544535
11.129181440822226
4.1254602335359145
17.536006663606116
-16.97324920995547
-15.124470000248614
6.097974039989545
17.496528018526796
-4.8881956359537035
-12.39326717741906
5.199774201168175
6.268444995922646
-1.5364725099777523
-19.416656248452515
0.1147727807620349
-1.3386527403850614
-9.614445245139658
-13.348382433703478
5.886608097535916
0.08425204154955068
12.150203068249326
19.806652037244305
0.46902139918444163
1.7142087651122608
-6.168599352008908
14.784853972578965
19.775785693273527
4.9873269918804795
2.01462365272722
9.344946305049298
14.839910676579528
14.875864499784683
-11.014219851526711
9.473008608354263
-16.151265790534218
-9.704554592012492
1.414617244172618
18.84983051026932
-18.45537385876038
7.613031890256966
-6.676784223019418
-17.273840609096034
3.611063082855985
-10.710535480998331
-5.068679166913439
-8.873511872278659
-15.941982130632407
5.74237019115084
12.64970904403733
3.8868248207256073
15.15727165072201
-18.01922617546776
-2.177964244993209
-3.794517277396018
-2.3788286139529724
-10.244393068004127
-11.3587279685439
1.8069623083425626
7.6254720644126195
0.4484160240768347
-11.291898462665344
-0.06625601735782993
15.5327591418378
4.118916972276615
19.481039545511386
-2.2161781704084476
-12.399669779387734
-11.420509690430244
-18.92549355613599
12.093546311444818
-5.380186612011446
-12.414616745395367
12.187992743469437
0.03893976366163798
5.916298950029105
8.145582081488556
-10.139463710819205
-12.466031210439876
15.893132903702998
14.01541532317897
6.558194079218069
8.56938688367726
-1.7297352866726854
-11.07126475829637
17.738323160287315
1.2157456741920356
-3.4105325388501306
2.4257349279597697
12.863739255167047
-17.980756247068108
11.121546583616109
3.9737358978467263
-7.233662408271403
13.143968840144751
17.041789862658582
-15.650908868980725
-18.19358341032872
-9.15823834633076
-5.370720219470568
-9.127608706948148
5.3955485010911595
-19.24933259762188
-8.4430551558177
-6.162179278471198
17.043085814461023
19.93402452715494
16.133236135622184
5.831281082767241
-7.504311922459745
-15.930310091318095
-9.028179428102545
1.267286449465523
0.7327621691413384
-0.3590789168129227
-13.320132491482468
-17.24327797198867
0.015117769640401235
4.4525773530423365
6.665768385593076
-10.258149692854918
-2.9566591805690834
10.910323996932519
-17.468385825487168
5.335623204234338
1.4189472610159513
-19.602034799493573
0.3193906065247347
0.7414697456749266
3.019318777573229
16.28676750887083
6.111874237753597
-15.5029962024966
2.1302646950568516
-8.135002559707774
17.252921982891692
0.5156592757937659
1.6625647031947253
3.3440064026578895
17.469512733642063
-4.864648240523746
4.906845657897648
-13.89184802433762
16.085609228613166
-3.8100872671610695
-17.259576610819586
-3.8452657271850477
-15.370153058462757
13.21123659982139
19.32477970144098
-10.658106925451198
9.830135288376674
-17.457969319502386
-15.172436005383352
-6.432695383212073
1.439512711628666
7.22908416021124
9.965183690806864
8.904642390906844
11.50797636877784
-17.720034477195085
18.94131314351752
-17.088332024118976
18.039699180988137
-15.131721827082686
2.487995250559088
-17.862751224588806
-15.30186821681928
16.265394688928566
-14.830151904396956
17.93664548053104
13.430823034782598
-5.708428500113602
-7.560085418410383
4.92838786353137
17.66431066193757
6.677458952442326
19.79392066299858
18.385749984632994
-2.248653910291427
-4.458062802146451
-5.141170338430609
1.6673771988820896
-16.089372484926443
-7.806580697952658
-16.326220209293364
-10.113575156644101
16.548586124438714
-4.131243091270825
6.534889600445453
15.360389117571295
4.860221324604147
-11.694797219290178
8.395728206153294
18.098528831633338
-8.435443144375
8.002291774675939
19.733617208584832
-12.129434706195457
-12.98560210017516
-2.5545248073390425
13.683836282754207
19.19634167229934
-17.51249734961231
-0.26638661969368016
-6.322256896328721
5.5236405153149875
-12.578102820690411
-17.204474774069123
-7.047439593062684
-15.574451363487452
13.818961585704884
-19.89165457385457
4.529870048789128
4.359744223602942
19.744095158813494
-4.230698719516944
-6.593213700846668
9.889206083646037
14.42589151287629
12.078940460781737
8.334732435064971
-13.382798018415416
3.0903328616205172
3.070829235517067
-9.308551334962342
18.431071628191084
9.678453978982215
-8.38455050097997
-8.097265387940574
-1.5177290065615097
13.68304357391547
0.46546571725756536
-0.5959114092396511
4.952044813252886
-9.60283917836923
6.409659155471044
5.857446590536188
-9.280199849047847
-16.251385532969074
15.972187418967216
14.482463373897133
-11.913031290240767
-0.11880647467346606
6.48806324631601
-4.310943356966828
12.52766901572717
8.378268541370673
-2.5412106043291516
11.859917040157214
-0.5168469256267798
-1.9509528766684952
3.7046301932288763
-15.74830167528669
-5.811672341890773
-9.74313942908057
12.031388410438865
8.499065779938505
-2.492485281797208
-16.704511165141426
4.380464089369891
-2.8288518229490656
12.341052041199568
-10.111054107512608
-16.14839276017112
19.258657597686685
-19.432332074693377
4.911509165394946
-4.840168207751919
9.888375059745695
11.120540888676715
-10.74302043951815
9.330494507368499
14.187087835993133
1.4756655775659944
-11.806341041864865
13.950847876478612
-10.922198182230765
9.664685054309533
-5.433053844258744
10.614289229928502
3.467354557244697
18.67870467719173
-11.471872508030966
-0.39475389761881985
-3.736910087040389
14.235423700155351
-9.177787279445525
11.818129671674281
5.302158592402037
-7.649722074026034
4.350221586156518
15.344860936733348
10.009622243938882
18.31180112983536
-4.721463030910256
-16.71197295452337
2.981953327438408
-13.618868258898512
11.772382512854165
0.7784641808217394
-13.29134606987104
8.3063909289401
-0.23478206786946032
19.54981021279636
-18.801296394800726
-2.6641144150765648
18.145846549736355
-11.855454760577162
-17.937021179492447
-9.50798402704374
1.0136093107204118
-9.345166067717177
6.011063167546254
-12.631494432235542
11.584541400784016
-19.24492600696338
-19.374699255704666
7.577648512099792
18.31964989934646
-17.658266061505678
12.447909217657028
-6.162110322383661
17.234016725414378
7.266673013052465
-11.921218595695255
-13.401365859435948
-8.108693400183252
9.276610238810346
-12.055516830445224
-5.712496090522258
-13.184653777736578
16.73901738158485
-6.235723347517563
-1.7718507446665583
-7.927581158104427
7.994114249666033
14.078122155174569
-13.976616257684213
10.51820095931496
10.664227315559526
-0.5661769917402566
-10.679178366257688
19.006834248903175
3.2218842789584166
17.063680633215824
10.202479969505056
18.212020264538808
-18.87905248563634
-18.62200002558389
-13.882890919211164
3.2209694989584747
11.76806680685268
-16.141075055318602
16.38821281173123
-15.235563666119223
18.754150063356946
13.647431130650958
10.412669354308996
6.331624775291882
-4.9398894492144265
12.108783103299018
6.22573650581257
-9.418378631509462
10.970924413034943
-10.00235281361055
14.354034014617227
-10.743052133430794
2.7659997422113314
-6.324755566753058
-10.442980962337366
-0.8104054708513253
0.7961222685457834
7.05402193077818
-10.84307610109776
-17.70888877574421
0.3219556423509502
-7.236377380667269
-10.66703142454684
-5.703663300140462
11.979023340816642
-11.752668606004612
-3.494386943625255
19.935817603480793
17.873930035258738
4.115294808864359
8.849962679836114
15.570435048483787
6.152388129232843
-6.754375191515907
-10.337186384551016
10.587318579968361
-9.43706861389709
0.9766663566718989
17.34082297381059
-6.504216214987526
-0.7853304297497914
-5.8136809790697
-7.124075889882381
-18.077503091793975
-7.449943779238058
-19.817101087743055
1.7224162340770945
7.075290354221423
-9.760011311125751
-6.911990606224968
14.461681515494746
2.7561888119685776
19.934485242834292
11.383635338368634
-14.880815859694462
-18.925258426155878
-5.207113641536534
18.244663200235273
-13.660168165010242
6.448957050059747
11.43173341640388
8.72502078785191
-2.9642600222068722
-10.591208433440258
16.69519386235777
-17.848854978828008
-12.395510753251063
-0.21554479420782968
10.858687869329597
5.994291343921727
17.996568043374367
19.859330079597115
12.380852655761977
-1.0806384894053167
-11.609569103607754
17.515055596112184
-4.576763398423722
3.2861400720172362
-19.336059190513936
17.925306570248416
-11.706335409310093
-18.21080670422606
18.19921627197634
18.702502716914836
-5.303500551661294
-19.033855837810858
-1.9963355896263977
-6.155455841837426
7.380498563315289
19.475908274351795
-17.710715858100126
13.744399605665208
11.523467105139751
-4.837939185372493
-7.962724948133303
-8.050319540552241
-3.8444983578080816
-3.7912203553649384
4.413838947972188
18.312910540080125
-18.1360621892007
16.021351868626617
5.658211264256401
-8.974900823484937
-18.318550071213515
-4.836759060940739
-2.528266186745846
10.887939955640043
2.3837853457532567
-6.573609804155298
18.451168221474433
-11.44683446667007
-10.383151380661694
-7.4234806186964555
-11.799230338295498
14.369527277833527
7.384897383850273
4.270606180489121
-5.596788487395239
-11.866159610892367
12.539243314645304
-17.64783030108294
18.08932002543657
10.629236256855698
15.543463112274111
-4.37502949324279
9.748958997558049
-12.577075883433547
-9.538348304255969
-14.027508003393967
-14.453510859836669
-6.325674686887792
10.799321287074825
-11.016416876092038
-5.311361817049281
1.037719938209424
4.168169821749679
12.513813639910438
-11.445575612818777
10.825032939540101
-7.921783886045141
8.134810853993887
-0.5658031553882381
-15.495129255141471
-14.077016242600294
4.419586717033567
5.378976705080262
-5.835917507250121
8.68985922509724
2.6948234695808324
-7.960173157485727
-9.038060783432375
8.79443317367771
1.0033935549712325
-1.0215687162698508
15.061787940533407
-18.35795218542524
8.573348097109562
15.068191700434198
-1.588311548483773
5.225419984701055
-7.047200889003982
-4.824763715115115
15.303436055596762
5.332836939005073
-13.0714860603922
-11.1846807799682
-9.733891325313348
-16.24586708637757
-18.701526388915354
-11.588086920357949
-14.712888943904488
2.5493887146935243
19.823197013026558
-17.827289181430864
1.4900019198804912
12.815123593320216
-0.380922108964306
-1.9369105088106977
15.061400334812575
19.540522472068247
-10.167625038302202
-18.711087398248793
1.1370423138479424
-3.227086703966542
2.6747008104138317
8.032830952297228
-0.09144168171655664
10.521809729332677
-0.7755918800692427
-1.352255995734609
-3.7449196753300065
-0.8163520684867329
10.798390402362745
-9.931262248933198
-0.09883804374165095
-16.267906674358805
19.639575288229366
-6.5194823233300845
15.372269989600397
-5.2190088864321496
12.766510000391001
2.017521355833626
-18.442688353995095
-17.35763584201511
-19.834375058427174
-9.584245970859815
-2.8213688287366345
4.485831653251534
-15.380814538872713
18.655257494439383
-13.021333317184114
-9.053996396916615
16.440454992844167
3.9422566694737284
-12.162677970853686
8.074989940571502
19.745525240090757
-11.180298105552403
18.826808817121623
1.244569860654149
-12.89433173444336
10.626845757110445
0.05811625036438173
6.440424705426196
-1.6435346028820277
5.01252199969608
-1.2907060608847516
-4.31990149607746
3.691842814537271
-18.498063091420065
-0.16588567073370442
-13.271125949102206
5.9412910699625066
-17.481737007437243
-0.8227125641574737
-2.3655701392685202
4.230234955519329
11.202116333648906
16.406056526798025
16.50102769264695
8.86755544181877
-11.159445011979932
4.210657184286504
8.437039284146639
-17.920859143165522
-7.535020003347075
0.024842022325479718
-16.650666477252773
5.364723472051622
-1.4071954902943808
5.893810988732252
-14.217129995446589
-18.380576212276488
5.780366196142129
4.259609584305593
-10.101135338327015
5.435993136394757
-12.961116283031346
14.144533320847124
-18.82434976141655
14.80281000294952
3.4607794183159903
17.05100216324204
-0.16461947878924832
-11.416954666074348
8.716932049762232
-16.366922155626096
-4.302899183108298
16.92561243885784
-3.729637467061771
2.7271879277284548
3.7141301108279094
-12.113217991923149
-2.34571562708701
-14.465184893021705
-3.233345159350904
-9.855684340207397
-4.815186447326255
-16.260696707827424
-0.8924199337082008
-13.069005738996928
7.0517650881212255
-9.328608129529199
-5.712662624928422
12.265788010293726
6.9913225202195335
7.345838758297518
6.4941997940602825
3.0397614153662573
-0.4348275602247007
-8.016504513241927
-13.630748169651365
18.370342869829955
-10.16783104679147
14.449979488751922
-14.757457007203772
18.815460120135846
-7.69620057292058
-15.197953200494494
18.920325510217815
-6.6580416325233305
-12.026946600172934
-16.50874253585127
-0.5129031359690046
-5.864935830303226
8.948541746056335
-16.86127486366473
19.715403971222116
10.82508582903715
-0.5942656966299289
-0.4267461612040968
-19.001942363043195
18.52147350902206
8.669437472437313
-10.229305042146608
16.39935942027745
2.68303266205924
-14.587189224626723
13.21775397894696
9.254262862852151
-11.080993599994496
7.297702458293813
-3.7487766881484497
-7.6677510075185715
-7.756005320822776
-11.72920063331512
6.91908789202737
9.628540877513899
4.041898284630129
13.939810353351362
-18.51267349668057
-13.528434034783459
8.609133199655894
11.347815506152589
-2.2488755292537697
6.9890315569385955
1.2203370684515207
-1.7580770391510754
-7.409831767445475
-1.0762989586523446
14.596457019415169
-14.046836455599209
-19.99735877206714
17.580124505526676
-6.898137792285173
9.18259074162436
11.029300918819452
5.419379489955606
9.269476097092863
-5.242840694995188
-10.666979175828036
15.636740356612812
-13.379852894014563
8.701596685006741
-11.536424999094859
-13.14921342157135
-19.598807247112067
-13.588775007608103
-19.94527792854191
-10.343547836038844
17.1175780047557
4.230473567964083
18.19175208041709
6.562224407827486
-5.122057797254662
-3.9230367879599086
-8.34025971747019
-3.0246552877651247
2.831018664049875
16.095245203352263
0.8820118687576084
11.639809926551472
13.279836641263643
-2.0107852101109636
-17.349329802421636
9.625636139938713
7.788790504509166
13.01392678661496
-3.128165672877227
15.46887230355486
-11.336114210673479
17.377971565318077
-11.097219753553373
-14.36411831005529
-13.837090369367825
18.9903101019147
3.122349587144111
-5.3390501130607895
15.218894953890697
-6.274452006662731
19.687013104588132
10.637038493327431
-17.680425225783353
-7.266863896662494
4.756271968313932
4.428688831485381
18.787461809702833
-6.813025235211416
-18.99990180465483
0.614081973588334
7.5306099571092915
12.886313999574632
-15.871827518063606
-5.3148710902035035
14.532245759945667
-13.282779810557379
-4.048807005280736
6.760892487005265
11.235871532030753
-15.851236227652743
-9.263358010914944
-12.221874316554185
14.10405293893377
-9.615324426896375
-18.245902601251455
11.989075407970958
12.898484771293646
-11.823035011503173
4.106215447673126
-15.142943965264655
-2.9471792100525107
13.900915164260574
-17.153841432728683
-5.180089037342444
4.1470648987122445
-17.05185209636861
12.089523669076328
-16.102172342152237
-9.052294971680158
-2.740169548756512
18.909882385889517
5.0972351405447505
8.745178986374317
14.38600402962308
-4.9608845976492475
-3.654122619847957
0.4298316488981726
-14.13100113471431
6.661933054399093
-5.4689995009268255
-2.9556848417854127
-14.363315876050539
3.100071242372138
18.782333545364523
11.720606925188292
1.074498400431839
-6.502116212601358
-2.4590408902874685
-14.942540292672625
-14.37787222697795
-6.8546059086276845
9.205247527210595
-18.49143392004041
-16.227018304241255
7.736112432440905
15.58125712566087
10.08133273000088
-19.349264004470204
0.5745600733223384
8.323378449962053
3.563012111877285
-11.538131687764102
4.17786904404203
16.582545939887297
18.48072537509207
4.561824020069402
1.1928180944458546
-18.206133268660633
-3.654760789084076
3.391069557364169
-17.28140082017902
2.5853676773356398
6.075997546514916
16.979207922019818
12.751874694807924
-5.912423715599813
-17.73325230503065
-11.993444455252824
-14.72937609669656
1.1493334111832887
14.22605904381021
-16.351276875668127
-19.14628348024115
10.668292379432106
7.614380732723696
7.900796313957109
-18.09155408097293
6.178169481443216
17.403685791620916
-13.221804987517519
-14.189060291065093
-18.480813208409455
-6.23463889434117
1.1129532879275885
-0.33366640445537854
15.242219861923182
-2.008557440051163
3.408927048141443
-14.44608341327308
18.786762156617975
-7.353193127183779
-1.6808637022311324
-4.541242107075609
7.567018780968393
-7.688721195338481
-5.490791628098371
16.095326307624028
-0.7002819746672806
-1.0471100348704567
2.7610588603016417
6.152255516424621
14.122446562987179
11.340784792978322
-7.948617505002504
10.4709009967676
6.856617637005989
7.549544160602629
-19.703205960201075
-0.639043763824283
-16.388245272503113
-6.447224244962637
-12.619705937851858
9.877051954186129
-0.14426894852630312
-15.660132291056374
-14.182632526956557
-12.527812716874749
-3.9229367224818965
18.774124425777487
-16.660860070282475
12.541170321794233
-4.226117703468578
7.896324191635973
14.553978616209868
9.377602413194758
7.109964513471759
-17.12512288729507
-7.324529433586173
3.614570750178668
-0.7661982091255908
-18.9115807576551
10.994148321609984
9.84032945036724
1.6505230869491037
-2.8993205363459538
-19.743194730914123
19.458092968482887
12.896043640586974
-12.5014571481739
13.70608585637973
-1.9659772459024012
11.392989417094274
12.121722793037158
-18.679850520323193
18.44595002353114
11.077160857763111
0.21812664540561855
-15.307665438129728
3.6090346026208735
-8.036990985517974
-6.1986748710714235
-3.791617135495219
-7.705992050647978
-19.994308751435995
-18.63437890359323
8.964973205455529
1.8740573867024857
-18.43402650620667
-12.862064755571039
-11.554962152994461
8.075494877059185
-14.061844627985
-18.897722921893617
-1.7609438515190234
15.504841433565481
-0.36351713356278736
12.921244512890063
-14.80942377338653
13.682308703616975
11.063416430579093
-15.041613740747838
17.4382230400648
1.35742346128049
8.288289556290419
10.332894156932294
10.376909308124858
19.993362842493646
1.4164280525966433
-17.532377374996123
1.0242947865565597
-2.328762895796057
10.65903893809314
11.710551898692074
15.669298848502947
5.503846942518628
-4.250245094236353
-18.382461232243248
7.533744047750609
18.331768150785642
-17.75614015338793
9.13210945412256
7.122076539464025
15.085371568114624
4.162389372081584
-19.534873155460104
-8.712356009612211
-0.03936629644815426
-15.233240611367926
-11.53629442887886
15.758038537029563
19.415730384696793
12.068310541794183
2.470872799726081
-8.05649593240133
-7.89604018262002
-1.865154923125111
-3.8599988535123018
-1.4962064328690197
13.609010931030966
13.681206192718001
-13.528349923684338
-14.772333930637647
-9.125662480789849
-3.2804252563837295
6.312923983815573
-2.3443219999943707
-1.8978708956247488
1.059726284781437
-2.180998462730237
-13.310930320118795
-1.2211062345396293
18.237042458834615
-7.660715858617163
-8.044031156323776
-6.5477310849997785
19.744531088523914
14.73321837844125
18.189804280688932
-4.260283208091696
-19.102772993346132
19.286553204212865
-1.4473793809198057
-15.660921618091885
-8.430475767967724
-15.45399598772391
-2.829806253571409
1.270739721549198
11.802740736277233
-13.571110265951859
5.818833776874563
-19.44762892265587
7.40190803035313
15.463178649887404
10.534085453992859
13.142170852065803
-3.500437588159258
18.32964614339606
2.5777556651371434
-19.66800648805386
6.020201722400493
18.504852205214647
-13.94365534089927
-16.172892181220988
13.22955217321023
-3.076425980634319
-8.478258305822797
-3.709317116131828
4.034390979214486
-17.98298885673702
-2.400414462449806
-10.828628390777371
-18.454972509504163
1.734017840124558
13.893193312478182
18.9296011700915
-19.27012920657202
-17.559618898186216
-18.339344367186538
1.4536471824808963
1.147769822129959
-17.591021711798458
12.503464043184955
-0.5725308931134734
-16.97041850283576
-2.9343590509514037
0.29823615504506407
2.667900185737061
18.438647690379767
-11.272286700480564
-2.350278925631251
-5.622884916182782
0.7749436927991908
15.322092202769255
17.450463259755054
-2.0967725864247235
3.0915534300440797
-8.620010880370131
-6.901558540477515
13.710793002870581
15.020638057655304
17.182473608013574
-4.437698839743662
-14.114963959746078
-10.237658942617767
10.888482593864133
18.747165374087096
8.703465907891793
-0.6064270688006665
-19.270403421855583
11.407839171706136
-1.0395461141356357
8.464206240399072
-8.956317686378728
-8.332088362872145
18.164184825425814
7.437004683894095
-3.8439316153349843
-8.981216857031558
14.695555761959078
14.103218693650405
-16.754267296784423
2.821702194369138
-9.074856628254985
-4.538692055854465
17.499013958352258
-4.9245681647159465
-15.340745054161227
-17.58927105154965
-12.526886872600711
7.651210673601767
-5.101487982674385
-4.829674150124749
18.65541856381914
-19.502109328971763
-15.104350568145284
-5.84916825790323
9.834054730097396
1.0095040212832203
19.515447225250398
19.224116882492275
0.6440003465320885
4.096792590821849
2.0333360707730535
-5.881815483937354
10.32161601852551
10.730200712045157
9.3925409825124
3.353340426676322
-16.500714727638766
-11.426757726160655
-7.602296617451113
-10.20410511592182
6.3893632756997505
-14.382468683557175
1.1109353896861762
1.70736406972161
17.28665653353687
6.163671956822796
-8.04557930673079
16.747972460387963
8.78152990880309
11.316742835209716
-16.99642377836338
0.470054724566495
-17.706832818755576
16.41000041039193
-12.541137934933065
-13.87576800050259
-5.723479008221322
1.056565662386678
-1.8411029162024803
-4.932691365488036
-8.433786376767948
12.586833111999503
2.60917589363077
18.04226445388479
-18.007553846129504
19.251640690347116
-7.535441272165029
-3.9699338501328363
17.12156010912669
-15.658117082538325
9.7777572074861
-2.6014059354923837
-4.796445544283348
-18.51658282135807
4.3249241927562
16.66210965604528
6.1415607921947135
15.350142485476283
-0.3671287761675046
16.54057707631111
18.674799227416848
-12.5229268791716
-11.275888366457805
13.27384643518036
7.129262083454648
12.397094190848897
18.068365277813555
-2.0429367774179106
16.78610355631435
5.6785413783040966
1.5885894361277693
-11.261107018885097
4.7238708555743045
6.4109917606901945
14.279083392342116
-1.390096285361608
6.788615916492663
4.70713314073739
-1.986037992118117
0.8998176362631263
-9.278736741925782
19.86087926243841
-9.266093941041325
-17.64735125535262
0.4575641547259366
-5.189486805635468
1.4992746279356766
-18.15566032611276
13.74269288662559
12.031531356410532
5.213512861736088
-2.044862767642904
5.877088112984378
15.475089761441133
1.6469921316242377
-4.067426001097649
-12.521847640630167
2.6971815525256275
-16.474706589077375
-19.723852151203776
17.519714943859768
-3.4121956105849485
14.323621993473033
6.147263265069686
5.45908045596644
2.3061820146926912
19.785652174831654
-5.746741832239097
-19.683792053353372
-12.491662498422755
-19.46259340998752
-17.447616324342118
-2.469823353782953
-2.062468710311215
11.457571605793007
11.034983649956047
3.7772233965006095
19.277535663731136
-5.202714034375893
-15.737475330177508
-1.2132995760123535
-9.743907165800557
-11.91178886607906
18.74257383044111
-14.985357901507026
8.263959522516295
15.821333097981679
10.121333956884342
18.6288453360294
4.180301804557487
-5.963149851383527
-4.091905736290613
16.359798607075753
7.546948148925541
-15.819249156366224
7.409335719592917
-0.29369233376842274
12.504041137146494
-8.685858214769496
-0.9304019049798242
-12.777205755076103
3.7591146236659476
-8.51197791484125
5.032275834840419
1.2726816776270766
3.2817794478250946
-8.751979132118137
13.970403177281028
9.116662880948493
9.753849595349223
15.46591033139861
-8.675232709729773
11.309278930476282
-12.145546826884122
0.7344095601492526
-4.381011383006403
2.0003255710753685
-8.978954113494758
-9.029157803288177
2.280086970090313
0.890066669865476
12.223156653422024
-4.254290749596009
11.044861839847435
-8.556689914235678
12.421974603114748
14.304300535530096
16.304706917885937
-2.318488301215762
-19.010420548778487
4.192815704108952
-15.646669650431217
-15.388020118198856
-17.3130641413424
-7.069787152111013
4.966926222888475
11.109957794654694
18.63005968484694
-13.567870344772928
0.7587646423409389
12.823184141736292
17.33065380621011
19.706895303201385
-10.271807077900554
16.043058127661787
-13.960767475685802
-3.7446624011221346
-7.562394397164853
-4.428033972638769
-19.991964974342512
1.7723893793411207
8.951325048814152
12.586112465043257
-19.988906269167774
-6.2992559677068805
6.040110554065791
-6.430822360957462
-14.716606612334022
-9.751671351150026
17.79201694574474
0.6207206419192417
-7.623245802641399
19.739846908415032
11.954538950900453
-19.16720967517712
-14.769467393536676
0.7963520121588914
15.128867572741378
-8.930616608171071
14.848466036943307
-8.074013951384153
17.996450675465134
4.938385361427105
-14.358895964791994
4.0686590425717775
-8.132865734733592
-5.589938030592458
-16.547324807413247
-19.41205026239384
-3.099110024733413
13.123044296307718
15.006211934845822
11.8385285826057
-16.88886111208391
9.260390113521261
2.7383669644844986
10.075543118732739
18.028860084759984
-11.27838204780625
8.640726018060931
19.245282941087673
-15.518662931220923
-6.115054724579876
-9.92136108538137
6.88876173591316
-0.48277381944785347
2.038372837119347
7.8267475222594705
-4.422470848381739
15.374242337576987
13.676346301607055
-14.352455417337966
19.240954369961692
-10.266963485615172
-9.098127096951632
-7.520266836934013
7.065836918505212
-3.625713333698208
-1.261705683705081
-7.984820814800212
5.956732083768458
-16.966981924648895
1.411669282126656
14.127380001673082
1.851683888524743
-11.844788926202895
-16.323004958922994
12.0129930366221