-15.930375577837953
-14.453384294245595
14.284861628881593
17.77567953386462
-7.453444094713939
-5.935858066897577
6.055326765505917
-14.0453916322872
-10.91132424957788
11.193155595945733
6.631556637307963
2.1416657901811895
-16.56696123095491
16.733623285844168
5.7265144745940475
11.907581155218189
2.308634975453188
-16.770160067939628
-11.151559554215353
-6.64596622079789
19.334838828818675
-6.207807028512079
-1.006510413999095
4.324707699303069
3.0366659765392967
2.78696198915258
13.460776659689714
10.29835613711159
5.830606945871978
-11.335116484427923
-1.5916311285131073
14.2083272639549
-14.511072400923876
13.949813881997656
-8.64135731953612
-7.929793965382448
-1.689263014234026
1.1542073613662431
-12.319990269550175
12.818523310780343
-14.361018057709982
-1.2357374627126845
13.43492471428597
7.937097565864786
-3.205783946559176
1.9800064574532499
18.528195675954237
12.363259418263482
18.579654819704352
3.7356947176250728
6.30877465219357
-12.822316830114463
7.479946914288309
18.538464473206943
8.596393470362752
-16.0669391344371
8.893296979863532
1.4567955659127207
-19.099849789942148
-7.335870409883572
18.22911136539642
6.9183339021970625
17.503308147203903
19.261663897820597
13.757298524134313
-15.504691150338488
4.694880459741807
16.596635152331906
18.10504215869176
3.9243328098191377
8.810496636949775
-2.11539170340356
-6.797074027811529
-8.110370715972497
-14.550825694184951
17.174124278347044
10.42240545959578
-16.94030401489553
7.420631695820315
-17.919233432609282
-0.08301621874418075
15.915611657387444
10.179515845735615
-15.279757790268063
5.5075334023612434
-11.360140256140667
-3.253084209213636
11.000549632038357
7.717163562368402
-13.420822487936771
-9.545537589023944
11.683767218002838
-17.47984167869904
-15.96504838558542
-17.132015639838905
0.7862419602976871
19.405340704619107
-12.367806238868532
-3.7967056222878384
-2.7118728264529004
1.5553368329004478
12.0045993888926
14.47757073567984
-2.955415986907962
2.0603506812792034
16.214860486025337
-1.303648332329658
-19.164205969694276
-18.034873784664292
-6.431605481801391
1.6655779445946841
-15.502547376387179
-17.287312820852634
-12.435123882042598
-17.265222025413017
-1.3239374506882449
10.598566275955534
-18.47326272310412
-18.69505108188401
13.361993213819986
-4.716631554152787
17.327626276168004
11.067619159469896
-14.211950008354734
10.76705551316283
13.393411682163915
14.030986660215255
-6.999251530748079
10.966258725709825
-19.038228333869604
-11.410090190141013
-18.634835347081825
12.845681326236175
17.79204731688965
7.838569153106086
7.806471396222875
15.01130621367836
8.139476619634813
8.294938554766034
-6.3890358662741065
-4.501183713951589
4.3417447893458245
16.105874832450468
-11.624005377081765
2.755551179087057
-9.987428068319595
17.771313054631975
-11.316177129292392
-8.932428537329834
-9.165791769060743
-11.677099891856852
16.106920333441693
-19.360226796463152
14.311885809090683
-13.372475196311736
-8.563295142012542
-19.78380439714371
2.2011276355335383
-7.16242183737827
-14.683008377959617
-2.4118406168410758
-6.033528742889471
-14.294650475936068
12.869169368058458
6.436374922213339
19.386862422081393
-1.9177531068011717
-4.935065235447942
-15.91874196726188
16.182047546827675
-10.805204474160313
-18.255093461363497
-2.7190897298006504
-18.699409202981162
14.362482628736316
11.713833522053648
-10.054142646396308
2.1738047108839567
12.271846305500539
-11.731331612038854
-7.686903700448976
-14.477370937210324
4.688731121403595
18.80144875925115
-8.512360228613517
13.007756514489216
19.81000902726494
13.998432018699695
17.81254142474871
-10.378949134047355
-11.476507832373496
1.5951489331426174
-19.59396735393533
14.628011460701956
14.757521286885748
7.245436566865251
-16.511849266471813
-6.0849572079695236
8.559076904214457
-4.558743713968262
-14.289803157817094
-3.2498317693275425
-18.581396795697884
-16.238633644495067
-1.9995900239359123
-15.22509460353746
-18.772769352844897
14.204585868725388
4.04687644344472
-11.111597386089024
-1.320570296044906
16.994270312602666
-8.567240769457193
1.7595528736548118
3.5309952616806264
15.553999110407055
-8.743532322846526
16.993868186355975
3.84487624511204
-17.437588813314335
7.373376508608885
-1.565071865472202
-4.911544372683405
11.975547628833048
12.727671908810322
2.9205165330643332
-12.225908192856751
2.032426488029749
16.88798382311115
-17.774804858077182
6.410191673845539
-6.923980466460712
19.36783796171418
19.468612145165537
18.582810756396817
9.040176309456967
-7.403634531121757
9.84982064686794
-14.151742621919414
-11.871780130568466
0.608799780763519
-14.979455598502863
19.823761758552337
-5.604581963941557
-14.527991187058454
0.6568679074569772
5.341588375145339
-5.4632897899173205
-18.67727516795165
-11.49503793928278
14.134232567453338
1.6280753375756198
19.080098736047624
-2.8351531273603996
-7.392663800401348
-6.949406000817863
17.18797276575841
12.420364668187197
14.71129991005725
-16.594402436268375
1.6146242511591709
19.839132101345605
-11.65599812905571
5.248971474662397
-6.12801533702612
-17.321952016724623
-6.751049780873991
10.513771028135231
-8.879178317453697
-6.368686805701795
-5.797375756514761
-0.7720241105107633
9.05497365508522
-1.6246785881349055
2.5849282361007653
18.34922967434781
-3.433521941801004
-18.24760878182813
6.796661710658377
-4.108676309252486
-5.349735775541804
-13.430739088142456
11.703745448408153
12.548162553596136
-6.792277341964077
9.036331948899804
1.4551608663206004
-3.2270982009558615
-1.7726079832704258
-17.267892572390796
-1.8766595397423202
-6.597975144264701
17.248508733074928
16.01335080543675
-11.131073363699997
4.475574658241342
8.01106641095025
6.078770837879951
7.570324726448774
-5.947185940369337
-12.007083351978668
15.347706970247302
-15.818627746952046
17.624509372397156
14.585518395211992
-6.778887943191769
-13.943822485414504
-9.813518583560121
19.0158049205545
-16.885246245529338
-9.450573475230302
-7.126622277425154
4.145486957811883
-9.332720263792158
19.275677281657103
-18.80246294441215
6.95500050175891
2.9938480093731137
2.807917939514546
4.086750141329475
-19.589085230924677
3.421320153059675
-9.611672551381218
9.419664504119236
-4.733977309962615
14.922484615595891
-10.431242841863448
-10.36253305247663
0.8528453136470517
7.589286452145252
-16.555855256798544
1.0375932388934892
-1.2216547544738852
-13.514894210143527
3.7551044816309407
3.0718847621595025
19.01031003500718
-19.776975079770356
-5.4769784944288205
8.268421933839157
17.123707128534257
-6.065274087204923
17.97549820398043
15.038234939989955
-2.008694675813416
10.94355449378575
-8.244766518424441
-13.76138925253295
-5.062047213979701
-15.08543054139822
-4.369532242188816
-6.977959672001749
-5.848552965807286
12.198724375788736
15.092445121695633
6.853104885410559
-14.90220374854677
-17.668811644239256
12.147626664352899
7.114295073299111
13.104397219512798
1.330883192653566
6.109296697357426
-0.014754056380780867
7.757879395799886
-3.5368060269540216
1.30088469946406
-14.911196273792399
-19.684646493362756
8.271524827689731
-19.859677021354454
-16.021340344616647
-19.25889446316573
-1.807440894221557
12.257527438433065
0.38638795201833176
-17.54756124128964
-3.3943446350676183
18.350127409696725
-12.301258197169641
-0.5619295273640716
-0.09693208338495296
-7.8260064490535886
-19.034926549774575
-11.612092269177321
-17.367059743394606
-4.91403501985566
-14.99209055004506
13.493530175208711
-18.83168136300118
17.609589041574225
-18.01677982623144
14.159044203473378
18.852197296529603
4.594116996599947
-9.196051796354151
6.566495754926997
19.316494723943038
6.483355862976737
-14.390490903781345
-14.669562471123516
-3.284448378637073
-12.64312145670055
-11.259101716914186
-1.243926031208563
1.5120759495751557
-0.2368753409751676
-0.9131828282589218
-0.9187019413922393
19.522389170627015
14.897116963626992
-0.040352966149530545
-4.525218037960794
-10.634247500831151
5.863735250922776
0.12928966210700565
-1.2494025606251
-12.306704029136629
-11.271028974340629
11.07247310487601
-1.98921241068809
-1.5026716618077316
12.87800828188405
-5.828552848413464
-19.58380521423138
-12.260010349627484
16.6325908034135
-4.880344989972336
-14.568131515144373
0.02686022886905093
14.9823972119937
-2.121118912073161
17.49200807815047
9.52023125520466
4.64511482854078
-12.069253805191341
1.6245587928141987
-2.272116419293315
-10.904526496577374
1.2890517046233718
13.585652759928593
-16.948668044910722
-9.613095107789658
-10.660724903627333
6.41169084623435
-5.983795129712842
12.247399028646775
15.9779544405676
16.974855255729892
-9.198902859069724
11.176086192061668
-11.743533119057545
0.03669768238385984
18.971934877692426
2.8342899052954493
1.3908411678176407
19.727305364080088
15.525318793355652
-6.023787591605835
11.923275488258625
18.888435676664074
-5.338543020590274
-8.44387215118358
15.892962955238161
-9.33144841378236
-16.304967863142856
-14.362528937327186
-12.038113487462203
10.214647504073668
-6.935045752425699
17.10105729464061
-10.18936506562731
5.262550959537741
-4.950086669427915
7.2542514808045695
-2.7662846695788943
19.24930626431935
-10.810854360619256
15.60691378726267
-6.306958252868892
-12.822378332955449
-15.018236614017475
-9.326889391824928
-2.221837401622068
-10.018564820676193
16.201274101182683
13.903056102451757
12.942812674335798
15.309952374773935
15.445853138399535
-19.96750058345257
-16.90639494208269
1.0180044298674957
-9.974774702643185
-17.551347668054404
-11.614881064171843
-10.416495828723185
-3.337387353791339
-19.64467537192209
11.512142995064309
-17.42601584438786
19.46538965060555
-13.992283295952056
13.90372240193934
-3.6345933961030283
-17.926097900453595
-17.572652687096774
-7.976640680253002
-14.122138673411246
-18.761553245577698
-3.7933836352242594
6.866181080760786
4.31477195968408
-0.4723222030251222
9.936139840155946
12.351191291653855
10.54763251911266
-17.351001756118237
19.5402401096837
7.348855559916711
-8.213574425720385
-6.391484247660927
8.485224909411247
19.967491814463955
-12.379583983419744
-2.550612862804414
-4.422183957663552
4.872146181656326
13.727383344795015
2.635720844910722
5.847053811056696
-2.8641659110920656
-12.15958349659346
7.625879824765875
4.635620351651873
-2.621712639111678
12.291842496181019
18.19321979837929
-12.715055737255936
0.2666322609686418
18.834036267891975
13.225465815714998
7.820018129352604
-13.861290964785603
-1.869780225115889
2.5012973901688937
-16.74007797577537
-6.956518645655567
-6.790711253609132
-0.1482955238510506
14.849573542283082
-18.82626466409269
15.925026025399703
-9.690128383180529
12.651586948973126
8.525153900335596
14.675973223791573
-12.294234750179186
-19.47179579131675
18.197903227312914
-6.893694587509014
19.45763714410913
13.202257622998928
-13.46875907210087
-14.764982614656258
-18.07436793921173
3.470396266957245
9.095518408045695
-6.512653261137057
-13.790245376117095
-2.178862285385833
1.0739812534794453
18.325424261764105
-8.662404695083064
-2.0626464327417153
19.607591352636604
15.870988995199582
2.019374953104233
19.027613489992923
3.9754061235986313
-7.792393265760861
19.95640318626289
-11.173335745776182
-6.7025605790331255
2.8102844207735735
-3.2894609112933715
-3.383511410603653
2.051351650738905
-1.0576574966932242
-13.124181783703195
5.216885126488265
16.069416083631218
-12.46060375174753
4.54526263533846
8.8122137077433
-6.530002415906884
3.721334460786675
-2.890027447814223
5.364126549629997
-19.845849867060444
14.221137697194187
-17.854382423273726
7.226218321235407
6.650959373614395
16.280602409095295
-9.084465541015184
13.489100940734652
-1.90945091297667
17.080262984593503
-11.95902392470729
9.779719987817998
17.096762117390377
11.010311088609242
-2.2451407531199763
3.851536512650405
-19.423655851161733
15.608140227149498
5.048931415945425
-0.5384624779746403
-7.489125570832741
-17.35512181030181
18.88973951734617
-7.182145975464023
16.15636484418401
16.623316657067598
-9.890372128200182
-3.780847825496288
-11.988018247614738
7.383163785116629
-3.863912313737387
-10.70455439888557
14.747543425578861
19.97817708600212
0.8896718273760307
15.56609316489935
12.976158336452698
-12.281823874764516
7.9868828494066015
16.659920854223593
-0.2305388246925446
2.00860327928487
-7.97231636461461
-7.297833746037195
-10.18091576587735
0.2078243819564527
14.23368430937738
11.901504512320372
14.723028113558023
9.883051902382554
-8.621253573660779
-15.637237360653256
-9.74074792025409
-19.96697861575312
-3.390892494707721
-0.173745881246397
9.869916922603284
-9.577035051982081
-16.141117314036123
-11.557571944920868
9.759058618628622
-12.724227780445357
16.473639468292284
17.24015160003529
-8.104287144988511
14.926647518974441
-15.002674805553697
14.19066362430015
8.40654615666309
-19.202145234099596
11.966410331468907
-4.8042275298431
-12.004971320214835
-0.41234621018914197
-7.931624456955134
-14.769755340235879
-18.71197418342141
6.414904326657812
10.409844883806464
14.484923757868835
-16.352948918525033
14.169028852538098
-8.04628783074297
14.75024281247417
13.125871733604
7.487452882430723
-16.863648142857343
10.596299816805153
8.46134370754234
14.083057429247091
-18.13387191317193
-15.479580136869814
1.2819826527443858
-18.485884358280718
-18.623042970083148
2.8619062069891825
12.830134617856466
0.17400257942061614
-16.000378378837723
7.809203582352211
-8.189286993519627
4.909528571487776
0.6924026118433204
16.258256909933813
-4.0279572149392
4.083236538021239
-6.754826842248152
0.13385931153485586
18.232246865339945
15.869233322700403
-5.841305434993478
-15.561488673153763
18.185906853243154
11.306245013386075
-12.330496027291794
12.927451674474632
-8.44976995024497
-16.41474510069106
7.100061983967784
5.429151674133507
-3.535372059455554
6.310126196568653
5.479098872407697
19.668379777040442
-12.158387896991702
2.715891127370263
-8.231903235635723
-2.8752396458929255
-1.7289953835182033
18.366569253717053
15.448142108988314
6.217228167060917
1.7614032513061737
1.8309993726583151
-4.215141359366168
-11.79416609781278
9.35817741904938
-7.1683377511944
5.633454993897612
18.228776790709972
4.7499674617779455
-6.124047901358857
-11.996845401474223
17.814600679639064
-3.1905149126065346
-3.775488727623305
9.481035948068172
7.74366042529099
3.700512775757897
-16.12396566399573
-3.728200399252266
10.41640808413256
-2.053557909768294
-17.354055140625768
13.289363628055774
17.57574457272532
10.085994636990307
5.813176963972168
-6.1279734156246235
-9.254885100888961
15.30798903946198
19.193108119914612
-12.99015208960688
6.1890503789317535
-4.87005674606948
5.397081782182216
8.454807910008242
18.101920989091653
13.540784120567466
-18.664792239241986
17.518761815200776
14.678091364933557
6.969474670997538
5.973030900952949
-15.197808627214112
-18.76199514925229
2.507707665086663
-2.066845784317863
-12.469884473216357
13.83935733667115
7.626114661875562
0.20704871654871937
-16.88864600725764
9.61660891692723
7.5790571644775255
-1.2760032268436987
-18.667610847568486
-0.8405972077657999
-10.50563947628888
-16.901783700847336
-10.556989484902015
11.694159756751212
-19.630388275494145
-13.891238912187166
7.448806000548636
-18.01567555045015
1.727992110131055
11.007431015075483
-2.5370025252202097
10.968149733090367
-11.581693812380047
-4.3333182062833195
-15.150806348764657
-4.72680537973995
13.000956198476352
-3.1496998015087705
10.429460412862163
-3.2442768179375605
9.485570366186291
-16.67512043551858
0.07793257683724875
10.061191331138218
9.703323941832803
15.480678988074125
3.7491122925019305
12.37776861216799
1.210743335248118
18.857748321297095
1.8674672244241783
-12.665442625052815
-11.594011931639056
-15.8967667908388
17.063199484446386
-18.16713207844403
9.03679130504386
11.964122008926875
-16.494352538238203
9.341958725518175
18.019408611954326
19.986481541575422
-12.533384511939204
-17.265546082276565
-13.46462378418082
16.24418836851474
-10.312186012582817
-3.569550347086693
-12.663364475594246
-14.734618668051995
-19.17996342818165
-4.6702747627089245
10.235858637712884
-6.01319522801624
-17.44780467334635
11.431480213564377
17.763268873103982
8.185090403093753
6.947420556482218
0.4653672103333726
-18.596761121525304
13.603870683752284
-12.722185994899991
1.1774573821098784
-6.459195258421939
-1.6247170253928225
10.239497616896003
-4.732252594869312
8.122699183098355
-8.697667822619977
5.897890133782152
-9.062873747845792
-11.867728897344275
-10.618812381687794
19.926336136492104
-11.149133900006554
19.243893848247893
6.337094328334302
-7.126458950374946
5.99911394479658
10.212389816008034
-17.035490494943257
-6.177737820889281
-9.109276581697095
9.071665127485321
-16.469787179843504
17.264182823140423
17.11560956297022
17.413405375488104
10.134959043473316
4.1017578311735825
-14.814151484218684
19.638920053845816
5.971768534921797
-4.368246433936287
-19.81353105344379
8.189900530408174
7.064047306939457
-16.48787395660358
-13.985311867531358
-2.798145269657514
-10.003079182962038
17.94654943232397
-0.14446441524801656
9.352105161368133
-18.555352947865455
8.95243087408964
-13.701596082004759
6.39778978833283
6.241382927218211
-5.402568431440681
-11.018920875242904
19.85367322266427
-7.409397724335204
11.44714759926017
13.144765546081587
0.8170517514993136
-6.406005193780512
-5.558193243589633
-1.7257839054662156
-17.931119510828715
11.3558016503104
18.36157222619996
11.405859505985344
15.054887788131282
-2.8806864003107364
3.216662832505868
17.989132067231644
19.74277551968263
17.308244470212713
-7.862031784392261
-15.346995919157592
-7.145240896902534
-6.908969813562521
11.122352171759768
18.59262674029008
-15.526107183061622
-6.143939975072023
-8.287447922168552
-18.591703738610455
-13.3974776009204
-12.760650811856546
-16.19437460467686
11.387298279347
-10.70165635944377
10.18225880117523
14.695060844776002
18.396491597086047
-4.179849495142474
-6.081623111855352
4.353640894825279
19.937486890059176
12.969042114014627
19.129699081084894
19.838026852092675
-11.326320463193248
-5.812270119210501
-8.949698752203474
8.1487242990397
-3.6553517015658272
-8.977679392640457
3.7062371210500302
10.72004642864679
10.641148341740255
14.775919471484883
15.927570397795925
9.305258270609194
15.508287245358758
5.904478212569618
-12.047764377706343
13.361264552185574
-18.896448242339872
-14.99371925880872
-16.80609899993453
9.198579863695343
6.76508326644462
18.404018467019014
8.141944492302787
-15.263475719961752
-16.3284334985555
2.534646811065567
-16.499092614028925
-17.42787745105445
18.11820122001707
-11.315143516816487
3.5130937528345356
-19.726782841551433
5.894413218345811
-1.0486991129778218
7.355134932163729
1.0189776470594616
-2.436829693748063
-8.815932572875912
15.976571767191935
-5.795120187273479
-4.518465986032897
5.346099541508259
-10.342162023826518
6.476153288126763
6.828856222398862
17.46126215571315
0.5599412876990542
7.54689218548295
-17.724001883958607
19.849800623806843
8.733824248619992
16.62786481364541
19.539239523110425
11.918883851692094
-14.368674594166277
5.985541855974397
15.396096673587898
-8.957083067277072
9.421969231653367
16.064816350333437
6.813626819933436
14.40699566133896
-6.8881459940416825
-17.820989009945556
-9.282336692188808
8.112746575534121
-9.34965743010788
-9.781578849413401
-15.222617631570113
-19.65298720039708
4.501257463556122
-0.5151049457170629
-11.058291098432992
-8.906751247402394
-2.7683108075311296
15.019722370737213
4.841590643897476
14.071096112993551
16.449290183868257
19.969995638031463
2.9716819466771014
-14.011442910070002
18.706836468573236
-15.059147828347946
8.156530986673047
15.137174329188376
-10.520095758770513
-0.8638062536007105
15.249579388162594
0.7872881635334323
6.362874224215833
-8.911826619856328
-14.482477355376343
-15.086588565662208
15.947497700679328
7.946297468828639
10.405497173084669
-9.9736661268886
-17.767286809314946
-19.011447114992535
-19.70326967241375
10.463463878767897
-6.738912688187394
17.82879713952081
11.584794548311613
11.820736232253594
-2.2042067617222116
-6.310366298235621
-12.258521273629249
-8.705051353777367
-13.70461929612186
8.302054117484737
12.83382713998514
2.7389071469878488
14.107068281048633
-3.2122188762441795
9.433876204478764
-8.594829521223213
-4.024228710172558
-16.0772484479102
-0.13841141214084018
-11.236303425625858
2.427774637914272
-16.04025731046232
-5.83724987220139
4.121746000109422
-1.20064925144235
-3.3545720198520073
18.768117728581416
-3.908972428374746
18.886727682052936
11.325586228878272
-1.1273141100483315
3.734329318921496
2.038973428568596
-6.796612999265882
-5.671396569160297
-11.147304916709002
-10.173202089697497
-1.2504463147792038
-12.709394120009577
-17.28730637659153
18.035513461910917
8.232066383930636
3.773744057137801
2.788970649254594
-4.4961221345237945
-11.324989481538047
19.820488497617113
3.08283094013197
19.41274076806483
13.024810390794116
9.99905815051391
19.060861386411347
-6.700215336183044
-9.333561800459398
14.658258119120191
-14.254754292565819
-1.3517000825120888
-16.582345347073748
0.42213420762587717
-14.871434915457957
-14.608887061032823
10.755675649609739
1.414659181166801
5.734077603489524
-17.6292289435085
16.36635287718483
11.061813816371625
18.6377603607721
-2.995562047864123
-4.758978435506723
-11.82298184872888
-16.263009267799422
-13.332205325945115
-18.680587980443
13.085054574618688
-3.377879816018421
-4.591427583939014
-15.7148551516439
7.62409945424988
-3.5660215204903167
2.716054046317595
8.769840832053006
-2.6613269099921695
-19.032941217888638
9.027008062982055
-16.828976877231433
14.29625518016212
11.714221662502474
3.986791449582533
18.803422890617114
-17.997564718656562
-10.91321611200069
6.983758681875216
19.440951004247545
0.7264170330434112
-2.7885406982360372
8.245476139408922
-4.5762954088251675
-19.203214332778703
-11.622285380672018
-17.114307525855438
-11.010029036149804
9.062105379502341
2.958916496085372
-15.554878214053346
6.065105682459759
-5.279644661389074
17.519523037394357
8.318415966314259
-8.718927000966259
-14.624891030690716
14.135889639509173
-13.00139188830251
18.494091380420706
17.995550100084145
9.289072065755832
15.474496211312193
-8.866454814834697
4.426586234122926
-5.011057306521277
-1.6719161972281213
-12.085183704827802
-16.121027467203895
15.691641902449227
14.931792839277762
3.152398580283826
-0.2278963271435508
14.148784441723016
7.965438879302237
-8.733464047250168
12.45451420839452
0.17889381047886488
-12.338032783624042
-1.1751106023367441
-16.597618096915987
-12.60645269911183
-0.8945687356393535
19.580686318361735
16.184474897871837
-18.785409338935697
9.380043103484311
-7.279235764818669
11.695229365317267
-5.417270691991373
5.3170182333222655
-6.319651934613898
-6.929045808438401
2.8709132724958017
1.0993284495645952
0.6737417251699895
6.647750450576044
-12.961307054298455
11.468274337300734
-9.332293833576353
-10.464098929680832
0.37684338649262017
-16.094699513747678
-0.30998031129608705
-16.585274056094704
-1.8552661012479916
-11.365678005387396
-17.216836844694285
-1.9399091599727534
-19.008043346889515
-12.76376104871822
15.236711990507182
-8.017181362254181
14.292863924270868
-3.5735019788261155
1.5789157552230293
3.268217279703883
-0.5787576522122784
15.717739467937648
6.698857996965309
14.598690150152152
-5.499625606267017
9.571995397226342
-8.49709307681216
-0.23655671726105965
-0.2733046794786951
-3.515371248535814
5.169542885127637
15.135428908855417
-10.851078654691735
8.710084740933809
-13.58803515355846
-17.627799565720395
8.613762361243328
1.3089092601017605
-13.363295425550742
10.199965214689527
-14.159321706650623
-16.733271519899372
18.475422884644985
-2.096060325415891
-5.573425425102334
14.419604235819726
-9.134757945212746
7.276746903118841
-18.95089725252189
6.053605815447753
-0.08556363170109194
1.6351953641833035
18.84932160304104
16.15004165573272
13.08197568917565
14.218214847654309
11.740308201877625
16.329798478643525
-18.282169653644075
7.707755295440208
0.749941592007147
-0.36214628527425674
-16.165580406577533
-1.0378971683908276
-7.715771334101547
16.14348034598082
-15.50979806875012
14.386051416286982
13.361229963528281
-12.714894326125439
-19.55421982639335
10.405678532996369
-15.079129305549092
13.856308993513451
-6.621106793771801
-6.712712062202645
-9.675048531017861
-8.251159042764487
19.442666111685803
14.527496350521325
18.90721497947306
18.89406739203283
-15.457413258190137
-10.450634326193118
-1.3859401050201292
1.2709787831997623
-15.002054109087798
-16.168027582800846
19.348004076862182
-17.483736128577956
-16.916467999222817
-0.37178068044749324
-16.581079081385145
10.945512787090195
9.346587288219297
16.265878183519725
-16.01953752550181
11.09098123767641
10.468438519798084
0.035137444676930585
-3.2499862345709616
18.96027150873232
-16.960840919177752
-18.233780139761848
8.529148251233938
2.090161185277868
-16.710592241855192
-12.268841669440098
5.921782395741392
3.125116742243872
9.751392132109782
1.8512438591278126
19.446703975875707
-5.147394109653058
-16.55559777604184
18.20541657299391
-18.072171670737088
-5.691905538513481
4.311118816046008
-5.38015637209285
5.2432022313689295
-3.0425102407472835
10.267676851905666
-9.425780981795437
9.568269539556525
-16.673739881046107
-3.564403387100697
-2.0902185224237257
-19.078950967830195
-8.343992949671865
-2.6131106335519334
7.6033626120679685
0.5012588368123758
-1.6667290900008496
-4.625913369989515
-15.239048659333063
-2.999254852146752
-17.985438533012204
-9.133739823912705
13.001547402834603
6.429258354066256
-18.975921682708154
2.894237351296212
8.827715071610957
16.908206187929395
14.598157328599804
-12.325268487146058
15.340793974138684
11.85814044258538
14.820699033682345
-12.719367018899078
-18.940647221787795
15.811447023427597
-7.953076989854511
-11.611786013021925
-16.465835983285718
-3.36340683653998
-15.288257501434073
-4.929143185291348
-13.009104569214077
13.128726519968701
-19.967311406024546
-16.888929681832998
-1.0853114912385173
-10.94590654010712
-18.390838037247924
16.03194063444657
-16.236990647584246
-12.63162699188154
-10.421480007204877
18.598271931032528
-14.514913419091183
4.32202678415479
-9.09288883908912
-18.096624203278996
-10.10083815919427
2.964451782125643
4.034904106727488
7.077358032228538
18.973418034349635
-18.05188142344204
-15.76087621465228
15.134737807123997
6.253939792583406
-0.4801358605812567
13.023389639668672
-9.766314793161758
4.252312646821519
1.9299875035795857
13.525733702310383
10.375703175147311
-12.495802685194972
-2.0881532124780797
-4.07613926684547
3.2689564244156557
-12.74542662067149
-10.041593091416342
13.958742759982108
-13.990988128912996
-7.3175936042403045
-10.704450362263422
12.389245059397439
19.135948536570723
-13.208174146099903
-1.3449644659343036
-0.6087423201552937
18.310973970391203
-12.69407887288509
10.364261629132926
1.7458695321862017
-19.806687213103075
4.198186044276177
13.955563814109702
-4.759933202517171
-11.800557612861734
-7.196539996413991
6.035232763572431
3.512198589650257
10.32058114948089
17.149177433045324
-9.218667951283974
-5.000464967786389
-6.420176554671389
-5.612106889224853
5.997942811442307
18.943661886349176
-17.439100853836354
19.480206379791547
17.653756611089825
9.102713932965155
-15.717286140047886
-18.16448817227062
-16.50755503826111
-13.498753688559656
16.242696097466997
-7.821595744244391
3.7566550160047925
-9.564496900586601
6.001506866538794
11.291549128664094
4.827256424276953
19.62520782410175
17.5963478799327
-16.074219884956303
-9.280619986966716
-15.028669819630514
-3.283330066591791
-13.04007615522487
17.53542670411789
10.135813295926937
-12.673843185950634
17.517071618356667
-13.215182018909545
-19.51248515497767
4.08423894019862
-19.55112072177419
2.0817300064073088
16.163790414316296
15.762679019052527
5.52533229448111
15.091379300850598
-17.097840697301
-3.516327421623373
-15.043722709356398
14.407783826874422
-3.9221665519944295
-17.379104266886657
2.3218956850289416
-19.026786587272454
11.491377979633207
-5.230549534173768
8.319080150136898
-13.938330660269639
16.09011673095472
-17.461835740583137
19.80913771847954
-0.05142162786089344
11.239036080559487
-2.7784929842770865
-14.873296797107303
-7.775940297955412
18.747531455214897
-13.367060854256314
-19.157275859499798
17.2184492392188
-9.884813246345182
-7.9195467922647325
-6.175641755449689
-8.860495872917756
-8.021053440003048
-9.960907329542685
-2.5660809981377177
16.076796683759767
-7.290401273587165
0.5349400025981055
5.550365155911663
19.256725157661066
-13.553084361382561
-11.249698998886561
4.4983990185934495
-2.2183015245790756
-13.830839953908264
7.743587199085809
-17.090653878639507
-4.847319857245157
-18.306659487654162
8.319651000043216
-16.995309796525362
-3.5110817741945084
11.118603542297329
-3.714726977933452
3.1412368676054037
16.03956194324332
16.93151438673239
-5.25373509288765
-4.3026490812362095
4.838832500786534
-2.6243722024654836
-16.66810768972895
-8.34152830711258
-11.943240215480383
-1.1388467987966742
-17.474043820963942
17.157824800762263
15.470615567921996
8.000412089261584
4.692376920881713
-7.715850669628516
14.15238067443454
15.17394533690851
-3.8976631026780453
9.355446399094603
-1.603543668790497
15.95790849851224
17.709580418218522
19.606886446939825
5.326278835217536
10.873605213430263
-2.02296311788103
-2.4083875383727325
-2.062271395199126
-8.41884502190597
-18.510172643114903
-14.715759491514815
-18.41755359575668
-10.33059195127417
-4.56919446028644
18.473720589974022
13.44083228410502
-9.322893233683502
12.193126456116254
12.22365814064733
14.933746536151183
-18.368004803978305
-16.323815226316253
-17.97180709097085
7.294795026756347
-12.864276058517312
-3.1895116439736455
-0.8643299137642977
-8.470660283600457
8.699585106460841
-9.654976400084504
0.7894773948004357
-19.315571360416012
8.225010637473716
-17.372503266287133
9.830250274696684
-8.238792367359448
-7.025793376696313
-18.695361949253222
-6.818312970426458
-3.475742268683234
11.342155487582957
-17.57021058134906
0.8929668984679928
15.078258014123634
13.561565051692924
-16.395275003715764
5.912303879693713
-6.970652480393866
-13.887866645266008
9.745032188335792
-9.745044703600708
-7.07178047877882
-1.2267230745331688
-8.198384775704653
-2.001018396564138
-6.202147501079306
12.372216443512777
5.480594062843274
5.4754177942015225
13.039903073295712
17.1438029348121
12.60562786403964
17.59996874086537
6.025061367180097
9.440576982557939
-9.948463703914285
3.210140585335779
-11.14941818577953
12.322195271701943
17.16247240776528
9.759830916907845
6.926406039864354
13.96219604023311
-15.479923275952956
-1.6348432242914797
10.122506829300558
-10.247487666094708
-9.499849347277983
-9.104314498646545
-16.52141026518359
13.579870723626115
16.14768461085295
12.991503387589482
-10.790531230638694
-6.651943695946731
-19.885035962174413
16.78601418413742
-15.78801621334772
-6.933838836651635
12.535552995939042
-9.48645174677052
-13.799416526933355
0.7725688789871583
4.677702799935524
-16.86621974843755
3.2820713177157117
16.275924207204092
-16.83485811577908
15.41679264312527
-1.3931233253988466
15.125240327542897
7.560372705781212
0.13806981998346757
-17.46119684410167
7.31950277922671
17.128761806859927
16.128108929994923
-12.31664613906986
6.9728548122718905
-11.635829767254432
-18.816268595698602
-10.629556543164483
19.79687213984949
19.771262864863495
-8.729955646240594
-2.0406824602513076
5.367389724698466
12.897861694779145
15.977017906598093
-0.2305405342232305
7.780520663255615
-7.005763310448536
19.760524863924616
-8.38211126394226
-6.847081860564263
10.965629865287411
-17.718104554021732
-4.9244330315497855
18.94419126823074
-10.371437672795834
-15.933261699193665
-19.817250852493096
-9.457855286810917
19.24787205623406
8.004955598528532
-2.2069531652249808
-17.43633989608556
16.892052057368346
8.526628516591572
-9.81130710046163
15.159990739299609
-9.601420407683356
15.546516691625044
0.3413531288475795
3.965752240548362
-10.890286801052067
6.315177127101247
-17.385383083533384
-2.8352075639213083
-18.312608730689306
-4.695750038534229
16.585249837149213
-8.64511560823853
-2.5238243714096953
16.706055774083012
6.130039864225701
-2.2328545223025174
12.056186953593894
-3.644330812206192
8.066101462771709
3.1152695039649885
-0.3265078572949811
-14.629931935226445
1.383499968156098
17.193183609348694
13.49036337218677
19.696496841182068
16.53601747084722
-17.2641642106317
13.408671778731211
-19.324164732264023
6.411926273962845
6.727934465850488
14.795868000272257
13.404748348547123
-14.440926456807208
5.492382990196241
-19.70984264114412
-7.719240493851419
-1.8106832786765992
-15.774058322391294
-1.2769468701792448
15.625873623887365
15.392729492734631
-6.945269585352571
12.14736914539806
-7.785370610935733
8.134272086144357
-4.469242739673881
-0.7718341598232925
5.335704648864553
7.056459592356639
-6.391410295812538
11.74324750768676
-0.09064802751172607
0.877675645706141
17.24941696077599
10.472157129626176
16.5586243290113
-14.594066118827644
-7.771279563433602
5.883084651816006
0.39531358877480827
-5.950619836342344
3.4360121143275926
-10.161874636769568
6.37882713813033
-15.950709039231183
-12.613190042983247
14.10143265249004
-3.517945338388671
-14.737595960382116
-12.098511034820959
-13.35598881996388
16.4498530340513
-17.71131163516449
8.902731820190489
-3.6098152272132182
-3.8328937874042666
-11.659773441078487
2.7701624258054167
-11.812839030026566
-13.44703495203634
-4.5873153662705235
4.5268171813289015
3.667324217592647
0.10890681617000553
10.869506366428048
0.002044138183418198
0.24042618601879084
-8.340825693206035
-12.135134206154135
1.4957141553291606
2.648348821636052
8.316053061937843
4.739279546143532
-17.706751454485342
-6.790967420355734
-9.853804364579965
0.03174110666482477
-5.740353509516854
-11.605631559731297
-18.671999718282297
16.815454516931588
19.87493239846288
6.892186269627089
-19.191728996976714
5.518802245286352
-14.188787372061498
7.231291707960281
-2.9273960191199038
16.77462879285241
-2.21938760069197
-12.121503782605455
2.9931100892839524
-13.851725193545693
-10.245653782170807
-0.48818280618650434
-8.554891332929788
-12.296442779256033
6.223668343451539
-19.115195962937996
6.938864936119593
4.531465194774551
-7.774079697712093
0.025853171167284472
-11.312583725561023
1.3688448373568072
-17.948550095577602
-10.352294405280102
2.6936925610617166
-10.150333062428603
-8.64940839780397
-4.554553242618171
-5.40008156768112
-7.110247196788295
15.70113564150325
6.044252376554287
-19.543054313633398
15.516881708995534
4.625629290964902
-10.197562229776027
-16.643483689548496
13.865668574334286
-12.742092685597669
13.179603557126
-8.657111835479796
3.6477270902584706
-3.3257207245551896
-7.9826641356190375
-4.552962808165439
-11.495896934226213
-10.639224426446102
-3.7000937667953977
5.830839580944328
6.125926643854921
18.826418720454335
-11.20829884014725
-2.490382926283825
-14.88641456575122
-13.991833949061885
6.71573877080851
-17.9874176141537
-16.028756016631846
-17.74074359850783
3.726941664401892
-8.823946294685339
-19.927507768095207
13.252736439216648
10.241950799542057
13.62469735776429
5.924257434874242
-4.866475201993904
0.7623544168170753
-16.673339883431662
-13.683674636645167
7.296704726751329
-3.625821655414999
-7.224968340900899
-17.17199956854335
15.396238725499572
12.617262592595182
-6.2503749226930605
-1.4562292812988566
16.31782808502593
-10.504471065288104
-19.67867651372852
12.66335969563454
14.522976864532666
10.633127661212022
-18.473005896070713
-11.048746468698516
11.029856416659495
-14.593369728187886
17.5718751063673
-3.8492863713775236
18.935684430424956
16.42235778887872
12.899645480556366
-7.070544917984263
5.501591630599467
18.87554483301419
-3.4905712168454848
-14.216080085948084
-4.137141675557082
16.457895256220276
19.5723134540023
-7.939143860933546
1.469982313993885
-19.08970846588627
16.20306619120123
-8.79930798506944
7.704619619814427
17.966354374626114
-18.641512406767298
19.17933572512527
-5.272769529647498
-11.921450640231054
10.468135394363362
19.2125012248852
-15.617112736549661
-17.995359528166865
9.680987319076792
5.2660639030345635
15.984463832688228
3.1873421181318733
18.139609286865102
9.726056370574355
-10.095194120597174
10.075644842266183
-7.5637021597852225
11.609364660501726
16.91167711473352
-11.966092144561049
-6.426091477276778
18.15673373355134
-4.208977498090615
16.074257988109018
-18.02011474552768
3.9914613270361734
7.9861096243278915
12.201374134090095
6.002475605272416
3.0572020087419496
-7.434716202203852
6.352364451045357
9.14538385406069
-3.2739819861942436
12.894703470961218
7.526517889066959
-5.124878344490806
19.257857998380395
10.798480763681624
6.3806022186324185
2.787049322738092
7.1079362677634315
9.587309289901462
2.2501614713887506
-2.148478780940163
-7.841446964585344
8.173004529773834
6.658146311530491
11.995474096490195
-8.349908156128997
-1.5972017884976673
-9.166659697932316
-5.398818123257101
-12.294330337016488
16.366876714168832
-9.790580143598802
-12.3438395815406
-1.8180941967105149
15.533504222640559
7.9141413645082
-2.6858535514792017
2.574874407285815
18.61999535629149
-15.193091373072104
-13.637209025628824
-4.436664949774997
7.940329420422888
-14.258482389692277
14.680897007928337
-5.518797755321817
4.279336480477767
18.074973037289503
1.8347266086510494
16.715340267203963
-1.4325621304987877
19.76874312925996
-12.572913200254852
-13.276223280099536
-13.870626104495898
7.197454596869871
10.17332693294728
0.6729897627561243
15.347963039853425
13.642259436421142
-10.86214763418496
19.342950031060845
-1.6242779449577363
3.7169135125642647
-17.098548939222095
-11.686850471595998
-11.395187866834222
-16.77416765639613
-5.106075944257782
-10.228197238707612
1.1008904131166553
2.797671707185035
-1.9460703348301713
-9.214140021434542
7.700137283714852
10.305955611304913
13.432453079576597
4.108176777799407
12.538843915933285
16.884966030102262
16.07198470974749
15.45335206923938
-14.426222189024163
18.220144571015382
-4.689363072470417
-2.7496127500413508
-14.242758535337865
-16.476196119340003
8.041337569732413
-9.421138300305456
-15.055828977552249
5.605981127117694
7.628128803327936
18.35766442289531
-13.012308549059476
-1.2833577354681296
8.280033248716897
-16.093983918858484
-7.929725645812141
-14.569965889785799
-0.23803431956232401
9.884890887596981
-15.329179885441864
-0.9838495023133902
-9.45090196887271
-16.415648278473157
-1.2572740601318344
-11.214171589341216
18.87989651847534
-12.496852578721489
4.6608407449451725
-8.023837913262891
-19.936787857571296
16.241892277280968
-13.839806177159236
19.670925489876964
-18.276604455029123
2.8919551824378047
-2.344065536218416
-16.20616385230916
11.728564100945434
15.093972519283803
-7.169942313214586
9.730153987814695
-12.35662983566986
1.8224001822267901
-10.251404986041699
4.9106553161858955
-11.180341568291784
-14.599094280379227
19.90522675119761
17.960809723723273
2.0466127063075454
-6.651960102734659
-8.537460652259083
7.791266091717603
-16.45634802159364
-8.786201632716569
2.146964254415739
2.703365860976131
-18.203927846915576
5.82418952057866
-13.6926221551321
9.32128816693604
6.528040989370766
1.417330918593489
-4.423253172108081
17.066601099279296
1.4501296458557604
-4.441650386354867
0.4446791948250173
-4.049347143941478
1.277055359137897
15.327043812181593
7.72810540589515
5.150532407312689
9.171864012210293
3.7602113446509904
6.831976542926487
9.188048069482843
-1.902478726821748
-19.58033294070113
-6.099347765785064
-14.731905617513732
-10.543296574313858
-17.731157178218567
13.99942782840607
7.463381792786059
-15.680234034112427
19.710037621504867
-3.621705495877979
4.584845470304014
13.53189682649326
-4.315721663685533
-0.2314261249283618
-18.90322359914842
5.595602680822175
-5.611053085345784
-8.066749548995858
10.966233113780532
6.023331756430785
-4.108039035513773
-12.742040295823909
6.6021224741242825
-8.383528507666771
-5.509545742485326
-4.756694461208486
9.24493627122136
12.33534241936222
3.0140687271624813
-13.154360529070924
13.572963887536389
14.136858015090759
-7.98323442972805
-12.465397135172566
-7.79527468624944
17.42958870744541
-12.23325124144596
9.831183017838857
-8.935751378995981
-16.355978134623008
0.016246952424438632
-17.743316930524088
11.322519112954122
-18.902372492947315
-12.997984731269794
12.269243018267865
-2.555652218004912
5.515760520457206
-9.699561401351119
-4.176774029864244
11.699195335842091
-0.07130174832604297
-5.764691854880542
-11.430786623303849
-8.253074648487658
18.19769631965326
-0.3454326611737244
-10.257817577977942
-4.708994698125984
-14.992335628099207
-11.75993922615822
-10.360893943755789
-8.04772098546351
6.811701288334952
12.260787094846563
7.269858022028476
-7.040754143314398
6.748215219960233
14.241319900956917
-1.8234692880926708
15.440734703667061
10.213099786499154
-2.6084493636600925
5.334532809935865
-4.670968503304827
11.394035142346702
19.78220237905819
4.988759118665161
7.069950461125224
14.714739877130597
-10.615553152001729
13.817375651249804
-10.901626836255712
-5.160140745895214
12.161163750731838
-5.820421742400477
13.783098968183232
1.7865668067388114
10.87853627562746
-14.56529850688149
1.4856885212525768
17.798493069027785
-17.632268392262077
7.691647390212285
-10.122031605768797
-4.571074942616583
10.496026112882713
-3.5180775212497615
13.594227568365184
9.061600252186711
14.151664945345786
6.194243364954222
-14.465774912077745
9.8618561696724
5.381539772223441
7.884334802005135
3.5716835376224765
-12.709101478957763
-13.574768981657549
-6.5397475971270005
-18.315069742108975
2.636079000312396
13.308234559986268
-19.16847460355976
2.45033376788961
-8.987648552325451
18.71965551424738
14.199900836779065
8.549445700283542
-12.507146742618325
8.981038783164387
-19.056446935537295
-6.024323308090661
-11.557181314284577
-4.612836289204996
17.472041519392214
-8.56484348156204
3.6837727429369984
-5.430002947070411
1.7616290851525527
-1.847151771670955
-18.693006446744214
-13.289841511516332
18.49880483428104
13.693566179795269
2.0190750117244534
-16.696995924110706
-10.448538484341562
1.3038897500161966
6.527112831319677
18.063181463847982
-0.8353935717153007
12.814914780299247
15.928926782867677
-16.312788485352808
-18.354197566356877
12.129665439949889
-14.674043385575244
8.144111966838985
-9.305142098298536
14.669503501385307
6.350556414989711
-11.444326716150659
-9.28689508150236
-9.336897469773389
7.9834314053619835
14.714112831397735
-15.484890834591276
2.2917993207937855
18.65104564510402
-4.396602176314959
11.62955372189004
-1.7405619989318168
15.718211859891305
-2.8545604624485037
-17.75639845978834
17.313699575354562
15.692159290253507
-11.447221398823416
7.1222191964489525
19.571053298983337
2.785467290066144
12.886872965840567
-15.207844323594312
7.046338186188876
18.579714990106183
3.3421602321799497
-12.963198292270457
-18.480620024667026
-10.255745017423914
-12.380336495651537
13.688617792356254
-9.25944364867528
-9.264622366470668
-16.343382178145735
-13.208128161630274
11.843416990937413
13.384175450238686
-12.719547559334053
-10.239750899738072
10.358530584942407
-12.242061677786795
-4.238582796908954
-8.019905015741283
11.839266406101526
-10.788280879357263
5.872989265036178
-16.458441559444612
9.953889115881754
-14.175883199146684
2.53026471538762
15.845344173502035
-6.476578645290756
-2.3707305182815155
-9.537223557434075
15.843174412055177
-17.983394389703165
15.04009365977246
-17.911932848384716
18.844321798970576
-9.966821493459275
-7.251662155261137
-7.751578517909774
-9.788965726007408
-0.2935977437502757
-11.08863152984326
10.922500362283138
-5.6060263735198745
-8.473351800831267
9.4862830975487
7.696895768633873
-14.189817556945506
3.001390591513257
18.82400807759715
-12.071656590471576
-0.8439202636748533
14.780752409862728
8.923724618952328
-19.004382002102567
-6.88478617950623
-16.826472518440493
-7.925923779590342
-2.7698505558696453
7.654168827456974
-2.7121794909050863
3.3012662518066804
1.2927246486970105
7.309622280536047
-7.839137134192423
-12.68654387841664
3.2711685072639725
8.531511476212028
-2.827125320899814
5.3119728729056845
16.022254494600283
-5.2419916126796515
-19.05628841205011
-11.301659022056484
-8.00950447094439
13.399503087858868
16.4707521166264
6.232068169139016
-4.436913794885076
-18.332108137038098
-6.5009096733317975
19.26486292987859
10.1152945072253
19.98767828189662
12.061679738827259
-6.637863474497578
-11.281472285046288
18.07434245620359
-2.2353804250066105
-11.933413323130422
-16.44542697848192
2.4599150475277725
8.39110739255576
14.008523733235826
-12.316027765564574
15.10456646005003
14.407004035871239
-1.8544986077490044
2.8027584193723456
-9.298949898931795
-10.296372660842326
18.486732486478225
6.6923407221377715
-6.517038397387992
11.38930571388185
-15.172837487077487
-5.590759142496143
17.55292580858827
4.346406022768285
15.33023771409492
-6.062850390128457
5.020365295940671
-3.38313370928217
19.532924515315628
10.607652301195685
-15.282303341569254
1.854212955094372
13.48455915663633
13.779154148009276
-11.854363109351178
0.17914698246841354
14.476922738756443
15.869842557861688
19.166954828254475
6.459595632687684
-14.81562377741895
-12.744280118392957
13.89826412103308
-19.792157995813888
2.710285082413261
13.637989336224251
1.3293228050147299
8.87153350011851
-2.5125029738543923
-1.6823489789453205
14.77270493603627
10.014087402598904
-6.322624286094047
-5.594011821745077
12.199929951021545
4.963347446633399
-7.393187005811402
12.632529241507328
7.401894770569054
2.495444611215163
2.1118129999012965
-0.36627273975601327
-4.3446694205672785
-6.689341451238073
-3.711344075424286
10.489622184452116
9.099741871426012
-9.297986826655507
4.6500622861427345
5.328184334112187
-0.4330786995152067
14.649365643322184
-18.222821084294267
10.575183111856944
17.32009096843194
2.3183703697701894
6.435607445329804
6.554464782226546
0.8640016346453621
19.73463795244333
-19.949977249592543
-1.7012527109284576
-15.539366734159689
-19.873804916474754
15.358681209511118
-8.982139934372073
4.266063719342409
-10.974923034336882
-16.41117539263925
-2.0799081599828355
17.84744767156552
5.127116263190157
14.407761625564213
0.5180010729922593
-11.393646134018724
1.0067466089438035
18.184313203381826
-17.795903978978473
-0.2817191903477152
-13.595951895751464
-16.87264845813472
3.8253306749710347
-6.550650992302657
14.901774189445142
-3.0087720089914107
-8.202749119495829
13.257601359436471
2.202917561551917
-5.557702277938986
12.719198736515203
18.442816812334883
9.450037138533808
-10.300506169658021
5.248648328576234
8.461723408664689
-9.466654773969063
-2.1885659895925222
-19.942803244168488
10.52936258630707
6.285279440870589
16.469113806553366
0.17276354022192209
3.473429496540085
2.2236579573127635
-6.757078622644542
-19.529618131030382
12.045942752581603
-4.930888440369889
6.614171334491402
-18.301205937744417
3.5252152905749092
-16.09015946936168
-7.280797482396295
-0.6330439274402551
-18.383618329246705
8.180400832985
4.837867292497307
15.76093825880276
2.0076019127922997
-0.42981357319611035
6.176413564036061
6.09846368026334
-5.717451103387727
8.935574414842684
13.620183715943085
14.024428387358718
11.541688110149785
-16.745836605119024
2.156703247290995
-11.230614899136523
2.5325384028936426
10.299509443089029
0.6152847000173942
-8.488049017447064
9.230491780221275
-4.398805877599607
-5.100191773432098
11.882705184464331
17.711043699513517
-9.438652236314585
-4.703113808382398
-13.081293550528956
-17.69025746585923
4.8238883543815625
-5.2408633254326595
2.4171588017774255
11.390389891937179
-2.676304638011004
-9.666721087508012
-3.3251565144269257
-16.04095350906998
9.053664218221954
9.127150148407463
17.33935156336615
16.828808235464052
-5.889811353134409
6.858527896788516
-7.590978621813921
-9.950819477828459
-0.8310794004078303
14.602546311532052
5.417300584595242
-17.384556422858324
11.36060448986889
6.345020903983489
0.9724388793680916
-18.828202979859
3.912157868971647
-1.142864076138931
4.3194773172734635
17.757670597850876
-17.86753960703589
-15.369454887354848
-18.295501823930742
-8.636441454884466
18.40227840109221
9.481039017040658
9.200540931652668
13.023371813719066
6.866432931680528
6.283950089941431
-11.300872372499793
2.336951721013037
5.3123612287682995
3.072542609998603
-10.77821110068571
6.482095915726333
4.32525834992067
0.4039819007359
3.5060984207674935
-13.20229191835046
2.1007931154630484
14.677402021731027
-1.407017674429639
6.698715575978063
1.1625239030219419
9.980297837345063
2.5776241988740765
3.099997034982181
9.08965246792588
19.925447475509102
4.0513750791839875
-19.77271405045663
-13.208027710003854
-1.6489490770989654
-14.133212436450204
-15.673213130422727
2.9586864005492757
-18.11726450419873
0.9581360838644102
15.48735265443711
3.7780451055165862
-15.103567521732867
12.438821572924056
8.341883468808074
-17.103498335213878
11.948318519834551
7.764824657092795
7.629932080565105
8.73351701823859
-9.235280186165046
-4.286285904909173
7.060897691726481
17.97911821175832
-3.524481481030371
5.7434051751675455
-14.88955320603421
-18.774418989185687
5.980062467170789
4.758642162065119
-18.005180620962314
5.367419908185013
-14.263741134411227
3.858500459098373
-16.659932442012586
11.076288847012322
2.6258221988726405
7.287590123478466
4.034382874930618
-16.770853054286775
7.423881129309095
-16.17823313734478
2.6459229909397592
0.6038315433289121
18.858279710385958
-10.01239333714281
7.248434588288461
-16.096607375085128
-9.07234621453818
12.721914410399016
-17.789506050020947
10.879109189473755
-5.388803883704462
-1.5115561045613326
-8.820342519558517
6.33697037604496
7.59418828151027
7.92012034292204
15.893226900551632
2.68882735233678
0.5684254786373586
15.527243093964572
10.267165935226142
-0.13602943700606218
14.05819469479355
-5.878070239497539
6.117130205847012
9.999996402499661
-6.615028670370977
-7.694455330177954
-4.103221737928493
-5.7053219873878405
7.479704028426006
18.64228757033372
11.820922218253358
-11.11588869089044
14.490718804137835
-5.271712707741187
12.23095821694605
12.905858315100879
-10.827150892389362
-2.3193806276668063
9.875702600365884
-17.692588131129572
-5.157580929382558
6.584893314399348
-8.221016590688905
7.445268347124504
-9.795989500707108
-5.1471990678769295
8.802106587362086
-5.71998682475769
11.752426668980867
16.571626276974676
-9.940535586507199
11.599049811203589
-19.595075151480096
-3.8357649780884273
13.32470316604359
11.636491099604719
11.614533706996344
4.737684537703984
5.837514946394506
-12.793267638301078
7.900479534738768
-18.74369021858438
-16.290340484850837
-15.420268788742352
-6.923261114115302
18.913506368501707
19.46295908379961
12.629802923077357
-1.0869370240759153
-1.1802755579317825
-14.552355561065738
10.180552436213134
-18.165688461858625
8.233954139109194
0.5096858258781296
15.252392249469743
5.625205581494011
-0.6612214243834735
-18.225871793375884
12.244172619162732
11.028220682768534
18.35506617640364
1.0285764843509568
-1.227434714852972
15.45051314250194
-6.355100657899273
7.317391834971186
-0.18071467097083982
-12.063204863955965
-7.207773549174949
13.512234755204076
19.813536468034442
4.17694777740326
-18.397256803814507
0.4526658603803959
15.36064742346015
-2.203572943823957
-5.367917559840411
-9.304032173235065
-11.296410337872906
-18.351834593419095
-0.4508627386301569
17.395881037687772
-11.880074396889025
14.304701175271248
-5.184784586975031
-2.3589038863841125
8.998048638014367
-15.0484283693689
-8.490407240751999
-19.107292634121666
-13.950461223944473
3.634678146296835
-11.080768955084128
-18.17975886684362
-3.259463675166497
16.357836173175016
-6.324884501911061
11.150172752089922
15.87861096655648
9.25551175715465
-9.153705823447744
0.38502495131368164
-14.69357295453738
-10.550892616068218
13.231145974199045
17.264131121627777
-13.27874256778102
-13.32746344367516
17.62955946403605
11.845447430954074
-6.537984003058126
15.855012552932543
-18.23022722075897
10.44982379447827
12.127719817922433
-17.16013840831995
-7.258631819328457
3.7025359350742377
10.519710611449703
-4.02050668860705
-18.219665805774312
3.9518984159489676
16.612932938348855
17.941493152515648
-5.661907639634375
9.881388384833286
4.13949777562468
1.4722896441014584
17.202919842957833
-9.404820087126744
-15.268744970537206
-12.962595689141136
-13.163774414670613
5.760083258309855
-9.145480424450444
-0.5437955868916617
-8.927421492534622
12.573027191557983
-13.930839843954338
-6.072908260358449
1.5046148230481258
18.66881437593881
-10.513242801444349
-4.741969666928769
-2.7323201830162134
-1.1039903983576167
10.367242706315348
-9.952301646459624
-19.335483568345396
-13.747082572336371
13.464069000299517
3.8502493581699895
-14.373634275922553
-0.8363047497694289
-4.248230520045828
17.295449749614292
-19.05990062228106
-3.3352989356512133
2.872976046450887
19.320908694188795
2.6863335529074988
1.9472027586927894
-19.625842293069965
-17.8069059554291
-13.549170979087668
-19.38231922675364
1.9332207399876182
-6.758658190509257
-6.743515560651851
0.3771401630323936
11.792918778479407
9.93667110794124
13.288979217711514
-5.345262749098779
15.970940907619799
-7.17749936691709
5.725776040492271
16.25021934088889
14.252839881049226
-15.961946434791594
-3.508073072582061
-16.39917031153552
-2.946973080659024
-5.749468754088767
-7.626001504045842
-17.916366463139504
8.298508666717357
-6.858666877030405
5.746936093028815
-10.392322918913305
-0.4958493271354705
19.626472788568
-5.690115211657915
19.2666359842501
-5.249052500125359
-19.22478762570474
18.426099995804883
-3.6986717269709537
-16.20241493595012
5.2327741717729666
3.544847956367633
-0.43220689681628244
16.643504172143295
-15.855195131099693
6.2255759881379475
-13.832032257850045
18.76058391571015
-12.486828036803406
-12.507178624303501
-12.969008504379973
13.804502208504601
14.215335670428743
-13.002487008756063
-2.6537813723425394
0.6761992984197747
-14.502992952017802
16.591995122408704
-2.9891951392082348
6.453994219210163
-14.032398914914776
-3.6592994250933373
-1.4884853647236298
12.982448751930853
18.517249014809067
-16.865593810076867
18.021422600409267
8.587354585583977
-16.390508326806184
16.711332293472893
16.595038469609882
-0.6319364889614967
-9.564134221320932
-4.756088544530993
9.921791476773137
6.070819444909127
-4.494567103281387
19.29595125174754
-18.61463557301846
19.3235071345311
-4.028983022882491
13.527828582586523
3.288997192620137
14.852625807950965
11.802400848671862
-16.638716298039583
12.798853262925057
0.07211888462254734
-2.2197270544239203
-10.552458665204911
10.92329315541841
-15.505217324235051
-15.313483123171952
14.050722277390975
18.645281751916045
2.712872225438101
7.950345046614405
-8.478426638960816
-12.316266713133285
18.576370810730268
9.72196999122287
-4.907000149363991
6.711069988234595
-5.5661831729228375
13.782993293453593
9.775608158532215
-6.929548840429334
-15.424148040126472
-1.397579237616256
8.992844571608796
-9.837442021530913
-10.002259808238648
6.134451564155899
-2.107215907350259
17.99100187393092
-9.620395688773025
10.795136992384826
11.67778736232507
17.085621166879484
-15.20811693171581
-0.8843900267014035
16.167515060182538
-18.907185876987906
0.5360086928138621
-5.011709111983912
-4.960423967836739
-6.885024716329063
4.329098340038662
-8.365452576220562
-19.31332246047273
4.488484250559921
15.040068347460142
6.6016186612216
16.53518143334812
0.9718390588049317
-10.0030583910657
-18.730592675321006
10.463104414225967
18.956754421088718
6.128671275829536
-16.88108250296741
-16.24945792042872
-3.3319473618508724
-6.712372307280287
-7.793522473510874
5.217816760495175
-1.9239522759829342
4.402653769908692
10.391515546712512
-8.047916706590224
-12.733433968835946
17.29167168547731
-9.243019271231091
-10.654822130578786
4.327263857298178
-12.573038204916083
19.835884035415823
-9.527657594756924
-8.088965177002908
-12.833852402058037
19.99376979960723
-10.232546130477758
-7.881906433492304
-16.44167371281902
7.694351998188264
9.073017844278105
1.9934162914167146
-15.845455933008793
-18.10876328917803
-5.122751172750419
-14.101003133129147
-18.335609690689722
5.488845159799869
13.497626823407721
-0.8904230895270651
-3.1907624661084846
17.303731960217057
2.945395900908462
-7.928621090749633
-1.1981458903843425
-15.651055575485909
-11.541300979194386
18.28757947653058
-17.39045110560921
10.386276756261047
-15.991007253329371
14.145518187795332
4.871098391847873
16.836233232722854
-1.2671524967327308
-18.827683237021006
18.236839455793778
10.727485487685474
5.903906037336874
-3.1368855661246933
2.917565334192286
-3.7434898732407795
2.1737712924693184
9.778484214670545
-17.534961620120182
-0.13072089100353423
-15.629590288765325
-19.29926872760834
-5.877675134189069
-11.927371740299058
5.6483864557994465
-2.0317703694472016
0.26849280578932166
-17.600364046418466
-17.26986143157012
7.2347648418517565
2.4349604617629055
-16.477209773567814
-5.091600555816216
13.863940219077598
0.945211821305513
-6.74811327041124
-7.224061769785827
-9.415630766437282
-4.724301255668944
4.080326793470732
-7.656812056931525
2.962056286370796
2.7719578902189212
16.074880502803943
3.2097978806073613
-10.17734634309933
1.764308880073994
-6.326683004535427
6.540289903702412
-9.422959146961766
-19.40996740567263
10.839408966264486
-0.5557260549680478
-6.320015276008672
-4.852703288781726
-10.820512936182109
-2.1831896982068457
-12.714246981042017
15.589268901300578
-2.5521862300611105
-10.806927972394028
-5.250381913416566
-7.1667937191580044
12.953059316336756
-7.770337803392886
7.219190487111863
-4.923596987336637
-11.396639013148956
-7.823260584718611
-11.951308996338078
-16.225467620705803
-10.783934473748635
-9.039968845449433
7.25567025278794
1.0577454006325766
-6.640993767707716
7.326798953188284
-19.335806442894018
-10.770471513218215
8.27197202813391
2.33572078727061
13.036011133423308
-1.642862868565853
9.881662008151181
-2.2221283058290666
9.134136540502688
16.944610613760325
0.3361570974555015
-3.2508948762154155
15.535682170515635
10.187449091150217
16.627059096431736
-16.85112167849598
-0.9205885224317036
13.124270493164126
10.398552877230959
3.197440674178523
-0.9484255315153369
-16.43894548166276
7.880908546125973
2.7496751575001035
12.53111399203641
19.479740806385514
10.273687855246845
13.660457749072144
12.577580940032583
6.093845745053915
-6.254856338752912
9.720533812036145
4.186706266865489
11.891662792082009
-2.006926581117238
-12.317165084801346
-13.8670506723826
-11.643120930517728
-13.980477368165873
-9.28389133504198
14.617707681214242
-3.989017290417486
-9.04388141136244
-6.563520933933216
-8.771296118960926
-17.18036789417792
-3.392636423200919
9.220709538041561
-4.7155010826557096
17.772922948162815
12.626728155861684
13.739340998163819
13.693988926077836
15.14615081993157
2.5514888567775955
-16.948178355752276
-17.15279721849077
-14.110587912888946
-14.859124663761234
-16.02903263446685
17.591276224805775
17.248165521401347
7.588792280957399
-6.207010721146755
11.597594407844312
-4.8664163225248345
9.035433666102143
13.238370565630717
-11.1873744773624
-5.273689046697685
-9.82322889452389
-3.503013200377282
9.879577383748426
-6.148115300137933
-5.9352543704391
0.22227595000203593
19.851796105601117
-9.28764503106299
6.673876949375362
-3.8409600030446356
-16.986932949630503
11.566391363311155
-5.5817477384953875
-8.715723689484992
16.543016664749025
5.625254108966367
8.559389533526158
-13.954453205562526
-18.682084637564827
7.343623902696574
-14.938134800399677
13.890784143607277
-7.25282640274914
-10.029175784728452
8.391064463843257
-6.515686207727489
5.239205477142008
9.832981174834043
13.940860105384601
-4.961884379194256
-12.71361349864414
4.186556138411682
14.294797716525302
-18.579139308761956
-3.868873966257567
15.25040262457879
-4.173822348772159
-8.695392440633803
7.292215584871293
9.367574620079463
13.88274156105733
-7.482264790241864
9.787253819779483
-2.8449467328772684
8.237565949124633
-11.963474896454493
9.643794461558883
-8.48036516282303
10.765078151709986
16.038452132210054
15.582777522944312
-4.309620892079851
9.823756959976492
-9.37981005938315
-19.453195997140842
-17.419757969767847
-16.217118160576586
1.1152439903192217
17.139442150765312
6.612667899225805
-14.431893767057037
12.582181358577515
12.834227441917562
14.475648654050623
4.153683154506432
-19.42153086734693
-6.571096156152638
10.52942009318004
16.870506030536532
3.247364959010195
6.961587424314697
-13.079353412982847
-6.752276701415774
13.188410792293944
18.261612827311083
7.9831551999306605
-9.255876640838693
6.645882771643695
-12.741421595554016
17.148849409375224
-9.062440453949767
7.287320786414632
3.633833836964378
1.3422511966181574
4.07953566139923
1.9535465969937427
-6.205760262170417
-11.109855668208958
10.012278578176929
15.971213767854358
7.431631765760539
10.32786742833812
-5.3160324734078515
-10.873736922860715
17.782597554869035
14.764184628552847
3.439790528603659
4.568943524342881
-14.294579481007608
-6.024915755434428
16.479073604090708
-17.218249023865685
14.30388921091761
10.762465539405056
4.676541522368922
-7.690151171903153
0.05737082856084541
-13.987985966834628
10.736658843342699
-7.484818192941347
7.175336836827068
-12.457196478701555
-18.819707535542612
11.564311333723452
-15.048730205666526
-19.387141736511197
-10.310210398252373
11.061388557083344
-9.303187315302042
13.506553040778229
-18.15537965420567
-8.740536080025239
-0.22124161145949017
-2.814102345701542
12.464182589171742
-1.3889631570693979
17.692713648386608
-5.114095216863941
5.681106220436746
7.697509256506521
17.91867915999682
19.864584034992994
-6.824583038293879
-10.220879113416682
2.1524028010780825
-15.153348499578602
-11.251859221478977
19.09930731370926
14.441808240048047
-17.294278828131308
-13.850911991887793
-15.822485147172124
8.031735826628854
-17.710709472184014
6.915133563467197
17.01577603904075
3.271208163262287
-2.806148276497744
0.5560546773462036
-18.336465194511746
-2.7909502223881724
-17.814015098094366
-16.777718029779937
-19.789492741370577
-3.691395490927011
-0.29525681725217723
15.970167343628773
12.304935630505945
9.11263483066299
18.416929306723652
13.84348397847831
18.614938435494686
-15.987175492028175
19.34673907900256
1.3097886783573642
12.286905767467026
-8.222938296361399
-0.26462239752751415
-11.200868964399003
0.5560183250274662
16.50107242789103
19.75307524786112
-9.755197777505744
3.4306487244161623
10.486977887764617
11.053943566900472
10.568154702743648
17.440606327511986
14.944728749208373
-19.372745658502325
13.498024458317552
17.07121603904232
-7.852131833895108
9.327572077732086
14.54917116507913
-2.993274117056135
15.567444449989921
-9.580409400566507
15.44334823953681
-7.013796043015947
-12.073009429206923
-3.877605076053875
0.6554386901309144
-2.9261584878516658
-17.57140909438107
-19.255121502347894
-11.373597838355213
18.493246318962292
12.396202239320182
-2.158954596681024
12.062658965105385
18.215826218625793
14.298125370571348
-12.519989690828472
10.406356202425183
-7.247112206231225
-7.126779383538114
-19.426277985222654
-10.491608479945214
5.733173817615199
-16.343107851090565
4.582067069000274
-15.67812384969728
10.122727378007891
-12.09859157261893
-2.308768761032603
-11.51833045705757
-17.709770812918787
-19.01779931972756
4.764478802415706
15.81232454592137
4.756176737852709
-16.67873779835557
18.968831953431817
-6.9543740345265626
19.77869766364895
-7.316672831064594
-11.593314934914268
6.4016477475014
2.047827991394577
-11.443755430020257
-11.930862389663242
-19.837499993442712
-14.272079957163752
-8.069373986233508
-10.342036524067733
10.63738130632862
-18.899499468891854
9.259513703452399
12.551446096678845
-11.799753467307937
-0.9194558555404733
6.7944493836603925
-18.88923453101007
-10.365951550640027
12.700911303310974
-19.7293158764109
-6.600256755379895
10.830412675417648
18.889925639040456
10.48424755831406
-16.172392147658808
-8.694319963675214
-8.327969097820356
-14.499688622494041
5.258942258488126
13.247964313038231
3.555189691474663
-5.442463016517159
-9.028780885884785
14.562086066804284
-16.001904798788114
-7.58066726210599
-13.684977900092953
11.274826789376462
-14.85888020366357
3.840129678119805
7.18647400732938
-2.475078360648503
16.705836716035442
-17.72122336687289
14.629787240148339
-17.438510798796052
-2.979230320518429
-10.016513881363597
5.992767157570608
-14.40387094212268
17.822502908447582
18.504974465612214
0.17344963391240142
-4.255634740579959
0.3010179546017575
-0.5983556700884805
3.647100735538867
-4.731391987443253
-10.779643073723623
-7.230050784325947
7.683886350883533
-14.954812570864355
-9.654288102869142
0.8459014209905256
5.105035141219076
-10.090091928284878
15.843029584438675
-1.5746220718384407
-0.03435383946657211
-3.6686954620466707
-5.761976387383099
7.0634391198560955
17.4766626074978
-8.503272757067073
2.518016922624824
17.782546402118662
3.044916112183799
-18.474075711875937
-11.04846152301394
-2.3735489899071993
18.447554413952737
-1.068146356009315
-6.136739532750735
10.760271194537061
12.047081154108582
-16.49131800730936
13.951065806749654
-11.715804188351132
-14.538979362462886
0.20864538568617164
-1.3324747123896543
10.7140545527453
-11.247091785224072
-8.812351193552406
-8.147377012691681
-7.735505828190057
-3.1751278806810355
19.780646499105146
-19.064404191753162
-19.341291157589456
-13.617554350633569
16.919639528716857
-9.94487246864885
16.83601740626998
-16.63250342766332
8.106555918409164
-10.331766254217305
-18.325508745994064
-9.40442688668021
18.59689234864146
-18.314012899034996
-11.95320628559851
-15.479398143502753
-19.53376795697173
-18.912340190789617
-13.156857900867823
16.16290089335206
14.191804513013025
16.523599174092134
8.077324905388213
-4.682203128056228
-16.444141478046426
-9.093104335736308
-8.626012588601576
7.420094257479079
16.733581168168612
4.34488268477029
-19.14002840546209
17.96789236268164
1.6389652160867385
3.303174754172268
-13.49966774344563
9.801705929394096
2.65337244727408
8.383628501366054
-2.2896272432435403
-3.0389450037177603
3.5116683868007144
-4.043836562262566
-4.972902547395215
-9.046679187941677
-2.717064026871764
11.777780363819272
-9.935653712194558
-3.446905160759435
-2.2043720175748938
4.240439532410051
14.179949935594323
19.154761347409455
10.278339084173243
3.706844553022645
-9.762713048812813
9.744073876597842
0.480803103492061
-1.2617509740418456
-15.670236081824234
-1.1158699468110065
12.457497587900257
-12.28346745250036
1.6225257679393401
14.631293981673927
19.91470937404665
3.3886970293139314
10.519656439980473
-4.788782726460452
-15.929365328376623
5.527680865522406
-6.696073341566189
-14.62374572187338
14.199436748959918
7.044084783440891
7.3881866057284284
-18.099923823281742
2.6916673479333717
17.776801903511732
3.3451787199477643
2.430808583616564
-8.797494169764285
-13.403158078139889
-17.191022243759853
2.271760507126473
-8.759619992239337
5.277873668593575
-5.912121535153631
-7.257761462642719
-19.920397052127043
13.414111386107479
5.726229275523057
8.02299589748177
16.863091833183745
-15.936587288066871
5.111299380712019
8.925119541653665
-8.123538301543256
3.256097013064675
-11.492446978916417
-12.123998620275511
-12.360133437092301
-12.955681527688956
17.535354098370767
-17.043993487699424
4.919680826268873
19.75949563834901
10.25114525580678
5.897553927316185
13.239522985626394
10.40936862344443
-14.981447652344917
-7.202606421307376
12.813149614094492
-5.238505570970066
18.37277413631753
9.225844158970485
6.156445436243519
13.521406000581472
14.313548824738419
7.312729858950849
-2.844341946148159
-8.3978345686273
-3.796140933933671
-12.746923624372513
10.69060869407004
-12.92602219339039
13.574782185910742
2.716344862674088
5.510654334286098
14.200518826573017
-3.734501703606181
5.249438945725892
11.535437333751446
19.063979526425747
9.967498502161824
8.569432655435794
-6.371726729250575
9.784044307365289
8.633561027250533
-12.641525099361495
11.748875651066221
-11.301028889888439
16.6272290075732
4.0268280925448785
-19.42583195328721
-16.66367200894557
16.259821827238582
10.826741275541195
-9.636422377354723
3.011416017111358
-14.347691912937023
17.418008040718405
5.054457954031616
17.291397213497547
-18.823286358637098
-3.5274844214912733
5.110770202819005
-6.201739304926242
4.65927628338072
8.406313845771752
-19.80141717290032
4.662094193924851
18.00254407212153
-17.182462203308482
6.975843544797591
13.252362033832682
3.928953517720821
13.466866211570746
-11.826175542196381
2.0903365108951455
-14.429325236171962
-0.2906120678189126
-16.1106500296438
9.228270277678732
-5.596746568669321
-3.961646827347117
18.853220342298243
-19.549315586087413
7.889158294041181
19.438390249607764
18.27932555135807
-17.57283091362915
-18.19086077124424
-0.6927162715184743
0.5306409684559519
-2.038575809027307
-19.235514464339705
4.364432266604741
6.9921530817516455
-5.6727801408703336
14.15397729130867
-7.025263830876725
-4.110735080540259
7.393475966588831
3.8918752829930945
-2.5989363735754942
9.007153383547887
-8.551908461738552
-13.817556246353298
10.448639788545819
1.3340307506545201
15.744043951086532
14.169793619520632
14.930067123935288
16.734025981921675
13.608451688228065
-9.837839312223299
4.040720444069713
-6.596118518595148
-7.496133088123269
-15.052770287910256
-4.245204835404465
-19.59498527156802
-4.285142159286499
6.678530757176496
-4.122742996713015
-1.4334857528777007
13.371852442581172
5.063108232303403
2.434818580256607
-5.618476141576707
-19.336873031384016
-10.132094717944916
18.565880875069766
4.348964324907577
7.631806925512702
2.81593396851229
-1.3674436646344859
-12.660360653957632
-12.466719785365674
14.421850970993297
-11.460748230795236
14.092445137141162
-16.187452565138635
-14.81754280397622
-15.599289135657948
5.4687231293139185
-2.0037773927777494
-10.234844989733833
13.143148201010163
-4.277725677092832
11.552348830653205
-17.34507940224042
-11.687620854865642
13.478681016475143
-7.71308415335608
18.580220071074358
2.571325199470916
-0.7650522195793528
-4.025176130477583
-5.849103086446359
9.630809487931668
-0.3586922529907888
-16.17650869507779
-16.695684195595973
-11.712998064935793
-3.4703909371329615
-16.895504453536564
1.2825974147808452
19.159332047577827
11.50763946173035
14.887693905179134
-12.811176061110858
8.05794065945177
7.9835716613507515
13.569948332507792
12.058862438814337
14.674380058295704
-11.98383241694052
-8.120491025331402
-1.5176883445057072
-7.041656500593728
13.966932142837251
-16.964686005285017
-13.021999852293034
19.677603480449463
11.075910787066864
16.373324567499537
16.67968573406094
-2.084210165908374
0.5399352408404248
3.5348279553121813
19.61311421920915
-1.3368213716621469
4.893527111373238
-4.861527541933452
10.884968806721645
4.425917300797096
7.201946858748439
-19.29971790098129
6.780867611184366
-12.92485439211466
10.781611838551814
0.7591990035105347
18.889717938885234
14.79194670892236
-0.30031104018517496
-10.12730256063656
19.71035477185187
-9.733127786893775
2.2855121930905966
11.85814311944375
17.484896592021116
5.2425316241236
-5.416863103386028
-3.0417858429179248
-16.89273289268896
-11.536025562821424
-18.906800939776435
11.787576376479674
-3.7646289895870346
-9.520655504787307
17.17096543045968
-3.5736220144055153
14.714789521414517
-19.916632280837348
7.203747491735406
16.022289753735386
10.88966889285544
-0.703566443421586
1.2233052276592389
-17.267859145094192
-8.263320190696355
-3.425018103222982
-7.427450000928012
-2.7020594583803543
7.3396506649562845
-3.48143455426602
15.560145332033564
4.644335514113969
19.877333707503702
-0.6718101657635032
9.999354274460334
11.346309913665227
2.1615761349244806
-4.638082410255437
-0.43164115126797853
16.43294564395851
-14.334673525403097
-10.858470926250723
15.194788798980703
9.080671559158631
-11.149959149478473
15.249179760096311
19.64657873680386
-13.049074587127137
-13.41865398144054
12.736341979313138
16.91516603673709
-5.153110099361786
-4.653596974902987
-0.5318261255517065
9.634230241109535
15.250077051703357
3.0899614994332367
18.290921721229225
10.246468161368337
-3.4048037621117615
-19.492133876675094
15.254257640031476
-11.864516842484086
15.64312851839717
8.8163555575299
19.006915028407803
-19.972751275643148
-3.8885100568235167
16.69119265657816
-10.165200765434527
-4.889677975786672
13.34788255562222
12.780058641429953
4.811158825221153
-0.22134386327841682
-18.90314897815533
17.931630167560208
-11.920584941476937
19.771113936500782
-16.789733090740423
-11.87488225319611
-7.969741150295455
10.93701766648369
-16.763373607917643
-14.037339467465081
-18.374991204441898
0.5217734264878047
6.452511931967258
-8.21412146248365
10.941472083314437
16.507151267797227
-12.304759928955647
-0.4758990785775765
5.942854398505922
-5.319325014332463
-16.094267925500088
-13.844729929775852
-2.626172094466071
8.353216759470111
-8.830630658291327
13.89993372357813
-18.062923256964176
-17.568616416766925
-13.871448304332926
16.462839419286354
14.55140361445416
-11.363487813466042
6.622291743059865
14.988241006218743
11.771926870817012
-10.757046401086203
-6.333512100603219
-19.70785825689496
12.356913672655672
5.423925534450397
9.64537532436809
15.087177775874565
7.19296328629353
5.650398118723757
-2.2093325130569994
16.47567425389105
3.1733068490950878
-10.33493918247097
6.037835409397438
7.9250063390719205
-0.05024258471632237
-14.854739103788695
13.18892226882192
-4.547314365630841
9.449464133983476
15.400842193351899
-19.72507016596969
-19.6866007119497
-14.907104609026845
-18.56957137858451
6.164108063953179
5.064563814078152
-17.343629187995443
16.97415527630711
-17.999178890883574
0.29945472025916686
-13.261203031306561
5.793146003273392
-7.937171739069866
-0.42526901678872164
14.136081767871218
-15.775804810358744
-7.079626722754906
5.467227644310924
8.834401804060423
-8.017009632839272
8.305530082079041
0.4417978892255938
-9.800844903151535
-3.502307748902723
6.843623987877333
1.6376373161800686
-16.987856901971025
5.443635547076752
-6.157530370343359
16.90316473181879
12.919021179193344
2.934738307007425
7.52955512162595
0.3372505723156678
12.797865402898118
9.45203310460954
18.000730555195176
-9.37023821251036
15.64629826156667
-14.096053191458232
-15.806428228544513
-15.677351241864134
13.157858135260788
-1.458602431857031
16.917965782843034
-4.948783520170675
-12.646780607287553
-5.843042518519104
14.380642474561071
-5.790577183730679
-5.422668968882682
5.281117318725485
4.822998477072012
-11.847081230404918
-8.632964132294498
0.7261294450568201
6.113146135999031
-10.813598936074014
-13.34986485019801
-4.667829325064039
-15.108347808461783
-7.17414397076897
-8.957090981166989
-2.3177184851837715
4.401892022889953
-2.054517940354714
8.65648411982038
-3.4755858437543523
-17.22083568623694
0.5270651624453819
19.62024092834752
13.038087695356644
3.0441676475142607
-12.253805254409254
-19.221730930481314
10.519518227909145
4.288351794304877
-10.162074808037328
-3.1524289763938107
-5.6687443237461785
-10.618217820621187
-1.1071688601807566
10.374455832314379
-2.1566641153140935
9.154023629577491
11.446865303925698
-14.22373993583292
-15.681199261128356
14.109369103795174
12.268322171268025
-19.01095630350428
7.21514743054945
17.41400481986274
12.148305027041417
-15.212269911549505
-9.528343077867438
-2.1131977270308653
6.496243863837844
-11.421690822635178
7.234165127937121
-11.842922630604885
-2.7360602270922563
-9.332710022973485
-8.454148979070046
3.4285903183430086
-18.169377524499957
-1.7496053970495424
1.6892032216102635
-15.200410933921805
-17.181579600312546
-5.088086829270191
-15.582523674264639
-13.679260911413493
-0.4225675216109792
-2.6366706871754246
7.4861485478954926
-16.33785421084486
5.956582846165432
0.806797471936239
12.658727104900755
19.936778055822792
-17.20283930623809
-17.61603063394064
-15.44173225291023
0.745906754865743
-1.964290084435607
3.0475049470689584
16.97240209606047
-17.12732620402373
-15.149084207318193
5.0825776342841635
3.8134267913056163
-9.778469407601964
15.178596531346301
7.230457916833082
12.795839006179065
-7.457442768709237
19.014794815718425
13.333119131570633
13.779802698529487
10.601779258177793
16.920824736864944
4.57821709910208
6.7563917784037315
4.6749193093544505
-4.594005711128876
10.955752791424501
9.733410114768894
14.32730188322791
1.2050545949547313
-10.908329094379594
9.278129195992758
18.3849038223467
-14.526826435664834
13.691788930055345
-2.009497220771305
-6.6763109458815695
18.890646714408234
0.7867072225537299
-16.075585920080275
1.898361086105961
-19.46069455399865
10.405564059575969
-4.246077017821971
-12.06390876557343
-8.806768905475554
13.653742961902438
-0.9571494069361641
-19.00154860492036
-10.816152676763284
-15.554611677623186
1.9787088983363788
-15.593678728727971
-14.756753198056089
-5.33450041668746
-10.65708052832164
14.105360704648973
18.989725363895282
-2.7708550094249205
-6.635442526316059
-8.649220720421322
14.86244588517723
18.443121026309647
-7.250220020004878
-1.7964840319739075
-7.93732327372998
-0.07298447041381806
-10.637437243608844
-11.147003595903776
19.331436865575746
13.513500932036862
15.649426428200591
-12.693957267111614
17.6707914446122
-13.326415083552448
12.304237114955086
16.64731892852089
17.765047827361734
-5.284172464584902
5.874027327094563
9.788930827254795
2.7089548717379515
15.707812659410713
-14.037239571076721
-17.27559353718343
-9.177176278194201
-18.681889395207687
-4.5659275345647465
-18.042959547938345
5.947435593897751
-1.7216117754297713
-4.294411339914124
14.766644454185645
4.963747508199656
-17.054017282022947
1.448064366523397
-5.050476969317073
-9.034718080018887
-15.128322038942038
11.961917761363448
-14.040222893808934
19.482730049873282
-0.161252970356891
6.016712218875714
16.934676305042473
-8.106247662134818
13.34574893508568
-12.522308529577927
-6.903415276865585
-0.9614184266469437
0.03346482166421083
-7.968008984256043
-4.294568750754152
12.0350478076531
18.505826885425044
7.123906396105216
1.3104959492869028
-8.221978160636919
7.093765202116039
-18.7717478937821
17.936374365095354
-3.9267459946791377
0.9411818300560881
-3.6215428208298235
-3.0784237208151985
-2.2741878426689546
-6.697757675298458
12.309996097376661
6.355010933732665
-18.2686863061971
15.50642362103843
12.029427578194088
4.454920810124673
14.855537677478424
-8.288557858767849
-11.496228457265648
15.73876777964702
-4.600505673838352
17.16448345825934
-3.9711834883973154
-11.432616945160511
9.185659299379832
11.180211255878753
-16.604242253172124
-17.31123378376891
-16.736810077771832
0.9432591055924142
14.04060314900947
-14.494723368033133
14.647284970399369
10.52422836090685
-3.48355671750285
-6.681577837333954
-6.4308606240387345
18.547090017935716
17.77504291491512
-6.899978013719114
-2.534609256478106
-3.2580675160207626
11.195919589875288
17.09554985312822
-16.60224550094658
-12.133045069753837
17.33309714584142
-15.356182698153585
-14.804943277022705
15.782214908783075
-11.269091349484736
-11.114405027808573
-11.725440199732319
-14.200426993163791
16.071610948199456
7.277518064542633
4.812615425222884
-6.444526127769606
-18.106950703488845
-0.3790229502581539
-3.0702334693612485
0.1879782240093597
18.2917030324886
-10.032535739192184
-14.868577257769186
2.512012103747171
11.328028390042256
16.013102793028715
1.05143180576718
-7.20751822035159
13.913200881518392
-12.383826949130627
-0.6444008985275502
13.447216726443543
11.395427210727313
0.47460404854140137
-17.500996009756648
14.262074961264219
-13.989711036172334
9.027537902862228
-7.208530050482974
10.2494497372752
16.51100858530156
6.382876714938593
-13.953956759940361
14.966467387132887
10.983192086733592
18.949349762198665
-15.743718431278007
-1.4709389971953577
13.987396196263013
-17.024282616618855
6.3807209537283285
-8.962629478648708
12.388602097865174
7.37365138651381
4.008054273109018
-17.26510688327766
14.942961528862199
10.137835959244708
2.827364292312602
-7.917647204657392
7.800534578650694
7.578520109555889
2.295325022620137
4.630468911674509
19.170734803086994
-9.136440094502532
-1.844422337933885
13.027041777813054
2.4014564130618226
12.41953556786099
15.333191681147717
2.216839787556605
-17.142000255619706
-14.963769596463564
-2.9026413759449667
-3.9287464984262783
2.578779376975543
-18.27353158248521
11.406466654693489
17.080093746350393
6.256959659979685
-0.9289084507521217
-5.232884715835592
3.2290930120418793
-10.765337907581012
-12.121431087367704
14.404485163067832
-1.564210965953336
-5.823751437948438
5.127677690650941
14.389716435001645
18.346326733328752
-14.765894464602894
9.02714352313005
13.509838440592581
10.065955723308235
2.0490463410501256
-4.025697104760324
3.1215914366894992
18.59763275784335
-19.918316540456487
-11.732369128096828
-5.907523990733354
1.9448497692281599
14.974378616901681
-16.05530148082987
3.3814970600864385
-0.1850697526009526
-2.496755322922777
0.45509296170558855
-5.727793254706999
-16.537196481268474
15.277483422050146
-4.45797880063051
19.967505307643044
16.73497353395758
-16.904755222554936
-6.4667093800873445
4.249179193819103
-10.56292080938697
-9.037572578807819
1.8251047197864807
0.7982440825765238
-6.995896535965155
-4.1537470325349055
-9.88761326699465
1.0986720156635457
-12.0653074919124
3.5318260678576863
11.694636275034178
-3.250884279552558
-18.461854651700524
19.42421116725562
-2.4769659334429903
-9.664394818096937
-16.585586046503508
-10.418735413531914
-3.835174788551292
-13.819829116563795
-19.302804102237957
14.570785409512233
-18.982494079917984
-12.759750799745909
7.504275023657829
-0.6295275202320703
0.8114262444336227
16.16083183933486
-19.585525048069208
18.747228438977302
14.259314096430877
-11.41393521485925
-9.171293806091994
-0.6298972142859185
6.924900766169699
0.013305350755604906
16.254603138352714
-18.802007550581223
-4.479870946162375
-0.9081599523298287
-13.178675332648648
-9.723087041141998
12.502322877016155
-13.503583486658574
-2.080051296227012
17.201621943373667
3.5722411610758087
17.772734639701817
-3.8549755854381047
-7.0420411122660695
-10.031926052577354
-15.910063801146933
-9.624846052175462
-5.314646333620189
9.060466960401111
-5.871652545803361
11.483278779751409
-18.728725896297295
8.261780075827424
19.782820759228457
12.0401764995623
-3.1478670432796854
-6.84830702108834
7.39234489195384
10.94622319867721
16.32813069424843
-16.12852355494873
-9.509647997951745
1.4441303117712536
-6.987942326782189
-0.15638178624700316
-18.232941689911534
9.337455001219624
5.907324186349637
18.853698761707577
16.334318666780383
14.702781621805102
2.5696491052528287
18.117637008050373
18.6299065991442
4.936811300363381
-10.497169216976733
1.3091267371334645
12.845671739411337
14.780195106845724
-8.61278913558638
-12.796396275942685
-14.198249424840812
-12.945043986355849
9.235224283096354
-16.418405974108413
-15.704136302019407
3.7015994218451738
-14.915108528823527
-7.8006853507042315
15.492706958034773
10.100995726503132
-16.23378610491845
-15.04602164240576
12.019112433153843
-0.1348075365732342
10.839085192586808
-14.800223308800028
6.838667235191693
15.63998970254594
5.845435686709841
-5.160577250859152
10.435750794087085
17.189115380643855
-0.34331607900481487
-12.510833169089217
6.5051017983753034
10.05854111872656
17.70847444202306
-16.224118858245888
-3.3717900228480886
5.028135950909672
18.001975906846255
18.866158214307745
-16.604083635754584
-10.613771346728186
-8.323587235555205
0.029658611978771177
-1.1457524837870565
-9.941192681152664
-18.323539378035626
-18.796504655007887
-5.579198948587791
-4.790240445975066
-12.119303211880998
10.909462810907826
19.378462930047654
17.62814646390443
12.64887536632132
15.147027660760784
-0.5734165735338195
-18.333027606987223
-3.949409721747589
-3.2493613265042924
17.158680139618937
5.4421186005773805
4.158770731883045
-17.488841693073034
8.143150888688986
10.275554702938337
-16.116144486746325
-7.283160237091057
-7.472104780619567
-12.931880837236358
-13.90223703726976
19.73052703599575
-17.353796071877778
3.476001656689668
18.407500649871785
-11.59304133930295
11.437635455085072
-19.64693078764947
-2.5669672369561383
7.074477342898771
9.218937456178761
-11.4718133015433
-10.30058046614677
4.597145063841069
4.8640039038225
-13.220590680356139
-17.143956909713967
-10.147262851733249
10.478033007837439
18.50941309641523
-1.654604149474224
6.25468159920473
7.288408689477116
-18.91110476090595
-11.706983865278202
-4.592039454504304
-1.9845916173375286
-11.820254284578194
-13.868427647320885
0.9196721592604327
0.051914846336977405
11.81257107823173
7.359866791192232
8.377087073325399
15.167702160643024
-4.163573412256557
-4.900083868691446
-12.106873323210493
17.29681954883462
-6.504645084556202
-7.479403344317799
-0.2800369859469143
1.683648110443393
1.8692158344842085
-9.566968541485181
-17.634521829990312
5.155911254316422
-5.840737249655877
0.5601214600756066
-0.797244642259777
-17.005580446893912
18.035803213426988
7.066300824334689
-8.039101343690724
-8.726693233271948
-0.5093840793796502
8.702894216583225
-6.396133411133995
12.764656391000642
8.43296917533651
-13.393981539982093
0.8083649516722424
-1.290763628589481
-18.402091907361417
15.160901672058166
-18.04223728182636
10.183138722933982
-1.2367349743782512
2.781847039084795
-18.70876179089688
6.0236759802448105
-17.92728200864361
7.475200931471363
-4.064224380296867
-3.6715237929391797
-2.159260980845012
-4.251862469495048
4.8241079377984875
-19.813640591877597
-17.320069925170515
-15.417109487342051
10.038552679481853
-7.6968560268311315
17.30510853233018
-1.4524148638073697
8.008255760042132
2.5534831348804055
-17.719790158683672
-9.07182995848935
17.444972251104332
4.016892071865406
-11.524657052301608
9.124217242141619
8.02509608235303
-8.487569284902454
-2.0671188017554165
12.21644106527551
10.949772914237276
-13.985884309370284
-18.802086335012195
13.240684936286925
13.259713062768299
19.336124023089624
14.166296113591379
18.995280571227788
-15.249823204576906
19.725490958601732
-8.670018853791595
6.091741990433658
11.577807865701416
19.945726781044
-15.491616729740834
1.8841361407996757
0.8490851885695676
11.296797547391332
15.796580657233022
15.820741781769023
-16.384999331466513
-11.658596388129364
-19.500868903535885
-10.485317618702732
12.27197695930542
9.087429873871113
15.311068093230737
18.982455842493017
-15.121239943386362
-14.559036478727112
-14.25829966824644
-7.5367059885553225
-18.50504748915672
6.55454351756142
-2.5520833608101583
2.344806473114854
10.987562132206076
-9.46308771730152
-0.6413022678751723
16.841791296776876
-17.618560109585108
11.145292398090369
-16.883363473865423
-16.3737323422256
10.775165721285504
1.9011601570375625
4.290430371376935
12.163304355018866
17.123248517087845
-1.5806183210728193
-13.713390864692023
8.6360056371186
16.867186647112703
11.787054023165151
16.073487249557076
-11.920248806977902
5.54435214333996
4.022730401685941
6.911186347396381
-10.266150660732158
2.216628670828218
-5.928373708097411
-2.649106056124065
15.960495220500015
17.237665090110816
5.7541135884748655
18.214686867802627
13.789609041064281
-3.609355967148211
14.743546505885604
8.616683021543952
17.591794153553323
3.07296553561126
10.647805044530394
-14.13622780067402
-9.682601072797024
9.32637105548202
-5.636922919734122
16.737430205345603
-6.324172056012397
-14.088409645780127
0.2290253706642602
14.31145144593971
-6.864619898879397
9.530543766996288
19.121186549968378
5.906734255061082
-6.47195171515245
-19.901828787910727
10.602287069060765
-12.114077473219034
-9.803760402542142
5.364976122092962
14.897960857426966
16.078824517715084
-4.813938828077497
-4.635836907961357
-12.508089863538011
17.132756109482294
-18.683180486082808
-6.433382343274818
8.385714311165291
15.728896545706263
14.386653417795387
-2.4816354684553374
-5.766322550515968
19.731792164017364
18.351606946833158
-15.48945319806518
-14.82643203153537
-5.462198858477315
-0.10622244558433991
-15.902246821411143
-18.478326314419338
11.540358742970742
10.901707195091031
-7.004955111533953
7.426389405432548
-19.396370268400382
9.230711921985982
11.97976639917579
12.037583423328577
-6.297668944180469
4.217174213689745
4.276307908993488
-4.053336064188841
-6.561352597388698
-11.168699424789047
-3.4060025096106443
-9.83267864672316
-9.753762084116339
-5.028735334553112
-0.7363178637655778
-17.29280894697048
9.80377273260704
-1.9282780892817897
-2.0796050718169
-7.8349042968896185
-12.914046606551208
-0.41911665768078166
16.472730091475384
6.744207371307045
-11.624135684857508
-14.866917307515433
17.76768962060396
4.7065470435354015
19.979306352005068
-18.820348262948954
-0.4432899207725107
-4.803399426099899
-17.254412543985786
17.693437176013646
-18.74198164882232
-15.253561775577946
-0.20361530316601772
14.401916814169972
5.770289616633782
6.159222842037458
-5.831441465305819
1.4057722976147211
19.661391228302058
3.519969131865359
-15.492041787583304
4.617825383141319
6.860498491300898
16.330400816959987
6.921087948413497
18.936886410585892
15.562016900757662
-8.053471911412885
10.191388979224389
-1.6790129679214587
-8.64968520733651
-18.512636169417767
-3.152445817553101
-17.618819949591117
6.381764230142618
1.396809168833265
-9.075324652111782
16.407818376409672
-15.52998783606399
-10.413422527909773
19.615521436858813
-13.66660163632815
13.165335361513371
-2.691420711540129
-1.339769591064723
-10.692226399575247
-15.680425751986146
-5.785786227879871
0.5004804559664038
-11.407305680898961
14.324062050006276
19.147815503451255
12.49218641686106
0.19926976234474125
-14.005194212991494
17.91731197219172
3.8463476981885663
13.807642177226093
-18.749651566671904
15.468789093178813
18.588557939637994
1.542983439004118
1.183362922208694
14.961327842406092
-8.19643329659964
-7.225811632794986
15.483273901614943
-18.895396963781778
10.228633499219587
1.69182701449936
-17.996569317219105
-19.286448697024248
19.203024825394237
16.373417858553935
-17.174641760997524
-17.950912355575763
18.013034224864725
-0.942477403891413
6.835536983653373
-13.050658363526484
-18.649224871690112
5.630300756353719
-16.889357652333903
7.340054966921695
10.697977692856249
-18.391381541508707
1.2321682236692553
12.778539248517681
4.3063675682391676
-15.861526512638715
1.2554858753603853
-9.412547381150475
-5.399004823070621
-15.948481137972932
17.554537149895467
18.903214335358847
-15.624994105785612
9.374694304306992
2.7368760945977577
16.386105080263178
6.050234213754713
-10.328061386730472
-5.200138852849108
-2.053791105124848
-11.039389334468988
-4.433681172479208
-3.2499293