-1.0610357805528956
7.058783350113945
12.539640619209273
6.401564981690321
-12.534023704451172
16.12069023520766
-12.285737777090127
0.021723050328464666
-6.573391586963503
-6.815282774365329
1.5586221777391351
13.58147446657835
5.3984184457852
-3.736713031016162
-18.460432433776568
-16.210633311526852
0.8314111725423565
-15.913136439106932
-17.413574046811352
0.7613724798236703
2.014883070772278
-2.148012734101279
-19.89813598563863
4.096636126543398
-8.237504033206879
-10.59380450998772
14.196091308663831
-18.077081758220636
-8.520194834096518
-17.034288899987633
3.5974907708879655
-10.504181878811387
-14.455516979538618
-6.522999087461736
6.0196801461837595
-7.36570814254514
4.389040640416852
-2.79953652966908
15.311520736894359
13.690931176255496
1.5977265155448066
8.900330018339275
-0.019550105963006104
-18.140278873836763
2.6961944912946088
-6.1832353593744
18.131926756956688
-12.894750787112677
-8.63918371893531
6.648201349144589
7.155744782361445
-0.21532386335098153
11.646895641797297
-15.860044467036168
10.697095652090411
-19.41896927321845
-18.219920218412703
5.530506310671864
1.4631194283574445
-8.5332726876929
12.585673530029183
8.40553322272519
-17.34926903137717
-19.707162960462064
19.04258101227996
-2.775075812819935
11.905250412689064
16.459249761736416
0.4495908165170128
3.340932893598577
-11.36126543601578
-2.9411564151428067
0.13360632939156858
12.27679004931747
-4.004788516960236
-18.191363006861458
-9.144140968286255
-2.038278891175782
-17.445977248484958
-4.9793217075834875
-13.770307655546311
-1.864075681150016
9.126719762315211
4.657161319838465
11.314995282689019
-5.312016106495413
2.5416000110434034
0.7422842493179687
16.847556256046403
11.913302242492271
5.552681047550848
5.547636958913394
-7.425810857683782
-2.1516235975514917
-5.094479426822481
-15.596911994029035
-17.752438516661833
0.3894093002247736
8.144827339735304
-3.5293925218318662
-12.096726187023199
-15.780245478164861
0.10560628924211812
5.476922307632201
16.858019981870108
18.771726308979737
15.448216588051395
-16.864568211411
0.9649470511500802
-4.371925378987083
19.633742303931967
0.9659891302175261
14.880075813391677
11.967427075164384
-13.985042254644204
-3.073183276339172
-1.4842516070655236
-8.710113335311288
0.04411316356465633
-18.337971365152434
-0.3645857531610588
16.878032750860847
10.63913009603123
-12.670361805927236
-2.8857181974617916
-19.704265453243192
8.397596135786983
6.977848596424909
14.332250279952433
-10.4616924202255
3.493967595259324
-18.676200670374893
-3.9770720455357953
0.5227732999138226
13.762199686485182
5.673662225883991
-8.249550351890115
6.030283170288307
-15.942989215014634
-15.804336616586658
-16.73999642231336
-7.055306786224778
17.01602226639387
-14.502539487842444
-18.049727369950315
19.857761866633588
-6.383169649877374
-13.989898684805574
13.09057196438581
-5.198128343369026
-0.3723727826878296
14.177657483077809
14.61480494784874
6.815331301906941
-7.482722142326551
-10.001419149264535
-16.915611413451156
-3.1803264769747877
-16.01626128503149
-2.084032444473536
-15.34337594331797
-5.009913208096922
15.956781054406207
7.676037184651957
2.8980521871991627
-7.898279254769909
6.842637476345615
13.878250068135337
14.683456945559698
-13.199220562456283
18.14508011573841
-12.948886269398656
4.903528372415849
-11.914951458213965
17.28758035566473
-5.690562066462279
-8.181029543641838
-12.164874376429498
6.720608555252365
-3.1943636872444436
-3.7893780537380195
15.273464928446508
8.551223784026881
-12.17733666496227
-13.390152599425056
10.247520623468684
-15.58307733547001
-4.8883732107917055
14.608551727847065
10.507791590783626
9.944697686198797
-7.5370998073959825
-6.934052748038205
3.4646626022701525
-6.6963777874911266
-5.559977859983466
3.9216068241216817
-19.12172757212457
-9.308733585344143
1.3464335038132056
-9.884029943267102
9.993700380380748
-10.873950323958233
19.80792243546267
-14.525057967274563
9.3927227143299
-9.926950649874051
-7.98527429479261
17.418286188814072
-16.731120247866173
-3.90201755891729
-19.859496767692875
-19.97050620318637
7.195647853094613
-8.693935468879165
-2.0376957305793013
-7.298331523851132
-0.3380944321464021
19.573932170280877
16.821613600970338
-18.43092301008236
-6.532120260823856
-13.005399898597902
13.35395433924294
11.9936621635105
6.129888210670394
-18.45867458356492
19.817851176038815
-18.702823001678148
6.037832796679314
-2.5042613159064615
-9.738237615206607
9.421153271576518
-7.467880830176492
18.522906625296997
-14.998124759405012
-16.503380848858548
11.553696337264121
-12.659590679814476
12.803723250706163
-2.5742159248591356
-15.803186987889251
-13.826947267453145
8.336323244296246
-9.482057697651264
-18.260344469916006
19.683210353953136
-1.2128727309165086
0.5292686890903795
-5.840179740530257
10.578429739329302
-2.2933256720952286
14.775882625291658
-5.447074478281477
-18.086627826707012
-12.400941284249294
-5.191622439294266
-7.269485338635885
-12.200292085099044
11.217363423575112
17.875953196803223
17.93177421640727
6.244204865016492
-4.889128183062205
14.373585319577487
-17.043924203831168
-6.036765675211733
5.9956629255712315
-9.778944437029189
15.577447807879409
9.920923864334132
4.950600786055894
3.282849068308259
7.707443307036247
0.2980768045016937
8.354267016704945
15.708019260577409
-8.384436883439816
13.26208405565825
16.15832131625983
-6.289006762295127
17.04398576152454
0.8586887914418853
17.826060917300623
-13.694348411909939
-6.608635215857635
-11.097399356109662
-5.667035655270656
-0.6044458600986111
15.004641154240105
-9.222354484533124
0.844549943583786
18.75972128880848
12.358298105165936
-19.937395317821643
7.060994798430489
16.809554344866726
-6.045034372134364
7.571414729931931
6.5290707555862895
-4.2248649068708755
13.188914759547302
5.197194320108977
-2.169270276342246
-15.324814944273086
-13.830299399220976
0.9603540655520106
19.735746526227473
9.414222674938063
9.86096158471861
-12.021006600512298
19.668661620519956
9.118188050886307
-5.673490209436309
-6.102345307814133
13.226495621364322
-11.853354914573938
15.481344167633672
8.05892832141415
-12.557581351781803
12.546811056611332
-3.869380725533169
-17.06699971978675
10.086852855439687
-18.37792244277651
2.595252388929275
18.939768935163755
3.949968306713533
-16.353561672920428
-1.92357154371825
-16.79181235057517
10.528118457711475
-5.925735489503662
11.2082512528718
-0.1372947109531708
16.706471348182824
-2.744842548420653
2.2799631495531187
11.80457222058784
-6.3751086980127205
10.285012630483507
-2.8968763580680275
-3.5378075236819555
-12.560214524469933
11.584480584953525
-19.37872654494783
-8.649659268250307
-10.806246512233821
-8.957447765594907
-0.3235370441367138
6.940644675810695
-7.473486932436572
-6.696076739703543
-9.35078255828627
10.14440776825641
10.142845756099128
18.61012103143853
2.4771611914578138
4.478768770321647
-16.151431866752276
-18.71519169444799
5.280461622549115
-9.528539835822304
0.6926778623094378
14.664162509866415
0.15194783896659203
-16.249567051550848
-7.305225709120776
-2.647591267703664
15.182015274726275
-2.3498541352115296
3.3228703037699105
14.530972120167178
-1.533494009343709
10.341713843856596
-13.996628019500514
-13.95902579116
18.096072246095467
-10.82175845696515
15.740344864479383
-7.140699623724878
-9.00473916065469
1.6198012278333849
5.160494598143686
16.981910721712076
19.71446867270288
18.939653436912067
-18.12297999899592
14.297250499841297
7.186804248751713
-0.9780590234728592
-8.352139570632794
10.241310160447554
-4.685432897834119
10.167742586997921
-9.83853362567666
-18.920157574443678
1.2508992693751324
-12.365753148402629
2.945952716676473
10.43155796902349
-1.4860342176710795
-11.868680285337977
1.593255770651556
4.113381141871496
16.295818077797847
19.150216164643865
5.126763752919107
18.074292923071745
4.259058716135293
-11.198702225149866
-1.9524623551196818
6.772506895089904
-4.644761696714772
-1.1137580590906282
-13.466070333286702
-9.526807366559758
-18.159426164658168
-11.303521715535654
-15.110240603906039
14.852655469828413
-18.827333094133174
-11.010232959584364
4.007166476942533
3.9729480912895525
11.660057312901074
-6.256327492669458
10.259087946598811
-18.602553477028792
7.634679705344965
-13.193786285910583
-7.17936901080928
-2.7695538835442832
-12.320195133435403
-15.644814433908865
-11.380261917236133
-17.809249891612097
-12.58865820209634
1.171522282106963
-14.095264381030411
-15.530983394999144
16.364906182253875
-5.420701351301895
-5.479382624124934
-6.050135850719807
-19.23261544923548
-5.560930666212993
-18.28628084046972
-1.6128312942672416
6.642530523572084
-4.537891703875886
11.559353663167151
16.675125379582866
15.85844603752934
7.179597475340884
12.782956315267803
19.983788543293144
12.646889029943054
0.5592601665024972
-3.7128007183820344
-17.88190489104805
-19.830453476460224
17.57047480267292
-9.098119480934898
16.828245991016416
7.892690729640659
-11.002788925493604
-2.5577908071744133
9.469807843555557
1.2153612773042042
-10.282353392110197
12.955803067955259
-15.679634635052215
-1.8029822394826738
-4.6187003662086
-11.172869662256852
-19.003342685853085
4.401096323728424
19.025344838053186
-9.994172107402278
14.139134322689067
-3.549535999318639
-11.115486779566655
-1.148029679975707
9.636760155878711
-4.470962798895698
-7.368340631111717
-15.284260817642426
13.363661456002625
9.699570972986272
-4.651864360883025
10.806381763899225
2.380788634572756
-2.267365938854063
0.6129008504836548
-11.276033920781693
11.008828507895515
3.59708074346279
-5.234492754097783
-14.254363528611552
-4.3658152133308725
-14.144678048939973
-11.999793344005782
14.827490984497032
10.794040361201965
-3.008518805046265
-5.977545975140583
-15.642916300661817
0.954436261162293
-13.640826909037083
-4.031567312503576
14.794038677351537
10.877877316239552
-6.220005728010708
9.312872823056008
-5.093603741846934
19.003776026265406
-17.133947782040707
-9.235448119793155
16.691494075853115
-6.179788992400784
3.2020548297714377
-6.46980128867642
17.360797546331497
16.0678781381755
-13.952655866052663
-17.489920216973594
13.024427703551815
12.149795781147319
-4.895922976413743
13.905344499378131
7.061445265764199
-15.292758045653049
-11.471501451178977
1.1950496807508948
-9.18434817806769
-19.079614301571567
1.029429462912912
-3.644997757961953
-16.85889147174178
4.153082157118423
-6.9266121717340425
15.27815681213142
-9.183787311389956
13.162748036434927
-11.095000178984895
16.734928160607495
15.458160147633208
9.467624193829046
3.640777800444752
0.8982976735501147
-9.651701354842025
-5.038261943987884
4.7189690770914865
16.874145327294016
13.705242809750146
11.976733076585116
19.286765145335373
-19.756390026506132
-1.26557860855727
1.312300231442343
10.236272610627783
-0.9394584803601731
-2.0270543935433913
-12.382041794183145
-15.133776827186196
14.9936605161854
-0.3718072410208393
-2.070742446787648
-3.8490933810015306
17.933674665249903
8.738930205127705
-8.992778139270406
-1.5895929605817294
-5.945256890174516
15.231209376110016
0.28305565567141144
-18.773995175935273
14.878364393927953
-14.114643893419924
11.762624079800219
-4.831806417101102
-9.206968120964007
18.444299688895597
14.287990496605481
19.418491178823487
-17.748336226204128
-9.359784309492243
-12.225142303228061
-2.2165718368330225
-11.103908316846436
-1.5007852143971157
18.260869724502378
-0.9714380020642075
8.237257749302547
-4.421073855616072
16.34057564901584
-13.649493451147805
-16.94739935046826
8.98494406138542
8.527859603899035
-11.669838135443186
3.064661466438686
9.651116511078595
-16.377216352969924
-5.300231833861272
11.658044869901016
-11.047045038327221
11.476254592614602
-1.9583357710849043
-11.443885978663682
4.572100698371887
2.4770553481714153
-13.14128993890142
0.03771450723023406
9.038155971050056
15.95200368425214
11.169462758216731
12.18352558673169
8.488410942704725
-13.005533836013585
11.968004593454541
0.8769650718549507
-19.048317903180973
-5.887051564898339
8.851391427968771
-19.26733655448225
16.128798691695664
-17.548809841368783
-10.330609100063434
18.31900936243683
-8.99276741623543
-14.83700423316268
-9.637536547651212
-11.134973760964414
-10.5610470280818
-19.185911871463727
2.946554653020712
-7.680127099710528
19.51831992449482
-16.926627181831012
5.118334688435205
-12.715086142589062
4.428743540284966
4.858407294606142
-3.508400903009452
19.54567799421892
17.48963091970483
-19.742321406543788
-7.431200625179507
-13.188906024286329
-10.842061671543526
7.201288195277332
-12.86432937126628
4.210093446820018
-7.875328214278973
9.819053089407529
-11.729002330766978
0.004752060155301052
-0.8227859317187658
19.67931526038639
4.446280217872118
-16.128941577829714
2.179278240607143
-10.911066766605405
-12.49716838824554
-0.16926181237368
-13.397068294407646
-18.584518598686124
-11.36099317444165
-1.007007044405892
8.544507283610592
18.967189859019022
-1.4781472426052389
4.89509808720987
16.417479084843308
14.439459617158136
-0.40159143417492515
-3.6778246757267183
18.500560077375162
-15.57438933621324
-11.740001876025289
18.69044225483617
14.03346206965282
15.815055247152166
13.73776455265157
10.06834610579962
-6.521997089225863
3.2922219760384372
-4.293776299633404
-18.4311088638966
-6.014709345418874
-18.058049791986868
-6.310923130002429
-8.94195991080724
7.204824766978625
13.061099685657673
1.6890307274931615
-8.14000493361637
5.378642907400071
16.926102925017133
0.9347782195598633
11.028929334835937
17.18331534207463
8.81525546334887
-15.46928306809665
17.66135899780425
-19.729566014764437
-11.698722365056241
-0.8675175769759171
5.63910885484556
-12.490553791085407
-3.4624033429351933
3.147925460745242
-2.57593127436726
13.322824841178956
-14.759536856651634
-7.606377965919023
17.132173394351796
-11.37772862575475
-10.370268595876585
-5.8535938464573825
-19.09099412262769
-10.924893286343575
-16.404985281556108
14.290311612523922
-16.238571057736134
6.427362122984221
-10.095821694603814
-9.36351039422195
9.357192557785154
14.34717826209004
2.5544104114183313
-9.071773765280211
5.229036864852432
-0.8209343043578912
-4.599771289075068
-7.701732082073477
-15.677145325554974
17.360566671586575
14.745974530322258
-11.55859348929659
-16.426853285979412
-3.018938785322895
-8.12440944642368
11.11201543385259
-15.250751665863884
19.889698091175617
-7.620390658120213
-19.15498666024556
-19.247139494947746
-10.786756575747427
11.016201795548174
2.419633160588475
5.253148415022402
-19.448464099398876
15.470843121655186
-11.415047240898835
-16.920643953386467
-12.601458329945148
3.1576404157003743
-9.55213455118379
3.2481156901054575
5.853453424438481
4.786700216365979
5.855161025775338
14.407116482683783
12.959708214173894
-6.87022919914666
-10.68351095382027
15.520199565908484
-9.313341386526597
12.443498248180184
8.030711831288091
-9.348704155668383
-10.569675887908026
0.22952283174091903
12.920789837504621
-19.190442445418434
-19.6762969908483
-12.729632955559431
-7.06868951183743
-13.550494244440149
3.828140422831922
15.264992446189787
11.621073233115343
-14.447660143228664
-15.640546023055224
14.194917501214178
0.7200859410097209
-3.562527268139153
7.013309779324246
15.45115731300642
-19.92909825552832
19.54529192444872
-5.896690167781365
-14.543726079091815
-10.033273358748986
0.2540610196536406
-3.222356667398522
9.797810711427864
-10.314602696573424
16.779172810879707
9.985297566758206
19.88651616062362
-19.189567085319858
-4.266874870041004
-3.1399076869051115
-11.966413540096843
-3.246656948555831
-12.620742767276063
13.207500291462125
3.8540864222988205
-16.97251293085241
-10.81981062813744
11.890259424615156
8.874252848148782
-19.123565300483186
-4.112624546783664
5.0629177657728555
-10.842528601023616
-0.5834633862869367
15.397295888428843
-12.654141074349496
15.11133887695459
-14.622176110289296
2.9614793172440947
-19.22829745668457
-2.391219220837627
0.7863777181257916
17.645206538825796
-13.131957287291405
8.878888092464372
6.682134995818586
-19.349925979106544
-7.18354819125809
9.218762162146731
15.206561020369527
-10.972442110834075
1.292787786348228
-5.889883475541286
-19.632986810217577
-9.875955964614036
-2.7544449313011015
1.5897707300561663
-19.77859600025798
2.6811171451464624
-17.89393742638636
-9.936618059317546
6.805946246807814
17.447134580848633
10.335434338412142
-17.871072879177333
19.210378758501278
10.10561856221161
-17.08043901370502
-17.068983993945434
-13.046933643356478
7.232014154805668
11.997331069126751
-4.125801411367922
-19.960088660170964
-9.477523375547037
-7.341410948203615
0.3339165413797929
-3.113804938383545
2.4825675969163186
5.43540717366135
16.136284922602087
-16.965620737757078
15.237806392674514
13.31667086859531
-17.84319168676796
-4.608151667757694
-11.971234708737137
3.2393678889066955
17.427564869430526
-19.589859073910503
11.088234889065454
-19.681424806198336
9.563501523130235
-9.29419568875543
3.4437264823481257
10.878188316835068
-4.1673760466772425
-2.4195894210778874
17.286463597867062
-8.209400865855855
-4.698800635228867
-9.915775642179984
0.7663084831581628
9.396086880098483
7.4772219197542675
10.527760218493057
18.174956734728205
2.9057164201017507
9.165107081731968
0.09547826968167783
8.936813136279497
-14.674672044768693
5.315954114104592
-12.616013719945007
10.915451839690785
-14.486596551141414
10.322052426542715
-7.315424305972789
19.88657742337375
-8.568938194979886
19.681200508629118
0.7492420370422614
-16.558550727282338
9.727322137455733
-15.042795496226006
4.061987826032038
-10.876025223561676
-4.985595483325152
-19.665394267499686
-5.3679650254000055
15.813810564342887
-11.241613074743881
-1.672272077053755
-11.25315780958804
2.720527633652811
-15.77581882409734
15.176213935817572
12.321699040225383
10.987673736881906
15.080261905120771
-16.255541894134332
-8.131350688345327
-1.5575642982594715
0.4744069740921475
-16.26652700770142
-5.803402256349472
1.971118560392668
9.24022545717833
-16.7108715999536
9.354321046834421
16.222145017094583
12.627701880774069
1.224766577302315
10.123448411224892
-5.731793549687962
8.668767191700105
-2.644928889687833
-6.581335563758973
-1.468508270428881
18.809573367111597
9.770749513697353
12.22717168172273
2.0046412216672636
-0.15529155726804333
-19.556474747428464
4.55136469798239
11.175723620105632
1.6100696653246729
-4.520553667557339
1.186734412860929
9.38605528449304
0.6983305321631086
3.8407479417451498
-12.915710474681376
19.766330579295378
-6.946659228649281
-17.01104872830873
-4.424302209100777
-1.45700164666453
11.510724295791142
-15.067222692079842
-15.571623994620838
12.056467865179854
-15.03690898817172
19.777934533300424
10.387381946288322
-12.651851331189622
-17.582231251606512
-11.776785316887114
10.851970173204762
-8.400756449715242
19.6860447895221
14.072939948200556
5.977986586166036
-2.7327432902207676
10.380961571783274
9.859533539619534
10.277657376050083
-0.08846461789937976
17.369073421533656
15.464276151022467
11.991472727024728
-14.655168834326924
6.533122235819846
-9.014620191424875
17.06550989315882
-4.800296031809879
0.5545104035565203
16.928665859737826
5.644153183490687
2.248138074243961
-13.941524501910667
-5.925553731675684
2.7232550725011784
16.63315390939764
8.185405308703423
-18.05598216893931
15.569449966039613
-2.110152594684372
19.598651392528588
11.144252630792547
17.97611455293935
-15.985923996491348
-5.522705545302191
-13.027235413244874
-0.7033231311320947
8.784309971676443
-18.101167503241925
13.802035933820363
-2.7776184409907465
14.302234470656593
0.6366065432220971
18.250000009791528
-17.537517832900157
-0.671828742560713
15.995307445887903
-9.068376293181215
4.2985483394380495
2.097541836769178
-0.9965178111446882
13.011117783550844
0.7229208309062116
3.7578555711217447
4.198123624334848
6.844991720452569
16.609070449765987
10.5597500406199
14.343190803432528
17.946088363858806
-12.226775513488901
5.943956111363416
-17.152222619632337
-9.054669394754505
18.21818422807496
3.945805934900374
14.113288624861163
-3.1072985869864382
-6.358141646986795
-18.37223552463851
7.135220775822159
0.8685206779623265
-4.738387010872064
-6.775723511192226
5.820305272897308
-10.704002487593097
6.339462972317477
14.30698898525226
-14.536792987672897
3.946544292802084
13.722991628602202
10.122588005844815
-4.974595850650845
-3.4955292492655943
-15.515000306614969
-6.167374793985578
3.4250830098920524
8.338071204114804
14.42116855577271
8.54086248994357
4.900835639123407
-6.306910479906875
17.212342251478503
4.228775068235258
1.773973976713993
-8.888277824334313
18.909499664314005
-13.056949463180194
12.352714347601015
-4.410745458243293
-2.5964153991333028
8.897661482638718
17.433402100333396
14.859225046948488
-13.46183488470302
-10.101851992372275
-0.4653155070014421
-16.937783678575986
4.209562058326327
11.266953808115478
2.429425308733613
13.432255082694525
14.308468387894287
-6.65958564967994
-10.333205976093875
1.8225765122826907
19.314085977072274
-16.922313739241382
11.888496678303401
-1.0107290583005692
19.64016760447199
-16.42549337547043
-4.081779448947117
-3.873385726775421
-5.453349233872364
-10.49685574385105
-1.5253283597356173
2.622117417388992
5.053072913460717
-19.48773827062665
-19.016838888390243
7.703895506422327
-16.528167268589726
5.229683262618089
1.8954344577408442
-18.801359089672403
13.61225728097623
-16.96803721515131
-0.4100897579279419
4.756213199897349
-0.5541072572539889
-10.640180517263019
7.473436322971917
-18.92337035918288
3.2050942310529997
-12.793229823884907
-10.361233335116268
3.4772196997277725
5.634293669018838
-15.548311984297026
8.837528120577108
-7.303498899578958
17.885638146231514
6.495968462748568
15.010894284434357
-12.341268208009154
2.4805361201679865
12.1355218557798
3.0760215493426877
5.830620574491849
-16.19783309072194
-12.894923356498897
15.101969245160817
-15.493443133865767
14.262717929439972
8.696840148604636
5.698943241146903
-0.1922435602076007
-3.5981012088002053
11.644388149202307
1.850659343969184
2.2982001414819244
2.145918035218344
8.50988227984302
-8.339833460097918
17.373252141310246
9.333806243977069
-16.15187430583228
-17.83258403320093
18.976894103205893
13.220162619909502
10.915143791310996
-5.50431193913948
-18.89300735032354
16.61401339174283
-0.7424165164015442
-13.612593224863474
14.991202233144222
-18.219272864547342
1.8716295173672215
1.7329223212618032
-0.22077665971239213
-7.829899344187634
-15.669333633813674
13.977656803826811
6.131949301492483
-7.1651208935276
1.8663275888020792
17.498359838094657
19.32314620892606
-13.195828012198465
4.518724892019598
12.655202697231346
-17.397377811950825
7.020351580158245
8.021559901956728
-17.482197907721307
-15.834505623472532
-7.680363394699018
8.385465311596985
6.665626396628518
-13.792797833033884
-9.276902366399668
-15.615317441277835
-10.41821772199896
-5.893319474971461
13.644882109255889
-12.339131274455731
5.423274900818576
2.6654108369343845
-0.23860163842915938
-9.88378357534308
-9.022855442014922
9.474178616100232
7.942466730064048
-3.531769705409662
-13.603775059479425
15.675430744374019
1.8113667974891214
-18.781555448606735
19.346178804907012
15.288006173776076
-4.937047273679953
2.444742185378999
4.013452300752572
12.667899459113102
1.6040704800158458
2.5222622678167923
8.031607638692485
10.134377711770725
-18.881114407572
5.572905559998297
-2.47412828394976
1.8269800311512618
-10.831000345670287
14.877780335948856
-9.542343707636341
-8.830782905660236
11.076454572020893
10.914017958519743
0.2992699958715974
11.597236103381078
-15.080326594473302
-10.126270078361127
-1.6623866954586077
-3.994991066414322
-12.51922334544374
-13.714068142732376
-6.086181202352385
7.744943641586879
5.950097794483664
12.66875322915628
-3.545208617586212
-14.285358806073404
-6.7503474871598925
-6.450541534969233
8.956350965493893
-4.755192618273107
-2.343184293654616
-5.142800457400924
7.84528099151089
15.188879355646009
-6.135075871952775
-1.629811678558223
-15.815223314947637
-3.7181575054411056
3.4748972385926145
19.124718759589292
7.4969971477928325
-17.7215230261448
19.72930470651552
-16.886716599972715
-6.162074632462451
-5.020152778960657
3.6513077315781715
9.858928342707824
9.117290901432863
15.0732376730572
11.102057030497818
-0.30112007974528865
-0.8987625403283452
6.649491093169772
4.580580839010526
-14.238023553776591
-13.090995847488106
-1.2917722463278096
-6.570976981656468
3.4210449195973567
4.014464826737445
-10.84791413840363
-7.987893164842511
-8.411992989713418
0.27525552069059245
-2.269946872206255
9.173145370821864
-8.26582926218875
8.492584471094752
18.147484111276512
-5.662722447168246
-11.607031031152172
-6.981461065468778
10.46030626166069
-2.3927740083010853
12.417630865396546
-17.266298836863125
5.060349025405721
19.692862139705383
-16.9972303785789
-2.768013832036182
-8.109387987633196
-1.7514044690320105
-9.709991304236567
-5.138111764219397
9.775201451956818
16.29627765079909
-1.2408630793809614
0.6396418694161987
8.279748789151302
18.03525714372558
8.948766048868944
-13.943504510870323
6.382580147432439
9.770058674112793
13.749371319625432
-14.274258541620007
7.837827720228688
-12.371399521234206
-1.2303714388714866
5.759062519387278
10.966307085205838
11.90742829250215
16.289951098199438
-4.948648953447329
-15.158941471730113
16.69327266559199
-16.576020026553056
15.003645311305867
-12.16712625897651
-5.473351028016671
-18.08925701632395
-2.749471495833401
-17.31956630599345
-14.39622109767238
8.597782967672835
-10.37372184341848
-5.803083237609844
9.620557114503189
-9.049851434247703
10.123471556948434
-5.554850383020158
17.90670867810816
4.343731790974239
10.880755816621118
-19.588399564511217
-1.9030164015951883
3.3365605544670345
0.8455625360591803
9.663740607655491
-4.304005191913994
9.070328191230569
-11.262118138696087
7.686724617436319
-6.438496059683146
5.636638446872418
11.573098717556917
-5.721558389259487
-3.8182253661008225
-13.905073013565342
5.28724522282851
5.8692498447197785
6.453429110067141
8.77176252995077
-2.6248915924308562
15.323482007043417
-14.421928899697377
-7.557307468436086
7.694074697398715
-9.204379386880927
-12.313978540470533
-6.287117013546087
-0.2669728032515053
1.1694039074235327
8.8275738699788
14.007825521323781
-0.5136291968631639
2.9018598051862874
-5.984722733489857
3.3561784481947434
-2.981081133363187
-11.014578291254896
19.259637846288754
-12.994552444206988
14.918954673071582
-13.843774739929469
0.7570955154488281
6.270706136362808
-9.82927391106224
-14.681857077046324
-10.164171511237189
15.159910469590493
-15.24193828183547
-16.444575543717107
-10.40204950889741
-16.481821949722214
14.06475919959702
0.011049185157826713
16.116498151119202
-3.1916655258563793
16.996226000853127
19.983894181423835
-7.645104596225298
7.931427431756628
1.145519098266302
-16.819073896505113
-19.585332271169595
-0.1551096858642076
-14.651211842039281
8.294645949249755
-13.715058464981574
-2.820527761506682
16.16909021682634
-11.8611867957119
-0.47336733926877983
14.044363786838147
10.65662961016524
18.9361340392159
-2.1290394921865783
9.691114117336245
2.2840478979318632
4.8299880929694226
-15.592530921883583
-7.889190015038583
10.077947696358954
-12.491285634202702
-19.764164549658155
-14.267484133315001
9.643136186277722
9.27036346289729
2.7302121518638103
-13.84424693302412
-6.171689639534087
-16.20228727298731
10.125070093713987
17.909396565387176
-8.252380182839385
-13.526342547714222
10.335469664046894
19.44230460212634
-19.981717560608516
-0.6767189178809829
-3.739590280827734
0.269792018568765
17.96824712136376
2.3308709929784754
19.816550830536443
13.51470967173426
-2.0366395748739983
-9.14851503274257
3.4980392904838027
-4.719737971329799
-3.043436594027913
-14.965866182927092
13.80507201856291
-18.413009270520718
17.139591849952737
-5.058610137944587
5.1058165458210105
4.974851002067901
-18.073856309193385
-18.750885434163038
4.655108433455972
2.227150143211599
-7.223860986607713
16.746714249790593
18.25993544478394
14.743802507862284
-0.6945813743110705
10.526452797388586
1.7384182564384467
7.873829202320529
15.294662278869545
-18.362789501334483
-9.635479264548747
-19.023331039235494
-8.133216342978628
8.207597391009077
-6.925982145823152
9.980775749738598
13.947509298361311
4.604948376337319
-13.16461010497401
-0.06536888537041463
17.036370759095227
-10.906918189222372
-15.923017838693166
-4.646385643165312
-9.164864658306637
0.01035020099702777
12.332193886042461
0.7069188742567256
0.6336139274530481
-3.761709946497845
13.688339328829755
7.7022606731472045
-13.333724336032958
-14.316110822761786
-16.02970775080424
10.069173708364204
4.906987531641974
-1.6889034697464282
-17.79829987307052
-12.922139136898183
-15.684817196939157
0.025584761028799363
13.439310430345003
-0.5429894839964469
-1.2581731911825926
15.313030700352947
-18.531762571914708
-16.55655418806387
-11.469258681117918
-7.090792786030811
1.4646094866951458
-5.806360113686413
-0.2530665439276625
-6.59898847194178
-18.05235475507014
-2.1406971084511603
-2.3385820697299984
0.4659827537884844
6.29784969324454
11.357107073466338
8.444217853474271
8.54025517461432
17.457186996290844
-19.093362585233088
11.277462466651052
6.460528549164039
-8.2745028626349
-1.5448354336406496
-6.970608927613204
4.666224775113239
0.41666377258381715
0.06559604250890061
-2.3047133173925793
-6.547361325873521
-2.780522572752279
4.618929819439039
-7.116249668637478
-0.40023637020587444
6.133514029896666
12.618672242847055
9.942174852608758
-8.336288144084394
4.229854576148917
-1.1829090952236285
-1.1822792875270416
12.774091517335783
8.227799879210451
7.3548941631789475
-0.211088298759897
-14.793784126769673
4.917192676575372
-5.465870722834989
-19.202476211675908
12.949140352201283
-1.6861944230036165
13.42329168957012
-12.722342711176662
-19.39218216745556
-6.76269923238069
3.846090466201119
-7.395761793151037
10.930512386539817
-6.533127746996534
3.017644735289217
-1.64352669330394
-13.21889768172686
-16.970333344878657
17.21050726938931
-17.10294278123586
4.080274086039669
18.068968134855716
2.10438130438963
1.5837807153508194
-15.382736288033811
9.120910401690033
-8.304956537303267
3.629545740146515
-17.661052103448597
12.028658532399248
-10.554761830673254
-3.470987189546463
-0.6044394842234304
11.645727730703829
18.115940757002264
5.1882607006040935
3.745574533539532
-16.81273992215558
14.585951395024559
-4.367705933896392
-17.96371614147242
16.036125062600455
-14.269180266256157
15.822808297860703
1.1590988243910658
1.2476469602186313
-15.27543810034154
-15.889850755923538
7.580378062558534
-16.977459426617138
-2.65885996187048
-6.551572620698822
-16.21145296418748
-18.258560574182138
-1.3631835672045938
-1.8587094371468496
3.172467355504047
5.175081804557998
1.257366742130781
11.633269170332984
13.933348418533072
-16.596844985508838
-6.838573032924785
-9.637996784264317
7.196182287521282
17.482939654459663
19.645030876757488
-8.222361319168998
-7.035043438019288
13.949680030544911
4.429154245132082
-7.760596691824153
-6.632489585541222
-13.19767161928862
9.759990344625294
-10.73797771380879
-7.653290924630394
11.5699999413292
-14.433619671115299
-14.083903426249114
-6.867977511984291
10.45414524369001
-19.806262819743402
11.477826853144265
5.871270597562798
-18.167956905003987
12.991808767745717
-17.54960273849
4.529357934824585
7.221645958269342
8.896570955762655
17.905308981362452
-9.918225233652942
8.251375372556744
-19.09434395239241
5.757933158372936
-1.9083693702149844
7.106262356593938
-9.520289332787616
-13.923491995996745
-19.07152070190471
12.340182180454683
-7.293744428949109
-5.420222380458512
15.523897447091684
14.268635193957891
0.9315809724916377
-9.06441537754767
-1.7680947917321106
-15.029443963837359
14.924936145475215
2.9767258990863894
2.5329722722137227
9.339238383093466
4.1145191401695556
15.851129954699388
11.577072270896348
18.56464281838531
1.1298658261787935
18.590131530898866
10.041211334759836
0.8493846644583982
1.9569053689622393
12.646630974665229
-14.651263175329063
17.497001673419852
-9.19401883722275
5.461476639155812
3.434335738510754
12.238239120962831
-0.309418145240663
4.068414748451538
18.72663218551834
-4.90832769536409
-10.35729139006591
19.73963182175418
3.054332195193421
4.26692956150092
0.7574051369514194
-6.016396457359825
-3.729626071734696
18.720941661006414
-1.6694709721934622
4.277996425420888
2.35908562407797
10.312394346416998
-16.900171085473566
-19.96806305820038
6.71223772407053
-19.7872657558924
18.215039894441738
-8.588423424694213
-6.7876019698263725
-7.366657148006816
-16.797726677287454
-18.944518664000206
-7.51142700528014
-18.556966919742955
4.388149488602011
-8.170624394073043
15.934286367258458
3.1339009738329153
-3.885962510687545
-16.549384683214562
-2.213647450552898
-7.2256277912300035
-0.9490353335406709
7.1234008068325565
-8.400765883183698
-2.08535545670437
9.796709651820855
5.848423829114829
-14.272685200628077
-11.756038616685656
-18.8276945180762
3.7088901247937613
12.8939742899312
-19.97359874515022
-1.783617625227091
-15.224963139291766
17.63047162236034
-3.3761667792142944
-6.9969918998157645
3.450067078191431
10.86199095282678
-10.602113403145047
2.092367954613465
8.04929354206574
8.197429954751179
-14.181920216042872
11.13370563559204
1.662170410306988
14.000478090444368
13.434651449328797
-12.20673834146309
7.279470283116876
-4.780984705826569
11.279642536751613
-17.395228714004823
13.888902615514773
4.793553689898879
1.5916985772347445
-7.686840352481074
17.4902018351724
17.445606222399974
-15.40271676004243
-0.3111043339387507
2.7727033509831536
-14.202748132477288
-14.219454974968336
4.229406477008752
11.05268452467541
13.965416324093368
10.771459279268761
15.303153945022089
13.710135862372795
-11.185708154114264
-3.731463713498826
-19.34202184817145
-15.90275868857011
-16.159993246551736
3.540573542112284
-10.200236963239107
14.445931786151228
15.328852614014302
10.338522390163995
-0.48854576036421093
0.5050163634123805
-12.952560799926136
-4.172267854224007
11.317193889890884
7.376768686039906
-12.923143609894572
3.8546421746665445
-19.457541076331676
6.938342257469504
-9.152220027704052
-12.389171688399298
18.748735198704004
19.089356924570872
-5.08041132881746
-16.654089878421804
17.397154232581094
11.375504777768572
-5.587136380966054
-7.591582841568631
18.71619577081124
3.444956025396646
-13.613408755994927
-18.63310935553543
6.372920323293663
-14.233205101445563
-8.44666181365152
-6.058436965554911
-17.853004366424756
11.154881506127474
15.99090442979174
15.054972158811722
16.341309086068314
0.15765781434046033
-11.13530980735546
19.29200259120659
7.15206647263695
-12.658311190698225
-16.70979733495355
17.878738538410765
-19.18661823493288
-8.931577542478415
-1.6945730413736158
3.4136138523390613
11.229429386522423
-1.6762538572129628
-13.853701130880944
11.430253789757753
-13.900776082880132
-2.4670017570944545
-4.3147797311577385
-16.94355196977094
-12.133509568058187
-14.621891795756818
10.801232126547042
10.099682179434076
-18.629142149032706
0.5810430410791909
-0.051473489992499566
-0.6457096609955961
-7.9087885077499465
2.767352854935673
11.02201163825142
3.695254709292861
-17.89414104897974
-19.765443457741117
5.995325910433927
0.313292975780616
-4.831851910098472
11.42587326346218
13.596646042477516
-17.43676787559854
-14.84489213223911
-7.50728841139388
-14.754306020250834
15.297432869344817
15.577371556683886
12.752610566701236
0.8831523934035204
-0.4871834198916076
9.804795294354214
-3.4838985889102823
-9.52022788304916
-13.984058025825554
0.05492089361172958
13.294208287444285
-16.507381762265922
-4.78624013109059
-10.696787883756
-18.167183034248392
-14.552768040846802
3.4984902008751106
19.989011604052017
-6.394290372663146
-17.855246409494825
-2.9164890059879447
14.129632527121295
-16.855939131271747
-11.67268857139299
-13.330431583732656
-1.7089982252087985
-7.621722359410628
-9.118614141611182
5.564037271325528
-18.498029783864762
-18.852016386676137
-7.904457861431929
-15.932857556833024
-7.755336853005442
0.13046552993922234
-5.413448685128056
11.263750491118923
2.813169469320531
11.462035433363866
-1.68211824620629
12.56359329068512
-14.468573775413049
-0.9793536224984862
-18.325626326289548
-9.304334792467813
18.944663529367396
15.395964223646914
-19.38407702056157
18.69998185302051
-19.3653112484956
-13.469788079473034
12.49494413298087
8.68980248970719
-2.0814673695786254
-6.28330834804931
17.314657813674742
18.033583178808584
10.788050216144725
11.336806755788832
-6.478872856001736
16.814846410911315
16.372587159492667
1.7427602259029555
17.967811334030493
-9.075660407768499
11.0922570773096
-12.146347863750687
-17.90315311776878
15.292959678906882
-4.515038776295093
-17.20351278788433
-14.373458567018753
10.743995262227894
0.20421743030819783
19.2952272647546
-15.316347129907717
-1.2714059861863447
-7.672237884281316
-19.880661276490716
-15.510571395134178
-18.059275756391507
0.4084687129676148
17.72833429107755
11.16669397869909
-15.445380752130387
3.862768243568894
-6.684040862517371
-2.2083122873690684
13.609992505185723
-4.055736829716775
15.178162343924754
5.729236499427692
-1.5484864460973569
13.072062586697584
-2.9494016309836297
-4.301912897508506
-9.131611018682285
-18.382547432596567
-7.888748431162163
5.3541767295197005
6.768965803139658
-18.150143618686336
11.369013605419752
16.93351042167079
10.338870732706972
-18.208386764730214
1.8104733912457114
2.4392885665716513
-2.6373257236208048
7.873853366536132
-5.73595818532775
-11.13941822627394
6.244522203219034
-17.487608836424098
-0.528744504449282
14.642145650701963
-7.113099883222912
-11.507569579354104
-9.501206401933446
12.061507060896425
-17.78097931488155
19.895776917443236
18.945921918051155
18.696680503056072
5.407054908883772
-5.783180713594138
-14.91901367357832
13.269526836518331
-6.947172429593502
-1.178340043432442
-15.297002434938998
-10.427045975324805
-14.72413001090661
-15.058565929260052
-12.825074024118962
-4.459559214957203
-19.341569456681583
15.366991065268095
-13.847075142693495
12.608376944698293
-9.148591637615645
8.8369149523581
19.130610372771322
-16.19979597910674
6.435172468786192
1.0397750310751341
6.2685531359675615
-3.4451933343236085
-7.041652428227563
-2.2486865227818527
-13.051628510971334
16.863487910096794
5.713519813750494
9.12776602310407
0.15865968357869065
-13.981331834420207
9.87087632948445
-12.223397973776681
-15.51092843173798
13.425998145934209
2.9982660771703635
19.862468958251235
14.568649905517262
15.2702359559852
7.915783503963887
11.442936092154351
-14.147541344124237
10.13536201457308
6.273417449572204
-9.388078956316246
5.430362774028993
13.986778973175412
1.5545117657428094
-0.804764711800587
17.759592457900027
-19.944947975854387
-14.804009026333853
-5.309159583207297
-7.02226279231629
7.3299589998443295
13.158383082127955
-18.405268397141235
1.6292221175549457
13.872149234137915
16.907797427533794
-7.276788287056544
-12.351718600166706
18.92171306652577
-14.673722211220612
-3.5928953338127982
15.332456505063462
4.753182225141828
15.212950719871039
7.081968833642858
15.302223015774551
-11.151410104058229
1.3435339442997005
9.066745759819298
4.093697856888095
7.592746006474368
-15.052375977549266
-13.640114395562236
19.215000644864276
8.443211883436895
0.9608056830592879
19.279913044397652
-7.989092379401441
9.025793197097304
10.943450791266155
14.499227511778528
14.676727179471271
-10.42810762800785
3.5868002354604513
12.637846968514111
9.35603633258722
-8.618251537739576
-14.322799250151368
-6.629066429232612
-19.3816041406033
19.060826970038043
19.28542451988462
11.990513814775152
2.488392847994845
8.617095132082795
-14.697682263400749
9.993642717226233
12.768347093269966
15.94502501600742
-12.475744302434348
-2.7286513159678982
3.2202791918464904
0.9610214315760466
-19.979895721331253
3.648754047178464
-7.377061258895301
14.824080806800389
-1.2128788494717746
-4.876269529619609
15.75965476667588
9.516579822691135
-19.1945910374897
16.28127432129194
11.41025138072576
5.522292444309848
-7.788308414341781
18.284060374801342
-6.031446054396078
-14.37501787418066
17.84758084554104
19.313940396999413
-5.312920472188548
9.476479845012854
-4.4597210906420734
-16.929449748267203
16.439776466234115
-12.037989775712745
-8.345719611100005
0.26590665648826217
17.356970600702503
19.323367641962655
14.06775390361792
-3.494651532839992
5.571007158345456
9.024580094917141
7.236569025431436
-6.278949688988508
15.306542957987773
4.874964799206968
-12.076319070745992
-12.107171083542806
-13.652596806546029
13.741840218098943
6.692085158629332
9.543008780968876
-17.28402147898768
17.23957353025243
-2.350929597470696
19.947294401839443
-13.150444867318365
7.115377537565408
10.974699899476509
15.265296076138576
-3.485658998942533
-3.3917645449713696
-4.068003186703294
3.057301661803592
-8.604037224776082
4.869958078508617
6.295838983896104
2.4989733058792396
13.979916348089759
19.21609267467897
7.835020740169547
13.165062473253691
13.437437076281839
-18.663834174546807
3.4370306086274454
-10.989757294143567
-12.89906044973938
9.261321901525207
-18.483850324247157
-3.718094092368574
-13.791124898015724
18.388986816291244
-13.197937506294476
18.698966056933763
-12.30913768285124
-16.068608082596473
-12.444091333218985
4.065006439167803
-17.87392766506361
-16.19468579259603
7.680989333176889
5.416764052861062
-3.147111320613263
-19.098765606717873
16.060109234081423
3.3333315660287326
0.9042983197143926
4.5084399502690715
-9.708577102869768
9.343887306004635
8.796127584181722
-9.68172969631559
-5.164476172075263
2.024604416670826
-3.058560458683491
17.05904885373387
3.0715716743204844
12.547031390550096
-12.301411968067306
4.424983355631227
-2.875779452153221
11.381721423480194
12.707965748745515
-6.237147833820448
9.134540242196785
-0.3520310201224497
3.886185305076065
9.466238123117485
-2.338920118946181
13.981631984513534
-16.154377755887367
-9.762555225660847
10.490425074847565
7.690014466215054
-11.178355042372662
4.486716960015606
-16.117554323389605
8.576147282776287
19.768713367300833
8.119740481762197
-6.653396581756109
13.682132981556002
-16.000817051168042
1.8441045262952969
14.141239359224159
16.392197975124596
-5.069500026296648
10.883224462100571
1.8296812813078454
12.964815712851092
10.476416404488905
-13.770860282794551
4.095402041130374
18.145598192739463
-2.1464097979270456
3.4428138326586044
11.151741197439527
-10.138685956102744
14.184626863171403
-12.269481362343203
-1.9602668179085754
1.2995802795398603
-3.7655160221944186
-18.412834815837865
15.509996015463187
7.676402164286003
-10.672213456608599
0.7066963066179
-7.4261310333117905
7.072105785748732
-16.183373660151787
-10.211640042036247
6.920758196533477
-8.85156477334836
0.5181199338064175
19.902542860960565
6.011625310671455
5.139356573613764
-15.198825783471271
-9.27627763768574
7.7591973555922
15.00666037713546
-14.0840420343932
-5.150714208018687
-17.94177483070756
18.50499157713748
2.888472956937381
-8.515264283585736
-6.9706857675941905
17.680154382192278
0.043860491084050324
2.6984003938598775
13.363840106325043
-10.306668478619873
-13.884786613951828
-13.852069106089875
-17.21920042781997
2.253801387733418
-14.494410508747766
12.363340093437188
14.629465179247013
-18.412223071372633
6.116322940645578
7.6066305034575485
-17.376979564946392
-9.71255825993536
1.3023027244595085
-13.731131922181667
-10.977779897687391
13.742118683985666
-14.079224522957166
16.499227578164287
8.139120591442502
12.847839123624468
-9.354531399125472
7.4747547258835745
6.742597467241591
13.380782605047358
-12.318448190932095
-17.75036735275694
-4.189354656807623
-7.83621893295269
-3.7879798032719414
-9.637967325317778
16.36442888199096
18.94641956029603
7.068290193479243
9.11918263350167
-5.742646711998711
-19.72827515568759
-3.26830035270525
-7.910837694309469
3.3035704642973585
13.015111601526343
-4.701757687516647
12.021593663558775
2.7483979814137527
2.750681930491723
-5.024699815965587
9.383128069123924
12.17398816565889
5.78585977993481
16.50501567897382
0.3595916587527661
2.7675024743432353
19.350795332997258
-3.123463341841127
18.841506968939917
3.585853941894438
-19.796042318881774
16.66092920997525
-18.250267469878033
15.262282047331027
-3.435574014154234
-11.047857417945002
8.757138534798052
-1.9426379780541723
-4.906274760285466
-3.662005604266035
-11.531595378733016
9.474993207151279
1.108715527103307
10.401316078127426
11.863672510227332
12.030392873361627
14.562617312619693
-13.744829440999698
15.10406590732466
-9.813968948890167
-15.095419554476837
-2.3129327459123807
17.59957894163226
2.4900918902456084
-16.429346749823775
1.8318889352887453
8.941305362518023
-16.353013664681697
-5.747635777402632
-9.755474687707984
18.42188654204022
-9.092323613633134
-6.026120747162608
-18.30209743810684
-10.50887263912867
13.35995967105491
12.048010788823966
3.4460792939367515
-19.28765299216487
-9.935865437056947
15.89210659877724
10.236952959960522
-5.970525311902657
2.3698564838220584
-0.8909230442187592
-1.1161588518517185
-16.50342749144016
7.8373903243825325
18.831873771232168
16.756730761299515
4.0235912547053765
15.640487606773533
-15.373906445783172
-7.106038918977777
13.743638356782732
7.122043064487066
-5.881870420835945
-6.001375686346876
-15.76812968009536
-0.19188676600944632
5.315029792303719
-8.988779280340236
-4.681414957357589
10.07950061502298
-9.130810395428037
-1.193907894008749
-3.3053764408880753
-12.727350496721584
17.52169177795946
-7.782845230722
14.687693806243765
-9.821329284829927
6.68644982585014
-16.740646856582583
16.672338449905816
-3.9311777129556376
10.802016506259228
-17.821852178113822
6.129827992853372
1.2642405659904838
-14.811032711841428
-3.398644686073329
-15.30678683967919
-3.0959722262331937
9.290374103362872
-14.139516549071324
-11.923404482030882
-8.14168512968061
11.523653349187825
1.0052243049742629
-2.536908229314907
7.729062542412599
-11.19590757527555
9.936177172509172
-17.639739507404407
-11.643379299108068
15.465361627322196
-6.668782896361357
15.249338578090764
-4.414326557002521
5.431860758524472
1.5704738271380805
13.095051667419874
-10.023954091403496
11.759020260354788
0.560156928550807
-5.003758163647248
17.186465844834665
10.733131921827379
-3.7020169171013997
5.471001770817455
-0.9551099548925599
-3.183242394535874
-7.19423964624279
4.301412066287714
-10.369080652179177
8.567037610687521
8.556078830159557
-19.04223893806671
14.643223184411745
0.21912164983124782
18.18957593886534
-9.320555074630722
16.95310471860534
13.0382314378354
-14.030494660355384
-17.437139659893653
-14.149763806066161
10.118406556639151
-3.224171454060645
6.0981436741059625
7.9688931797587905
-3.547586887799401
13.743153632674414
17.69170563196713
9.217487052047119
-19.722388934123387
19.792836925237168
-13.442716860421449
6.499216603381328
17.997959463683692
-16.834197452107524
4.180013311208857
-16.794680746856194
10.934859768469146
-6.364753432502873
13.074294222560738
-10.204665100470788
-15.666769888895384
14.973495651459302
-0.7881026726069322
-4.077927430901003
-13.475277038145904
5.528758655304962
-13.116915499178269
16.569687717720768
-7.646853532857945
1.7013986735830713
18.00335348475909
0.39222305664667445
-1.900103847289877
-13.578832136025518
-2.186898225798636
-12.31162267484116
9.777249546215202
19.023764400799386
-5.506599123068758
-16.153478356679024
0.9489553817528495
12.79653767787309
19.66408334494804
14.642284310558104
11.921788847696334
9.65129673516197
9.558440782836982
4.1557344955169775
-1.0186706560024739
5.738011500588488
-11.972111948880908
2.3749981172741883
9.928335661422267
-4.976242554558201
6.6270090262900325
-11.035797074371283
10.57106409863469
19.486592205951794
6.477229290487713
-16.501528209802693
-0.2531994958882038
2.175934914555153
12.236907944640656
15.683879331931372
6.953705874833869
-3.1937837716523845
-15.88150463087253
5.450529243317227
-18.083572622332774
11.477975249801364
6.829960515011159
-3.075929174390396
16.04673505362517
3.036435025719708
-5.560263949320547
6.956548368182563
19.433904064289543
-5.353618276223568
18.487499859861835
2.080926754103775
-9.571896468118503
-8.04413733795931
-10.76171189224505
-17.133918100023905
-4.155811375304236
-10.678958636616631
14.297609023535244
3.944608153034004
6.1773189607307835
-2.5750908577567984
19.367592342565175
16.131694953394103
14.832393821334165
14.192919451329374
-18.399395814435163
18.01595837322101
-11.985626582790925
15.702593736783648
17.055673694642863
-5.002262350870371
-3.4169607649207165
11.857353218063853
5.086209065254298
0.16402722504318845
3.761606718573386
-9.665849079736773
16.15111129554421
-6.94307062667303
-7.133097327880913
5.860018452966479
1.1171290182991385
-6.089387152389678
-17.09501839191642
5.276200943531634
10.498647207212745
-1.1704047240812976
-17.558661061843644
19.19677530502763
-1.5520237628632927
-11.376053908117232
-2.883272887848811
-11.333288467119239
-13.636413193011006
-13.172983014358653
-11.968688200780498
-9.537254602526932
6.608690915237013
0.10779324660237677
10.259336249806879
-7.149710765699853
8.862129825171277
13.431250727081192
-8.047879456833273
12.237761594092468
6.01400798604886
-1.3945657916634993
15.205879437035101
6.902712078726935
15.447132663761025
-15.744117255233983
14.427507820476187
18.72293531268167
11.873300967263955
-6.718417646299457
-1.8258778318988504
2.6879394882824705
-10.468547387839147
3.259659343337887
-1.8320541370345111
-2.8473829579166257
-2.552061675411842
-15.233652605908944
-15.80179237359184
3.4827760923346283
-6.416066290899716
5.793937732680263
7.22410430241418
-1.1191677788800618
9.919088183469643
-10.794052128469321
1.5536165049230597
-3.4972070452183672
17.993058954233632
-7.626346993820192
4.430321748552707
-6.3863706970814516
10.058638064328996
-0.5662812356172111
10.584113977287824
6.284838674674766
6.470433638465284
-6.497430845015902
2.808917960075597
-18.761468574020977
4.333348990372549
-15.946236249787882
18.177731970669996
-5.252374415197396
-11.735360451557163
-10.095444916220156
-8.309662026660668
2.3434177113175636
17.28525394859902
-11.064490987519067
-6.688937889104869
-13.601449723029102
-8.67306404912188
-19.94018745610766
-3.855091851373871
5.241138770431839
-15.126307072745483
12.257330022836285
2.4045417924709014
15.318737730372874
-4.356405103242986
-0.652026626878115
2.437886882628952
14.390412698093925
-12.301544180565
-2.746617595104727
-1.4583910888992904
5.199984477411519
-10.987052026310442
-6.748947358855343
10.639200190527951
-13.064131931094959
8.404772395406589
6.411495265979845
-18.67609163856732
-0.8464519774391341
12.95813805455144
15.62972576799472
18.790219970460136
-1.26914261713981
-6.359641018192249
15.349587839033319
-9.705908848057048
14.519447837535061
-7.87693893028203
11.516992560759192
-3.8462597951146336
-12.143004408474788
-13.635494067090814
10.24514856892596
6.641971602272726
-5.294409323200707
-13.129166838088736
2.9088475799553706
7.661916427531338
17.959767265541004
-14.8245161737864
-19.606462185543457
-9.215575772670093
-16.463678735479306
0.9309045562631155
-18.941098619671614
14.600642225160072
-19.795488933214152
3.921671532167494
-12.068907878920552
-14.434033877556093
12.940566583477647
5.014455349539645
10.766203836949984
-9.10428327505215
-13.459631283786845
-12.355536727152119
-9.680415187690468
14.714815631781903
-14.012919288204216
8.624462126556796
3.9478245211994363
6.049638517833191
-0.805053755238152
-4.848746788493155
-19.08587297770614
-0.09126542134725213
-13.149224614745268
6.925495876140467
7.84974847167112
5.489829948084179
-6.4817864225139665
16.518071777766686
19.702727684745966
4.777734045967719
-18.84985155600415
-11.361950111338048
14.412995396892128
10.339087644943579
2.0001907809964052
-6.2933788538400535
11.442214322940071
4.964512309854982
-13.655405374706122
2.9752823951774907
8.88515921516182
-19.06234424166062
14.026808449472135
19.54029661357405
13.788862558727132
3.931575135149437
6.129166139838009
-15.71664972059259
-6.179258253149937
-2.7268492042778405
8.135273070134609
13.736108937687817
-1.6674438231635023
-18.814493962145544
9.794928087207033
-13.094997068593571
-10.79806174859173
14.38395834405091
13.635209427451159
17.190272449784963
-0.9290083892390797
-19.070804668927632
14.156427891616474
-1.1771755289238648
-14.751458852831218
-3.8786229793610936
13.171936808507546
9.590561704918414
-18.089376873350773
4.87653302969062
8.189874659431421
-18.37685299520629
-11.66577276687498
-11.896172868245865
-16.092528008953863
-8.76983019932271
-8.21091500361954
18.264977136470314
3.1781211295284777
-8.889026744943545
19.039381176395494
-0.4837232601704464
6.250896657181208
10.95702731361559
19.068877748257044
-17.68601832980488
-13.482965146094461
7.3246465305022
10.507446567577468
-14.335217205003135
10.07115032890821
19.827261002082658
-1.5812455252675086
-7.546471028636134
-15.016708246140142
1.47938281206347
11.294903345860622
12.049117461947944
12.338966123662793
-17.869496111597904
9.942946181588486
-19.79176748406224
3.4078792596768146
-7.35102404770827
9.629444994940574
-3.9698286992090672
11.854526372718741
-16.387420298713636
-13.121061024950436
1.7572733601894583
-19.545573365070265
-8.572663757854118
3.9126483669457386
-7.156755078263579
9.634781474104713
-18.851693295921017
17.602412600941115
-1.595192806835005
-18.68414970858786
-18.144929126218855
16.589282685370712
5.846603142595036
-16.317366407833745
8.635827602368135
7.295803201841061
13.168997599907783
11.419312350545137
-4.029181573982745
17.16253296438464
3.8158233585571395
-13.372624949238926
-17.72917034704474
-0.27961985093259756
18.18493144497721
1.8727230482032766
8.938654432271452
-13.813139430304968
8.062443420757923
-16.423266361219984
-10.159718310327257
-7.755297158233194
-2.316110783507849
-16.655221690689043
-3.334620202968015
16.664092892067856
14.677808585046705
9.36591797838797
5.615737788301086
9.318442150906137
6.184036899208035
-9.179030971059031
10.949286294900539
15.76932819436388
10.034704172792274
12.808416454687091
8.14047417526696
10.839230886996795
-10.838723841956748
-6.860938287969747
11.1780754726473
-7.8791061878206
-16.07317086531747
-14.590359705674093
-2.1692353703013154
-1.6229361467046601
-13.961432135527097
12.273674998582976
9.036299775068564
-9.899856223563091
13.994046166047688
9.24867298351591
8.819261700070172
-2.787720357939918
3.8595421402213645
-13.96763208006126
-6.008218987452265
13.869854787562545
-4.368819350262427
-8.556977905165537
-18.601012694479685
-19.276906662888496
-15.616890453726185
7.551696793706867
6.8453841355750455
-8.866189740618715
-6.093039873161445
-14.894636585225625
-18.112688400772356
-12.081767112649144
-10.499954382415325
5.34847726670553
8.127609743375839
12.662810636696456
-16.45220009544698
4.647432879812619
-8.558775872552054
10.755958056291547
-8.652072058456497
-17.1895334299359
2.536044105452522
12.140357035700248
-6.204654640767654
-17.532678282782513
15.231938821292871
14.679795400380854
0.8509763221358426
18.927691639299347
4.7647005616484215
19.441516901464112
17.215211882782036
6.2590440969540495
-13.039088671842256
-1.035573604114795
-8.956285887800291
-9.487100230145412
15.801935738899303
17.570242113789256
9.503389283059043
12.31916914599681
8.641366036742333
14.46469507721072
-1.4628095443844416
1.03921230128309
1.159402271526794
-11.066001374986438
-4.401820503702499
-3.0946091385257475
11.201766010937199
1.9127927254201325
-1.180269214069007
15.91977903953439
-8.155395976928164
10.478795135100718
-19.446819866572426
-13.006892485423807
-3.752678035713977
4.728690780931419
-18.94571166911344
-3.990372991256418
-13.378649132233878
1.976652129283373
-2.4634050486573784
-14.519393501445691
-11.47972797254575
-4.641668456807828
-6.004155782987661
-17.594490407531165
-4.635626837064448
-11.620203325663368
-11.80691919244094
4.035905863852399
19.347920149498485
12.311894278093966
2.7307240137436963
9.057625904134955
0.6548192740323984
-5.162930840635571
7.994517861909223
17.791743136299438
-4.625607962588498
2.52607480921899
7.632519847469126
14.149038416809908
2.6165429536442915
13.88681233465718
18.73035614301272
-8.604718370534092
11.228214933058148
13.414659332757886
0.34236982267719185
13.444433618148004
-9.150046813476479
4.839895285780017
-19.432544708088052
18.48061213291895
18.898762683113866
-2.7929829920836795
-7.209917454337923
-0.98723179468562
-9.781767723096873
0.04233335093717017
-14.360474122235862
17.400785348115313
-14.512058429536427
-16.316958754489335
14.863119617701244
7.308123482464971
-4.042818336999829
-0.5398293991888252
-5.9674316189732135
11.439049567517362
4.742732666103304
-18.996838289286867
-13.723736424841704
19.117739873473425
-14.276233997160116
-18.665393605151124
5.716792519671415
-3.3187591101292
2.7278289030974356
-3.0505324099989473
-18.99541185748251
-18.392684560502254
16.945070391229457
-15.306989045189558
-15.172890629154328
19.64785599319263
5.938631164992852
14.718141608319534
-8.705548615613488
-12.514318578097111
-11.316597107660797
18.344186317493197
-0.5362432973463171
-5.008083372505293
-15.182067427887525
-16.186743481462567
-17.483428920713145
-18.607824653082126
-18.64957815586227
15.38384125193631
15.638115133181955
5.524860095493306
-11.930352694379875
12.684233016595954
4.060593759242774
1.3942751518429546
5.824357097443933
8.202884572390047
8.305216233218115
-10.095016381112067
5.489706422263964
15.013211875435019
-13.540578988918535
11.689845971695227
2.6478445176985232
10.934252606621826
0.4566407553436882
-3.0950219394036935
-11.963459418171801
2.4268786031432157
0.16178536967994006
-18.07449242718765
17.42444671064134
-8.693236829858563
13.472901136269968
5.746393217467553
-6.7485005204246065
-3.7173664688272083
-18.552674244977126
-13.134129995172854
-16.794828954511782
14.572621115259082
-7.15202970678761
-18.48962241867469
16.62534013674751
-12.274336123358545
-10.00601258958751
-1.9297573974021631
15.387722551229032
16.624205421191192
14.866030708740745
16.66303528621018
9.1803501068499
18.064303067414066
5.864992324615802
-5.845991133886654
14.527928617700091
4.594004108250896
18.957229647374753
18.15069657218187
4.799431552836854
-16.3094296883038
1.3764016247949193
-4.442580563414609
-17.390381561518893
18.320913664484863
-17.609672034500043
17.121131531538488
-19.596975182036125
-4.824709862884134
-10.759257655817267
-5.248260071247008
15.286066433631731
-1.6890502313206213
19.15331666906897
-7.325868496204695
-17.476213765884182
-9.094397798383028
5.918641153058658
-1.1923716804728635
-12.366686976840304
-6.141455640518405
4.573813688817403
-12.25249574441242
-16.001222030486645
13.523425016989364
13.231091873984695
-8.316074647623463
-16.85981873270906
-1.0334215321182292
-1.0671780386158076
17.16297867131749
6.138801950714885
-5.348663216327978
16.309922035414885
1.4274761547009795
-13.228218057958415
-11.282076852007785
-8.885473919099876
12.896472853182019
16.080433496314697
11.764388085246821
-13.809207734882708
2.5738372468469066
7.59690857882806
-12.562739063211001
-15.865040975069693
2.4791879887662205
-19.680507755438732
-10.133686225434104
-13.592997950827744
-14.645646750855391
-7.390728287001874
7.787448652540849
-11.239342454681722
11.759296532608694
15.032034450059726
-11.455907388278192
-11.574297677805255
3.9838770841082862
-12.724352924168251
-14.35053244977233
14.167934732816398
-5.441193626431225
16.8770223310729
11.765213699326328
19.14259263517352
2.4537496168349833
-10.085585223576858
-4.654285388018504
-14.947322147281499
16.21868922966798
14.292263353422534
-16.82006627782231
17.026421933184082
-8.05451767443811
12.519002681021036
-17.549221016930787
12.656862792463237
15.230745038285562
-17.54372346730851
7.2226297183479495
6.781138545568112
-7.049405833306345
10.785578157467445
-5.450201537110143
-0.9071565499736032
-7.258067167506166
-9.206733541733394
-15.495575910787714
7.668638034477663
-2.905999968441545
-17.86206963017473
-5.795883772811354
-9.083247871853843
-7.396589676757564
4.76413947558725
18.764477892017453
3.616889345334954
2.577249296106295
-11.714915865867113
1.4626839345893288
15.621379233637903
13.02492495525351
-13.740568024314346
15.367762077004087
17.764066266233144
2.335353230993995
16.212418951437385
5.519790512802622
7.299084901192781
1.8820866003348868
-6.410062561378984
-18.53341642459729
3.91149355303655
1.9776701830170218
12.705906472029667
1.4993056994146698
-3.659698108491849
-13.71791065069845
10.107221975950594
19.370207886624513
7.993041696505166
-15.941658055212446
-0.04064140336998179
-15.191570859764841
-2.019104280535199
10.980177865398119
-11.97706483231078
8.895794628625016
-7.535499186434521
15.647386917154485
17.244235205191266
16.24060460607955
-2.06623001026529
6.935030841025199
-15.771329743917356
13.171281949348696
12.291491278785443
-6.611805572929036
1.8903591062179927
-19.185436522018975
-4.5431974831121344
-3.3978758665956335
-15.735088091575836
0.4945614795159585
3.8120999989447526
1.966335535870396
5.878351324960814
-18.370499069931032
4.276991317386283
1.6145983135077842
0.9195435508400926
-17.60930240395141
10.298775442500684
10.474871255268553
5.469443595172876
-19.84610669885388
-5.936938686981259
-10.904993254075922
-12.262243889712895
-16.166391574608113
16.92259770810321
-2.2755896754495453
10.097718984364917
1.5316399462240327
-12.63691366704748
18.14277887450757
12.570798527826604
5.443878533386975
13.847969346031022
-2.3152076545177316
-14.393944466168843
9.506119255917355
-15.149899573188605
-13.539582719890465
-19.263490731163753
11.904211184823662
-19.094931193670487
-2.91102769888408
4.49648169070997
14.797911829679165
-1.3136306753127727
-6.091081556389648
4.892057908962894
1.4217922881735454
10.206602475129273
17.751130107074225
-0.30441582140894496
19.431317318496568
0.8763549775113759
-18.873404535958237
-10.164543809941478
-0.5394981495916795
-2.0885366377020915
-4.710183280822072
4.407988953767795
15.46011872504208
-11.54361585045136
12.372526620943233
10.966351086976683
-15.118090510823535
11.782976598940152
-2.435357258165954
-0.13993215322696528
7.521485676305417
9.897813890288099
1.1535766727511252
-19.553975816997998
11.258456228340691
17.09575494503938
-6.48813563962381
-10.050217073377986
-4.166992997767931
-13.723167904691023
18.810706348788287
-7.756060524028063
-5.791527602431032
10.499197467859851
-19.527441127822417
7.97840526189934
-14.275731659558225
-10.104301022210066
-13.06887620530928
7.231175475986696
13.51271024020042
2.2730513989856576
-6.46300238468001
5.138409425233874
10.80312771372098
8.08326567021085
-1.9467211280154118
-4.676744799955944
-0.962486671046495
9.725829984485937
16.688981941617342
0.839025101640889
15.245917817555828
-0.1903308053563002
0.9165911561266427
-12.323897783519246
11.164033738977196
-5.764223149772976
11.106202140662695
-15.901116782074002
0.34019805173450735
-12.263201902923333
-3.721199254364066
-18.58369397164924
4.247080744781883
-12.68662919689723
17.147828055839447
-8.01231320781763
8.513862516353178
11.237698978114349
-0.32850315381062245
5.883406178471326
2.3557708691372916
8.317185288830302
12.586860303936469
-8.90010844087536
0.22250079663034583
-12.397687903180499
8.587490253413335
-11.989639100982652
-0.936018590509974
12.128295936901033
7.455091548791245
-14.194441900416045
19.967596710509376
1.672583014182571
-4.059843204488276
-9.214635658670801
-6.643666775949924
-18.492679680761785
-1.1093032122510813
15.99295005962341
-7.325712483969493
-10.732220257582053
-3.7320637327403894
-17.322889612164456
-1.5964534179959102
3.030692865005207
-12.899369129236554
4.8529606388239515
-11.344073295763266
4.029432934182534
-1.7873007503057927
11.59576342141499
-4.413896553693672
-15.011978479194692
10.960283926729474
-17.302587579740447
-0.45394087480053713
-7.257179829423279
-16.680594454219136
11.695777937090813
-9.941180393484629
-8.627056660341665
-7.611222378551389
7.604760529478199
11.687859667329136
-16.84127563512124
18.23063842892003
-3.8878498552949914
1.910568337835052
-4.865511645620643
-3.397949957044961
17.41730358023159
-14.022543932834024
4.053768162751826
15.602428266151009
12.353963885614753
-10.982468706253439
18.867613305468566
-0.1251395442268013
13.31170610091256
9.736750977530882
-18.989712612924656
-4.709243542399438
-16.033462724131212
-14.191409046423228
3.8125486846926684
-7.573086239738487
5.734168073452281
-9.74513158835926
19.899616227591316
-3.637012172427859
11.8970819614701
-6.121168181564345
-14.466048654207055
-6.482646820211585
14.023128590990098
-4.522568749949741
12.651046373980904
11.836102360256785
-12.04207286307906
0.6149205458814393
12.23453891393683
-19.884338755152385
-18.280246278358668
5.8326300884230875
-13.334852367899472
19.7571706247276
18.467328238527557
17.427180889494046
19.040624113878046
4.831002512189258
5.946843549643379
-0.5866663321471677
14.07303174795765
-18.68964386648356
-11.442203085498356
-19.148904945500064
-9.015041851849954
-0.63152640421265
-4.801356530665672
11.482464447536284
-6.198522371227151
15.573952176330806
14.821132699563847
17.597993120614127
18.11092540020961
5.12747538500809
-8.191094577732155
3.7109210827148367
-1.13710371153757
2.2686719073087644
-10.928727528287961
-9.21805238920939
-11.499460126357445
-0.8394374871949282
11.761937019186107
-6.878289207875184
12.236492447107608
-10.716651186618623
-11.73238652098457
13.700813511978453
3.764488956582994
7.259328168983224
13.403698446224006
1.6600847127099385
-11.982329766963593
9.560801457116298
13.472994338033189
18.09015930599206
12.102136571504609
-3.2844985633511214
17.87313952276135
-4.5665254990594875
15.992082137107857
-0.20797815979329926
-16.277340025273062
18.938082839985498
9.560389598922555
-6.334499890918707
-5.88854911957938
4.639805932144192
11.346467149823756
-11.777612959689673
-13.005258237918987
-6.007617794153713
-11.50147299734285
6.413330956526231
8.911275725237292
10.831253792750985
0.19591814811744968
-0.5406535989967693
8.662646917009944
-1.4335573536671298
-5.441510427383619
13.562155446403779
12.403839588026052
-18.46770486743031
5.132551018181495
-10.076572925470156
-13.186208439992889
6.309247571056144
4.020452212451083
1.3362033116130014
-9.460970543631388
-18.099149302276615
-12.688703826719298
7.716341355508959
0.41564435154971235
14.745721898997232
17.3016492360142
13.8110420096097
3.3985315685585213
-16.7351960082085
-4.884288168716102
-6.046662892886317
15.330510800635238
0.164074950146059
-19.69304215258829
4.833246584189588
-11.213982555346153
-19.366786792732974
11.994855924518074
13.106114209159301
12.448954547368288
3.1917894467610566
-10.686490378184095
14.741385724899288
1.8986823777126318
9.528998937630242
-8.600295635577515
12.353934437420058
-10.18613939491594
17.061698754152992
5.102873459961067
-4.5884492927704645
-18.77515959014328
10.77573923481911
-10.219457578054136
-7.568545528451356
-11.967067216433716
-19.975829082519077
13.476144784905614
-14.337299429833529
2.6195191962982847
18.17375097249362
12.506788305874991
-1.413658946743979
17.882215208484403
9.209544646711848
-3.1546165979228107
16.36810095305796
16.17444695712728
-15.771418141747674
19.198234984980395
9.164709522722575
15.344480828174
7.060961753517034
-7.255036069793732
-6.6665235153433535
6.747722180880334
-0.792002347646541
6.916487848359441
-0.9815466382757698
19.06353317346322
10.32806833591685
-13.505939771091477
6.491275844185374
2.305029781647434
17.504669869622646
-6.391497810648987
-17.59718709343661
11.166526014839057
-19.98885327645274
-0.6440332246019693
8.459141925610002
19.290260926140363
-1.9743272182077085
-15.514450043669541
-10.477516866001256
15.411471460168102
13.383148704636511
1.793348506868515
-13.267198527845338
7.740258178452656
-7.2329649136787
5.397492869255409
8.347685134022946
-1.576178336379602
2.162384577298475
-2.9665417546091604
19.883674688222143
14.900553508344537
7.817037348457024
-4.677634771672384
-5.13624243075701
10.7412718701929
-13.410510974958889
7.911330490713858
-14.573552190315219
-16.206524339045444
5.729922908808312
-2.766914237174838
3.916820110315239
-1.7928908011226667
-2.7694391679640873
4.680116116177775
-5.0371507126134585
19.08307459317549
9.505881478677878
-11.43990114770319
12.468330639269446
-10.077716531468655
2.5629091575404708
-11.55471064595547
-14.295227614781695
-6.466660349108961
16.493171081175056
1.3734655026925466
-15.817911968036448
13.641047610532524
15.295725016718443
-4.628906392369508
-13.170699397578968
18.125452745175778
8.808135841184747
-4.391249440771642
4.8665487088213055
7.757436677715436
1.7436024269526698
-19.448584787682663
8.687784667568621
-12.569316211978006
4.571862235754381
-2.552493787562131
15.17039427398037
8.523154815200638
7.761735632928165
1.7508440779946035
-4.574359776979078
11.456904312223063
11.903655401682094
2.5576451114049448
-19.68975427180378
-1.877116088332599
6.519301113977281
-12.907923664434918
1.8180542161681998
-9.137186484825083
-15.865299950084871
4.016304606965573
-8.988277265131668
-12.092465822368341
12.375441226379507
16.91933557195538
-11.83459207121457
-3.6876971269257375
10.907963793966967
-19.67190982738128
15.105612760683208
11.255061444564799
18.649519239772452
14.250495206089532
-18.711657756104707
5.169422630099625
13.715550811775252
-17.4791093487255
1.1438767060873367
-6.300604702870585
7.930449082610636
-3.681984651267509
6.272128322436444
-11.504971839598426
-8.453141545182707
3.9969915836199412
0.45955249548818955
-14.541505588349683
11.961101416717547
-14.541306772005758
-16.143600641037956
4.659258924304311
-0.02740623689161481
1.7498717973422053
-9.947465819655626
16.645537025516937
12.241660589546264
-3.2827446653504566
16.95801451298712
-13.455738202109027
2.946546879627732
12.588657060127709
4.041246915024953
7.3810691947688944
10.332678688095807
17.00443205209657
16.57168394419903
-9.854444017480471
-9.590897833524217
-14.86432996288308
8.699867000448414
-2.5611521688379923
-2.0263136965125916
13.435596838441704
-15.035425657110757
13.940413224488267
16.621172434875533
-15.963686622431421
-10.755398361702962
-6.403089185294903
-16.51854152221665
10.193792305777826
-16.985667762484233
3.7284086006758024
-11.60182360755876
0.3265383542384086
6.1179827969911535
4.91085147432014
-4.991353705006452
-11.801759729024885
9.965645947449282
6.080434008897946
12.296646165092731
1.4444347546877943
-14.466598766877725
-1.5720491057649397
-11.0510587226673
2.291006813929638
-7.909745173875766
-3.1107014085056193
-1.444734833705347
-12.584920001818528
5.3545582445016
-16.85996988104067
-11.623798257880086
17.212341531664343
-15.980232096999028
-17.990839971075317
11.73625862839343
-10.869225369775858
-14.275074949894693
-2.1387970618146213
7.320340705357673
4.780514221949595
-11.47353806989483
16.452750800711
-6.931410098687643
17.00913454530569
14.83552305003419
-18.796409771180016
12.350234070612089
-9.531788162580707
14.816464130176634
-3.3506526217282016
-17.582752373203007
10.328796328830915
3.1004251132114433
4.667082493800375
19.14618774871159
16.52016249830747
-19.71106112871005
16.925160464375224
-4.682595149542514
-19.210153481816008
1.4696062257077322
8.451341047962195
-17.861548251826214
-15.81303504725133
2.4624997850950017
6.1340297066345855
-5.743815312084024
10.98606650447094
13.053337362633904
-8.063715723030551
-9.91212781527258
-5.159083381079
-0.7894604870432289
1.2716776421127776
5.596867229611643
5.995886524879044
9.575382280758706
-3.671439661525792
11.955037356357252
5.187221770603969
18.55975239861482
-16.879740515511543
-18.319335544745734
-7.425742950278295
12.47730827879262
6.589277379914424
6.760890630862029
10.757178789877639
-17.80469408069402
1.1170018014059053
12.431955768561032
14.297527542668448
-16.561225503839147
-16.437379566529586
-17.463316257808952
1.669356532559405
-6.099520858157085
-5.517658831780459
8.9120521137114
-18.390308180286176
0.39694244806903356
-11.300475453653963
-3.564240150290697
1.7999208475661632
-2.5226626014138347
6.3450739663511015
0.5893230603091979
-17.47159286438199
6.597059244790067
-18.838602665444597
12.409999964084669
-19.16161716826112
-12.752045658721256
-14.010611206059318
-6.845737538722684
18.001855933496373
15.510762247758066
-11.76888469513199
14.901578145239249
17.230673212884696
-18.02735937240811
10.715476041541045
10.068587238415088
-0.6971334578158448
0.4487657347342555
-15.805699145738817
1.8185059500451644
-17.70927079165826
-12.435685496137015
16.495494421927233
17.163189107997347
4.59736166205699
3.4422427321224873
-13.274275914479112
19.319247626022403
-0.34077872179765123
19.820881855370168
1.0522337618520439
-12.233145752371524
-12.226875783397052
-9.807510166516966
-15.75624912927001
-18.044617466050646
3.956401043847446
-7.279824832877338
-9.590631560450609
2.555135688520096
8.631269123958308
7.423207586095803
-3.3888519856785635
1.8960444628427595
-11.469751426349287
5.743584295902188
10.652867651691768
19.9541741843573
8.025715296834694
-18.220422174064907
10.089985426787212
-11.973031788841201
-19.3714087222977
2.617501974478884
16.42839556795122
11.095607018457883
-4.290438783019933
9.453204856706098
7.907084013720333
-11.897341395106924
-3.691176899987724
-17.36134414784425
-7.468983737895606
-5.218784230119194
11.23230467554388
16.442384816958466
-18.018269079761744
-3.0789316943591203
-7.799893945420649
-13.360807837896544
19.60990711261175
18.152630147320878
0.44903732840376165
-15.667431936801997
-17.818666912353965
-19.97209782168399
-13.170631718110556
-9.294666742589763
-14.298758131931319
-9.838311110848323
-12.183896040451536
8.601203604968997
4.585877437162537
12.110022162446356
-7.656342653851631
-0.48488340498092697
-14.36169103937492
10.932969157089506
14.333486353839064
-0.6932128608660157
-1.1595553282345925
-2.6639398843497943
-1.6317754479601376
18.247205648866355
11.003286008333582
-16.943544791615665
5.8869812736368985
-15.290006138989156
18.50090294114736
-18.96887830957877
11.34494128887063
2.5875442348405784
10.92855536013463
-2.4617734850582593
-17.699915753742708
7.3280342273715995
-7.6534429329542455
10.44068604263295
19.059117719424485
5.634183683339771
11.641040137399564
9.569151533357566
10.81317841709425
-2.935752897690058
1.4547213882802588
-16.414270673346763
16.776603926025928
-18.959754248924785
16.87901451049133
10.055912193988036
-4.6052481145151205
-2.4426708354584434
17.18656805574973
14.133654819181167
-12.141707767970864
19.350727502483615
6.169049403079093
-2.2244009870395622
0.9337939832841897
-2.5299686370578414
-5.405980609435076
-0.48092207690563527
-11.028278428687393
12.62543657414038
-19.42139492251433
13.75467490009023
6.783032733506818
-3.59523073398082
0.15557074164771834
-5.243472128298464
15.096906585324227
-14.421118953142624
-6.6043727239127605
-2.2587798867550823
-3.4177385748616587
19.70708209563994
16.08210635547374
-16.901191455359825
16.29508942272694
-6.195001241138591
15.332024277117064
-12.611073329229146
-9.512608031363246
13.84464836255625
-0.9939205093746573
-14.730272216927434
0.8180385706319093
-8.194865661611859
2.357270661008471
9.42469014462635
10.163243347945446
13.462983394388601
2.30735209289049
1.5397002591587352
19.079695150399438
-14.301332609088142
13.59201833986343
12.380550810320045
2.559654547325472
15.312459613374514
-9.692868998999788
7.770671470333916
6.004509468693708
-10.38959764691256
-7.521743289368494
-15.915607568939478
-4.379427163957693
7.480377109690849
14.588182413803928
-1.8387215618329833
-17.699260113862824
-12.995059139197803
-0.2719831120648628
2.752096219729836
14.35240353491541
3.319124365198679
-2.9653520123604373
-19.9697829832768
13.510790216722448
-17.16933294995366
8.501713418924876
4.342758130804416
2.3417591196227363
11.73537919169297
2.2782168475019944
3.018640294658603
0.2735318964333011
9.438915399650845
-17.87530898457049
16.43690424328588
-12.754546223767221
-4.511526351539921
17.87312862399604
-5.401064155589403
-10.449836085018983
-16.12590010930234
-12.744191109762406
19.640273554300897
-8.138536975325517
10.306464089637167
9.651054035027855
9.34706858085113
3.209710565341979
-11.820080766688204
1.0491215024020661
11.241728287844047
8.627310261326812
19.719592226248885
16.839333900185565
-16.740503957778287
19.44591470125451
-15.319984525568305
-15.779485373391132
16.484633859972824
5.1976664610133625
-7.736861476813811
1.41636090189661
-18.24966095856385
-10.74181491373233
12.223382733994008
19.1593648073451
0.10767868172387196
-1.067647281525538
10.005283253411118
3.5120399397210065
-10.655478005206254
-18.549995733127126
-15.885598380075376
2.0067756217316983
1.3720596872706636
19.856951139583607
6.106486582982772
-10.619523480096396
17.62190314062748
7.93245883159555
15.4712430521013
-15.158590785968
5.018488193172395
-9.330074530951467
-12.105719913918387
15.029910975203407
3.0956411981283196
3.896357428398165
15.670669971211801
-18.84926935497726
16.023064606466725
9.008887192941746
15.21729755279268
9.472222941898107
-5.532713116412582
17.806870770137863
11.468584401591823
-9.440343629731194
-19.478957114599726
-1.025612508442805
7.589396604935853
9.48227526668823
2.728652110090902
-10.24665992011062
2.50920238077207
-2.2433066181694272
13.368397466556019
14.424478531752086
-0.6435125799729207
5.630608944090625
6.198303434236152
12.213802647113042
19.9889704670058
6.1814207601658
-3.609964097699713
-13.038007724267553
19.070135573748757
8.404796061104719
-13.986511450840634
-10.559095414199152
16.570180882238198
13.082712464536584
-1.3623258281426587
-15.36445273678508
-8.883458259885826
-14.318745479668738
6.090117720660288
7.590501930031731
5.023048809225781
-3.494995442902656
-14.816429192803993
-10.785437114915908
-7.522237741954356
-0.46527284409958725
-11.193636492147
13.750484728521613
-16.023964429966707
12.244048401718516
12.552957957731614
-18.07864477209851
12.030769918700763
12.166783997190244
-10.969970420043937
1.1475738759307141
5.808201267454798
-7.381594113455989
12.804370468750989
11.46705113199307
-10.708010562494632
16.68471418650362
-7.574674479630641
13.83952780439838
-14.41169658831198
12.240179214599792
9.650883326226886
-16.80185254370841
16.224386411912228
-19.847369703615453
10.656249508083796
-14.538173624940786
8.341441700156587
5.189858520389123
8.005375605611476
15.539035160821669
19.34928177004779
-15.470063897327009
-5.67902782113784
-11.201600687462907
-2.3884046634756793
13.396029514663525
-8.1244522587295
-19.15477107343062
0.801932985870188
7.584301777916835
6.742362206476521
-10.270408963520389
12.02170421214877
15.222448156214405
10.397086364329496
17.57752809945311
-14.685648229644652
-16.674343962529132
-0.02178550292999759
-2.938988488805421
-5.266689260881847
-2.19948874120508
-15.415360480834813
11.72692864027034
-16.59761470924254
4.547978816731376
-16.16251148265942
4.174413338533498
13.630484511242315
14.384688013380277
6.4919790477944375
17.91267090290698
4.2481874031967415
17.471913375869093
16.535010388409766
2.224520248000413
-1.8262096695514103
5.580317829395245
15.712784314513264
-6.722157337142555
-15.742018588876414
-12.087065657580162
7.790353834853327
12.455264098756366
0.822843593748189
2.618819824309991
-4.323457342801893
6.345176261409581
-11.187796793854897
-3.039354806691339
17.219306962126765
19.11293397834899
12.357915202492762
2.8717558954658315
6.1412805973613445
-4.285777956950172
-9.797745197578163
-14.574061173187975
-2.154626564620994
-5.711545077944805
9.260297329986976
18.52939401248492
-12.257433971090922
-15.730052922044223
-9.791625188681113
-1.8612885430414892
-10.737441758942508
-13.18814204695312
-17.987368542540327
-5.750211968569738
6.567972951481895
6.419518214104606
-17.224833069617492
5.387848094706236
-10.701261401799798
1.1471081412780428
-4.3887173159724
6.036196169401137
14.090796717675005
13.235633919014852
-14.784933598252618
7.514555691880226
-18.275748604240782
0.9746946162896499
8.943439034930755
-13.9089713812053
5.741048980423887
3.6074072534765094
14.498854510104145
-6.047561616559317
-13.428272518469186
-0.6577171989434625
-15.261938648956384
17.461319926845974
-6.39933385931192
-18.20521257216827
-4.304042379264686
18.059519703851436
-12.648969769624054
16.472278877046506
-11.443660950212209
-12.735032066337265
0.11100829371720877
-15.05375078676015
12.688566348597497
8.232143612193546
11.279804020739359
-7.706156638584197
-8.679665741853597
13.818642562140965
-18.857024381198094
2.3359704969329655
5.687255508637623
-18.402393834540057
11.97027414079362
10.972686510721033
7.436787872887798
17.13794994379173
-4.446843360313185
-6.621303441764624
-8.70147692602933
-1.6008578915487277
8.941219748026906
11.258639567295575
6.61542094240691
-11.42112599755633
-19.951749018618976
1.7360862363010057
5.88145116903592
-7.384936198241654
0.6580205538867006
-18.71220004481524
3.9354680116215626
-18.030254670919106
4.072787371203681
-17.83476503292194
4.549676557938199
1.4901001387164747
11.755964699051155
9.674341279828383
16.044846371100185
-10.232687778700083
0.14313602835954597
-4.306589724861727
-6.7341424768613365
-18.018602101487225
15.151643392879038
-9.171338507344956
15.648129829657258
-11.40021800071995
-10.370079451415544
-2.642529350597634
-18.46381376956884
9.99909434165961
7.782223775707585
-9.567667885039967
9.560172152801481
10.282487186148966
-9.676625919001424
-4.708409190687117
-6.222805586307828
0.5061165091441389
-4.000454790659891
17.525820225760974
14.514538053087193
-7.280784937107718
-15.316899297085582
-19.568364757696752
9.048634802721871
3.423084458238854
0.42844279319156797
-18.73854182590219
1.1136623929289442
12.33087388714764
12.971622050128794
-19.338875217296433
-8.253944693110537
-4.686653939481435
2.916731431141571
-5.9396296420464445
-5.0164221339827275
6.942473620172095
-4.572035676108754
0.6013245391829685
11.57864835716705
19.130750764308104
-9.259633491616857
16.349852336312765
-8.587527835888146
-15.875854797267595
-19.306211710210025
5.4471253143177165
4.807137166242107
12.567513551065012
-3.646689118928368
-2.4181581558812084
7.318327555180147
14.489123192394338
-6.7775865814375535
-5.229886218942648
1.6706976711653425
-19.58249194734547
-12.247322795535332
2.6237401239605553
17.776547292254484
1.897303604930606
2.344697669685626
-6.663139395993438
17.178059037185008
15.240575830210943
15.165865693185687
19.688185985904155
-2.9537328735178576
3.7590692953174383
-17.852769105125216
18.456048167981322
17.123756641761673
-17.503595350043057
-19.480874668479302
-14.61407762276243
-10.253465555356325
9.885629174562741
-10.340896740433339
5.272565273496671
-9.944982669706533
-10.675176680164
16.77901052809932
-3.5574460700663124
-15.923448315932202
3.0981133412381645
-5.138897715066628
-19.639787513777442
-14.767370952224672
-16.164114395096817
15.88925236352334
9.80404173491931
14.81257157541448
-5.999068316122234
-4.3147051758459085
-5.6661149799016854
-2.759521037321843
-5.102323413756702
-4.982475572090799
3.83156050257476
6.696234682970122
-11.539197733858323
-7.900005731047699
-0.18618666043474974
-14.00842787145185
-4.70832958901212
-3.746626267157403
14.239695116653614
-16.5681560561855
1.2577631143201238
-7.624004387370231
19.554478204751646
0.6141632880430414
5.7915194851199345
-19.35740956595577
7.459333616371843
7.172252241510712
-15.196932271979641
19.937043029281654
10.97526383115045
2.8500338758030566
-0.971379376210173
-1.3178220868923738
-14.663299840649845
-1.233914336913383
-16.09722762974034
-9.782713794750983
-15.218975173890254
16.49455361591385
-10.59446672478835
17.10872701875295
-16.274030535816273
-14.200149260634781
8.389614510183701
-2.1005748154336104
-10.736637423029238
-4.188940791522938
-13.284116285542623
19.473257686271282
1.7633775478262201
4.218896941739398
-6.568654702307551
-2.9607020868243765
15.257561584725742
-18.995381905873074
-17.566968262520135
6.158982547604687
15.95881617962555
17.506190548268037
-1.6620341208603833
-13.45217655036718
12.734084202641505
16.76669868362297
-17.780183424734773
19.02030644171903
-9.885145066103469
-19.112933983834814
-11.785480196314314
12.478806783725616
17.256698272474566
-17.040198920054802
-13.203584966198472
-8.673147869911407
-12.745113150738776
-0.9515674730956576
-9.220466665373962
1.7154866850967885
-10.743076917925741
-7.9487726359107
8.434854665089784
9.34526764464627
-8.75234273710332
-5.423605707610509
-1.8467230002167838
1.324276571455183
-7.210939193347649
9.68849586752048
-19.175718095734137
17.604205994713126
18.352357516143584
-16.54373303672348
-10.153747802474546
19.941107166695772
17.809074871167795
-6.2947910434477095
-17.7922099546331
-5.357566901942402
-11.53466110380914
-1.8722008636354772
-17.20025464419731
-9.06980340648753
-10.894473616252132
-9.419146692561
-2.2219530287639984
8.809989001828122
8.892578785415218
5.804868683541674
3.477681693659008
-13.323154955582503
0.7806665997148734
3.7626236849882346
10.12703332933162
19.83092984387713
-16.932235367247742
8.827077104381406
3.3343195688867766
-9.53941613918824
19.93941862468992
6.922131950771547
9.85776319013447
-8.896831685475593
-16.921957748870547
11.961881330759056
11.587209748078227
-3.1594219896532465
16.957845617871456
-17.71778641962412
1.376155529392335
-17.681714022502927
7.95088248647804
16.431830572353363
-11.070848922328826
13.614324694862717
13.286249152897007
10.95944552421544
15.870981313986555
-3.617220076274833
8.55371150911796
-18.482120943527633
-19.18513906274925
8.260746409413603
-10.075670807400163
4.78776160137739
-6.2319204371302295
18.094780189466007
4.4628367324336935
1.13307242899484
17.822417885520572
6.719206565086559
-1.7773944087737839
-2.0809421498912997
16.04558906937183
-16.95463370542859
-0.33769979429794716
7.559939334969567
1.4735278747086475
-0.9549531099203854
6.8657903425237485
-10.267062084603262
-13.874742986141833
14.473699977195551
19.960991269250428
-9.458629244703971
-13.270194165031079
-17.363601094679453
-8.490584128177204
-7.728869222362551
-11.343398303313208
10.953050136733921
-5.655184989819336
5.106122852571811
-15.155245867385885
-12.076112695116269
15.255161293115464
3.5202522725472107
-14.472643004173307
7.1334432779237
19.220519116812696
14.915786111483996
12.135336560126731
8.27295036957139
17.38987706867774
-10.92677224824504
13.586064580217993
-3.0196465731510997
-1.7690716715565884
10.00166849193181
-4.526765170182973
-19.422801599113015
-8.435152917476007
-6.639238343244402
1.5929118766122201
-17.791187818964872
1.3196927714009803
-11.768473573889118
-8.647815417459888
-5.211775720834089
-15.14865930642921
5.968868562045856
-14.90802709755204
-13.958020365717152
14.344044249571915
-9.434933830353444
1.983820769370631
-2.678222664545217
2.785946001691485
-0.485389184050252
-11.400395163877558
2.8816164517294816
3.422489603486479
-19.426260936080844
-1.5438086251916197
-2.9265977220486548
-12.112653634415057
-2.7065784691763426
17.766666650386973
6.665297867069981
-18.130831654256667
9.514318992055092
4.329763356890325
19.877200491337675
15.663574243427895
-8.05693509351503
-7.340882207809315
12.048597155381763
5.09711388528914
15.802935353211403
-6.304300434592701
-6.858585072471808
15.522151031290164
-14.314137802283767
17.985319689968208
-18.932184783976208
-18.194608614836895
-6.727946893859539
5.369507764255598
17.652681656011346
-17.461130370096765
-4.6844754733360805
-8.316048107244765
-16.90213949938872
-17.9330462265953
-4.018804485891
2.299917799785817
12.117356047118271
-10.402356277901443
12.114501973022158
-10.029700708417867
1.0583864911885144
-9.943805866307152
-0.8570893770482186
-18.08492207305669
-11.644903319052942
-12.603202284115703
-10.941826702101935
-6.957666852965193
-19.301274587140934
-19.209016394241935
3.7245627890015918
6.700159961106046
8.03498327640838
-7.889009416181064
-19.418449530866102
-8.827369682340663
-17.7521098771285
6.841758509464036
3.7507511991489793
14.580763277782523
0.11733187140347212
12.953327223667898
-2.695521538535772
-8.79166790257656
-8.644131536076625
12.714526974083235
13.369304763120383
19.396060442150535
15.147526251241317
-6.538017852837704
17.04205597105053
11.782125612881234
-17.012345664162392
-4.0184608418221135
-19.79326809969585
3.451191271950389
8.793151860865521
4.6448145138464305
-1.226970149530466
-18.790460745982003
-12.740128556319696
5.450169246288368
-6.093222965484081
-9.031953601218184
-0.13068312519584424
6.94175727361554
-15.083958937545345
-7.1042884465218705
10.190112880855835
15.798961575676024
-0.3499588868421064
-2.885005478896776
-5.619289134374004
-13.238930455211054
3.049176706606861
0.5743962354085816
6.7611129393936125
-18.257158535677856
14.952320255884345
-0.367347953002497
-9.105104013928074
13.98749717144399
18.769293100272435
10.740647850127878
-2.3704134018365473
10.84645078956693
-7.605212895553585
-11.057559182851499
12.988763618525233
-15.571607080055774
12.972636200594437
-14.828640195994582
15.05786187373775
-15.424881130418981
4.688227846433119
4.758853139229192
1.00800796344517
-18.772762064287825
-3.9304174333621766
17.71419559039618
14.696484122873855
-8.160033721523018
1.7404423428173885
-5.5630390288236455
-18.147703219245486
18.003130265894825
-1.9667099639262844
-4.842420564826867
-12.277689156848165
11.358920951925956
-13.412325963883998
8.622064437842837
1.1886989575367934
9.635592864922259
17.730420411307726
-9.798152144739989
-4.560008952444479
19.992248672772504
-13.708723574899295
-16.261213171038932
-18.752186910994855
-3.7513939239263934
18.30369017133431
-3.556728464897681
5.290932508044193
-12.332793422019424
-12.501153485421899
-2.0075719446870437
-1.9908089709506882
14.7192114677636
19.51990521491245
12.671796256529213
13.385583395142199
-3.5044814144540446
19.769852590263895
6.115511192315857
-3.4682106619788478
19.04075905662092
-15.137870979235695
17.891934782417678
12.82394738158316
-3.652685348662537
6.42350091255738
1.967209542172121
-19.894801928991065
-12.94820257439659
5.096996467639954
-10.575264141952863
15.580098517246867
17.841188823801367
0.950825009969197
-7.184735312621285
19.68588694890994
8.593587659014755
11.682861870280945
8.682186840575486
-1.805914132521881
3.5206980476243714
4.374752281530377
8.014033726093125
-18.596829827815643
-19.75584085793717
-15.964258327745569
-0.29794176126138083
14.667649933594916
-6.641541558948587
-0.19997187640107938
11.186147793204743
5.087001033307853
14.134531403759347
4.528489022383631
-2.1090458553221794
-10.162190388004833
14.070112540245276
-2.6137658744993004
0.6242035009970053
-18.291300652396068
16.017919237451025
4.000144122532568
10.40892531583724
-11.003352988987277
7.38997212240065
2.975747023961084
15.166988923477163
-19.032990062490043
-5.840351988869488
13.722105214053066
-8.272427449815577
-5.356030073941875
7.5755619606163265
18.87517363119037
18.06769581723642
-4.7914187624938265
-10.768879977026184
5.837862828229127
19.769015143231606
19.296754872866735
2.093156021951561
-8.815301214219854
-9.225526049264205
3.461720989531546
-13.482144554685496
3.4286015129138327
13.853689470923825
9.011558607588594
1.046321186962711
15.935168856796565
0.5505081690914864
-18.77971900077926
-18.627739064357293
-13.289584848940521
0.1141501043410642
0.8057013409900335
8.654900561637547
8.91335523883161
-2.3483392034531114
-10.763930126876797
-18.626690571966947
-10.113292523358801
-4.624406571053452
15.199832568011317
6.437928462613925
-15.869752359384606
19.93011594949764
19.2690287578882
7.922743665772167
16.836355010458504
15.44362504935075
-13.202998767619206
9.373438168302002
-18.871871689709824
1.2497537322996735
3.480798645912081
-13.360711497209694
14.599097644966285
-19.668109968465217
18.441875126052445
-18.526899360756186
11.500642845998357
6.595443253655851
-8.978298872053774
-17.77209303843628
-9.855369212678525
-18.405924676887636
-9.661076091879291
17.725714039235825
-8.590267179376108
19.32163077656878
4.3481964048082276
-19.30535791798277
-8.731490078261022
11.47970081588631
14.805125769085635
10.65779289537761
14.89154353010742
19.874042257681317
11.210277778904157
13.753737088940994
-8.645871286590744
-7.569980132920646
-12.922221616343883
12.658166446863063
-13.578897288747406
-8.838471055554269
15.316801307244617
16.97585759139792
18.547168454001863
10.497803361039189
-14.5182963343259
-2.127964085609811
-15.000716320228168
2.474987082654682
0.639460996712252
-3.548399678910343
9.311160836627145
-10.372777411194495
-10.948624317534765
1.1563933103491983
18.11481438625951
-13.024085453392145
10.327694915727182
4.96201875277082
10.810806257003776
-18.996048790700158
-6.146205407858467
-1.1453259957562558
14.588226270943977
9.003489793045869
18.62282089284892
-13.695915549286974
12.4861199771292
-3.6460951118524534
-1.6957830817471873
2.1585957011557895
-2.806662666065286
19.09101942346129
-12.942732806496814
-19.90702006120126
7.928517803109017
-2.4511445768614806
19.55483091314953
-18.72579514248795
6.831095659085406
-10.911793529275759
11.264135705491473
-14.303635956737924
-19.258001365742537
18.128588041918604
-4.6406518706053355
-3.055179765292422
-2.5016445970389576
7.287061979742717
-12.895605509380621
-11.219914834184891
-7.865637237484195
-10.92966178394053
8.55796201692796
-10.17189843237077
14.359135251951884
-14.100630211404459
16.53794586694635
3.317418704273429
-8.81004094055195
-12.237187103781393
-7.660322400661354
12.558730754575997
-3.1609666141514445
13.082315552328176
12.565090873700399
6.697498896799615
-12.597573331095667
-9.234282560638718
18.018365258283538
14.039423342347874
8.845446630219623
16.01690473133297
12.241944587514546
12.308575814978198
19.350966025733804
-1.720596736854553
-7.8583120983825125
-11.10934127087717
13.36151921675922
-16.779454812664373
-15.515543352012347
16.312410717873306
-1.542795953364351
-6.007866588346724
-12.014220430698895
-10.88590727261391
1.1364149223145574
-0.62556147670076
5.166691311053988
-17.830602715566908
-19.7255536287498
-9.060130382016446
6.358853881326482
-16.77282435369053
-13.350419706510381
-16.664030509459714
2.285724156745786
-16.23769378922743
-9.788549872391377
0.2009190648033936
18.165527206902958
19.28889881040928
-8.884697328401598
11.982845135522545
9.63009179515506
18.836052221318212
8.738129224465034
-2.102270310571658
-11.183289337913443
-6.927125695534597
-8.16581710852812
-15.520398225880783
2.8638705471145265
-7.037696260048767
4.428101405797115
-17.915642274471377
10.641222197066025
-4.720172852326705
1.3148262452619797
-2.76640153100157
-3.9831097497673262
15.289531378786577
6.782489390912385
-9.521422885146933
-13.220560646759512
-17.671485291794276
-15.32768094042905
-2.2225070539697214
1.3785715089593573
12.120695794687862
6.316831312670146
-11.813919604141034
-4.759283654523783
3.927420514398303
-8.427125182669197
5.931349678398735
12.807496063770259
6.709184723419476
9.361637296007807
6.880222951010275
-10.79125730170503
15.782499431356023
-7.100297001359648
-14.411391228239804
-4.748306530746444
-3.8918123098730852
-17.340814295240598
-2.488490119253232
-1.6545673337750308
-13.319754057013586
-9.645951738345445
16.847366550538666
15.973666126946085
8.128105810567273
15.019524173711531
5.617319493415167
8.06104696452799
1.6787504962852076
19.458637913247266
17.89877795267887
-8.619610209041229
7.754010137445498
-1.1355270155211556
-5.255224034054997
-11.521681581225778
-14.773394715835515
-6.900282330726224
9.577496884554865
7.71345836935437
19.147039245563043
13.576174585548408
-6.365527594836093
-1.8864255525888716
-16.649114312509703
-1.0718325928437196
18.623961447511434
9.587137412131646
9.195189336764908
-18.064610601020952
-0.673518645285661
13.77083581298291
-18.68930427428048
15.299719119536945
19.158958462178013
-6.812969506974396
-9.2348265686703
-1.3360566035686539
14.559906544826553
-3.7497063856045827
17.96959286119546
17.245072029211975
5.658703856375649
2.754469575523622
-8.081621238939864
4.43921230301126
-17.94883834979906
8.833415380098263
-5.926749921156244
2.6835965184026094
0.7650196080990845
1.7567233180315291
-10.254811797264551
14.077031118128247
-18.665444357722436
-17.300361664809913
-10.256304091382574
19.07261821652468
-10.350046813274446
9.74636304486799
-11.904508064944096
3.9777237307082913
10.01062590363333
13.790676234685577
-16.754341909771124
9.360754249904964
8.795089120924466
9.134262997969394
-6.512606924108496
7.918081615048706
13.872297129479072
10.951331179508198
-15.67679979786664
-2.4304507255580816
0.04433528322210023
-3.336105260527301
-16.769146615863377
15.174625620241066
6.862777977940354
18.544812301561713
10.810527799654423
15.120299497773267
0.6040449118929985
-19.138788633507296
-17.171587567863927
2.321578212178185
12.92411342867591
-7.387339578799633
-17.370179604905633
5.192655098943707
0.20373906334888758
10.055640249655063
-6.063656759379734
11.799198988791169
-14.461969079396106
-8.579449905189595
-4.335349358315778
-15.580404149822492
-8.793164938656073
15.711232438162526
-1.5280079720340325
-8.189728401931472
4.131796657798311
1.4241625277684733
-8.865886463021129
14.160006240175576
-7.795851989159765
2.334145951337696
-18.373893208664622
15.805318633120379
18.545231961652135
-13.268778519710246
-4.031574960697682
18.74467208590584
-8.681570967678741
-11.608568033379854
-19.96799768061325
17.857815975891562
-12.989566983697966
-9.602775307711049
-0.6033681722105584
-13.958061564123906
1.2401236053015197
0.3830237524033997
-14.56274907151256
10.465411091422109
11.402743468233908
-10.967461040293603
-4.673868338708713
6.74515578320819
-7.880023228764706
6.591718928317771
-18.396213858846014
-13.703134119349066
-12.091546765237307
0.04366980039719692
-16.151441535645887
-7.494335738766683
0.4345895029978806
-11.049043839422614
-17.814095746137912
3.429373214832239
-15.232569252372379
0.7900097693861312
0.2600813008583991
-7.321124354814049
19.524645438702237
-10.134721742641378
-13.18396175603282
16.18433614910777
5.238489070675072
-4.672209126639908
16.148921536210025
0.5889136682339284
16.98458574132735
12.79533470120289
-5.227836984867293
14.085121405977581
12.803767453811624
13.769163946033224
-13.269231462554423
4.049871953932588
-3.2619593051785536
-18.62536302353218
-18.325393255568763
4.961378600370338
-4.343705631946113
15.583134939068692
-1.9134975716652072
6.964349670680857
16.878073433469943
-8.251434044833825
5.735952454218097
-14.335782286612977
2.951867768548908
-19.781374586833213
-8.281073973990916
12.980550272951945
2.5358495991689978
-18.257371094837357
17.109245656000155
17.163384981206505
16.368580638509258
-8.996424455369958
-12.619565866815496
-16.906928787815943
-9.339234102746845
-3.291700637352946
-13.378696406435907
-4.586158758196955
17.728941567620048
-11.096116117724343
-5.568370094262605
2.7886012163448726
-8.437529701587568
-5.4899695526884695
-19.062365995936652
-19.972043004050718
-10.364614204735322
-13.236605043194803
-5.708847859298283
-5.47170196686546
-11.289453146623746
-0.39210698193