8.76387487134555
-13.354311193993507
11.250427971989584
2.2526038984660843
10.840269306084828
-6.16780672142939
-16.961514447623365
-7.250970813952389
-7.611250607994373
12.884393664806467
7.032472346199761
-13.975309754510334
-19.084443003843624
-7.724634021412108
-1.7245417496458941
-4.564641500130255
-1.9138795298712736
-15.370217628705216
10.311262560350496
11.751175893973745
-16.278880254762726
7.2372603696681495
-14.175348404891208
-1.992283043325635
12.370167212179915
-18.773348100913868
-19.24173229594119
-14.418055944054707
8.961835252123546
15.784110789081417
13.340865496979035
17.246639565623383
11.505573590465499
-8.725660060760339
-16.356697637417113
14.255714947521916
-19.931200652005792
-9.117195171324468
-9.086065971919691
-16.757670979461565
13.943436323802118
4.849464809181715
12.802103619679023
-12.262634851326965
2.7728847695993366
2.5638514268990207
-19.120459643831346
-6.891853186045861
-3.8145334360131002
-7.630516616051075
9.2163911421165
13.675056623650775
-12.727007767550354
-8.812098411835034
-17.12837088121395
-17.297349866800808
-16.502861268646114
-17.645854632562635
-12.379575515024248
1.979764531824749
-7.7251344077105735
19.303411894505118
-14.86768420283012
-18.52074607442646
-0.6865567760208862
-15.058338228872682
5.453028977912698
-16.967793107675703
-14.2937786936718
9.322193032132581
15.376330662058912
-13.984673999182675
-9.177948860426257
-2.373269186118513
-19.869148939244457
16.28879200294022
19.284417608556545
-6.568056413580683
-3.9490641067329015
16.466814772113054
12.161510123630308
-0.6876871553846442
-7.1758102510733845
-9.90330229222657
4.806265964598786
17.55099428248841
-15.998523349906911
-9.429496946294345
-6.097185191381982
-18.917010969306006
-14.34632311982651
1.6810213068642952
-15.736309861651158
-9.36735987815748
-8.549983250293547
18.021868746591082
-8.91656099964614
-10.554301289915337
10.809795702684216
11.82440021426316
4.223243940308073
2.568405803809263
5.52377872255817
4.846203755315592
-15.37841533841556
-9.50525486861602
5.2831409315151845
-4.096162543941828
-15.550951088692454
19.969130274709208
-0.829300387539412
7.743410007058415
-3.549779294496851
-10.291784521523146
16.786652092141225
13.850329538410605
6.847429826590741
-10.805152415712271
17.63687362658981
5.855523227332018
11.124884849650492
1.845627134905694
3.4645129405996364
9.029936573418404
15.816117392019834
-11.791107260851575
2.7435382590610047
-19.300606678171913
9.059269301264475
7.679508031405295
14.56921615226537
-16.945133722456443
-14.716935916044228
2.819292983680512
9.897175414326217
11.44682690265006
-15.757145162730577
11.213844053868065
0.06287458178571015
-18.125256090601816
-15.933798711133988
-8.652053145983839
-14.281068471402932
-7.718517057064304
4.849479883809007
-11.461198928384473
-14.904787127380072
-11.128796574808746
-17.964448749140157
-10.338261538563405
3.63758391555551
-13.19366806024302
3.4615108858178942
10.381837449341958
-17.620515107091865
15.44566631981121
-3.944076157308242
-1.6885434143756903
-0.28623846965901834
-10.68046614363993
17.886690175137673
12.024632812170537
-6.581116543125244
-9.487602116417024
8.38666815843133
1.1688200016208157
-1.3888606770249368
19.584752974386276
-14.438235096087695
-15.410789177263071
-19.493138832798834
-1.742546296507058
-14.129816226732569
-4.728968534595591
14.762229448776935
14.459415741287728
-16.418688863360693
-10.723166031568287
6.3466445509121385
-11.895641509973366
-4.346722047056431
8.527795601628917
-16.722910199240793
-8.015664633069687
9.93954552011894
-0.8245231800354311
-17.958940680813615
8.495397743745894
-3.353832509239325
4.938707268438094
-12.847235079124024
18.39603114425435
-19.895747544255016
-14.56057078257398
0.08018413885830356
-4.696538746675243
14.50400828543227
2.7590559944148296
8.016456974120473
-8.850071643746528
-5.704356187491356
7.005443131118678
7.173480963469867
-17.926295867883173
-2.719443051746211
16.74082940796393
5.1351424649950985
18.40279997451443
-2.882185012865367
12.183059290441413
6.855427306791249
-2.8881016383385827
17.54845478043579
2.968915861278507
14.398055777873068
16.69488685554837
-4.300878278074926
-16.077964796088118
0.1730429848247219
1.684268068855129
16.666121469785693
-1.7905599195023427
1.406003835611326
-2.406084894539454
-5.770788652249754
16.084241312704293
19.795746093426217
-11.266727567021304
9.960572115844176
19.802911580031704
2.77326662344775
8.56209289271165
-8.451290516053295
-12.034608958114884
-19.918469589752227
-5.070168415360472
11.85365781844422
-10.36024758122657
9.180829437859167
15.946271016978152
-4.742992327996504
4.28237563998151
5.026443087033336
-5.6477399979434075
9.952841806059254
-15.001187334378514
10.039933316884174
4.0889774928255385
2.2020853663228053
6.439954768349047
-14.643939235945243
18.397915081897253
-6.5364524968460245
6.075644520400946
-0.6644167232244413
-17.91648905934672
16.809782231178552
0.9565186136225101
6.072073682439939
3.690231656596449
-15.015929324743054
11.972010927913775
3.8067924020585444
-3.9814979458924498
-0.14825379698839214
-9.341895838832542
9.073143224408074
19.06481950809193
16.363774682122113
7.239799440274631
3.9927446917551066
-12.418696481497467
19.580727794512725
1.1741820444365274
6.919841313915871
11.658407288845645
17.239018397069962
0.7683223655259361
-19.69707592550623
-19.31663226970384
-4.761861727715422
5.977535342580424
5.570493492223889
-18.23360317200491
-18.626727714289864
-4.145959777880552
-5.782299131715472
-7.213936157584397
3.7957210293441115
-11.37044570106216
1.5414654321346575
18.392730727751896
18.913562579600317
-14.545106075983476
-15.724161818328222
-19.02225612609497
-14.170913833113064
-9.329765845066307
-16.238496127795838
19.521036451144752
-5.343799395981922
16.560578037966195
0.4348684519303063
12.997195822399505
-8.776156297857183
16.68264383168529
-12.101876320278869
11.726291684231072
-16.172318766673214
-7.20142858905017
-17.91433957036962
-12.09289443955949
-3.15382917993961
-11.284514520426825
4.305538598400339
-6.133589899342491
13.548784941343698
2.7230571422322143
10.633071158338755
-14.306245643814197
-13.164758720513046
-7.666504712364365
8.85441034779717
-16.559481186820754
15.453644622910446
-8.258377241432552
-0.22505103727515063
-12.113766333433421
-18.096362883958477
3.959322048338173
3.4603063318547953
-7.994408628903145
16.65275550778867
11.670695728833458
6.899630925461931
-1.183529161449087
-12.788082269729548
-13.548954872343026
-12.981695433826491
16.462565885968118
4.684605267394048
13.463313803540416
-5.087902228769643
10.841826809973007
-14.04738993272106
3.402663147989337
-6.423360118517394
5.059564705968256
-4.414475426761232
-10.141887987186395
15.54407361253594
-16.081284044521574
17.13225491235073
10.84946452488208
4.455179308554058
14.007427227005685
-9.854437972985387
19.419013355965255
11.13047770501085
12.523261642354562
-5.020253487313052
7.180488753965491
15.234546159933515
14.108611053500006
-12.90361813442836
-14.90168114760083
6.475126146322783
2.178836183356733
1.0663066974922373
-13.07693194711466
-6.707023942958523
0.3935614353757586
1.1942454093374302
0.41735646983112673
14.719356398892934
5.006100042899618
8.988820789366827
-17.140257198444413
-7.105572825384115
-18.67405465010743
8.315566894190994
-16.641686893310442
-9.192365193359073
12.84316134735414
-6.234489086456012
17.636826225929234
-14.971382203145032
3.161853121551257
9.441117160476956
1.5857528996254544
-5.6792602152917695
17.689980600790946
14.249240446643782
8.37553818425107
-1.779161480413535
8.100555709869003
-19.890893363623427
12.608352846187785
-13.63188170017889
-5.640018799044428
11.393626806847085
2.428798147614266
6.696604609216209
12.08877063521387
7.226530457978026
1.3944744607928037
18.706009686191365
-7.210815012519252
-18.94401909308121
-2.1183719469150155
-0.34667506782108504
17.82060940843747
-12.392719132115339
4.884583728572643
0.038608788572847885
-11.780064279750722
-3.8177766314921087
7.728657935515663
-7.3236554046112445
-2.1164621544181195
-6.9419411209215465
12.315357743115754
16.093716492084297
4.7369026305697375
5.788194746970937
2.1993308094403616
-6.842766629662481
-6.950464430494785
3.6858910789434347
-1.4083558971503898
2.4161662470519154
6.237611066298673
6.109677883513424
-14.17251603490226
13.613699928013702
17.134820840208853
8.608769726695368
-8.076039236642426
14.20672914984413
1.14714630959417
-3.4703233926256125
6.050275444142503
-8.277352212066965
3.923004106491277
-13.392475411041778
3.2483979101693023
1.217342331786675
-9.925176785790955
-12.733168700102077
11.712105428480267
-0.1394945715648923
-4.7945187963248905
15.608671902682666
-17.64775030993697
17.188829395907092
15.124423194401693
-15.500363100283927
-19.976617413040167
16.75420717992526
17.34766601601389
-18.408802558685267
1.4433216040558428
-16.627763030053178
-11.81312262881237
-10.404956022372271
-14.323533116549957
-10.773735428756815
14.039732731130215
0.637624007174086
15.384839213679179
-12.717129638332967
4.142750110056138
-0.36691281479823346
-1.0886315615242665
-17.143405595521415
1.5031412432819948
-18.837290502393145
15.206501203230417
-19.790509139151222
15.109076783515498
9.834838385862614
-13.746144997116616
-8.14330509833152
-12.776739008195559
-19.203997643513556
-18.247314989463696
-16.57641891540433
-4.437464057595207
6.782389827030876
-0.5305848181979087
-15.189688656016145
12.397095141745396
6.617685683429922
-17.130679201285655
-17.891422841031286
-7.431697546117766
0.03532805394965166
15.048773803041499
-14.058770090863915
14.827151846334303
-1.7104806451710957
13.805672029247056
19.619632852907863
11.255692613232789
2.5392230062489176
-10.508203073615437
3.2038707465452454
18.74245348117111
-17.80225119052258
12.54232538749826
-17.464349814609136
-18.791986247517602
16.24206367608427
-7.359275799614791
11.732657846935709
3.617863064862526
10.200174724758725
-14.882523491791178
1.4017828510525518
2.559372474238234
-7.566661878843433
-18.22292222042269
2.4954105138682046
-19.284988917061202
5.761839619567709
-8.489952376413878
16.399617355147797
-7.657011022967804
2.8012868981786987
-5.00121994487615
6.895058013114731
-14.017578166926551
-6.245309696160412
16.172765037804396
-13.100314679040551
-0.06569542703600462
0.4510841986974228
-9.65185556554296
15.44251811055527
-11.478668272025141
9.55781472355378
-9.62395331775339
0.41108979867079753
8.37562362254975
-3.194198495669024
13.019734441988156
-18.664383731868675
0.6165309645638715
8.283147099429268
16.300677668082187
-6.615477120021325
13.130875427229242
-1.169757048916935
13.52894563026026
3.9979291335354183
2.595023531668417
6.41391074797022
17.482184781502504
5.795045895664831
-12.021259542956715
18.210087998292373
9.515061951402203
-3.3526737794631245
9.620771089787567
-7.4606402318826515
18.023281133837045
6.636917466458808
-16.43417013752533
9.029846193681724
-9.694269979184549
-4.554107387954511
-11.065567916596727
9.91401692504876
7.7571619209948395
7.581775586516976
-13.992552112261949
-5.981392043914301
5.468164358921474
-16.73410982608697
1.0864724994458825
15.931493106873376
-19.066953898479863
-4.342271207490192
5.345811102731606
-3.428441802413758
6.895695950259558
-9.213779562168467
-7.901456211877736
-7.431169860066262
-14.577731261175213
6.903451297193641
-12.030618611944766
10.274149166426785
11.07122889754558
0.9700315808515292
-8.870528718329327
-13.394382937909608
-16.087980633886758
10.52709765118712
4.7588614371147955
1.6087662861602183
-6.450494066470505
-4.024271655517984
13.691239507238741
14.015197170757595
-11.692430825577542
1.929733035760691
-17.36204762556754
-8.325150037711051
16.191264925574174
-17.317092501971885
13.484156850133445
7.907696879766494
-7.078801733657954
-18.29183021160851
-13.593054711335064
-10.849384415036813
-7.0646569914213195
17.28844695665309
-12.298736119134217
-6.30441417965185
7.551635049814635
-5.2024624105562225
-12.51273851115319
-8.649437798153121
9.842879250970139
-3.315455069766106
-11.575171173704529
5.858962797718842
12.191991258447011
14.226442043241
-0.7743786204183465
-10.610956469974555
-19.928356253390042
-4.4813427420102805
7.262838218219304
9.86854803284658
-3.2058635903367225
18.63309108500475
17.74488799335615
-3.367543103605321
15.069830891422342
-11.867006363545984
-7.74922382575415
-13.036168590608511
-1.8156704614186054
-13.508181797132238
2.980336715811582
4.346232171576062
-10.84653219568982
-12.471769820086958
0.9279676688488934
-3.3553861180243096
10.56585986698434
18.286908021577496
9.794884761156553
-14.189248022981896
4.1966565702606005
19.97823195904217
5.028153934305632
-12.09328719760709
1.0720490216101908
-10.855740453511977
13.236839920016202
5.636958979455187
10.555453775070923
-7.8079749053667555
-1.8103866025548925
12.33038423452549
19.19543253113362
-10.864300544103633
-17.01959613013124
-3.5839378520645795
-17.254453368261107
-12.1952272508568
4.195032474624906
-8.434583854898396
16.115586506797662
-12.45875102304435
-3.9946083301946373
7.116209561201931
-9.962313909042958
18.121562645852045
-4.774643569259043
-7.281380331464771
-16.186457381761002
0.08076193373397444
12.190038277011823
-3.051966768725759
-17.807372464440565
17.868495243039334
19.520843238622007
-19.732968783705086
18.576618273966496
5.242394685204612
6.0455461182478345
14.939887984354158
-3.694957021245358
3.35011676152628
11.418469196030522
14.139593719735238
-3.9682655743335324
3.35313239018015
3.6699980427895724
6.882046709539132
9.579681334677915
4.921041306139223
6.6685252794560625
16.565707879610393
13.449925345126566
9.123874435643408
-12.142753494031805
7.216278849415794
13.853521287617909
8.640853257158582
-3.3653041215323363
-9.621533593118773
10.175071745170698
15.486015900603036
17.238226696002954
-15.298401985172783
-7.106282826778564
9.623195111082499
5.0942967684492935
-7.021378701942723
-19.716561937575555
5.350456683925554
-7.439919552776315
17.670510516903335
-11.426762378385128
-12.327639624105679
-10.068484009351968
0.6165918696047257
16.77247694725032
6.005107747304454
4.0386756199271865
-1.4641152641907311
1.7354135485619224
-9.556623091226598
17.88533077414074
-9.3114116925809
-6.219881525760268
-2.0933412166586827
-13.671801872400358
-12.321940957403946
5.29508556198115
-16.56990638130852
0.7510958418052667
16.161714323993777
10.664104627120775
-2.3204330144949914
9.330314352552694
-13.794856583955127
14.753015340485554
2.7149496039131336
-7.722794248635525
-6.824107953032721
-3.6693680370364916
-4.676662990886289
-17.582095427155036
-17.02760248917386
2.1295945256604476
2.5984854158113606
4.392859387179037
-16.73960283185014
-12.917455067980184
17.518987794452897
1.9821886302314873
5.466657337958441
-3.055566123890152
17.96969446709597
-19.02667440879318
-5.36448901449023
8.485857537582358
-17.199745637389245
5.064456092952895
-6.589336649729049
1.2073903386329263
13.832811744473112
-10.265957841838546
-15.675414825471892
19.341508176379428
12.714418702251919
14.567703583357613
11.926811103965257
-19.14256366836998
-15.608552365861051
17.268546938373845
-11.621479489446585
-2.3191188935996934
-9.055373826356806
-19.132792358614555
4.251208601441885
-1.57478051714547
1.0395927956803632
-3.1885435525674275
5.124541726931554
-5.593234738661055
5.171248084693232
16.434884487792914
11.539661158399639
12.339058992036747
0.5223703663918791
-18.421572264662128
12.821131642287789
4.384189371819293
11.892315647919524
-18.495305204575196
8.919097767400665
11.216478873930349
-15.042943298169313
-10.146577724228125
-2.6354939308524976
-14.082276387158373
-11.606577911151504
-14.529887257337792
-16.37785404818775
16.713151882138497
-19.24870646551272
-19.702130979747615
-13.063501019443526
-9.735461670340282
17.133196098703138
-7.7020166462577
-12.038866522457653
10.575618090341294
17.52877462319968
-6.434000940135105
-12.331456077827223
1.82167523862784
-19.5053047639787
11.143445753231461
13.87961906058186
-0.8257927519108144
9.202876425990674
11.362932885502843
11.17552022529939
12.486118578359708
-10.432888917781678
8.513451152318968
13.578813996150537
8.148527643173104
-15.277695361957115
-4.328646627031869
-10.372461105442646
-19.907615598350226
17.05061412768383
-10.30275156020457
0.7203561524692894
-2.850838851026648
-12.967663751317161
0.6153636134972764
-1.7430593738306186
-18.850105998714657
-10.382497172781445
-3.559066747537635
9.007184848906881
7.515532485387215
9.233386672557153
-2.0182590907777573
-16.016493463226066
6.420534638119491
-2.0774587469120718
13.500444827943568
-16.407668248225434
19.952377235407475
7.37387433175882
1.2771413771050142
-7.914361520278717
1.9355903086072423
0.8197119431849487
-14.767913049136965
1.1159809902399296
11.102150443336498
-8.336240044346063
19.100822199599932
-16.66410249951275
-4.1793667827339664
-8.62061170849335
-16.348602482571543
16.620056913736747
18.778750350029206
-6.902138362628811
7.881125417800806
-11.025565460458292
-3.8942880358223597
-0.1192464035163674
-13.75139054427978
16.137677877906725
12.963938897649705
-9.231802323944427
-7.385811171669797
-5.919596890521719
2.857513560688613
-18.328635397007567
-8.606223044081762
-9.285398406048092
16.317413419175793
-4.966314961465379
-5.907976691506072
10.287039496839757
-17.836538771692688
-6.8374958136410555
2.440670195100335
-18.290340807040497
-7.838592922201158
-5.4002416468962355
-9.604520915346093
-14.520614635414532
-15.397688336232495
-3.2046873249085905
-15.54955013748025
7.330854724362936
-6.308489425217246
18.03770232693013
-11.865572731912085
-6.41203096858745
-1.806651150082942
12.7608029797007
-18.145129060161807
12.241035967650923
-17.02558038680579
-9.36113275644856
-3.0079577001345825
-9.537964295824533
-13.716808798006927
5.7705675765129705
-8.857489475959092
-11.162954857955846
-10.504441443158289
-6.4705641272989
15.716495940515983
10.433542095794373
18.519125549083967
-13.269430046422425
-3.9462480889560183
4.621192770417949
-10.27377750442961
10.791560453912634
1.2222746410468233
-17.72924725179798
12.804164157268737
8.519845094348966
-8.36020376671264
1.584926107351528
-16.108147437513225
-19.658117516277255
-1.9438841051189506
5.4799395430475
5.6459396648712925
-5.487294407456504
6.130077168048178
5.783303910896137
-15.571654555398592
-6.777488619505201
3.622320665041542
-9.75279617937292
11.626819241281456
-15.362861967227918
-12.639624904267803
-0.2206227840067534
-14.136026046012624
-17.133961731888864
6.6122917966822214
-16.811033089443637
13.078533300826805
-13.343580074481313
6.50459040933751
1.4952905135683494
1.106366097525786
-6.373575209829006
11.18216154939855
12.414186431733356
-19.12647433360872
-5.214956139685043
-9.722301846300985
-9.966569700697008
4.561314076616505
-6.61488809051054
18.578897994832573
-9.79987577751209
2.893464346047775
-16.36009357250213
-13.738951792257081
0.5797543949921931
-8.974259424295159
-7.297175974136888
9.895383560377443
4.969054870453725
10.407381015291826
-4.512571226195661
7.739962853970294
-8.518273417681987
-2.573203725878443
0.12678249977264855
3.8917735073081943
15.46095681866047
0.7708871463955731
-19.685389252442388
14.032637385526357
-10.61534534321872
19.36681218576301
-4.635872254760432
18.38653219384227
18.624231343758147
17.219872940868584
3.9485570159810344
2.4950327874128035
1.9021804679618697
-15.028894575674489
-8.08212501484196
-6.46557340325896
-13.237545988820942
7.897908346533342
-0.7568517798512922
6.944741299673826
19.00756350699791
15.607896215764875
15.661054651575334
7.2401446065349795
-18.921515171028034
-17.948314396106852
6.1516933037270505
15.521295067638093
-14.638456023184109
16.608032538269384
17.306138272663347
-15.135925699733
-12.758156222932655
-11.349173983120782
0.5268601870379719
8.460249839580449
-18.691298944322327
8.301737370468906
-18.082906648465734
-9.271155585855674
-2.152799139359864
-8.339010903206482
-12.774439313808932
-5.969364554948196
16.427622742576176
-17.17978106636671
19.015199271237478
7.364086050641845
5.413958815576262
1.3024470676240405
12.723898037600648
1.8726655770355194
1.974453500513956
-16.842227911414543
-6.383940221401998
12.095955165364465
-11.459533870111397
12.614028095579592
10.190326460876197
0.14013678034533328
13.83280495798649
7.2538906325560575
6.462947520953261
-16.079214544390968
3.1511592405577034
-5.390892747843999
8.202176171433901
10.685631992792992
19.776125993249167
-2.445223425112708
-3.699237682005098
11.340027476864122
-17.886383741812196
3.013967843439083
-0.46741754864482843
-5.675328820508131
-4.6268671568256625
-6.4847411644527355
3.5627431794002575
3.576676979558183
-1.6617506636669788
10.836130423881066
-4.521925296188201
12.395348226633764
1.5442935738690409
11.509671753569148
-15.601736842817168
14.453435246403167
-10.663054079139851
-18.174413927881055
19.434640504040658
4.035138366624295
17.877153946064738
-13.28143205686198
16.556864620265806
4.795984330379696
-1.335010082600263
10.731696306937124
6.85875293404791
4.240565600482967
15.228919006788125
-14.77370396136581
12.28064116567461
15.67275671117362
18.795308127926326
18.921324736220498
13.213231008245089
-10.187882431445129
2.207294954097442
-7.847302258266575
2.128302227984669
-11.70550128850505
2.183623034072948
16.54864519458458
-7.756638847264007
-12.007533112284907
19.917628859081802
14.927833014555802
-18.740780401529207
-4.329417111514889
-13.011842301528151
2.904424216815915
13.274469981119623
-0.08605864001886232
16.673258247394884
-1.3466029930370809
-18.795140589200553
17.03903116017274
-14.332760108472131
3.8684442828141066
-16.274385138728245
8.778200442998497
13.77261303968978
-3.364002113620156
2.697739358598948
15.646286672087435
12.824727347556305
-8.571252440718693
-3.3115618019081055
-11.927111205910158
3.895570215410263
-9.562761387339883
-6.9518754927482185
2.9167793184927433
-14.811659689378928
19.785577329604564
-4.920527900300339
3.5138805769789982
5.413646408208592
4.706428107400406
-5.062601591588507
-12.609892372235244
-17.560745088941644
8.670431787888553
-15.669767941843675
-9.894471084984119
-9.54928359408122
-18.23170493712539
-18.64857901561304
-6.758631760428763
-10.416578552074585
-10.67374559471987
4.4749944142855504
-16.097999486063728
17.884806681150735
-19.822586657140185
-1.6610041530384905
-11.854311168068282
-8.59115283094862
4.806134836005906
-9.960356141811113
-2.014823538053566
13.737331787445306
0.8496444542018295
-11.451812364124443
-16.473786477850076
-14.010835391092996
-9.051760850576267
-9.60499407300809
1.4486285616012786
11.41006247455487
13.355633180321902
4.963509678976369
-6.849037087071345
17.58280160231096
19.10985976913294
16.509849917852236
-13.674290480839616
-3.1258367754490557
3.5626225916776306
13.118004130024083
8.260910216991611
16.372094418704975
-10.128309320976076
-18.713163637790938
10.069382647061488
-12.989334455106443
-18.268319768397127
14.420344074935954
-7.880444709527236
19.446546266501706
-11.756179764062873
12.375814051640283
-12.076558928416476
-13.652275120854664
-9.025613783278455
-15.932519498677454
12.157547879311707
-4.8115175284328835
14.613972447713088
19.073700421995
17.71489077141971
-16.278071556025285
-14.405397405599413
0.8404620640758864
-13.210196947883478
16.04791581212438
-19.6292693719553
7.62521762806557
-15.107089043472307
-5.4259898056599845
-1.6434210107595462
19.006123284176965
-12.015892545322515
-12.08302433070752
-2.230640845777426
-1.363278026915907
7.046699821258855
14.306247650792493
1.3416772270038138
-19.265006970652973
-15.036606978512488
9.1340346834954
-18.73159036061811
-15.118964653808003
-17.05766736412178
9.46324065620578
11.153061941707204
-18.874954979900487
-3.6656270048435573
-10.630940069444726
-8.385093385772207
7.1741794703672355
-2.778069105414996
-11.85140256393038
-1.5862797849525414
-17.89845254974771
5.154869059468599
-0.7701539959054351
-5.022508020364205
1.2904475912440283
-17.70326726262816
9.45536194222904
-7.858489176557356
7.772243828606978
-6.043449032910694
1.7556165272633635
-9.47037528232685
-10.891582954379754
-11.208005303726093
-3.194636844838975
-12.198827213408041
-4.206310578685883
3.641076805427833
-18.571074313473318
-3.6090588481199717
5.117705197737486
1.860141215993938
-9.636848147515455
15.48592113129876
-13.407095210909779
-9.741731012917594
-7.256326342957795
9.263524281363015
9.17375383596314
8.437974062492057
18.028432530281606
-1.1571430345397289
3.9141623658476767
1.6951867253774466
-17.651127111668252
8.146376447721117
-4.929318697599893
3.496517476783197
13.481735944633613
-0.27187442586762955
-1.9835264142276507
16.357009179242226
8.839379715741469
-5.952388545587613
-14.372306754642338
3.27879364991281
11.325236587346854
2.059091464678122
-18.734948883339303
19.589076347942083
17.6705627495066
-18.60437585598623
-15.12822093222054
-11.430379189935017
13.21335220556091
-12.231474156586316
-13.27781211319099
-7.039342492433022
-4.903606581376071
11.210723053378882
7.878968107551604
-1.747276672291271
-8.337151276804846
6.916597360191631
-7.682823608786528
16.169813265300917
14.535549780554113
-10.503431963496542
2.1263207145769734
19.203515603497166
-12.218677907231164
1.4586302620891978
0.4975088907351122
8.307850782772466
3.7671403429952868
14.078883655855286
3.7430096911673303
-16.21556016739113
-9.15604823653605
-2.3752071229068648
-18.38317789973461
-4.590653857831622
-4.286064733726862
17.74188837844749
4.579599702468869
18.45939769356363
-10.034328380563435
-15.994688642048903
5.9462489450759435
9.288774808095145
-10.65306545469786
1.00392196200535
-12.275291460836684
9.940132448622407
9.55812468331306
-3.236977605485613
-14.861173465419327
4.259295386251559
1.1860381394110036
-12.927741679369982
-13.401434480200617
5.245261404651316
3.3026257383438633
3.170904605749307
-5.8963058849883065
-8.479193639089031
-7.04648216992139
-2.0899401991338777
-15.41481340021086
-12.850735341899252
6.05504728053516
13.36992167809094
18.951007434157063
-9.66410547176352
5.5660470415667405
-13.350353316992516
-18.707995871604535
11.279378073224365
-12.436777113135967
4.100062317720415
12.443075392829861
-2.935644567428536
9.526229298632579
5.3211496970563985
-2.2959099256594406
-10.288636556734424
-13.485623747002432
-15.533841990453276
17.37795314689368
-1.8749626621294126
-2.5310440980706304
-9.056652562486779
19.24323895324467
15.07231119275908
-19.995633662483257
-12.021594566561497
14.032614494434469
16.18998173094331
16.205616668398783
15.986483572141218
11.405429754351097
-9.68498270703941
11.403564790007525
13.501999739942391
-0.15063197269755335
-2.5678731590840087
-0.2570475318503611
1.758861629591074
3.206780697688707
-7.6935826252795
-1.2672045454117509
-8.654425620462614
3.741245280604989
17.252127910506758
17.85924464119539
8.272141004794111
3.6900384029949223
19.756840304913133
-6.734586282979604
18.71606689998952
-17.058130040336135
4.7414426937966745
-16.514854700460113
6.82155960870503
14.834337030986553
13.48661091381264
10.213580593113171
0.6985596510857839
10.029855104236628
13.063678547005246
7.11871488541696
1.3886462778581574
-6.173046891587921
12.937680862739839
12.244187837526027
-19.54583238622206
16.07506409683306
12.635324243089983
-5.020076104507307
15.590728667212716
9.271164566099365
-8.968633469653149
17.75869328159994
7.540397483224819
8.22111896580158
-19.75408871668385
-19.904101746108065
-19.587193384524582
19.049672997293982
-4.03074807894923
-4.505014205554758
-12.99502171236783
4.217592715451126
0.05912763168658586
19.619070707531122
-1.0404092771865265
13.737585129321928
7.974485652134913
-2.6919061507379105
-13.056302221357132
-15.39172319114285
-17.245198170802247
1.088974929297997
-18.129177562389206
9.483257255832779
16.662874056487013
12.234237669302743
7.600616449494851
10.184168991954191
18.312550818098664
15.143434334851975
-7.564182709452858
11.387696979403952
-11.255728786779082
7.961601700250306
8.413437974340496
1.8072185231360613
-13.547755212434168
1.7248811250163953
-13.83168036683928
-10.305093703622546
10.72754606664573
-1.2637569760783478
12.815772564815134
8.335143437341404
-1.8483861298925177
-19.347617111271727
3.04980985557361
5.722816077769416
18.811374304393148
17.191109753948844
2.9532610976137974
2.14105726889602
7.841226374265503
-10.405455659486416
-5.2837492712084675
3.150784728210372
-0.564379606332114
2.7503188209614464
-1.1316509016048037
-3.177064245242814
18.00792903442437
-3.440921960582987
6.6242198633463865
-17.331105202546546
10.222664296561312
8.995840615325662
1.8246853746915228
-10.618409186341795
8.331698172441897
7.866844898491667
5.632884774993151
18.901191798256733
11.51063359027274
-5.278732904971616
-11.788827899157468
2.6467588727649307
-1.3088911564654104
2.3061945931300727
8.858516267964475
14.596744677535419
1.9637216029588203
11.381622016682304
-15.271730779678157
18.401677070369992
1.3941135116543322
-10.647486586091297
16.758026092791468
-8.0884589691764
4.500896562960897
-8.732296612515093
-4.918635091699892
-6.682835238105591
-1.320825694383828
18.335713055733038
11.536398235824311
-19.187909236932597
3.7206856133275004
14.799551977372055
-15.87017860506057
-9.890567847589647
5.519706115844038
1.927649230145093
2.608763559995534
-18.395979348617825
-4.995919454042173
16.640195594456507
-17.283454811946847
17.053013467627977
-4.504717799931278
-11.249915970310624
-7.89065098939378
-18.19340575732469
7.4649059026897255
14.190615889314408
0.8197454388595737
-14.813449304039889
1.9950218616070075
13.948817814248521
8.535739142316597
8.91939307843517
16.6167342305297
-0.21012660809306283
6.45216527241957
6.753506586505466
-16.315131156009013
9.179985236318487
12.272892168105692
-15.58789851169173
-7.435092430518168
10.5481901689516
3.8074637287657644
-13.191898961584204
16.983601704633983
-13.976079017806594
14.46714833689483
12.254365516802558
2.5936686442120873
-0.9943717084588428
-17.876820360892786
9.945114638522266
2.3067932830173703
17.593014871293505
-3.4092075223044915
14.211698355043225
-6.3394603151173
-6.492176621997135
-0.13848953505077333
6.860409624828975
7.652766637355292
-8.954251415667915
17.862995684247004
8.546198113351497
17.508034370400196
-1.4659146103257967
16.945716860750757
-9.783010022151078
0.24363188928688828
14.130774531644818
6.185783124005017
-14.77709619673449
18.68418477576249
-0.6459535231209514
-10.07108121742565
-11.895656768330088
-2.8594100844902997
8.775368478670778
-9.77224588016735
2.364382547114168
7.76159994302099
9.84985431238696
-18.58403454478949
-14.567904162518705
-18.95844489142683
-10.491513721001699
-18.6950754482536
-3.379144744442236
2.04089057426501
-2.8374969930563942
-19.77547888880497
4.892877361095749
2.0388263855731594
5.882408273958028
7.784588637542381
-7.033636600227133
12.976806753456842
-8.420854083135904
-0.4364037664907059
-11.211021792683544
16.03866132306561
-17.491099682295275
-9.608585138943253
-18.54139328490799
-2.2112873138502493
-0.29199792800415736
-8.824129587802183
15.631027850928795
7.955195462636194
17.986105204750253
9.820236186111416
-16.89018122888235
-2.2609264485531533
-19.548331302750395
3.3271394198147917
-2.473817162623874
2.037484418363043
-11.634700270109665
-9.142897169878385
-17.235790741112584
0.5449014784940616
9.14160047067643
-7.57130739858896
-8.592520038694222
-18.551693801005072
-2.0772862043106635
11.11772664576398
16.489336797710983
-16.89910736149765
11.686789441253044
-15.352978831539836
6.9915650958454805
17.04652923271106
4.987928505044046
-16.41727388961398
-5.631576692922401
2.7793621138194844
8.263293879437231
16.586336713493154
-4.5595906149345655
15.1534569083556
7.296779719251532
12.952049159666267
-7.0965312011500625
-7.477131840454554
-3.116156835790381
-6.978612489830635
-19.477993795500993
-2.112444402023627
18.036784747691165
-19.7438006013312
-11.103895959995441
-17.635096115549295
-7.156448993155209
-7.139447921380446
-6.216038733270048
12.313595379217226
8.174977972253735
-6.404208218345282
-17.378040495739885
15.795414916669209
17.667977794824253
8.144904338874682
10.675656086588138
-10.82995158313734
6.071263668199624
-15.947061685534463
-6.02699375286373
3.6351566484127744
11.585541312594017
-11.540188163968486
-18.5310088242713
15.297231797072875
-17.04941374086601
16.419406235477673
-1.970029430741448
16.296711267726437
1.0452123746090471
11.961352730222625
-11.379629022450718
-2.025335202873354
-1.709850058184351
-6.538305694124196
-6.762875018486678
-13.153766978245113
8.40904281161253
-16.3108032967714
-11.27908143252716
5.759860300752258
5.24497278964396
17.315861052187685
-7.097488098556308
-17.662285344051682
-1.4117934101647762
-1.3730624897037487
3.575841880931229
-8.973929548257571
-0.2679716647807986
8.550629396787155
-14.693792231346423
-18.73918933868844
2.9208813449626625
8.519920069299577
-18.369894204170116
-14.590296468680211
14.161128540050939
-6.519213874075426
-8.13724233535805
15.899364148860947
10.125229224297051
-18.406729141418786
15.235615973638737
-7.352508025626786
-9.913505819596114
-6.791971350542099
-19.06235450667458
-5.969177443897994
1.716469429592852
-9.062294145366408
17.99441126620021
-9.48179113620705
-7.7130050874986935
3.125997883970726
3.8688875333119768
7.2483146494853585
-1.7916486151280822
-17.49140265157005
-15.834383855548655
-4.976280838039418
15.839277062818645
-1.9813907365722798
-19.59136832171181
-7.529449975701672
12.435328660534537
7.3682284862250995
-17.872040177164926
-9.899553669637836
-7.871468449188658
9.482390726350172
-11.144384935562783
-2.3889889689865385
5.186128953747925
-13.49110667861285
-7.093501859126423
13.665279937065861
3.1428876599974913
-10.75276387881277
-13.003216041061139
4.915467450460685
4.472828727461639
-9.542414557680319
11.991990731578916
-18.04761870377991
-6.273423249662798
5.305840380546108
-18.13164883724933
-2.67217770494074
-18.667766206090576
0.57388689887512
6.610424811980021
19.282948704182992
-12.881115832445023
-6.479379075113506
8.2165717381497
16.005040606442037
0.2339622377121522
-9.048274624511944
14.051189150646515
-1.662190907104467
-17.333587138025443
3.3408019271418823
4.850721478814066
-14.148571666768227
16.025532026922157
-11.360751696649004
-19.37153173900219
6.958944384541489
12.480312214682137
17.462959611785323
10.534491506070847
-4.31545036945581
-1.5880528109063405
-9.201665430661627
6.9600054489373235
14.102588231182139
-0.9950342272867161
-10.224162610886784
11.580801166934332
-8.76453026806126
3.8440495564804458
7.340624733647939
17.91791847954528
-4.603569676110485
-1.8784275944868476
-10.698935759944845
17.446526752040924
5.192827920591405
17.96410606482405
13.793584802018401
16.47732825000537
-6.70573200681039
-17.67076557678513
-8.439831707204398
15.486954724416258
-2.549611224621856
3.4967131039920254
-16.468847723765183
-5.108908366159003
-16.17490697766893
-3.4164398496941075
1.8595440575737179
-4.9866485706217745
-9.789081413473891
-4.496170928986798
16.35149021026251
7.347028117578791
-6.218002811947297
14.540920275640374
-1.6601570644604493
11.627496862180394
3.5563068893146266
-14.191425851444981
17.691467614208825
15.319246420098821
-13.928231209358124
-9.558933666749194
-10.448651740661683
-4.369566713668046
0.8062369906784674
-13.490544294254555
-18.8670428501471
-13.122634844283269
2.222655163319388
12.519411713040476
11.849453184314008
10.679182552891934
-12.579315582346542
8.374173677456515
-10.07305494099414
7.233609688654056
-18.171883152296992
14.572402881801587
19.148094853460492
-5.229710438264302
7.132957927728178
-15.13502890027092
6.210233003852167
-5.248335678110454
-7.273166183594157
-16.69990532931839
-4.561511054279585
-2.7264446239357376
-12.779865181112648
-6.27929298058489
-16.591733517819947
-3.2648557923140196
-16.495171641939756
16.39573045645693
-2.4035629471029765
7.96616111785454
-11.502660497634256
19.132805428596335
16.362977928757232
-1.3972472349231602
18.649292271390678
3.4906636111973484
-18.282571524704963
12.297792409771375
3.9454507780467765
19.82791226858378
-5.069391706199017
4.067834933206829
2.2458418839658734
-3.790055337504363
-1.1690320565811518
-2.64651918832746
-17.881529584367094
-7.46760934284746
14.473815577551754
4.474399565006543
3.744419830627315
-10.93207592625545
16.116361845549925
5.822397627847224
-8.982238291128066
-11.920387330700816
7.694831203655582
-9.65818965143821
9.247120428512044
6.233343741953959
-12.55797012938093
-11.874805207135761
-19.098310561511767
6.075650589183521
-0.6416379663024863
-10.958881993265365
-14.781946885752575
-8.327834828526935
19.972790927050887
11.909620830689406
9.124193963296886
-7.714116689338164
-18.380424876977518
-13.371319334977887
-8.14755625752312
-15.435741845009051
16.991617275004607
12.411910320259551
2.593098890006168
-19.59057196211772
-10.611270093043693
-13.294205450092495
16.574122419486834
-2.757814070840226
5.471864990299636
14.976218515325336
11.892796376180158
-17.74403675881045
6.8611856655130445
-0.5261660105686019
-11.061794401941313
-2.9002083675017296
-1.969131666757523
-6.011602392635931
17.166172173031164
3.553302556748239
12.565800764402304
-14.398843491938269
-13.274883346711178
7.604834279031856
-5.267171539237982
-4.632920176376643
16.576278467875625
-8.032337057094718
-5.588593355506699
-7.483358627380694
-6.5405991765195015
-19.366978273472007
-3.9083823326042832
-2.096178194405688
4.467667125013911
-10.928175267833605
-17.939074697533037
12.255495862660844
6.462180601822055
-2.623101492718124
-11.406464054222493
-16.8293878537996
2.2942475756970637
2.3526963041405544
-16.51721800205054
-2.9273428941313995
-8.199132387551714
-6.247429239687836
8.048345781607864
9.711752624142353
-1.1978608983435066
-4.855155456478979
15.211700425076977
12.0220597454095
5.099814798732247
-12.375803818005888
15.808795663694994
-15.839264671030083
-12.802886187763075
-0.8433199650972334
-17.521608669065436
0.3545364420302164
12.48082665142509
-14.686904815279407
18.954351862038664
10.854634523914829
9.477192840718978
-1.6119922751227023
13.454954661284681
9.734618615669596
19.045871319227892
18.072414565975656
-19.216342196862737
11.138812043508487
-7.324011825305634
-4.341741464488852
0.8754102313586927
-18.947623735007216
-18.939923620217698
7.7377627865645735
-2.219315609994247
-14.389626664821321
13.798325832355822
-1.1644531139523195
17.49196084374377
7.776963649132334
-18.184553540401865
-17.134402539548617
-6.9951689518446045
-16.646796337627507
10.192136394282745
19.839693120171617
-3.1147245863351998
-10.491998869093813
1.210196612672636
-1.2973565213585303
8.336760724245266
-17.4238727306793
11.503965671763538
13.50716054173602
11.71605134427168
6.260765107198377
-2.8600650092596958
-5.201420845597866
-13.834182125177064
-11.208548317648512
11.184235957741944
-0.7195437786435832
-15.370304946925675
4.836507723518576
6.718343507593538
8.997337677817363
-8.465690735985355
10.988994556355447
10.615729844431385
7.844287289557265
-7.667795973423676
18.72431528158718
5.441846426066064
14.281365694831877
-10.709282646187916
-10.418942663990226
6.8269148562609985
15.934075031586843
-17.54660215206031
-12.787264227688206
19.112519680504178
7.625717733910797
-14.699774115375316
-0.9535860954882693
13.933572802773256
16.142048051170505
6.513073367639212
-5.090380030109575
-1.3700716984744616
-15.16588706848725
-6.1062987086502485
-10.54900239388003
9.056016424934882
-8.429764041057236
14.00270726760634
-1.4413590530016585
12.946765160172703
11.456393204802417
-0.28915633425611986
12.84297491889042
6.555942042608692
-7.044171941877799
0.41219582048670134
-10.357138368972416
6.409718572367989
-10.560090334134419
3.482928450896459
9.38507586363141
-5.166942517208586
16.10390405761011
3.744195697706566
2.586770915206877
-15.489994282631425
-7.659514396087905
-7.67780262188273
7.611921243588824
7.641882051351455
-10.596573276894578
8.772151911056099
17.408738518647276
12.238384672538679
17.841248487997127
13.409648383473126
-16.6511868305303
-10.424414308649794
-4.663124166801541
-11.244483952207203
-8.390447103670962
-8.57939818091793
-2.695936357527806
-6.057902620769573
0.930320368109868
12.242917906167797
-14.081569028957235
15.37717998695122
-5.287975132984478
-8.800732582344306
13.885583916374124
-7.845493100391533
3.4520772553559063
-15.60847668750788
6.650786527640694
-5.620283711785108
1.6293130669943992
15.512815762999054
0.928181078228203
3.5565066105108656
14.166416542986454
16.439814239995243
16.17290410292081
-4.3274676039663404
-8.844255086152488
17.421832695507945
7.253918003353736
6.958162180297386
-16.42805086165324
2.463336950403047
-7.018333438880626
9.994356630275064
1.3521061273014432
8.709699113005218
10.825210786966611
-13.392615007910749
-6.313570782468169
-12.377059686137342
-19.215546309040263
-14.38314470253256
5.094394183410493
2.648924029959705
12.233446802026933
-6.477610413327323
-1.9793812260267742
17.69240058596685
8.149235585001232
18.77119524298721
-16.674380568309548
11.150163775000621
-5.051167644238884
6.8008247290777675
-1.273467313594825
5.85695032466316
0.30911983665124154
-14.309896013618296
-6.958912188019518
16.055231550975677
12.342802624806254
-11.20305721624652
-17.67205846264271
17.70308837740169
-6.276524014891084
4.698806058747586
-1.8994641624130537
17.45201892137431
-15.807960035453412
10.692831008712112
-16.854725151936805
8.773611084127133
-8.831992270463903
14.122412599661438
4.204215149076305
-15.583327589872273
-15.59312141994473
16.370381333102173
16.46931450479041
-19.331835798436657
-8.95061655355692
-10.352146800221886
-1.5402820882920665
-3.224839614609323
-6.278556068244004
-17.57245371885006
14.195027404162552
5.422598182691019
7.3826043170946996
-18.023415062261545
-12.73045516787963
-18.538720973588756
15.126091536954547
-18.609067997421022
-7.930321413871649
-17.62780287123263
-0.03362127452806263
13.41219588581798
5.48449233196283
-7.581092360869114
-5.590950777481645
-4.557356128571936
11.712673821483278
-1.4411090460618823
-9.379500073199747
5.234764818466605
-4.179437877856751
13.190678204067822
13.306427386774502
-3.2843214822042555
15.029425380256214
13.188295084703611
-18.260994759528913
19.787658920413676
-5.893075395539578
6.21254093060827
-18.41972546577367
13.525601854663101
15.452664891729519
16.46335425119549
-5.0623354606906865
19.822048843676562
-11.229031342715178
-8.445281259054855
16.522834045550667
-3.833757830616136
15.489191051143905
-7.53392366971255
5.205005674465745
15.698951749927744
1.7712642649335386
-0.29577175802288025
-1.3597942397001397
5.591159659221972
3.8158947336533657
-8.150380936338326
-5.037412190924449
-11.338017738519635
-12.078464338740442
-14.726520158608182
0.999714462235346
0.3008170569682562
-0.3662209440976163
7.720424529094323
-5.959320314739166
15.424861636675288
2.4661827649528973
12.651334002404788
4.128717859139858
6.695466772886562
18.188058522526433
16.886572006431756
1.2557809700890452
-5.081715403551179
13.228026809883879
-2.255979671582729
5.341311138171111
14.7171479299721
-12.411657403560241
-11.634177686209458
-19.682863822111297
-19.97143446992638
18.31048271301686
18.152321317419513
16.15685813145297
0.9571479242233067
15.537876273126464
-2.7303846558770033
9.571159931720814
10.725061193934643
18.018346142859997
16.24984082357416
4.398408476432117
-14.50394480942418
3.1740895918672436
8.594555642490743
19.268539469357002
-0.8673477524237008
9.629466171774268
3.4024602090553344
5.129071399402207
16.39868834307046
1.3276734858515304
7.940712392727836
-18.73516613115345
10.90869878024522
-11.442738928713334
5.368118860985533
-16.118255589508657
-16.64382255086231
7.217824668498896
0.5375526903485905
6.12057006356617
-15.491754525225305
-12.65611648786841
-4.443181352943913
-1.9308009570049762
15.317124813007766
-3.3395116758160803
-10.542332098396404
5.932708463313997
6.917808825074175
16.914380124561397
-7.250304114770936
-19.634678703503454
17.15939084046292
-15.668077201402074
11.86167924138713
-18.808480865980016
-17.900930348247094
-19.850365871626593
-8.898479646116332
1.864809364083719
18.654733781589783
-8.687186264130716
5.901430917659848
3.718686068918462
5.291415229561693
-14.762166712915263
-6.371182899325888
-12.414251582105882
11.489760711863696
-3.6723358846283887
0.7904515826064866
-1.126884879300711
14.405161768945597
-7.270796006272867
-3.901585245677481
18.566173521663906
5.527270273117711
15.751219357031772
10.415742380604613
-14.707654376003951
1.9534943445673179
3.423906126705898
-4.802107321815555
-5.503212011820718
12.601215402050173
14.35059508698182
-8.600233576028185
-17.747139191967317
-3.3416825190157056
15.74971150084074
6.389113611525445
-9.081476465301947
-6.832086775147657
-9.514229231289463
-8.98949702370086
-9.126728143345154
-2.60134549505657
2.778782638016402
-11.526847224531277
11.854816513885549
-14.435329526522072
14.704400447557646
-5.707330088049032
8.586980220573256
15.930310331877557
-0.1256516400959562
-15.072248591378763
16.78528251189268
-10.479802961591837
2.8498255026515835
-3.814480578551386
-1.6699071084631854
-8.84008572836982
15.650132058511574
-8.811604241348906
-8.33625248882929
-9.953365333920065
-14.172677344667779
12.425246255252262
-8.793674820684032
1.864747215293793
-10.735034860767989
-2.8335154465426307
16.40812484465995
-16.733126728289307
1.515098395116496
-11.422867938657415
-15.733059951685275
12.777099416297418
18.957400838116087
19.130197936667756
-1.0940034827485299
-10.840501484446431
-9.280561702636394
16.664128087876392
0.14280780401143645
-9.30109069107353
7.204399707379746
-14.618485713914811
-13.179419086356203
14.842028073336323
13.726667482053571
-16.034036792028367
-2.274107094326361
11.609397599338806
-18.69776721658389
-19.83226671848957
-6.742095302432647
10.49228445916263
-9.096861602032984
17.624087077350914
-3.281134303927434
12.263291077425123
-13.105532639228393
18.23628126886085
14.719179095588679
-18.363148607550176
16.688313498382044
-10.78137801777789
16.094699183397488
16.260213340493067
-6.787168755222371
17.007184074023527
11.94277602032215
0.20143710171130635
-12.137551182273715
5.085218270182526
-16.907470114507035
2.0198882233327495
0.6563296603452073
-7.914608682695405
17.077772747859058
-18.18093023195439
-17.93951764014945
0.09883003859095396
5.320671317810394
18.80868276705793
-19.540475186456327
1.353149299423933
7.529737183688585
8.107333825429848
3.7282433935676416
-12.745757279503614
10.814640623476915
-14.359413341411273
7.5103977309936525
-11.26979450108347
-0.10046774400216307
11.042666872767029
16.61082975304104
-15.920094892746581
-12.525114605342846
18.438273387869252
16.21377626555477
-6.5853194635334855
5.537826691125744
13.639399781249047
1.6617231509280437
-2.9561812841239963
6.586993044532189
-11.81306567173182
-16.36110487683078
-2.50638047874493
-8.163333664109507
16.446245004423375
2.765424383242731
-15.678488858368747
0.8267226621129673
-15.8956680362474
15.80087605725214
-18.760997586246372
1.3689500971574873
-9.841738152232317
0.01799553749145133
2.1600679847452398
-14.294519129749869
-4.434327236533711
-10.529013988308886
0.8457648614020741
1.9426699640757334
-1.055106823816562
-6.34838470258253
12.251367759699974
-12.443214399303857
-18.16445664147365
4.096438683453552
13.130624909656596
9.15188314900508
16.894037256740944
1.630319919483938
-11.908893258290757
-0.09678051874873006
18.051875439232383
6.654134639966021
16.331892796151436
7.891728457563957
-16.90252579308082
-2.7262409211783947
12.374170064786291
-7.229267254717509
-10.122587751339935
7.926555527424178
-7.848382238207275
3.783750881355207
6.9381722919370645
7.270966829305095
15.21150463962551
-9.186719114718809
-5.7785022579518
7.411753744896519
-15.930972572454438
-12.56234933462598
-16.715731280028887
3.31779342462195
-0.9176162811068167
-10.404587560835473
3.811637623746119
13.666932605787409
0.20070318843291446
-10.52316417022126
-7.588916184086614
11.415708766237533
4.008016188141692
-13.197225059167739
5.586264239274755
14.589774980558772
18.703507879717293
4.356753557407341
-12.193746108148362
7.276950939808742
-6.360532774135885
7.60790427704794
7.398321343653809
9.813271310695587
1.8528718292716277
-19.153090467216277
1.4137436003810642
-1.0041403909044568
12.748916294787108
16.925650714776765
-13.967365594411824
0.2350770434831837
9.794716935300475
-6.047023539940728
-15.855597969397204
16.395219522620103
-15.651145824121135
-8.619327803402776
-10.622381796531126
-15.374486283464105
13.999384152090272
-8.155971866797742
-12.349622429118906
-5.692253343477137
-3.004553920844593
7.5594665112729515
-4.7776846023374375
-18.62471933351889
-14.414807412249203
-9.981477014628206
18.526267163772125
-11.398735912128108
18.76590887078381
8.824971861397508
-18.683465744790745
-17.83957733658214
-10.302274217339043
-4.326606307346083
-12.89341601534395
-5.447139151344764
-16.594070348198017
16.723535666566825
-14.861294015954751
-11.5814687469611
-6.471665392385413
-15.6830954212976
-9.965330237548535
3.8197942071496342
2.184926014021194
-2.7258414588394118
6.107221776442003
13.152459847921214
-16.169196044656942
19.76273761330158
9.465804372182731
11.155455662999387
18.524010195618565
-11.91269073715883
-16.240268688796963
-17.05984968282558
-13.658855071245615
15.098103870413354
16.512474358771613
14.59651342513115
16.254948110942507
8.902760418763048
-17.62613911381886
-12.636229240409008
-5.1332567469337995
-18.800082512079086
1.728213470511907
-13.128187311840831
5.805671398680815
-17.86868691105425
-7.3783819745509724
-9.258981977602808
16.900441125452872
14.576210132906425
1.513957465854233
15.771686096598138
11.579831736456022
-17.19339189464261
8.63822724294764
9.830894546156603
-1.2175961070300545
-1.8114031981878824
-5.729947234647735
15.169168962213895
-14.182993540027011
3.276357736755781
13.304889229373693
-8.723260574997479
-9.693607571105588
0.5227502756481925
-7.241867262681287
7.89390597305108
-16.79936639050021
-0.8124196558011896
-11.612500113666089
-15.90431074830811
5.359502747734197
18.006382685131392
-11.964784298251384
17.23721463283512
9.209524219546669
-8.788175675381051
-4.273602035849073
17.675983392129652
-16.063322010088132
8.272823002533272
8.21152209476628
13.24802909581831
0.7884719436886698
-8.18653491055918
-13.445119189722345
0.35732925386959735
18.490905266113515
-8.211447993062094
-1.7275034509856795
-12.398088213826735
-0.5516017638359862
7.922874477601848
-3.20297733734364
-15.82540843228243
6.164557592268757
-7.310267109423666
-6.842827506776498
3.801140375816537
17.388325875750624
-17.466358517594788
6.294505223338234
17.77180273836779
0.6616375933737437
12.965915175145554
13.531565241286899
10.16920679635557
16.932959952605877
-15.030469400658614
4.531906808162248
11.978795841555087
-4.949731914151734
-18.635225846853245
-19.279977474900576
6.090239159613038
-16.438927528154732
1.0807516352656776
-11.15331868785512
17.978448167494726
-9.512496362655472
1.6334140632877983
7.900236042158447
1.1787956790290401
-0.4162442624907854
0.13331908701660566
4.1386984762214
9.816765218879887
1.8909359476589849
-10.778419409579447
7.971608435279975
-8.75887856175854
-8.083089107381976
-18.61832610793213
7.1553347504808045
-4.9707107394724215
-10.336591371637578
5.4540053504583526
-13.31659830763611
-4.428709069771326
-11.194389379347228
15.54143356686712
-2.2370157883843653
11.840292382718857
4.99927061757711
-1.7826892961834417
-3.7819796802834276
-2.702157486518331
-6.211483681864705
11.281102251111342
11.87579277461355
-17.743298282009903
-0.5180495314953077
-11.858518452643088
-4.501830871176731
9.434070469518034
6.131228301819704
-5.064329686518473
8.369462772540366
5.49257213624028
1.9181390712791142
19.72265997343716
-18.655129125257396
10.38770792238417
-7.612846729386554
16.99734936615974
-15.59511761671278
10.974321109324535
6.922159011992669
17.861613183787625
-3.4238293598383542
-14.89700338284393
17.504585649230478
-12.080295382566417
7.565476636954113
6.076836860106646
-13.258169128749419
11.580323396865833
-3.731134297780578
6.4976008594838
-9.902781251239494
-13.781570357330839
-19.139307992958578
7.4541562254776
-14.267796535078517
-13.754982655270268
-16.83675963613259
6.119666434437924
-13.956282155216226
-0.22465938325652957
-4.793700116481428
3.447305425895429
6.242587127464034
-0.5238924999423773
0.8207160818687029
7.84119165589464
-8.777930431956662
-8.033240711911937
9.923569131999916
9.190927615130416
17.94415134189505
-14.714105487554821
-16.360914481586324
-5.555078841764107
9.141670876249854
9.601890460937362
-0.890201020047062
18.609585924304696
18.22946376446103
6.002711934942127
-19.240733070923536
8.296144071483273
18.98605817979722
-6.940136534572755
-1.0852031165761211
-4.99501411774666
-4.629421235621551
-3.559607549388616
8.971652062355847
1.700826277612947
-1.4441730666518673
9.761255394322458
-4.094679237797404
-9.412704036326742
-10.401269638394854
-13.50697954965466
-5.480070043652772
2.741222545817781
0.06866079491292965
-0.024761800773166698
-4.039330095833172
11.033385424290127
-8.272283200589223
17.349629965169193
6.153019241079981
5.476219420585359
-4.944328692185129
16.359139775257596
-0.7135411697833121
16.005530494864935
11.721590041768795
-10.011859195597964
-5.989947510930186
-17.750731593318147
15.698012420156068
-19.483396297711316
13.600833704072343
-8.25566269839146
15.568280835008125
-1.4225278256204774
-9.618233261011282
18.282441762808254
-5.655954665833427
17.624788067744618
9.23774801146969
-13.099727803256961
-15.926275207159026
-0.29990090148062976
-1.3095174188941598
11.876913085857773
-19.568696580047146
12.467729681754392
-5.3302598752300145
-1.923393829069397
10.936784689158024
-18.51527918343281
-19.89979316487124
-13.289514371681186
-13.82045997175689
18.041323284759258
-17.094048342191584
-0.8854155816116851
-0.3100411437110431
12.309265741698056
-11.244833011587993
14.433530666900324
-8.682143750384089
18.281637121160948
-13.234405731126312
19.14227399009836
-9.989029785135415
-16.88251834179355
-10.562702934385824
-8.40902406752643
-17.283443000432275
6.761836840516512
-15.63251518901303
-15.819253146084016
-5.657986452950885
-1.6047750239723868
5.270823461337407
13.163564220231727
13.888982509789187
-6.269403261030755
-16.31855357775112
-11.819872285323427
10.417372255952447
3.2409013538692975
-9.568316711241156
11.414237102315703
15.899718980823756
5.452694728234988
2.6920276067462545
-18.95571528574672
-6.885060997513467
-15.042999097632052
4.450952964138388
14.181235590223736
-7.685224183542335
18.45824975493703
-1.551819797893856
8.88540795755588
7.2888556695617055
15.501053966147843
6.914127117716042
-6.939107551260308
14.922297290508318
-5.114194421430454
7.365319005123126
-10.238885212748844
16.54917696638782
18.82127302574783
-11.206994048993613
-2.1845588496492176
-0.45894667754330953
16.879826763178954
9.034463768903219
-3.393810871405872
-1.0163231400432196
-11.014181318005093
14.290652635955794
-13.867385523084161
19.435040036746855
6.551815110530519
11.003558941633425
13.775076582290922
19.263619521356603
18.69112567657725
16.554892482576733
-0.1104435443771763
1.7244865579636013
7.270220863103354
-8.661268815215841
-1.3071384012523737
7.804761533799997
3.995562126736594
-0.9857231105428426
2.2105506721352377
-15.237601515175028
13.972142786043776
-8.899094229770572
13.596751166907907
-15.012102094871018
2.379271766641274
-16.921390735776566
2.254402712664863
-4.183002321530154
2.569667760652795
9.805044342855929
17.496077416606546
10.968118895240782
8.919689166326702
-9.523393665512835
-17.73749525812544
-11.298837449280189
-15.712908256466754
14.143267876500104
16.86973148044538
-6.233567306070228
19.44245762549636
2.048500032422986
11.762171855771498
9.67801610824408
-7.352330895076285
-13.647071818760885
14.400873526119604
8.839694657003264
-15.447214967477532
-14.76572454956241
-15.77572388575453
-12.177472164502374
5.240280748758401
14.175761731437532
-17.286853162823572
2.5840730068299465
-6.804970820046368
-10.27967136472521
-10.41815725454569
18.82426251974507
12.229535546974056
-7.92777647653609
-10.462299780789204
15.860283093388809
16.451790234414517
-12.237172552029701
1.0611577659890479
2.919364766944618
-5.234900943393622
9.747654104653378
17.285963283338496
7.6156087476765
11.350347855427806
1.9644002834813712
6.058974805111493
11.692828151275005
-10.077802346789229
-18.575020593274118
-5.2613575099782715
18.65043623169199
-12.235898522084527
12.847571257825763
-8.026265037475472
-1.4717732671795503
-11.484464202887338
-13.468922869472525
-9.958005299893347
-13.949922862558303
-13.320853491991947
7.078757577793983
16.76572132192132
8.911383183858504
18.576584543302907
15.42570590672804
-17.577100735464093
-12.497554024699804
6.177877370316693
19.46168855555581
-10.888002097320895
2.6491315271604776
-0.8996841618937914
3.262869380863801
8.383959167254865
19.85238080739778
-18.82947085060481
12.266359720543647
-17.75807662596835
-2.029536493491367
13.938843905368408
5.021807770821152
-13.802785891062847
-0.9151680227625079
3.1752889092325702
-4.467045238306451
-8.366152828947548
-15.34147449585733
-10.533882232685162
-11.855067697594501
-0.3964445438760009
-2.7572871126716976
-13.56274860128428
17.48071145051413
14.688385684777437
11.165215096752519
-7.579363695905684
-4.5402274967161915
6.1118702907832585
-11.290474645682389
13.736570224625147
-19.114873800995106
1.2532621734536598
14.105222326202615
3.2701480518803585
-0.30988449343917424
-18.74488472256891
-19.778979499894444
9.083090553348324
6.67916815761544
5.16130493538175
19.09432403129916
13.218634183348058
-2.284184496769246
9.162684548297872
-5.625621058381567
-12.486534330884659
0.5729558538307984
10.89493370454397
10.628359964651814
-8.386862960805356
-8.862286599071098
2.9963935458573303
-4.2969511741448