6.916025824273525
-2.1947004754880908
11.425210331414362
7.179103951919981
8.806532025085204
17.42807045062427
10.187886547102408
-2.670459443853403
6.763293077136904
-14.208314662753644
-16.449681527680603
-11.236502972697252
-17.091608650412482
11.326779428840005
-3.0088113948529767
-6.133862587551079
-18.060417761392387
-10.92965435226958
-3.0576566531586593
1.0030687617655722
-9.527377471477148
6.791325769128168
-14.010690404662762
-10.334313037560241
15.646421416069728
8.056822780081674
10.247955608478797
19.37407066269496
16.51714006610066
1.180688332749959
18.53896478350851
-7.9947100582608
2.715331608054541
5.816561812661824
-16.335088874668408
1.4778770534230112
-18.977493980544114
19.28184609816241
15.443463416642544
12.270033711628528
-10.199905340968822
-14.231827774535448
-17.030426191594156
17.245723898117163
16.636847083320333
-3.0494106582884157
-8.365806464165972
7.173325147897902
-15.36955398983089
-8.157711484918755
-5.930440859705186
-16.580237090654542
-6.106750784425072
10.457173995800066
7.214308418572028
8.076993764976564
4.402850915534895
-10.334075538391904
18.717947407779945
18.666350921206785
-3.7573660785219474
16.80415905350415
3.413612672009304
1.3140573292156432
-16.545980092759407
-5.445863209773849
14.162517890256588
-14.499074174903836
17.08882075760274
10.654447588465722
-16.229590134701514
2.747864865376542
14.866399170788405
-8.38643929688812
5.294587939115711
17.73865520837998
-12.636417652660974
-17.886609284320947
-15.55422946866489
8.188843919274646
-11.112823509131706
-6.130941540266868
-18.734342835373138
6.035867872845557
-5.346750993612183
9.427598966223904
-15.656526146475947
19.596271446600532
10.486323542251526
19.67801933304515
-16.772682816851855
-11.462345526786478
-16.243677956947348
15.944314047964902
19.525260760062167
16.205200545503722
-8.065930361904638
-18.6974778528461
-14.657238688415282
6.443549174903083
18.946174115314477
5.716871728991691
0.9898401952023264
13.779810439770152
17.248356057825937
-18.673714267421143
-6.064975603163546
18.45257093571047
-10.707196398601354
-7.5765980252390985
16.097028175164176
-14.553070099865915
-9.56029572822783
-6.997540103600306
-8.153146017827307
-17.178961078772772
19.359223384622204
10.017851949452258
11.3592789084923
2.823935856495172
17.908566538255094
-2.874757364351339
-15.939629359707554
18.043534754802337
-14.857581001181618
11.527579546732596
-10.392006003347912
6.31479724293996
-16.930671264716413
8.615711246652381
1.9685364701299974
-6.826369369510088
-1.2793679639349733
14.404671096434619
11.53924662750562
-19.907309338415885
17.403130553801816
10.473636519222666
0.983835918344873
13.619739016649284
9.856781536082813
0.1030428875109024
1.8537012182286539
7.982791441574136
14.19375120294832
-11.50499774425375
4.5277226074591965
-6.182243258873189
-6.673940670805717
-3.7151543756734284
-13.103336376844235
-2.3980545589741666
-11.80778777161429
-2.928559440311105
13.392237746174999
9.069404839966303
-3.0332822849601726
5.823423324674614
-5.464525061523563
-19.382264263672695
-9.06425780072544
3.4924981060906255
-1.0163823864194939
-18.421510238430898
2.250254398595615
6.73512581301873
0.7108002796634914
16.684086781971786
-8.535152177596693
-18.980073976661775
-10.172048637443364
-18.646940704400045
-8.997351784914024
-7.534647094462095
1.7008945443578796
-0.0038014839757885
-6.3002402713653005
17.23108706953228
-15.459860691083138
-8.693691521829606
-5.3803959517168884
-2.4914377532803087
8.55055741903357
-1.3991209300348046
14.295204969063214
-10.149788382610163
1.3367670702170713
-12.97055183382346
3.47482536076879
-2.655916382527437
-17.216188966784035
-1.2320503310609574
13.974871125482075
10.56908467096147
15.827252843979245
15.63936640709337
17.454479038711426
0.1871965163759306
9.209316294300013
5.055229387195897
-8.086011686028689
6.201976439498374
15.70103790783972
10.460275587990886
-5.359210410479033
-6.0643365853229
1.8631732331133186
11.487489202171012
19.228789804945194
-2.323577975961637
-16.627618160533505
-7.437399350510724
-19.19312350379733
-9.209611419211381
13.921675084455934
6.788113661471769
8.197904585966906
-8.166119397040642
13.142039037735472
5.711695455796129
9.807852364297478
-2.784233537800567
13.133137431314438
-18.772307859771384
-17.47619155785841
-16.261155206416177
-19.11328119988343
-7.840776387841792
5.272595355205215
5.415568763124476
13.155009162694299
0.7845423635005631
-3.2384144686419702
-7.00976598251026
-0.6969589108503591
-5.913294826352331
9.389668367399928
-5.738063957706485
2.3906553336825063
11.030469952185381
2.9574467583607635
-2.2592148343180973
-0.07593503522410927
-5.374566085275326
7.883719590489214
-14.545930305347209
18.77593380128998
5.3251903777898235
17.218748437546736
-17.259087670185593
14.984366803293398
-19.04696432134449
16.675219555844237
-8.330746737513328
13.388614510318476
13.805249720256164
7.626975183173421
1.7906775855584165
16.489104184976426
-5.6992135693025325
-10.663294442412434
-6.41974359134224
-11.068683492777964
1.0389425533675833
-6.714932101414055
7.738611660867747
-18.53480802866718
3.5807762952237994
-5.790217790647718
-19.895249168811855
2.699181087550585
-7.159754027720883
-11.869126855948512
-9.556607559656062
-19.941569661893126
-16.54266289639773
-8.34875271857797
1.6241721596705148
-4.863037405499181
-3.5029322116249304
-5.118465121735895
-4.475667252762104
4.3471943988858825
-7.681435810497881
-7.895826359537015
17.812747131211403
-16.557900686566892
-3.927833746821811
-19.85381262031452
-14.609392401850592
18.987863185068704
-6.8669958117631325
2.0767312833101883
16.250098528373933
-12.105438271102908
-16.842541303609977
6.414747333795926
15.454978743101698
17.61620180306489
8.907293186205273
-19.784575518402963
-0.38604766751127073
-8.072989423611748
9.569320808482317
15.668916335971993
19.31553207461227
0.9793043207919752
-13.591621428608676
-5.954852723584176
-12.271011284245375
-15.485469428517828
10.414729580878436
2.9379614867975725
9.73642247946994
13.973418658164519
19.14035725911649
-11.433560435608445
13.555333073158359
-13.40584904607304
0.19627536964912906
15.315481391897748
6.846038881755266
-12.702128444461188
-6.954643673704384
-2.4857187224095796
12.133075230240124
-16.022609529187008
-5.023329535502663
-4.792265840309774
4.458880364426339
17.22159496302732
12.23986035551711
11.778906413177573
-8.64339046755974
18.365422536842523
18.490870176434456
-11.751155084840509
13.362104238107662
-1.82480142161252
0.9211707969523211
-3.8768376779596423
-12.974352481680755
0.6617392655539369
-10.691000166870005
3.3664888147593253
-17.947737442604193
-1.8895735735429007
17.675727667070007
19.58936949394363
-0.46294865083474335
14.010328826275028
-4.0773203013139145
6.109781060670663
-17.61336991679938
1.8662327559717795
9.579841336076008
6.955161177181953
-16.148973313202028
14.430766222979692
-18.342355319354347
16.987833188306723
18.793556145604157
17.00493736868593
15.551668998072039
-13.87171640341431
-14.198455185527013
12.488700940874715
0.7594801436472629
-10.486195996231555
10.319360828983363
-10.816215383899252
3.998405229895866
-17.386367112714588
17.86385111411076
18.748644132041214
-1.1389338963017863
1.0956151436094643
-3.3618547543501798
5.880322725598912
3.7159011080861433
16.158337347370157
18.648326985682573
-1.742317287562443
18.30217735874492
7.140243877883918
12.579800552825994
10.209228109236335
-4.637346024523055
7.553376250901977
9.659645831424971
19.271990766858416
-10.515353107233093
10.672027302284938
-7.987962016625417
-4.9400069943475255
16.009744299169107
-14.526693423142927
7.0742534410364435
-17.841985898716885
-2.0110049888660484
16.201324431627853
-15.34209957339014
19.053461945196332
2.742442250320309
8.232210847184042
16.634199079110857
-3.226358223705791
11.706528864696178
-16.06428771015267
8.630849834789874
-5.563696033898587
-4.1688445574604
-18.055763264279264
10.956728956069593
-0.4071074855640866
1.686653865454364
16.117326507202556
-14.360307074928564
-18.316090287748352
7.781194136573735
-6.236709038592391
-13.235226260118015
18.371290824547458
9.286483885557729
-12.078754966182693
9.268780991454278
-11.462049583530241
1.4701085004262247
-4.753043877989441
-10.363945897923465
0.6447756657545156
-9.395553439910183
-10.384180026943932
-16.929614939229836
-1.2525349482033157
2.9604454438101513
3.366538211132845
19.951887999194142
-16.13698242188866
-3.6791918485113655
-19.520016995511842
13.987329718845572
-4.456102816850965
-0.07044102335765245
-2.7777912632579884
17.237117400706502
-8.84100896675661
16.814150783632876
-16.942972761515165
-18.47304456143781
-5.869514238130842
1.1331443052491643
0.24154594280361152
-15.168742140395528
1.1384360072581572
4.964797490026015
16.91212206954679
-14.332731244547672
-19.704623366279776
14.890493552983884
-12.014494309698707
19.86305544803642
19.51629474195613
-5.608612647238939
9.691808833799257
-1.4981821341703636
-12.414214026420979
7.3967607683190835
13.239316125569992
10.02984245242013
-9.368077978097663
-9.774083980668644
-7.221067143796901
19.78710477406905
-2.3340721357251546
-8.30194044173783
9.534112093837457
4.676400880747078
0.8813060795443519
11.028553977128773
3.1305383634138586
9.216490600913868
-8.148638916693578
19.38600752944096
17.776778511437413
-14.238395688136972
16.644524426618837
-12.940267901171119
10.976825385499914
2.056116983312428
4.2349075003020396
-10.143810269274724
7.8058406364682575
-13.855422796021282
-0.6561886200120952
10.540654421422595
-9.408023452394563
-7.529627047378247
11.627940358846061
-11.982740797581183
17.18575821473255
-6.282859033649197
9.626836264484965
12.0100293080461
-14.066162008787177
8.927508345104865
-18.2939435882485
-18.363259029100888
-2.706139218960889
-13.74543657820642
-12.065949752147285
4.20974874688838
-4.245688495082582
12.978651492024085
-8.719078215424352
-10.09423102041418
14.203534162163557
9.200047470169316
-16.535369864723197
19.5545641573597
-19.561347490847062
17.780654876496683
-8.580478231850401
-17.545856585832706
-15.186490833233123
0.7267631567247257
3.0543679085917184
2.2912599399628917
-11.878396707381306
-13.330990395564735
15.535611760664096
1.6279499390902785
-8.581603013540665
-17.334044123297943
-3.3264270321164418
-8.344514849109723
-19.28328494647387
18.86115524937133
-2.4731811479295445
-2.7861733701042013
-19.67282037120624
18.738798922207636
-2.9075129314675685
-10.060412781054108
2.401673268479172
-13.919324343186004
-2.3639942029605585
18.099035833875426
7.879043686288469
15.689357305189311
2.7772895828823216
-19.814045136639436
-0.5894477533424016
14.08366021030929
-4.919678172250425
-7.666863635673945
-12.38284898213401
8.418172760394466
-14.589978415151847
4.130838871080623
-3.1767723651496347
-8.386214243822089
-18.855841601961387
-13.334719561352957
-14.321065071448377
-7.72139427891684
-5.44468867170572
4.41085330240665
11.148460138629765
-1.432791047886937
17.34790949248346
8.249799245765665
-8.410961900598238
2.2588013981054154
14.19733151092121
-9.578649651838148
15.142891727934703
-5.970478451030331
-0.2092612933458824
-5.978316915612275
16.413660385048956
-4.539776759942056
6.631715006255426
9.708589575947219
6.597821002473072
-0.0025096146296554878
-4.4167934709146515
14.294316128262636
12.706788124857503
-16.954651521312666
-11.593530678628547
-17.57588075906559
-15.377845639119595
8.044776482632422
6.252059907371553
-17.579312003370113
-1.0819759336943164
2.7416035771715705
-2.3793956500170523
-5.756088804074144
-8.842814617313826
-9.461336368837102
-18.18737013417525
-7.83073365713431
18.15113464986326
-4.577084832950362
-8.620531551350975
18.004841639036158
15.304658504211588
-6.234308123245036
7.40162566190439
5.129272308341164
-14.058680381522253
10.966307358509514
-8.144501768423735
7.069944450751898
9.4046313270944
-14.11435487325187
15.168529746116228
-11.112198243831305
8.509665696123857
-3.5477485902924286
4.156578319852812
6.914855398473605
4.035774595840657
-1.604841115675569
17.898950007339053
17.750765548967287
-11.68622643851104
-15.758911517912972
-2.944197441352962
-3.5249182893782347
17.278433445186607
-19.73554609967654
6.707137284050795
-13.606627466414833
-11.31651860858967
-15.36958926470701
12.128350019206074
10.031253039514315
-19.708448117105295
13.277059663336878
-11.144809535740162
-10.675435170117996
6.770981619084893
8.430811162672057
9.304474872353246
14.916823762518746
19.313842669583067
-12.128255504679814
-12.47438462926825
18.83975037405159
10.09349555923962
-11.323480287401306
-18.05485564020039
-14.44179393183591
4.16927676829172
-7.270557871146313
-0.12491625839359344
9.16021455388487
5.291871850050008
-8.212219515430288
16.558042999376077
-4.9641688277129745
-4.554547573030447
17.40007600135869
-18.0985866846206
13.028782605773287
14.635753873678262
-11.833976120261319
-14.092193447338492
-11.056505313566198
15.676422285090275
4.3709648185331
-19.841902898137384
-12.204212961252093
-11.612357296956226
-5.180377422302392
-8.072654734925768
-5.184410252985083
12.628291056047793
13.909976837166099
14.688855766360682
-12.380170420641887
0.397508095916848
10.985539451244229
-13.237796513277784
-11.866940436107654
-19.30106314114112
2.6125107377005783
1.2587551127106558
-14.725608999671014
15.601875856552759
18.35081612482081
-5.007955985625108
10.41616119256172
-8.523449602750715
-17.845041925410975
15.744843376839512
-1.4963551499176404
-17.786798848134676
-10.623000877324396
19.14803598305545
6.6603993648746105
-19.9092228627774
9.260830341362048
-12.345776165200553
-6.814896940855917
-15.808215356499762
-17.658641456773886
13.026040545145754
5.188933984324457
-9.293244707618534
-4.223936694925076
6.713753006285291
19.73092202711375
-15.147298089897987
-4.786863992209881
-14.671081446123257
12.43006349039748
1.5684840959857205
-18.127939108512233
-16.37298289106456
-10.378172490800782
-3.255832143954578
6.531280175373983
-0.16051999120695015
-18.45687631725465
13.169002061990696
18.484482755724805
-1.4644028551340043
2.6575132852346712
-10.245328350003987
9.969336703887276
9.181018570404479
-0.7579684799549682
2.5468170500232254
17.309423358532584
-12.354233896336456
19.192254782004696
6.742341338418768
14.439765778833276
-12.316197443420158
13.964064241984929
-13.721979942363287
-0.3281145963884988
14.351918820463993
-8.38414639327632
10.76619735860115
13.903852118454779
-3.841400460032034
-9.37601053299658
9.665272034318622
-4.221225052517079
14.252228296608244
15.95791631664278
-1.602611860533571
7.822636329375243
2.745764023686622
-3.8224069965067713
7.739227336608259
17.849680684277196
-6.571697701389905
-1.355882426214336
-13.326693752412373
10.41502951707658
-15.54233856257968
-17.994340493060538
5.55567020415954
0.17971400550086258
-10.705373973996979
-8.868768520570459
-1.7546481530395077
-10.552729191281776
-9.195606462764271
-16.777969430420583
-18.816315647127652
3.121826062329017
15.169108921979834
14.801478089535735
-13.126893941497336
-14.397184755543137
3.3280310122715697
-16.18580410273256
16.644630362998065
11.64350811173897
0.5516055212457935
7.881499055099294
-14.82527639453647
4.421268585245784
-10.08093645267946
10.734727420934469
17.839458502961875
-19.860321313161368
-3.6283374021448758
0.5121884664885243
3.7578250873151404
13.310790072288235
-2.0477494531999128
16.323524480834564
-15.084113269860048
-3.363046644060393
-18.467068660826612
-17.646103118727158
17.028995926868348
1.3771689280456272
-0.8932828936797641
14.904340754171173
5.334941878399306
-9.126927159023403
-8.761748562400742
17.674658883518745
13.43951432317867
-13.62315382478782
-16.14617512251275
-16.366837962566812
16.152958300671088
-13.711699918822799
-0.3226117048850874
9.01081810773735
3.1707760450326994
-15.033215509631939
0.8037306416568448
15.038418520528992
5.1127945728237165
15.90931519766842
19.801118289064426
-0.6757777890428045
17.274180157904524
-18.19254602822597
-8.163653996215317
-18.267981486216122
-11.64365372795059
10.494567799042429
18.295418746354535
10.496731083368829
6.620942919241166
2.3788773293905408
6.848113872917136
7.241751392272096
5.58694147875833
-1.4957989894863033
17.742862511682333
15.875085584184617
9.571411449808167
12.460098993673881
-3.312893628135818
-5.296481437350501
-13.487755882690182
15.094370840436007
-5.302094678867512
-14.705479025601127
-0.08154423858329807
6.354002501623789
-0.011782425404277319
-15.507068885138814
-13.203585865789481
-9.567153290723894
0.9746787939272892
-10.438296249182466
16.907256399963934
-13.348559378265348
8.047350459932574
11.220779453094842
-0.04124677991682901
11.14085454537177
-17.251542403098053
-17.379975383824675
7.714902246927217
-16.227173991251856
-7.1982471919964155
-7.50522271367231
0.7473262916962184
-8.238643849600734
4.316854919880903
9.949480865103716
3.435863601784156
-2.2800903900210336
-6.627001263152552
19.978858186346287
6.24489015971762
-17.300204000051956
-13.949658025816367
15.154913074051969
-13.18677025060143
-19.93483931007153
9.113642126129552
3.638208591682634
13.859447584510988
2.1303036866635097
-16.3449455216935
-2.741501430834937
11.580806083818615
-11.516234898720818
7.874238909260395
-18.50775857894633
-3.087047756912625
-8.354469676211682
-7.703616225278282
0.20503747410526785
18.465183742026966
11.356739910518243
-15.548699803390576
8.483289848067017
-4.3730563437954615
18.590710101988762
6.2468615485273915
-17.451921644192694
-17.380301749866412
-19.819273229055536
-9.010048268713998
-17.902021696327726
11.812758054909814
6.764184193483583
-15.02054771420108
-14.091454975604659
-18.878305580111075
4.546160920711209
-0.14083498247423876
3.324222066562168
5.400202855783846
1.7860160418276685
2.7429665890717843
19.015965828414267
16.945122692485093
16.47276611944259
9.452234989946366
-5.5650104636742626
5.53849773096492
10.924575625369314
-8.926465028581259
2.583823033988992
2.7948483152079078
4.221274111184332
1.6111386354203816
7.511418448316611
9.476176853751035
-0.3870684904929469
8.629628969273835
17.87911658427418
-7.3520567626817765
16.43466535453524
-15.958991940940175
19.234806895650223
1.3771988868102412
18.37314306682314
-11.603501361694342
0.9486726254981015
7.87925446958922
-12.092818306958627
-17.480456906777185
5.449267968013174
19.117324423503376
-1.4865552274171243
7.687092893078741
4.2874853793605965
-5.5168125693623615
11.605888382205126
13.945633582252498
-13.872766854712214
2.5330582418927925
-9.910883460208236
-6.754464083210223
-8.120255563057107
10.619450633149068
-10.649243572264254
7.870855689510606
13.81806166576797
2.253364780159565
8.259948495616637
1.3690024715207016
-16.449728478496915
1.4210751158469108
8.450050571480393
7.648071668707619
-4.170283410300222
-1.187739859876885
4.541405670759453
3.0580422549087594
1.5685650414117127
-14.279247170648022
12.212925708396185
-14.347649512199109
11.621295618122627
7.8615625294375135
7.742420754383531
19.07641313387478
-16.935216248425668
0.7965061006897827
-7.607110520144191
2.641257242565352
11.877984046367981
-10.754487476615022
0.08165022466624805
-10.282220327206705
-10.002678608530346
19.914180321528114
17.017438798077585
-3.740722919494999
2.035617233955943
-3.98746979691186
17.741302796107497
9.094278884827581
-3.5154070325448252
-17.65379592901116
-11.794165673987958
9.490355612763793
8.5614655678772
16.96174435982673
4.8318928774762
15.731645211251013
16.461317993795447
7.510392530482445
-2.889510316564561
8.303635281880148
-4.173416433107743
-10.75592131076704
11.244263370052188
-18.417397194816196
13.96165125771703
-11.553384406753398
-0.894521167608616
13.345897660039434
14.200448825552058
11.74006687593507
-17.035737349207952
14.820647246976634
-13.276885472925883
-0.26938035525056137
-2.601892979026424
-12.15332416112339
10.408654833867999
11.558529391436178
-4.153106980046646
-18.19571211096612
-14.054228739567476
12.550162488094763
2.9350263188590304
12.957286637989952
3.175396380098011
-8.476549554057637
-19.211456693183898
-4.27992313879701
-9.758374308569264
18.33863792817285
-10.32710807606055
0.03811690333675344
-13.25845113883243
-12.178247580340082
-12.452769884060299
0.9260951505430306
11.272101344827266
7.5267683006311294
1.9841181359414115
-3.4744358958461135
7.467346737629761
3.8801347546616896
-19.532545767820352
-9.592391436118298
-14.676989766296295
-1.3271764138572664
-10.291955677536247
-13.207930317938391
-19.514519642563208
5.574535348554171
-5.942420293636204
12.368954499485831
4.466446763553883
14.91854249270493
-5.689279820358859
-4.519873575871198
-15.130403936374224
14.600460757814865
13.192039500398515
-0.1598176784634795
13.54141662447536
-3.770779363420562
-3.508822100728004
10.92955131289784
15.742845846781421
15.331551709963904
-4.650932571026978
11.910941640812421
10.330169877797527
-2.2014929897203253
1.3358438066304537
4.684896967909893
-1.9918426272078413
-4.778298929148672
17.96502684336742
-5.261120258197543
-11.017845548659967
-1.8355408435769682
2.5507257043587117
15.813329629598059
3.0485857557238063
0.7731995661951103
15.288241450153258
-13.746804109438235
-19.273552013331752
-5.461328855814042
5.528323802209528
13.962856121379971
-8.878715502509902
12.569326323820526
-11.532745256387127
-3.0862771440689727
16.016763848119837
5.231162179009438
-3.2443334078008625
-5.948259712097958
8.87249747990538
-15.687652179434014
-12.12616655450558
-6.783532441823507
-12.267555889313243
-15.19356054832658
-18.783189407248166
-12.407925451537887
16.42576777263048
-0.9935137129833329
10.892264811329255
16.117380363341518
-11.912083213798446
17.26965217696882
-7.469237203156759
11.69138974596974
9.121753260235302
1.3021453095409754
-1.8552744756293507
8.718647285905252
9.241551669679744
-18.43246635755478
-2.1822347035725507
-16.60841839840002
-6.64611853381774
-2.7258718533524906
-3.746058093081821
5.9011400729085715
9.684112832957936
7.484450886587627
-19.14419123203524
-0.9023597693564369
-13.33189447668451
12.230218494309177
10.306766455745088
9.68489652107127
15.310640606429338
17.320542090843098
-18.247063477960978
-4.5361263287110365
3.4066034527628446
10.752248504400221
-8.05650734896929
-8.518889626394014
-2.4366551847422073
-0.3128669575958085
-12.93780331727568
17.23232247536528
11.938981101808992
13.729383653688032
-7.2419397744587055
-4.788060781463654
-18.187227951804307
1.8786752857652687
-12.492984545409666
7.785291492992741
1.2691406235493545
10.025368520918576
9.119855681401017
-5.188843304051245
-5.402937231897237
-10.626649244348085
-0.539044809637165
-5.753467991401969
7.809500818611607
-17.60251106593078
-9.832015379238763
18.513220950568126
18.5893820267613
19.995566106586125
2.6953067246758593
11.52948465247411
14.981221462262056
-10.042949399655875
-10.59162994147917
-3.6409391127999626
-14.94542168982965
-8.591683933664726
5.372779330775067
-11.292640841858773
13.269577866990275
9.813886953113983
-15.427553829119113
1.7450661425202973
-1.07452778883518
-5.594090690336703
-1.777872654380836
-10.58110594827372
-7.729830418795945
-0.7493500670346087
-13.367616760667715
19.823383298539774
-9.36955542264915
-15.163283342975982
11.866836271183129
6.592758815475385
15.973062190041233
6.190399795743694
-13.12619732532372
1.745924864294718
-5.513910336371213
-1.157318401730695
-6.219078192501964
2.590608192090169
-10.153778862004756
12.172803532732985
-1.120438367015332
13.1654731731266
15.347076275517317
2.0006563193264206
-9.739569771981751
14.520882849091208
12.995108108315272
-8.571620992603236
12.702155985958626
0.6492205270082039
-15.421589739630036
18.928819758961453
-13.091716348800944
14.549819728708066
18.943892910595657
-4.155211019241861
4.452931688102126
-7.720933098487075
-19.882366703990122
7.023757340532416
7.0272337864571846
-6.803831649196246
13.905917170245786
18.780515909833774
-14.336828024142374
11.135842634924234
7.784674952056779
-15.497259650571792
2.2131113258200443
-10.538523820438277
3.105054095912191
13.006656885270885
16.433211173692584
-14.829959235736784
-9.277479887017087
3.7273290771043044
-13.748603807226951
0.34322395551315665
1.9841543579922032
-6.140979362213187
-18.696244377322188
-17.081004114510044
-15.20453204992631
-13.561064172843448
16.927199212560545
14.773247657982765
-7.593308012518069
-7.583120065723108
-1.5967141333711332
-5.278089799585164
12.231422996874514
19.06018720049471
-5.784620965677313
10.425079540359636
-18.255058460424955
-3.33732061280255
3.2845087692843364
14.982529755622146
0.9140809773467637
10.489655422023304
-4.584849954997306
-8.29269582537361
18.367331451456394
17.481169574316134
15.816824309594914
-3.1383673261257137
11.405074767430897
8.872727158503807
12.124539121205792
19.407109451163606
-2.049484871471705
5.97055544323463
-9.832552147497665
10.913649661455821
-16.208759101473543
12.754327804849119
-9.559495417109819
8.728846700552317
-16.467118483102293
-10.486026556957032
-10.66162341731889
-8.122599745741335
0.8584863209671347
-16.092131816492167
5.205458525039205
8.108539077748311
-9.67131354695708
19.423998158841854
-12.112105825514764
19.502612819737905
-19.84318626691726
18.3293551522449
-4.479492212466303
16.383571779290996
-8.780401433644434
1.8094611500667668
-17.281150796597817
9.400073182984361
15.647092168859878
-14.698008158484175
-16.88976891188506
12.434120187457907
10.438909440396259
14.124098915914374
15.845329123679022
-0.3174252780267821
-8.619070964370682
11.785393239755994
9.71767878206871
-9.70478734099748
8.115655370829916
3.5827188728514727
-14.007544916606442
11.341560269162901
6.191398697607816
-16.390252736666064
-5.044564774535276
-9.954378342390715
-17.28911456073388
13.511876109784865
16.384355170315352
8.863279923924914
-15.342816436740927
8.16360925503789
10.718811183019742
19.017978289408916
1.7143460764201706
1.8997465555323956
8.253406085603725
3.899215375950156
14.429036313604804
-17.91440970938077
-6.0099330446999755
-3.477671044241184
3.8754273622302122
19.262620977850624
-15.421749347239864
1.4507528123751712
-5.456909899568547
-16.11619620793121
12.31524769862726
12.073093210140804
16.136318346272184
10.51021459744383
-2.253263832531154
2.5594510619696784
-2.303487530641924
19.212430485795963
2.7306367224134718
-2.9540617560753226
18.917001962672074
19.92067039005348
-19.64225037538544
16.225526513387948
15.900420550312752
-14.805937865879542
-8.063016396030989
-9.913068926161351
-12.969832917613724
6.252153785938383
10.511554555369798
12.415277666525682
-8.78400571976309
5.519786777871957
-3.735559792602835
-13.154173521168842
7.068787130265832
-4.504500652795183
6.626558083634535
-17.923848283448145
-19.797879209289118
19.13593342800616
-13.40974435424628
4.033495894283881
7.115182775714569
-5.813553667822525
-8.745970754832646
-12.21886933104666
-3.9068443590858593
6.292928764869544
-14.701879020473395
-2.9175899488998027
1.7883432826643002
0.4184782972589751
14.701015023003336
-18.382935841923242
-1.3726398390461192
-3.1507432116692584
-4.36073970683605
-3.682371091450875
11.436902407060913
-11.55075051618958
16.995757544862144
14.982565324319452
8.789853001656212
5.881976159508117
19.417327239215183
2.4713958254588633
2.648237779876478
-18.380826400166278
-14.754196105436028
18.41385666743942
14.860061617551715
-12.030421423815447
-9.105317164207595
-14.693257003745096
-11.113166396649099
7.047266225286823
18.101982602860176
-4.891505679765903
-19.962079725042425
-10.46290065528844
19.003309653323683
6.1014056732284985
-4.271594929744872
10.982157225426334
8.470916886230032
-5.7333972048244775
-16.26574817309819
5.626624883953404
5.111394090231471
7.848131044011936
-0.8207775340093129
9.282501700340656
-0.5271437840058653
-16.364246519497897
-6.612443645486827
-11.255647417474105
-11.282823594294173
-12.8185771896778
-8.219389468446607
18.44686269586721
-1.7270262316364615
-19.14579088319774
12.31954297503627
14.759485476809012
12.170388098539455
2.9710685883336865
3.0592024295483746
-19.02261493192784
5.7956502739192
-13.326867144826938
2.6241320773638996
6.220446474758347
15.525489350980152
-16.03131122348703
-11.45418042935792
13.500011781329427
16.04282507762622
11.787704590479237
-12.859622279427615
4.530164117652706
18.212557598974676
-13.655455351467346
14.861644780097159
-0.27560408675460835
-9.640018119831183
-12.717434390416521
5.557362345235418
-12.045002219226681
8.81693087268421
-3.659324566487289
-16.992372440106852
4.992611195767644
1.2641285912939964
17.629760941975
10.19584944478548
-11.95820580395663
4.9637420929053775
0.8645894692872531
-12.963155609140472
-16.40558685223587
0.4576201980834398
-12.984137113349291
10.41434871822268
-0.8153624895975824
18.265264293497253
-3.638512053490114
-6.7887715751817765
-4.991192404618792
-16.982293111698162
16.736930802515275
-6.14219898723662
-15.84238777727894
16.480742375237746
-18.25194604043258
-17.88903515670167
-6.429711342621864
10.97872746537718
9.668229308948128
3.7762568111117574
10.78170922978931
-6.473222018530018
-3.5756273084122014
-15.395388570867837
-5.808651281511876
4.830219716229436
-17.501142972425512
18.189953285307915
-10.560331917845467
9.304085443815548
-4.1834643696260265
-15.897873884136494
11.763821140438957
6.3530466347606165
-0.14404282357152454
13.864427470037796
10.401460817202178
14.994091493223891
-0.5207329796475371
1.1677016829412956
8.108641773418238
3.539307957166251
-17.238421961313716
3.974163160233811
-0.9607087899511413
-2.5006491859551403
3.5200299724484125
-14.061366483791078
-14.735498303167294
18.057145746949715
13.932146374360933
5.300117375592414
8.320430620635552
3.7312384777789376
-17.1118631283152
-5.63331100817614
19.15922812172206
9.081018867358267
8.205595362651778
9.371295413602962
-8.580062586469964
19.986306069662163
-10.776817776066547
-12.164813852476563
0.08848579999346384
-2.3934026294543145
-19.039379654495008
-10.112621759923597
14.254717466937649
18.706086141689113
13.235062853869351
-6.593936330677831
-11.588161124364223
9.19002917898807
-4.329642615848002
15.02625700286508
3.336651888807541
13.468327485628294
-19.873963278026338
10.137354188988969
3.652351852049634
-5.9260640445209525
-16.543578916767917
-4.656096662396937
7.3853893420732675
13.545626952115903
-6.975730740675363
14.15017460456344
-4.750720523959163
-12.76191560200207
-17.104899331219624
14.623252448870126
11.957735263304762
-9.16974050080075
-6.960772295265599
-17.65383342980759
-2.265441526598032
6.013640402462293
-9.266037242518411
19.822723318278477
19.712133951575794
-17.093974535333786
-0.8921291716911917
-18.81381884978238
18.48704316651893
11.64604505176564
-1.3184609554804965
5.302577297905199
17.02472444009394
-12.268148357723515
-9.722055576662974
5.277371444915346
14.62724950928338
-13.102389924956821
-6.254287926865283
-4.035195207186293
-13.434486816389569
0.43591919340792984
14.1760861939497
5.698327548399703
-6.774978177779065
18.228770246924377
-4.499179223232343
1.8334118318407704
-3.8615604630600515
0.7699872483965642
3.2198471435151816
-2.044649814466304
-3.4250826638908585
-10.064946799594265
-11.104840907360538
10.404953975939279
-6.131175490667475
12.531203015730405
-18.948325062272087
8.823738019345914
15.090979999649711
10.060356457992107
4.092802944659056
-18.251989008201626
19.346018004862565
-1.9482779501103593
1.5226487805894209
-7.965296676663058
9.780546873026093
3.7883801641939705
7.006071958212736
7.21948233561919
-12.038630489538086
8.240712960689052
9.228253235547733
0.6436053381906994
-18.637396192943875
15.103735917245459
-18.91633900592715
-2.1193899299346413
-0.7945759701640256
-1.5705468845007644
-9.238145314249007
5.3656728080251135
19.871160698199432
18.556275878143538
-14.659092229020661
-3.004412167235543
13.508236132435194
-2.15150392677943
-11.010530980686202
-1.1684394736004222
-14.456345592681306
-13.845641150372288
-4.930749577802489
8.054991284236074
17.80252338556926
12.868098882683967
2.8200665166511563
-8.552640056686997
8.332148087492325
-17.80962090688318
6.929045266801914
-10.926258006242886
12.28645506329088
10.752285018866772
-13.40164777274099
-8.462314034900157
-7.487126021357518
-0.6070190404385478
-0.8842377898313423
2.7833572358576646
11.00162947916191
-15.44446904866355
19.46387458453198
-17.699202007105747
11.789161159054316
-3.9336934067778913
-17.630187643163346
2.2148867875474565
-0.8647684805476921
12.734705683101986
-14.551733961675648
-1.4535070820718659
-0.12882528681683425
13.981516133899781
6.167683864490762
-0.6317766080847456
-18.83687441300448
11.691580736152574
-18.95846087990507
10.902594185141446
-16.706346232008524
-5.501285309160892
-8.291378454806235
-18.480624407060287
-5.751246781159889
19.533810593906615
-0.9050313798822316
-10.62848362421565
2.4367749539753305
-12.435152893064267
-7.293978150783991
8.536281809334522
-4.772087773992389
-1.2233065862548465
-14.653688033647057
5.643190641379157
15.902497863366591
-4.18852619650659
15.779003077693055
-17.244457216616805
-12.204121244691969
18.067214756579908
13.485459019486399
-18.024860766593566
-0.5165026889248239
3.5044009770419358
10.726792247012082
4.397679825705325
-10.50254684399308
17.69814810674947
-4.856489465445403
19.89813929415312
-10.189072701838967
-18.874313332263416
-17.584572302888844
13.856521723904919
-7.669168848789223
11.518160760200477
-5.213361329662391
12.263344013698983
-0.5696106642250385
-1.1860020857518627
-11.454665836540944
19.53943377160236
-6.839650297178128
2.3375848305307976
-13.025796262691518
-8.888435996196481
2.249189040125504
-6.994910824085787
13.076480050549243
1.4072355529592393
7.404126203766296
14.779059756131197
4.081904776289306
-4.075022253512985
-7.950414902447145
-0.3135366147037928
9.924965501452704
15.253425034936406
17.7271933066423
3.668936693480944
-2.446915574560606
18.18460579301619
6.695668170071023
-6.218709124338906
14.934006463005204
-7.561482331810128
3.337513051020352
0.7960328116970352
-15.379143856095986
-16.769666277471572
5.1469012906839104
9.908510925083771
14.886550332860352
11.476569616745241
-18.936932400260396
-8.934191980835173
-3.1775627289142463
3.8283481629205696
-19.482267912062035
8.081809407460273
-9.714042939863173
2.511866551433144
8.95712331465965
-5.49565110545184
14.615839216297651
5.9734603649385996
-3.7948633275055386
-5.629610379446364
2.903296031187267
12.040630388559208
-8.263898763720015
-18.858340102867174
-15.522993118030545
15.98420472927102
3.578017902187831
11.805992932324067
11.610772294904038
-9.751109750710292
15.838175374340608
-13.439871931858608
-3.0139338954989796
-8.115750471744509
16.49176984274125
2.9592551237590747
-13.837032219404612
-17.245444305203577
-13.172779631772404
0.7989916561644677
13.735372441732657
10.537858712518002
-4.095824986928868
15.593785891360902
-8.765328736108602
-9.439693200113751
-2.1577818757619553
-10.57924127630315
-3.862979088427217
-7.973483287349342
10.941262537834877
15.945456916657001
1.6643369521770381
-15.85624617120478
-6.03039538266415
11.446913709861526
-6.761621805531043
-11.533520182050072
11.453244896212922
-11.323690802655296
-3.2149084621729926
13.266254227378283
5.570617496245262
-7.8798988234196
16.965716331436028
14.27435683261978
10.65526411000365
19.040920707448294
15.728045728936983
-17.54077146997922
-8.88493801140453
-3.5384383658094656
17.818120968577993
-8.733107893575966
-6.6178950368672815
-15.574170988546978
17.35477911749711
8.581338265739149
-1.171975354977718
3.2717541056992907
15.904012133338668
14.514397614953438
-0.845206207122299
19.715732737232003
-11.301157120789336
-13.070886896841078
17.410849760812816
7.7336778185243205
15.641291286797497
5.665033674849276
-3.578222403173797
-5.71495335299042
-14.467280463060156
-8.360072239071643
1.7514378814277087
10.036783825017146
10.613351329866035
-18.323628517976505
-13.215682751624055
-11.107394112190363
-11.065665405633673
4.543631233941603
11.357869245086825
11.450210064370289
18.556265293170306
0.05684230473837815
16.559822499974118
4.874722404770068
0.5262175098474167
-9.0338246033402
3.839613389023036
-10.143994810313547
-6.468934882195461
-0.10874742608840648
8.367186303021583
-18.385971709189416
-2.502872531469155
6.786091100939359
-2.2229140973902197
13.369941491087538
-14.20133957723313
-14.06914152559748
8.654407901923875
-3.4485674549681633
19.057099573736075
4.376432963285826
-16.178729048253764
-3.0136634472705097
-9.682469916406959
-18.831382894947808
5.671701837752799
14.088747160210893
0.5322926161584149
-2.8482244144356343
6.61696022621134
11.601661578958556
-11.576353016800262
3.4354562908186246
11.642620088119614
-13.419793005792112
-10.769791339155317
4.500855139095631
-18.98642515190233
5.864085706411068
19.50112465681425
1.4943768673181381
-4.702339653016075
-5.386248988576057
14.157916419038202
3.9023779840125385
3.9498992333232223
-3.454619642109435
-5.236169692478697
1.997457586739955
6.824850326637705
1.7688636864811187
-11.333227339933005
-2.3571437305124547
4.583366691113639
-10.990594727928586
10.9654962447079
-18.40808989048484
15.800582394471483
6.399442970411897
-11.418340901676064
15.828551271717252
17.9834589845076
5.714064384029577
-0.14955539415651842
12.395363570276679
-5.7097749832202105
15.276882097802428
-13.615381747049614
18.167207480317572
17.226177514439826
-6.497532718772078
-2.32113337225773
-12.306087587080082
-2.544132332302013
4.6462368750401275
17.482817541251585
-19.43676972649275
-0.48853378866338204
10.279812660454056
13.251179763715044
8.417263987754204
11.058794347330174
3.6463589107147634
-2.3449638528969103
-7.788498566925007
-12.140852347873308
-18.98214384813286
-11.719230700523418
-16.043786700465986
9.454799792161026
19.688759797076628
-14.686280126821165
-19.516730198603348
16.618967598113073
15.102375986414167
4.5136370478708585
-12.879650550453526
12.650082436285032
18.64239414926135
-12.40579316524582
-2.238199744788318
12.276849539913371
6.854466281218645
-2.691998906878837
10.202287086187653
-13.442523424928465
18.350775360972044
-14.151129493045405
15.627642600181545
0.9039138918714187
15.86960610966112
-18.2562838828062
10.834474132687227
13.434373335902961
-19.866604728607165
6.142276839435674
-6.168919502364542
6.4438518142391885
8.118319007343054
-5.419577884289431
-4.76611732584923
19.075367588467714
-19.154985144162282
16.79283165399015
-2.460515629142165
-2.8232490839108024
8.283460070994366
-12.425436426228913
5.5488977767483085
-10.154759759091899
-11.098081117277928
-8.864085771862872
14.333065685324556
-0.8952092241623397
12.875288196792177
7.247007297833626
-4.811506276975571
7.393677252136953
2.437709515159682
-11.840945341386169
-16.654002206770393
-0.8431502739228378
-13.254591641458493
12.380928069384012
13.383391491057488
17.144763724091497
-6.3262943601402775
-9.053873700493504
-17.130526211465845
16.354094933519015
15.005784107971564
-1.0957751219094831
-10.589994888220119
3.621878601990641
-4.848595283541123
-14.497855112195271
-9.809350315965588
-18.09421402360843
14.703165704897579
-1.3759806881623184
6.085633055098256
8.482230339706874
-2.793363065982547
-13.809827019735245
19.67929737615087
-9.400206445281757
-18.679942756270943
13.616229092366915
-3.7971657274906647
8.501524560981046
-13.919482854666235
3.3086816461286794
-12.404251353085126
16.547710662649408
-7.811730934393113
-6.706239284474243
17.13694169288405
-19.72349360843511
11.823154633788405
-19.808184053438993
12.583255702736437
-10.352917112667761
12.121362663886416
-19.226911546225885
-7.9403393251833165
-5.938520429844733
-18.55222504480394
-19.67047273811716
4.878583906633111
9.888694992357475
18.598490314025923
2.1437990669518214
8.593090117895215
-8.2277493806094
8.821086671677474
17.960969519075867
18.058134459381385
17.20253773993351
-6.556606965090612
8.985099573455365
6.765840231655652
0.7806842378346737
-15.495369813540837
6.590563069712445
1.622126171138916
-4.529806036868109
-1.9445685046784398
12.844190982188024
3.6713584425924175
-7.36252179880446
13.26398572340571
-13.038926083228702
2.9389845397953778
-12.418338864814942
-11.917579883560435
18.443278504994886
-11.359668800252777
-2.63445575437693
1.2872602882577695
-14.448651274294422
19.01803869690275
15.638549625396195
-4.234105611198675
12.386500240095756
-15.09829592253456
6.369477835910757
-10.674888122082384
-19.414653015014423
-6.863126356731769
-3.1387220993760643
-5.463673005377498
-6.924536321050759
-7.411169116729086
-2.2849848400678923
3.3187378905625593
-2.801799234722246
-14.997770662576064
-17.7412404505585
6.926101734987462
-6.75910794456939
14.42553409028639
18.827241698326638
18.138525120320992
-14.039520506669634
-15.959096152972965
13.766618964092558
15.34403178834225
8.645112347006616
14.09057845232261
-15.249948575263698
-3.563811256413942
11.881812686012069
5.991102252358086
2.379877830267713
-12.970956802102673
15.433269862454367
1.6054132260568323
-8.446728333874983
7.5426620700383396
-19.787465580867533
2.745170321700982
-17.709688902356714
-1.0326995586301209
4.027005942056437
-0.1044375637682009
-12.353678827750322
16.50725055734589
8.66586219223639
-0.7693243275800796
15.271527501457463
17.30743711139484
3.54717525276439
-18.347928875081415
14.039097328917244
-17.933158948577518
7.744384698549283
-2.7309672276537675
-2.187868101848874
6.762201770870497
-7.743112711958592
-12.389528724831527
-2.321117883597413
-2.197832739162422
-0.1242079659924542
16.02916072855505
7.601246731582503
-9.841504932229395
-9.08099845136579
9.082895717224485
-10.906775526609124
-13.858987235658184
-5.970117779630177
-2.6740522009036525
-14.517936867907565
13.611523755747953
17.570241247415403
-12.927906451375279
4.235795795748253
1.3829703588236377
-12.049887183070641
6.1084302119362555
-14.735280271633586
5.477437637105528
11.918487807782327
11.847336135606309
-14.263878636043223
0.2648917468731682
3.319361347690432
-5.865112150944283
7.641220596008409
-5.943225991039181
-0.5710203262301796
-10.54105466521374
8.904140471434708
-16.08739119245504
18.11491980931426
-11.65154606629294
-9.719164619803085
-4.216250022195101
8.061860735204327
-13.085629691189773
-8.792597432520047
16.165063638539984
5.681643066243428
-10.833794338075172
-3.1693353124012873
-11.450213659866524
13.6457474174546
-10.490633861297386
10.091263899704419
19.167324408690234
-18.027797460623663
-9.098268370443554
0.1430584006152955
15.88579968301108
-13.727077898735075
-8.561667490092715
-7.366397082467637
4.503802135083234
11.492647540668266
-14.510973277002858
1.2578912934596644
2.680609390626884
19.72119876484851
12.550850484082567
-4.076374476932116
12.15461817239369
-8.56940740152552
-6.9719579403833
10.277776788551677
-10.878733870875394
-1.2167641084715406
8.686720175342408
14.946810917769255
5.335499277418421
2.441221829484416
-17.898821890214833
14.561890549672796
10.546610460758647
-0.02902968197206235
9.435780181865923
15.585319459050837
15.628005948582107
5.266540214394325
-1.7012418584654831
8.373866892588715
2.409107275369074
4.122527135058412
-7.969203929474787
6.5332614971606375
-7.999142474370942
-17.16787018298968
12.329179087387246
19.6224709084212
-9.864292725427116
-4.5787624110513505
-19.771575518733474
-8.28711373969957
-10.360587194026447
-14.725352414113884
4.374170406016336
-5.912059092113239
-6.331111859954133
12.759973651149195
-15.500981579963952
-8.626695554940786
6.5723929495931515
-13.76340303483325
0.9635822978077293
-15.862879482162743
-0.1545757547653892
15.051347788214748
8.875080439934557
19.84145474431807
2.0575851057080072
-3.7849490749123085
-9.690215343158304
-17.020191962621055
-12.157819814583387
-14.776940904329091
1.2573792267545443
4.893302540557308
-9.123351734534303
16.02153546951721
-2.6885651633262526
-6.656168117214065
12.640942085019375
-17.30189684934199
-1.2818776107410415
14.096339694008499
6.469276988174869
-4.612273918342552
-18.970473191704308
9.726954915807944
-16.80330870382629
-14.6631784648836
19.673985667974122
2.175494634255159
16.380639128589117
-10.440342184658022
6.9252858915902
-18.69738237921887
-19.569305511942154
6.868634557195286
4.542890779728118
6.860425942446938
8.362925424165898
8.855080792443076
15.574224441363363
11.258653318308262
-18.714651098371206
16.717219649396945
6.423137905929657
12.716819413844355
-13.174157432591208
10.480152993234647
-2.334074385728961
5.405089239598912
11.931437586947187
11.042698958977056
17.815504609244222
-9.82038582999325
4.426777050898064
14.188313897441262
9.39279322738681
4.950419449976728
12.749496150720134
14.698821830663583
5.96419255503795
-3.3621574471659024
-16.528454205053748
18.295463921630727
9.117674898889241
-18.295510545850277
8.34670339955721
3.979637448785919
-9.984672427236664
6.486250510811956
8.70008830434367
-7.102996542235207
-12.660689233299568
-1.8646457304571555
-16.540552241379963
-7.797205492075783
-16.602394655554754
-9.041819776810387
-16.314575152737017
1.6161624296663604
-17.110909909811415
10.684281354712873
16.00740730250032
2.3489158074935688
-9.574697704036437
10.080166340330013
-0.8565746334901121
-5.156920143595425
-19.19819807230713
13.504407772370818
1.870700685193043
-13.36535486281393
11.422497503607076
-3.8317155578861026
16.209641207492027
-1.6731572894135383
2.4064337023856197
3.660112794618957
-19.16267558248359
-18.391876525032075
-12.609146511367918
-8.023965254833886
-2.4777831562773116
-7.728321771443753
1.8524165354669222
0.6957833479448681
15.568442655448237
-5.924717545876433
-13.525820749992912
0.16946922412085286
14.616898499151517
-12.41054639538314
16.410558230968235
13.526147012199019
-7.73788138245779
4.384499370042008
-13.658743701824957
-4.764354451492512
-11.642534241753602
-0.5573537495864969
-5.886466609263126
12.859417723409848
-8.803953861874776
-5.468500996696557
11.473178772784888
-3.6700371919005335
15.74134172115302
-14.728923899467311
5.608093184648503
-12.874513131749179
15.470611360859621
6.20861610854822
4.206807744995199
-1.9996350822792834
6.2878522523076725
-15.98277627930283
-0.8837867781801769
14.171653117212863
-8.271555678859798
-3.6896492660327382
-0.439110322266103
16.271763834361494
1.130057612566194
-16.545864898181627
-8.209510195103679
13.87099980943649
-7.904152597923456
-7.649979487466162
-4.294915296200923
-15.710661889155336
-8.149163790998802
5.657371437517305
-19.82064837397886
18.91480545883593
-8.62934560628931
9.057109843278987
-10.72255592400047
14.230950471795381
8.468569511759348
-7.499884060455088
-12.498531390592213
19.67589734308713
-13.774965640430743
-5.586871013407677
-10.568004321261174
12.876869323167483
9.230962848557375
-13.815745398920045
10.82224095783959
-15.419893968497998
6.748388668965063
5.8824699684623525
-10.466984377093471
-13.643452984415267
8.67876681509998
-0.5782903464687621
-12.289572592685595
-17.227823867096834
-6.691724145960141
8.750946813552325
0.7153289441113131
-14.966822993992842
18.181108652291364
-3.586687240389587
19.47711802968756
-18.813042375224576
18.810556475805107
14.857639479711573
-8.767114088846903
-19.50313708177952
4.816665669410327
15.971346567552011
3.9168191192766173
3.495504099430349
3.538398445904921
-8.7920844096281
-16.633050767463025
-6.093883442950077
-5.837218990584994
2.983169046504891
0.3804540551325317
9.752595481315044
0.2282803522817325
19.543427194199168
11.77630154004354
18.754153408069207
16.8765180021959
-12.537920265594797
-8.63480835704014
3.0772687474107556
-10.377774200818429
-10.972076050779528
-10.680789357203322
16.791738311199303
-4.957708076302335
-14.854191185083208
-9.856599764851875
16.19023308059328
4.164707750373928
-13.70854492903415
-18.249002802207656
17.226787682667222
11.950109056366301
3.952343047187089
-13.850893567456621
-18.38439268095688
15.444155844182077
11.123220985359957
2.2460131016342118
18.199758251873114
0.544972945923206
3.306633646913511
-9.68544774108381
11.494213453201887
-4.355549331682944
17.647547391437392
15.525853108407858
0.6921098538697095
6.584481214070884
-0.8205391299415723
-5.867755060062256
3.3036109519810175
-1.9593917956492604
17.110683755913698
-19.26776104253613
-0.6806074798584589
1.6916057948671508
-13.498701909133688
-6.003955097401356
14.44483387875377
-3.183834415262041
14.20537362504139
7.207584688580596
6.717747075639782
-15.725758026210608
7.511307167480616
-11.917057059449983
-1.440828185251334
6.5995573959184455
5.546018191963157
10.246256841462422
11.790502723690132
-5.546159215895919
-15.762947487249818
16.57691343488402
-2.6671782701877547
-12.9732670571559
-6.077519744895845
-8.897136740838256
19.002978234687937
-14.797569069455347
-6.376088578805877
-1.899478545112391
7.15957945122603
7.310169339028949
10.0934795371735
11.233914427081743
-19.700417821889186
-7.723462320977177
-5.775469120177657
3.1400821264305705
-19.71399782165325
-2.4005049539643295
-2.8785955990861076
-12.460371404870108
-1.8714386144490014
-19.525981613162052
5.437705388829546
-14.958827840310116
-7.266339202451695
5.197770864774441
3.1655215953096416
1.2657802357623247
-3.3357927858524583
3.6637751109166814
-3.7797990723096753
9.344005514519452
18.997635926978262
10.926234650002435
-18.675439135191745
-6.1543120315580335
10.728012210584165
4.564968398852081
11.547582134319143
-14.243103090270255
-4.579434883642254
15.38637176466603
-7.357756154415224
-18.987577675324033
2.057102022320791
-0.4287324768328027
-8.173122811005996
-19.637639393149012
13.573220805945795
-13.718591103473074
7.234845123714795
-10.267060846534006
-11.35498330091191
1.3914777651230317
-16.63005874061577
-11.647318666272826
3.671777704725322
-0.20012149996552964
2.9592386003217186
-1.4482128938467476
15.360378406965495
-5.696479011849945
-2.880676760266713
19.093118270495218
10.057733803400847
18.338597073138573
12.127367341053564
-16.822029659647217
15.673450971064874
-18.68706438889131
-19.740850108366853
-9.108086955495036
8.372023840582745
3.557582878379275
-0.05940241537041402
-9.221816202102438
-0.11976046510822513
18.154386066045653
-13.804731884896452
8.418726798732678
13.826401051310292
10.83371059462418
19.448749018110945
3.130721396478929
1.0904942505941584
10.698223640211374
-13.153008884214131
11.467435990167566
-5.524876080321878
4.782511465331211
-0.38263473235792134
19.00385427407231
16.09365982820448
4.725812287627878
-7.447556443371486
13.17048728378959
-17.393494746930067
-17.95416407107801
12.783604896501558
3.1759122516819858
16.446814113580317
14.191433133372762
-5.679958508107177
-18.64764484741679
-9.072807076377263
-11.850495030501014
-4.45964569656741
5.000791587583514
15.756877690245354
-8.305598750454717
12.05841735482661
-5.914550578791209
4.0567608153624874
-0.84301625645789
-9.22605035531416
4.222761017814992
-3.357466293588466
-1.1129800999112902
2.1502301669827837
8.866915140763592
-7.483161017115961
0.5336313222243447
11.718000945875445
-6.065150865491539
16.671600926887955
17.5331376548962
-11.055735670620246
-5.597505579445281
8.743507344658397
-12.36981067270114
-6.163049308823654
-16.727983703718536
2.302755878079221
14.02263973289137
-17.473402079943302
-18.441396373121236
-18.664698222575588
-3.0193082916639113
-18.48156731839
11.262987673636466
19.953544023942428
-10.482835659399035
-2.527369688983896
-12.844108773028182
1.3880191245410316
-16.428258082886757
-17.076311443667883
6.400645684666749
-5.137737748415905
5.07637822082566
19.23463387189775
6.339847584060468
9.486854230632154
-9.002864635130292
13.175811292524678
14.08211289258351
16.8356094975249
10.607484103909194
-3.722804390529717
2.696595200016848
-4.1936385757247905
4.385010612579347
1.082467654224807
5.841593438696879
0.9185592133169393
-10.761808755584056
12.335358782665637
-0.220036813732861
-1.801816667166804
-7.982033925073209
-15.062277073408383
5.619590712615423
-1.1886011545317174
19.20433346079649
-16.35675225162069
14.677798401036434
17.63323870358007
-3.404476495624543
-10.232267283310193
9.407849694693233
-1.576531382694899
-6.83213198607103
18.675481144170014
-0.3067431296692611
-4.086442023143917
-11.866476545449158
17.764936058697224
2.583543237123763
5.728252386004797
13.894536035544292
-6.438381827927708
1.760203734174869
1.8713143561199885
-13.131803681681964
14.971334035027994
-10.568616570312109
14.039270808413903
-5.848119128318157
-5.789028595111155
5.9605797831776925
8.871507074228472
18.589583252451227
-10.569121302393123
0.6562897221626152
18.5733942086096
10.464442130412984
15.830361450610539
15.301813540385886
-14.852282652349285
12.665561534343375
19.427347487542576
19.480952286638946
-8.867296001844544
6.024337532660979
11.601895064000153
19.03098773313358
-4.184609161971405
17.745724059277144
-1.5788727231785344
10.739014723905484
19.21787143873894
-3.1919994214618015
8.337512483454933
-3.8686695026470908
-16.345969776257085
16.305170392397727
-3.1677647764382435
-16.656255780844678
-5.572747343713926
11.363667811506218
19.961627188069343
8.407708629831518
3.146355133731209
-5.4826639222057025
-9.312349888572925
14.915252664680075
-0.7632653420681059
8.691400930628006
-13.816976767500805
9.183632060060297
10.41930086487417
-19.75499530544148
17.657826320363455
10.121967181137684
-9.419730744846696
-8.520832856470726
-12.471085610317756
19.42351554812545
7.334094400581321
13.82604816022998
-6.856805776337239
-19.53762220063419
-19.78493610322041
-12.130719796650148
-18.507849536301638
-5.557738828043458
7.19422795109708
6.188379594213444
-8.318476807459735
9.905797920718207
-10.927156243619255
8.070649386048
-9.628045231467075
-8.930015589730003
-18.010790109618696
8.627546674346004
-0.138211237028667
-11.386001497586165
16.40929447349761
-12.166285654841428
14.414737763336248
-12.912456602896206
14.883710950824259
-14.572649864238025
-12.241385055727116
13.961910096293657
-8.237590172015018
-0.6617848350186541
5.512043301843001
13.55615995981433
-9.923516462366791
6.096230958001925
6.330161876791163
10.7758441666969
4.491806132167039
-5.184222903424915
-16.10397158172634
-9.52001205630713
9.366533979830372
-7.274144143472805
-11.689702849360696
6.3224206342552876
17.454657542902062
-17.912352804766766
6.696982995419379
6.533546293414666
-11.703931533870051
-17.32768655887904
-3.6188748238474204
-11.282426520560298
-10.848398979149536
2.249374844828594
-8.806701560480406
0.13492057336794971
2.750979565323462
19.772677826868865
17.987781873720287
-18.35926980038261
-14.721900324680783
19.219872936702636
-14.525109304135405
-19.336185047627005
10.111342783332585
14.406428911355292
-7.051389062005647
-14.723264273597309
16.017995524182
12.62664363494946
7.177664125865995
-11.346369319069943
17.17746847319774
-11.116986269100849
-13.466285403066639
-12.658939010556317
-14.860823337573056
19.01006225305116
4.468785348056414
-11.332934336244108
6.53378817969573
-2.6737790081090616
2.2275936758059345
-4.719209718645141
-15.683544703129112
-4.078546424589549
-9.001395996117449
1.2529022848430316
-17.93684564705208
-2.5330625532633704
14.623932114227586
-14.511782712025987
8.298394519829465
-5.312303211671523
5.302833550052917
-5.821679281981677
11.22856358191796
-10.883109164208054
9.56367877652577
6.171132706853008
3.805651904619136
13.399638459159945
16.735215869447345
11.49970763217448
1.743625292943456
13.435071350608716
2.3826044828015256
19.68940169619743
-19.396187143755537
15.331785706551635
9.766378449476854
-16.105969440851254
4.430833706495086
16.594853073921477
-11.37727791413306
-1.7883085414860318
16.19675828511297
2.3625384167000654
6.290257271796609
10.117576101515336
-17.30032214473452
-16.60993745408657
-7.135226036035554
0.1748236979723572
0.9592627019026239
-11.854236079390814
-6.851602395576908
-13.069940801004964
6.350614382976488
9.023619773645773
7.807218453125589
4.993357883846787
13.553936770299316
-8.854596930948958
-19.307964733904278
-1.0911612840214886
-6.856288835217978
14.411231195033238
-14.906370369696873
-14.864824913089635
7.526414327113258
-6.791410413801412
-3.870274815187294
-17.46000067430368
-6.709492852862656
1.5192401044264336
4.01113458114482
4.020990934615469
12.132063983822931
5.219039498749623
-1.5043375650669475
7.159735887381451
6.362979605668791
-10.641257308471396
13.422926200046163
16.05408856064058
-12.889698120166223
-18.44698023220873
3.988422892143525
-19.37216471023848
5.570258749208232
-17.857296564917572
-10.949964412442128
-3.870514243803097
-2.558586180644081
5.693558337088792
6.175954337649394
14.497319023447453
-15.852433347857184
-15.700623737127163
-8.752588803506004
-14.650989518995514
0.976051936688922
17.802567602718653
6.60931288343874
-1.886859873431316
-4.4498861795549605
1.1618657822043268
-16.044733537321676
14.204533134365128
-10.0783455230542
15.018183852894424
-15.429595195723627
9.328446305071573
-5.460224475251515
6.912527840962575
-15.306996342929743
-12.973126634948331
-8.213239701454507
1.3102934765829453
-16.841902884812193
-11.430975735554938
10.461628677106063
-11.734017153990365
6.455089126678352
-15.344830395865579
-2.27993310845838
-19.369013593140405
7.243720425727119
10.849297978999417
-7.013679266351751
17.750450622357576
15.185088734535242
17.824326603589633
-2.482407568212537
17.316810098976504
-19.729575917096362
-14.89807586908726
-16.366774410910065
-19.693085885669195
4.45235908186628
-2.7072011370943443
-15.556652591741887
11.930458398491218
4.193150774822847
6.331777152325749
6.5592140192712804
5.036173110035158
12.542814088341188
7.5532142542487115
11.151168068382535
-13.828706079863785
2.5257625091614777
-15.881600048338779
7.101190600595121
-1.419593958492925
-14.146710362254819
-14.548532592010122
-15.397469640561404
-13.178497336078232
6.029007954700493
-1.63697113981042
-15.07599953465304
-13.210096990863956
-16.25463731039984
-18.778235639241963
4.370116828682455
-12.239531134867768
-11.99747638047345
4.473814811849103
-14.972680266167746
14.76008432639793
19.10465260312216
-1.558792716880589
-15.656415021063461
15.148444753537603
-3.956926270590454
6.499229288346928
-16.303368943347646
-3.0447778744007117
11.651520499711108
-10.244936492075958
-8.566608015201446
-15.681958226778407
-4.720347368273261
-18.62615200220354
1.1227664031321893
9.9582777048171
-18.75560482392607
10.611334624513585
8.572104215588872
-6.290642481061276
13.052967161266444
2.9398293552960766
10.975450473482852
9.813198622351372
-12.163087030093443
-16.385698184068772
1.2868988830413777
11.48216529540609
11.592013513786736
15.247582793388112
8.722306349805184
8.028879357519735
13.759097731504703
0.8308776980410499
-16.747947890322315
4.329505474062508
-18.433615218957215
-3.422703675440669
-7.04609382648818
-8.301523450735004
-12.475012132999641
15.582949693168793
-18.960370953338177
-3.8310262581754344
-5.336280658432834
-1.1845962147448645
-12.834277067639208
-11.658571072322022
17.914867752996024
13.320379448388593
4.6883689920221805
-10.462450283715917
-5.156634979561417
12.869458279161414
13.044198018477658
-19.697495472487066
-16.943999597195308
-4.423316251058393
10.817390470358465
-17.965225459528618
15.817439555568072
-15.250309761234266
-4.2784710529883085
19.46481597365625
1.6685659039545868
-13.941288040354305
4.012383094837663
-10.15619897889171
-0.32601254573243565
18.575208772289265
-14.9594142724894
-16.867633245181075
-5.047039622604803
-4.302949357111817
-9.687036440381295
12.98898100058755
10.144070592613765
-5.49363920767377
-9.352097098369567
15.751425556470814
-2.4396069960979787
-9.793856802530403
-4.405337617983797
-3.0006101333161475
-11.940733482369712
-18.438351833325335
-1.8544441391675583
5.636243951429584
-8.240555357627045
2.204823897989673
7.864871937575941
7.124322735652772
-2.0370114323226574
11.094414327843921
16.517621664462204
10.995671528101841
-9.414616271664563
-0.5987761099932101
8.78900070240573
5.128216915198163
17.391767337754324
-5.4750959929925
13.307587693768873
-12.997064073358743
-17.644813114319415
-6.445168064274629
15.738413325562988
14.343624303790953
11.830810868417355
-2.4519547249510545
-19.404402871083548
18.967843541596146
-2.022663610548072
19.560032098230437
-13.17047185714667
14.643791526184238
14.455899078345901
-15.6719745679482
-9.693446251073944
16.235942793734964
-3.1030715467356664
-8.09738670802024
-12.696767696687719
-14.345640032647866
-6.328666216864992
-4.65702793117018
12.746003688983926
12.394284504442354
-2.8057709258691155
6.9298385280851065
-11.698140964505331
9.037054940657733
-10.223847439233133
-17.934301662081026
6.221038727059252
-11.526593674649806
7.5794998114641
11.643215276122113
7.030217896152138
6.6973002565670825
9.000101777618376
18.275752313581208
12.438773031527703
-18.88809740891436
-9.3573204435009
-10.491492623314041
12.457616598967839
-0.5963942562877094
-0.15255791483357228
8.642620260453576
-9.76888811475626
-7.58196956447577
-8.97898948557927
-15.972641591405491
-17.608306223404092
-6.535052993686481
-1.609796340565822
7.530983038096046
2.5634656085476166
1.1946219835649075
-7.173528334028791
-7.232190243000659
19.42615098036871
-4.252775614249082
-1.569732348819798
7.866371604914502
-6.949554655702892
15.855206283569345
-15.215754915633145
-19.945347575722835
-17.020793369142545
2.1374466261491563
10.058265780733183
17.514610976930847
7.3720955754415165
17.105640444528298
-9.07816035922298
-1.5803780023843785
-2.6144286794989533
10.309855310569883
5.890716044610546
-5.316022959914282
-8.829863211718486
-0.6548189692676623
-2.1417618881581326
11.526834239006199
-7.472907089905307
-5.1798357225934755
11.68999776731254
-13.336282191617936
-14.800034489216332
-4.912882450021648
-12.233381487127467
-14.919070511261928
-13.836124112948722
-11.497954528854475
8.433028981193175
-13.966439270035092
-15.090748846203867
17.298109757739944
19.090061613270088
19.59575431801901
-14.654100504618835
-14.270518490589069
2.8111511803011666
-3.7531338908132703
1.0243561196164919
-8.475606659131856
16.41046942813049
0.48161168205830407
-0.529973946184473
4.004790504040187
7.193689139458328
-0.5887020942466421
-5.8804354460258565
5.559299408607362
2.4666224170808633
9.019233759748943
-11.24042478636746
-0.1906583395115149
18.698084684682897
16.354680465864156
5.016719932182234
-9.426859915007126
-2.100309890289296
-5.594842626803359
-12.211195854738728
-19.498070459165426
-15.1941191150649
12.75875275058258
-10.70209122748067
11.090854503345756
19.21063228998355
-9.453107063045994
-18.85856923412948
-17.437222431093726
-8.47668323412484
17.85909889105187
18.56816554284911
5.351854050092069
18.112854680463848
15.583466922419944
-16.391020816478402
-2.4923855475905334
16.051477957467057
3.994102957114567
15.614866755363494
-3.9224703767740934
18.271163754059906
19.71386098338612
-8.234156860915846
8.160396611861245
-11.162913040521527
-2.6980977730725364
11.355747041896077
-5.212686562914728
-15.704258064475297
-0.9683540414800405
-2.235675890586606
7.138474946392552
16.64581738517856
8.626114174093637
-7.436850906428521
-12.932487285507435
4.485064721937988
2.943411411151647
12.311209744412395
-7.3536107733287
-9.589165660006973
15.367762853449669
-10.209465812335043
-13.527161266887656
11.401499218128983
-15.20298596943135
7.820712931596951
-7.146404418681932
-6.6449837634072075
-15.436608593249254
-9.149753841750998
-8.3259894032913
8.140058527846431
15.71879009648827
14.932335162542685
0.7555647029270851
9.458520950100944
-9.760835650266277
7.34448602136219
11.987993149515251
12.646504890550148
-10.592601993392442
15.376076083899349
-13.890082861598806
16.974567054658785
-2.1937843167999773
19.370773548073984
8.925066423122487
-2.2734165105758564
-10.60990357748648
1.6776816039520703
-9.971751410565052
-1.277272433449859
-16.70207452497897
-6.378881857895408
-15.993031209498078
-5.008111367016429
12.646491378453241
-0.4045983331721388
18.726432427617425
3.0113433616782075
16.931579293290035
-4.504998930560573
15.261483829545483
-19.785003909390355
-17.94554159678661
13.257034108037516
3.983392326620873
-19.193600185185264
13.225949474431026
17.43535312263628
-8.332494004223099
1.1015578692725754
6.022391882415093
0.7999692117857933
-12.86379631021445
18.80826877309225
13.298193108139863
10.39960091664134
-5.165953015313974
-16.273457264750213
-12.864875571087225
3.8090894910612505
1.876297139264711
0.5512988282449456
-11.491153898988857
0.028470742836521623
12.91947390562268
-10.454402657878727
-8.258976491395567
-11.239603441595483
-14.021179383289205
-14.712629885863606
-12.567984501451459
-1.1448693960953413
-4.807589437373792
3.6674076246915313
-17.07453685874861
13.400455275990112
18.358464630683223
14.909019334536616
-12.505943692036197
-0.7286203670190687
-13.149857819513361
0.589698632809089
7.4341916963088615
6.52405724898896
16.971345530978184
19.193264779721254
-6.998725956068297
18.359087552241178
-5.712915179665652
-2.3907901855004
5.2576511882225745
-0.6969477601916338
-17.385770553648555
-5.390458340741269
19.961093723286844
-14.79258072818455
-3.187914120904658
12.262951874815137
-15.264039175541239
-0.1987951475720564
-16.88738189320928
-6.377115630755107
-2.099984081649275
15.033398603707468
-6.22353880702558
12.831909869697157
-5.31406244945833
14.542576408180352
5.510084291255829
19.07466128970944
-12.627576699769488
16.862809777807655
-13.679724709208308
-7.09547134966877
7.116785645215693
-13.790311554109422
15.592541050819072
14.22268774946172
10.989299098394525
13.152223167808224
-10.369140022897811
6.222577017681129
12.575629132934488
-7.04422060413895
-18.09878345369567
6.885072019943564
17.725352345772848
2.8843455039707564
6.6915489065917555
9.82080794800413
-18.016511531200248
19.13563247665924
9.040062075395685
8.822265216009498
-14.346004536761964
-5.277598161141132
-10.96134143540269
12.18458834508968
3.350310701171484
13.686353218739868
0.8117016966202684
-15.08719051313129
1.7304755057897445
-0.4475720276122743
19.245812023321804
-18.459607505795205
-6.819334132386841
-11.693990270270822
14.981347129832507
-10.164890046297934
17.645372670941576
12.377482318243402
-11.375873048931236
2.78540831493979
-9.539391878682135
-18.223801775905706
0.8572333877769864
-15.862980495774481
-15.361335441382451
-5.216234941572221
-12.659548572959963
-5.177794103775479
14.024633339898188
-0.1112323603755101
10.215932368710973
2.4395809532079618
4.3228552623681615
1.342507983291231
-10.677246771202036
6.225140149991141
-18.787091640643702
9.656586789456995
-0.5656308982737528
8.537205845473178
0.5784357987603528
-15.514794139765495
-3.3324604481539275
-3.4139570767807967
-16.051033020214938
8.893414223446587
7.352504147044954
-4.049315976082433
-18.790678389824023
12.879102616049629
15.82992332438409
-19.25732654265404
-8.009903748835594
-16.014220538174943
13.61771458614313
-4.039307953372212
8.993353207421197
10.152562912858812
6.836942599870504
15.888175879067305
4.3949926318459696
-9.197218307196362
-5.456313963264066
-9.39833696111791
-8.927827341347513
15.83024540474377
-11.481786015860003
-3.3496835657684585
-19.96510324443269
14.090536909581367
-8.28085810209001
-4.762563129233776
9.30330559952285
-7.430721016959719
-0.8333039849097581
6.085411728925894
7.168781032350427
15.101141049824406
10.04737300361053
13.740358910102884
17.85693548776557
-10.098259017086072
-1.3463218989872132
-2.7840900277679594
-1.0912775199277434
10.669368527902286
18.615244926371005
5.684934424054763
9.332952011991065
11.673564951492569
-17.181325547839656
12.863336474597112
2.3965090062569274
-9.10438873586298
-17.832390306381573
13.815277926236107
18.161639245490278
2.925178637056799
-19.38375664374698
-18.170606435670425
-16.39737922695933
9.848859052700409
4.5196240183721486
-1.321072799244753
-16.554949389841923
11.905717825843602
18.48768873093315
8.159828186765402
19.332770646626436
-16.468542362237905
11.07029803075497
-7.290297514393451
1.676419604318781
16.60969188928152
-11.996589828766332
-18.67396713897124
-9.433669816341874
9.838670585561275
-6.303518935266634
-6.844311591833222
7.185438989342895
15.918167628612899
19.51774220409054
4.245095519173606
-17.882389205479296
3.8781489917793444
19.85347065181854
2.6067625362324165
-9.536775321771426
18.34223575115088
-19.668055963211515
-15.69848043577938
12.163517263231938
9.042118813703858
8.464343708426242
6.4081543704211725
-12.803688081944333
2.483356883624907
-3.027569098167035
-0.11933937225104074
19.394828981781515
5.559707212814622
6.7870013491911365
0.9481754101993936
-9.107684430352968
-5.53683067473839
-0.764829092991274
7.498318675531259
16.524616875955658
-7.291722133635382
-16.75520040488349
12.63578370074515
1.5818463243855874
14.070367317661614
19.268278307774423
-2.2222443452435243
-10.646373436297637
16.840885928031014
18.7428514393051
8.330249559912673
11.750245651251511
14.221023811928163
-19.28950448936936
4.5340977645090135
-0.16951188219766777
7.416211161473175
8.89363703276084
15.354348509191823
-3.9689690608009442
-9.135736774893974
-8.658052174908581
-10.605882290104866
-12.845056668969598
2.904811429946264
6.24008957411899
6.709346168061366
-13.587324298684385
2.5595338448032443
-5.096732634687108
-11.208033090268238
1.9069944656693707
-7.993232200048537
-6.673363480078969
-4.183292647407617
-14.81147383073198
5.0279709984766825
16.10805698482047
11.37755140765831
-12.849423388572365
-8.75651431820371
-19.666083327535123
-1.4040137430085728
3.4470556988596144
-18.86628861245926
7.090880765602925
18.960893213418757
-1.5904395766464
13.212868626386182
12.466040584183354
7.156965437247791
3.9520987648834627
-16.937841533456513
2.4335572462040957
-16.534786070339816
-1.4822930049801286
2.535583851389088
18.93333927140978
15.389576756807955
11.585458267229658
2.071517811079101
16.9270576069909
9.593580980918365
-8.132112773362138
10.107491996941764
-1.0194135040583063
-18.828115714803644
-0.7337902259896332
15.947016726145321
3.2560114835950635
10.144866890354539
-9.874140801033096
17.908714968058945
-10.482225620893416
19.334836981781386
14.14748961004755
-8.549289159368074
17.91115897992418
-17.19048852063732
0.5727789782520674
-5.148437275992217
12.943724726959807
-7.701126260231238
6.978548215639414
-2.5369180117299948
-13.697108912832633
-10.869160576611705
-5.542420812896669
-6.3906159597184775
-2.4508520736708235
-0.7825478004447142
17.482439079276645
14.3854590542348
-1.7336134421095686
-4.951535218273136
3.815231998503542
-6.520948360318691
14.70613618620682
-11.823727474615676
14.702532457149772
-5.879562538624414
17.478625266391013
-2.7436100839836506
8.938107786185729
-11.914077119025546
-12.842817953256848
14.196148892688484
16.171151280239215
6.012228302135561
5.4833174303825025
17.738824093770674
12.14541414195417
1.2279802266141537
-18.468225663482972
7.915686933784457
13.195576207936597
7.034498145668131
-1.4788132032873733
13.697748448960347
9.332783548027823
-0.31489273330227974
-11.400421520567319
16.386469655100335
-0.3150287541440093
-2.175755204014635
-1.4520975553186766
9.515583468017226
9.217544099982405
-3.4097563574583525
-3.5526895293870844
14.881676778406764
13.968597650655497
1.3442358392410085
5.949590652082399
16.29514175715719
3.762383185443877
-0.25341557282268923
-12.076389292094865
-12.148147418519105
-0.04988267507442856
-2.401638770456888
-2.5375214432492967
-18.82487081446162
-8.575215541815062
14.3349597894519
1.5225512458600399
16.87330384693351
-11.312819914456798
-2.5716004230869025
-2.463338046520434
-15.01997450166861
-15.49087381400414
-6.61629749876068
-9.984048796839012
3.1728148921724895
-17.520576732655226
1.4804259587419395
-16.998095387669665
6.266767042636609
-6.706955373367265
3.5963877270277287
12.995061717894728
-18.159599821104955
-18.68856366288837
17.7751845419403
-7.104310223498128
-12.403250398788224
-4.583930886940264
-19.776819594628545
-18.153947249956097
-15.050410615593371
9.918744699716374
18.00402948210114
5.400441251128591
-1.627880172231695
17.601525572866883
-5.504833359223301
-7.8236247711078875
-13.510518201305501
7.414383348213278
5.691076701529845
18.438401685376505
-16.57482854766725
-3.7672771854285685
13.856578474785948
-8.919362151696815
19.435993999269286
-6.919476773482479
-19.469344953670927
-11.769483452573684
-14.466880539075317
19.496967597903748
4.251038512338003
-9.405874667144104
-7.6914920843990675
13.623678242884779
-5.097873942059653
17.187676711605384
-14.489715118830304
-10.77231987372464
7.504459876909063
4.8185029316627705
9.189243977051348
17.656176377723767
-13.885608314329794
-15.195210024379104
0.33651571572038463
18.434334568097505
13.772871252523558
-16.805527954564123
-15.807049680655329
-18.767077634115598
-12.77937637907829
-11.58128205632873
5.90011425575026
-5.616698260208302
3.1391203470663633
19.45229090213553
-5.980617776329922
1.619763434319811
13.399390177237962
11.435775994497789
-3.712658051271795
-11.80708014869873
-14.927733804759962
-16.37211185857756
13.978806463665293
15.125735739306513
-18.343603920875147
-18.46083020489163
-4.871646274305554
-7.010331327127277
-11.871296795760639
19.374020322555367
19.688935719384062
-18.706702802640805
-3.528132436647912
13.279416985672185
15.281254353623588
18.0811912155624
12.396155511207347
-6.4685735396879895
7.873765041320844
13.01794404328065
-3.3783233595829643
4.670374940072541
-5.780706434950837
7.38712850142544
7.779015726239969
2.8027025176815172
-14.795314762954153
13.692665598125338
13.299427539435904
-13.23621773416745
-8.338048358214301
-12.395842723832411
16.66896513506866
4.483349357007789
7.585178433890402
-3.176522543685671
6.204562143773515
-13.280554945585887
11.507352686669122
8.05177429228192
-9.208599958273908
16.127890331521066
-18.250791393440558
15.840255158588164
3.080726357070226
-6.645364499038866
-8.074253596792351
-2.420369766806072
-18.229172201189904
-14.859813262926828
-17.558396064947573
-5.516263127025503
-4.775994860155048
-16.50208090725986
15.18125101287827
7.690302321429652
-13.63729842612421
-14.488164414309619
-5.5701065639449645
17.41994607824678
-17.65771951009578
-17.80236442372457
-8.805140064935904
16.205271399363028
-7.283771404513551
12.003198228663706
18.832137070625322
4.080894739260785
5.202189771224393
-11.43289353742511
0.20069584332659218
-5.5470361777675095
-10.861373676513693
-15.154151845069821
-11.236371678363394
17.583378371529427
17.1720679944766
-0.3750881303420357
-14.685017937732994
-9.610428520268815
17.920241761116834
-17.116802916085163
12.945488737534504
-14.862971348012653
-16.545565684194244
-7.082771051762538
11.567005690529566
-14.97902282184934
-9.41035936888917
8.325833285998165
12.47240686372183
11.592806330428406
-10.912603424174891
-16.079512951232893
12.057229283290518
-18.28407678148529
12.655493107227699
17.729421141030784
4.692646258174385
-5.279424951812857
1.741989645783537
-10.852241039994857
-16.31362265779526
8.585160530439605
-17.162355313368135
-0.8945453642691668
-11.383083393891141
3.4639336035844046
-9.021942272496863
15.646340445974886
17.160180300650083
-11.394574249792807
15.947112601776595
17.470570122431553
11.537100067231915
-13.213217131040448
9.161879728597903
2.303273888458275
7.098227402598283
10.477997674381783
-8.657949074150029
5.493983080153058
1.4874695593625447
4.8363785171116405
13.296266695827008
-9.357985597079352
2.184044250730949
14.784521091616789
-0.7088494702155614
-10.027560989099694
-3.182457786117677
-2.1832024698416603
16.276558686154758
-10.810390807441523
-4.5655920145416005
0.29954383223522996
-17.318259723737782
15.722165260528726
-1.106901203021863
-9.604432907076816
13.52383618970049
13.104833491401024
-0.24241534930931508
-17.155028497517492
-1.2718371102097912
12.897576206265484
-2.2585172874376127
5.611251180188557
-7.806466323401198
9.896969797839414
-3.2639827652477464
12.226119149776892
-10.003989796720223
-16.242444002870013
17.280819724830558
-6.744681455891346
-6.644584594287268
12.754854097686831
4.865225974940429
6.002351455571265
-0.7976418332963497
6.485260264683845
5.522282703172152
18.46423588284476
-3.1369386951616995
14.107326156926788
8.471880282649739
9.206753854819596
-6.766958284244939
16.24466779149001
1.8509373445684254
-15.22592456702351
16.449929206293625
-13.292493567498198
-16.678416057958394
5.65299618926954
14.823082536058664
17.55814049755591
11.861075705834104
-4.071890657721626
9.14597555259602
3.449747696411258
13.563226040797133
-10.725682709529414
-10.635464776618711
-14.555486607651638
-10.407510489187892
-6.279078915826059
-8.597156411764907
19.21454398087497
-11.628128132487245
10.976090910895483
9.37638611449167
15.464355183353192
-12.902489970038559
-15.441457411832182
14.932741319574177
19.96675087273799
-8.09687485144913
5.040040348100334
-6.898893876322166
10.613346403004549
-0.5478196117531589
8.39803638348815
17.04563900846472
7.250620086368514
-4.36897179020832
-0.8232085193353953
-7.113836318457047
-0.38397921474106766
-3.068297568289971
-7.113244344629299
10.124064663673732
-17.183479742044263
-8.526469086862143
-2.829469847523505
-6.06398196597571
-10.355072708352981
-18.240531270738597
-5.130972558159259
-0.9555166399060901
-14.80991087171493
-7.817080525977751
-11.917821142125412
-1.2324795108145707
6.929005943029196
-0.75887549098017
-16.952687434653715
-7.677303662635367
14.978929749405935
-3.8117913464831155
-10.251782640110454
8.164242573315317
-5.216129501307849
-10.250096005888425
3.727776514332426
-15.190542067590073
15.543612201331058
12.923942371329034
-14.799717757470216
6.2320677914669
-16.89935283025281
-15.429274207426822
-12.29448900768785
16.925110676970824
4.055198355250482
10.96890430198156
-18.104032960984533
18.9177107312427
-9.893092019217757
-14.086873335352031
-11.945545637948886
-17.83356676727456
17.408999154786294
6.550848300971467
-6.483051150308903
-11.68764267700952
-17.023197677058644
13.907545850732625
-11.514485630416873
1.8091004589380049
15.406442218343145
6.798566394879465
5.6256086050021
-12.827332137933901
4.1736124830379495
17.534762712732558
-0.8755338359070635
-17.81637916839546
14.550249544324807
16.188604710578105
9.81788467544581
1.9747488174711556
-12.640081898217957
4.209330966040493
18.124621961459553
4.871861096457948
-9.006468228301557
-1.0815705053098021
19.30472993370109
17.62020864439591
-10.530369979056996
-4.9340620010643335
-18.86042743092124
0.7273582727145786
-12.414352275353817
4.1084131647834425
14.50429289717767
-4.427800501248051
-9.50980432863378
15.402453713740293
14.601613641264976
-1.7716323828807106
-18.209769002113756
-18.446039353307878
14.628288105404565
-0.5620416745768892
-10.193693494997898
-8.014236104316987
18.88714153454122
18.667576922010376
-5.790740358294691
-15.297831694725135
-3.2848470789401887
15.559825406003924
-8.284652850802146
-16.220603375905117
-6.015554117443802
2.066752359923907
-8.896042705763154
-0.8451039882067803
12.512850385392255
18.06989290534532
-6.921460304618199
7.501050457668871
-8.260822227010497
9.229970339209256
-16.13602380455778
15.249412757549251
-3.852579599377254
8.894402409559955
-11.519961508708988
-15.896940911849073
-12.402827452600164
12.740329902523513
-11.374679117672617
-15.558068091997157
-8.82053679199366
-1.1122010946576566
-8.78569008111512
10.87725221863074
-4.83249985682734
-8.828934228180692
13.111999651643579
-5.681937563684034
-14.229618749897078
8.081194066494334
3.367082264160537
11.699500066154226
-16.96737394449893
2.5090158041636776
2.098528596479923
-12.22989934778183
11.282071224800355
9.234736730983574
5.97500533250766
0.6668987586631872
-18.26527409463054
15.072516371189309
-17.485792575379136
14.747525622613253
0.033791602155272216
-0.6840705935080713
-5.827714003988852
5.424838383371558
12.429166503060415
6.1742002424779905
14.606966868974688
14.637939208127762
9.205379437114654
9.005809374566219
0.8335676283409583
-11.14584437926001
2.9985989226172904
16.227431229435425
0.385601936856915
-13.722280651159489
-11.394777660016198
-18.94064110254334
-4.5435366957636525
-2.495291220829401
-6.166076664827873
2.4438273041261205
7.7203614496684025
-8.446564998311793
13.661746042203276
-10.887840130843717
-14.176838901244334
-2.9056535747999916
-16.138380289603678
-7.007363266552895
-4.942166749690395
17.356878132480794
11.474623829080713
12.096120104026951
12.499291546031976
-1.17521220447912
-19.49375915587748
-14.105229831701491
4.120405500519478
-14.381288761468607
-3.5666143737278055
8.5330222321797
-14.637265522741568
-3.869296010950478
-8.832313779221849
17.434243922813387
12.927033713653707
-18.99842268690524
-12.765526635160107
2.2881437601447345
11.420162644921277
11.039490426678078
12.605502485393707
16.910387085892992
-5.670213474923948
4.23118575541265
9.140081605141468
-19.090792824538887
8.354640411049704
15.933413187754674
-18.334251864358656
6.336153968919135
16.77669335828209
-14.675396787316632
-8.985225933378969
11.251048317611556
17.8600929216785
9.475845488960928
1.5497369631937943
1.0561544329435613
10.839109511944894
0.5157902743587073
-8.279448833693724
4.486943573237369
-3.5445881818148024
-16.054492107024345
-12.485957786289372
-2.7883832349234403
-3.4826807116878165
3.7807779613402133
9.078516461134907
-4.868452302724764
-17.902731858222655
17.91287969256708
-15.906892507573938
-13.694117640109429
9.185347242878336
4.165791267364007
-4.4502114601142
-3.985055121150186
-7.486885303637738
16.415436398873723
-3.3076860764725247
13.392216583652583
1.1552535155434
-8.124601738070929
13.3145198388912
-8.930957656817288
-7.748038831734053
0.1892765036515307
-19.64178358369814
9.881735834448197
14.9815379842479
-19.292416405798573
-14.602263474006794
8.331985832973036
6.60922465477843
-18.451788547247283
-7.532940615828743
-1.571005080155242
-12.65160040385438
2.188590102496928
0.8026383065111062
5.612033115072599
10.333754077798503
7.278682357970375
-14.702616546426288
-18.285930832367868
0.20225768018085688
-2.7337512227164105
0.9661844683763441
5.1590326628402075
14.137194975268045
-1.2754617811550197
12.897847414745392
-12.550771752693128
9.72118188851292
-14.76293228470453
9.046557536819208
-3.182478480062123
4.213465554216619
4.593974484516359
8.807634865916476
-3.522284256060324
-11.322422405769291
9.72733987074955
5.261122579574618
19.46657437139193
10.649463535113561
-2.498787876933342
-17.100068424487343
-15.065564871548025
-7.075461295845042
-13.162185540675297
3.0674961251751363
-15.906346453518903
-14.990052232385175
-0.0521421969746001
-16.67326684294867
-17.692254021570403
6.219521935031324
-10.176355949594043
12.66601203775241
2.4230410437040177
4.935673567497965
-6.871946944637312
4.839267439353119
12.930399800332395
-17.406429909088004
5.188286326461178
6.272701535105092
10.33053988229113
-19.128578579721363
-8.0475972902041
15.879176689555074
4.857150305357912
-1.0812258883222086
15.103557481669