-18.54409315845515
2.6381984258811926
13.48781669794161
-6.038606600864558
-5.436889043024383
-6.558563590680038
13.780811788660266
-15.128165405691059
-2.017979407740704
4.19870016752175
4.04352459135222
-5.907022725927238
-11.85335517840922
9.844801934037378
-6.599666726957242
-2.275291108073798
10.286476391195649
-10.971396109796983
5.660343217448354
-17.84148580829047
8.57631019478125
7.6853878215116325
4.532406527331116
-14.184120772942599
-6.538590567941874
-9.623181208866463
-6.763541040025638
-14.21576774910629
17.90204766153112
-12.73252867698709
6.315012250490085
-19.14353413262853
-6.640950681441083
-11.887883581018297
-15.396307097261431
7.292562363885114
-17.357110460761774
-13.299678723865874
14.672285319641972
-3.6614334234952928
12.831584606701028
-11.514527720930499
-10.86488543800387
15.044413129811517
-14.256753873201484
-11.728376750074938
-8.491933150109222
-11.960699664555282
16.626294454403435
-2.2382109033057738
15.341734178079605
-6.3309830109028375
-6.322250696425478
-5.095627914063252
-17.328449919778073
3.550531275856386
-4.564604297171462
-14.75045050374014
-15.284896587899151
-6.410979164037357
19.534468644736847
-3.3765078592208617
-10.077255032962182
-11.529983727789187
13.858534506071656
-16.35989748045707
-1.0334536121664506
1.3163610334339708
16.891499294547486
-12.327756870278325
-11.97048307580388
8.23100315148531
1.0122713504185015
16.762498176103
-16.24862976523034
3.2270293156491725
12.211730681113764
-17.029302748653798
17.80025073149524
12.187665450598352
-8.992154863032766
2.5844985756229377
0.18361404750783095
-9.398426443082801
-3.129180041373747
0.4692050576198703
-7.570941604409409
17.721568441050422
-15.49356571276181
1.3393112177776025
-10.071328384786241
4.083452793353803
-6.857219649761683
-15.198041886595242
-16.36801557370901
14.520395297372318
-6.582091488837092
-17.745658532874536
1.1346639293820147
-6.388746049384849
11.294912406638385
-18.18319322693215
2.5342129822195325
15.623016770776019
-9.340619120816346
-14.872236152540662
16.4059728126066
-12.748162536308701
-5.768944305493573
-6.058294375792389
-11.940840130931925
-1.3770026641786188
-15.400660697276663
3.6680241729024665
11.947347988505662
-2.964443680403729
18.797049416700126
-9.56660193403164
4.088262768606672
3.2520132987591133
-6.130567426608394
-6.066626644236553
0.33425025315324675
6.2995744567137635
-15.381487816517945
2.999948777732584
-16.49595725687845
-5.121162560431509
-9.470738465758943
-10.555347598868128
11.785583779876351
-15.993786560249825
-18.309044387692666
6.082477352999259
10.952007736758862
9.386869773892172
-8.523769800275991
18.289171673719736
-7.222521535410138
13.965728612379912
-14.676102798618231
-18.16548546121098
5.184683615006854
8.867875652114783
19.92346668123882
-3.626904620657868
-16.977507989671658
14.092017601659727
12.2954520554945
-6.365694877582291
-7.732424360364494
-0.6056847207738336
12.59790723126963
5.617474690181652
-12.46182192404782
-6.44390324426373
-3.4901315205063064
-3.0068854001909884
-1.3349700288349133
12.58962723650994
2.22369816148694
-8.640955948162752
11.592603113923797
1.6192138329965857
2.128511139341633
-13.184544559913185
-17.715713923143742
-2.5922435969494906
-19.838976771547635
11.236497736362189
-11.759522651414658
-8.543650903207087
1.2431244780103121
16.21465344198819
0.9329915881880311
-13.213474017872437
-11.529076268995585
7.2354627230442645
-14.458458541269405
8.7014393990118
5.221511581871322
-5.808899108773291
-6.725661122564883
-17.709094418887478
17.633356202088486
5.085173440245839
-10.771659442053846
8.704134076779297
-8.347089426277892
18.79979288795851
2.530048737323753
18.83813790376091
10.90960145064923
10.257602630618528
-11.248356786220842
-1.687905946372549
-11.28729967026469
-8.707329454415182
17.645732898637704
1.055647223694038
17.995356811444495
18.072435284780596
9.178203633503959
-3.9728413150032083
7.827430936785511
-2.105617168972252
-17.358072580589933
-6.93462483403704
-18.051423939114486
-2.798370886046918
-14.416095743892381
-18.461616202839394
18.372631706007944
-18.46732096063461
-17.71662564177694
13.331671772763734
-16.6099003645313
-19.25686997275262
3.156522813053499
1.1204508406737475
-18.169009508536618
5.977937596081873
-19.780737793350845
-7.090748256355166
16.359255033328424
-16.503188877396152
-14.577856855161183
-17.820488673792628
9.542435290262425
-7.758285743502871
-6.859188803424058
-19.933928803594476
-2.5107345651470183
-10.454297442190295
-1.688874584142308
-5.923870459016971
-5.070221920798064
9.799202218533559
-13.920662311370794
-19.96147948311917
-19.75610436954979
-18.623223007294413
-3.5913633133533835
12.54233630763364
18.087051663855426
-7.838022638577531
16.412923531918317
-12.035710808029275
-17.68723240363861
12.100532293767799
-2.100717176162391
7.651372815131165
-14.314556386498767
-6.092971555166926
-9.517459508893342
-18.4758416080652
-6.107291454642176
-16.806868905819975
3.6363816990000366
11.872095591655679
-4.595505023163199
11.418329594053663
4.527893483033939
-18.714625968477677
-12.665886305258184
-0.2161129631441625
-3.4570442506895382
-15.674853069394615
-6.326534721470214
14.813606780791389
2.0830498503858195
-18.521878187315444
-12.98696685718928
-12.886165003910381
15.055708110745194
-9.798017182341123
-7.0620395274270376
-12.059963027453776
-18.792035311703117
7.3799527493211805
-11.719407097831734
-5.6518771015309
1.7843257984359013
0.6443929132711759
-15.330873259895332
6.500944385353705
-10.20972383479469
-18.287691826436188
-18.965565498822706
15.350082839488252
9.705308296354367
8.929346166880311
18.609632565465304
12.29412060383077
-2.5037098130801496
13.921124950327311
-17.567488997914047
14.787522236844588
13.405673056599255
-4.5695464753465345
6.2149594261729355
-13.645421377432157
14.833200564046365
0.4983213489880747
-13.879750621069146
15.264341788595168
-7.268807116984322
-19.053114983357
10.947704523004656
17.25936118471931
1.3200095537160692
-1.6401386795578823
13.599892086676505
5.129618244838969
-6.5063444078997215
6.695766605960223
-10.035496995016317
-18.158138127618344
-15.955523100034203
-9.159348931899638
1.201871042645088
-16.625334606649595
3.180447178184558
14.355571516744249
6.630406132567561
9.05099373408822
-9.275507047363764
-2.682657956580549
4.9405512100868165
-4.535419685999242
18.269849932250594
-13.484910532507346
5.3141799474413745
15.588615768088559
9.89588887936904
0.91890609326963
-14.288033284378635
-4.414229027247183
2.8921289166174624
-15.880657751208105
-3.7024116167760646
-14.969868760182962
-4.85490213410066
4.443031240604121
-14.659648086680859
-10.62742424170484
1.0538615204066524
-14.505304094824076
17.881869610731897
9.07660061296962
1.0010830592748334
0.40694049757047424
-8.15291258175459
-17.10932778677691
-5.505799599740753
2.2542088557838404
-4.518316741339401
-5.278075626637882
4.143752033578032
11.546515719848031
16.917761589113056
-8.367305737151876
1.5006317586289732
12.470470914638987
-16.876868510453598
-18.973985416384913
-18.32012482416865
-10.623222027437315
-5.829520267897777
-16.807956994704615
-4.428592165620181
-16.80985220794254
-5.897142736202143
-6.379220539127584
-0.8344054475003695
6.034593590295675
10.289838109735683
-19.26537481596075
-16.613457474613014
17.13118128217569
-2.4102618981245563
10.41389764576627
-15.879558467737297
-17.52453010145432
-16.420170826428734
12.689501761859226
14.012184534847798
4.90791706486608
9.285183876281597
7.479404366656162
-8.017197027420453
19.618891323753175
-2.587223079128126
15.007097996704388
-17.33319246200871
-4.794889428273601
-6.545680795569794
1.321735818533778
-17.255093043014448
-15.424839753536439
8.383404653913935
11.639007020331313
15.164053901616327
14.928896007977798
-10.935311977106394
-8.489868027174072
-1.5205520116378288
8.569109846892747
-4.086135625945184
-11.180520216645666
-6.602480192165704
15.48790065206017
11.478006051735864
2.4986237927246293
7.011360859137351
-11.007073189555907
-6.687406839859559
3.3754285399291852
-19.799077038089074
-16.101564712396698
-9.307877014172984
3.8740258440759554
-18.85470659263288
-10.541864172365724
17.845043103609044
-11.19349333680205
-0.03662984586329188
-4.943346422325984
-18.655061182789936
-14.584574124869395
-5.727725389075186
-16.05428350438158
16.721032556023772
3.7727916765411607
-14.103210521034462
3.93222432098986
-10.706002013526756
-19.06135989359352
-4.5527391015826435
-10.77228988261366
16.10189587488493
2.3832400016347535
-8.647450554104097
10.041095593382778
5.06565072164177
-16.875149437304472
-14.620626139726731
5.758242697954344
11.375493277499842
-12.959169481718472
-18.60937914542911
4.242325121287621
-9.577832799779449
18.107722906532764
15.396204193110052
11.220728329950546
3.9900182448122976
6.887348373204752
12.651209355392297
10.525368647017128
-17.095477295074282
1.9622567864768037
-2.0646480463657078
16.777692983701556
10.225127425344766
-11.205215656399442
-18.30446587491245
-17.614110300574552
14.128275624655508
5.649630492131394
2.6544351637529786
-13.812893563044067
-11.645749740409329
1.0107227091032627
12.595609059303918
-19.811144771744328
5.536107346366382
-11.547509530728245
11.6994677541499
-1.8916190608361063
9.767446960679152
-7.6785738321964825
5.5513190976394995
-19.713300124147185
13.7407609076824
-5.770140855905929
-4.742338026019031
-10.607523837098686
-18.105197068583987
15.18178799598337
13.441321550021271
-0.6410243487994336
7.010225603837746
-2.9611135724935522
-11.402100698536275
12.525246634155927
-1.2459876666779692
8.17106128492997
6.434756951201823
10.427838839048466
14.021962422042407
5.743808739250447
-1.3112233849273807
9.008179733761033
-5.7459394224062486
-9.24196878888553
14.301606801706399
-15.430101759142921
-2.4336921153991007
-12.131660870085884
-19.13926904346905
13.38968986428253
2.6373479585759263
10.483139580174424
6.68739892509247
1.3345871283744515
13.180394712778266
-3.5959877832638725
13.356628093481511
2.8015354695346275
-16.302956771071003
-3.8209836247297346
15.188647014657654
11.093758632711367
-11.655364539928566
-5.361372053425901
-10.369806410544191
11.68351633662595
14.066714290872206
-1.2008701700538182
1.2483150820312083
-14.586815374629829
17.856870416012512
-15.424686327061373
8.064408588490327
14.87541745033522
17.58072561906215
-11.057969550207751
-4.521058913515251
18.987818432699996
-16.006725227575004
12.718996547201563
-3.142989520111694
-19.15450862195188
17.771925088462346
-8.713531610235506
-9.109347745927794
18.742654033570233
4.203855070875825
0.303840698195053
5.1346464910569765
-1.273846905231288
-10.448836102854454
8.619954369191518
10.919146338620823
10.482739707888058
-6.9602564465609476
-11.228463687841824
-9.353428707591075
-12.760491648205573
-3.9640025837593207
-18.688229031421773
12.590995403674981
-0.6199185133684217
14.404306770088347
-7.857175888977794
7.995822361385127
-7.553198734104702
15.004664481186111
-5.262847033780673
-7.1188355897815825
16.652738080594077
-16.456081018068414
6.773048970597628
-13.155537209543308
13.119641891625434
-16.977549361506018
11.177611216698324
19.907728499315823
-18.644198083173485
9.402918414330337
-1.9146530467644283
3.415578362472921
-18.505934691241947
-10.361802427369291
4.225007687896706
-7.333279771107705
19.927301383045304
5.158342731249967
-14.937653083544724
-10.72782224533736
-16.757256884188404
19.37810558843524
1.66818927857976
9.307703482585264
15.253786420475308
0.6921530498894413
10.270086589291441
18.242160051581216
18.12873999580986
5.69360981599031
5.918910214179164
-5.970066614826749
-8.165741944828987
2.374881551269983
-4.524485625560057
-19.557650406461992
10.538580624486528
19.469297670719925
10.499218199134667
-19.760399984926703
-14.148915737195864
-13.432236246317117
5.9432865664805625
-3.603672847820384
-17.727362629991372
14.83785034120838
10.232715768234879
7.835575623689721
-1.7903268972275086
-5.791817460346893
3.646855996941323
-11.230112599982496
-19.501490724360977
-18.45964511246872
-4.458991335703487
18.69230452727973
-17.90225011588586
5.16730748989168
11.701852011557826
13.426210159703572
10.152540938020405
-8.775408622728209
-2.6633499949160324
-1.118976256667679
15.680358225374043
11.325092854990068
-4.004027673070073
9.221820722375913
-8.883078602744781
11.46319573710123
15.789950045480047
16.0572099150503
-14.73362219763219
-18.126828498047246
9.252071708685396
6.155177465827165
1.9220379393726397
11.94809334501197
12.727533520139914
-16.492559329830797
0.7870193299150969
12.56270098320671
7.874586728000708
9.216904510422598
-17.368109008078967
-16.650875064130446
-19.604260294245304
-2.868369481075984
-6.206478042379109
13.813056933772067
1.9370198047989007
-13.934270367984434
-1.373485068602168
-1.6315637539606165
-3.9115732640041436
-2.2430960657618186
-10.625400571904713
7.457272244278272
-18.698724626086623
11.586652280992112
-6.335367814084417
6.7108309492494875
-19.494157867508992
-14.81262522064874
-12.185234583282472
-14.733371053930252
0.6810566814007579
17.069872793887185
10.489816038138269
10.411330472591573
-6.200949916400994
-13.986190410643182
-8.955340379044664
-19.47517358305872
-8.210654224606948
6.212833451656735
-6.577474836993957
4.129498692869582
-1.1430342632850987
6.898974635131619
3.9615760410950642
-1.8001173080213029
5.973249284153162
19.70928456435992
13.42481817135856
-9.58146669886926
4.433521017377021
-15.333103298569286
-4.8773020885123195
-8.51277760160841
-12.31733308864241
12.714241679961745
16.703822930393073
-7.136618660494495
0.3009854763150628
19.253396823148236
17.863378808855103
0.6449052139934537
16.313064934715428
-14.902018618142812
-1.5031815485838607
-12.738493986748907
-14.36226578292127
17.929091770257116
-13.552917982860407
3.229113121274114
-17.061014930511334
-2.2634890073971725
2.2812761238707466
14.460139330129323
-13.694040372819147
-16.622326538933265
-16.105478738245903
-19.10384528156653
7.371010735754716
-11.287142980849158
5.849577566015466
-1.0801968419103645
14.518179702344149
-3.6255232091464826
14.287052624743659
-9.967952162743462
6.373274502892805
-15.167640648831071
9.826880442934296
-19.89648254960533
7.804424601971611
18.919145451644283
12.576831539116561
4.641723774981866
12.316166844173814
15.529043956800102
4.14871017074239
-4.670571290923231
12.783250399828354
-1.503260027710077
4.8883759140639285
-8.208859540978427
7.169438562502069
-6.688803398629904
11.496172452191708
2.047592216921373
17.873691593007138
11.01772712164145
14.110900973097635
17.26560307270195
-5.479058730149365
12.73157058711486
-16.362904629592663
-15.305446054801779
1.6021008303218593
17.167445835599906
-18.08116645013406
-7.296923295033828
9.29892498039618
7.245582487619213
-0.42647389227677834
-5.342128789719407
-10.425215095882002
-14.441638390985343
-7.059894268071725
2.858117521860308
-15.7958153598483
2.585255987450857
18.316121968088964
2.131900091859343
14.299681839144512
-18.083191992681943
19.580926399632943
0.8653610999176635
-5.202149079778824
8.342387870572932
-2.8815609776053606
-9.890218514432533
9.158724198477412
13.815257695353566
16.180450540584744
-14.103579328901406
-11.324363563291042
6.37476032333392
-17.62599213417809
-0.18986173974630205
2.426005225161475
11.800978720672521
14.331245646621525
-5.137802802221225
11.753552878455022
-8.777043798108544
18.335303122345763
-12.951116846298518
7.901169022598992
5.93606520267635
11.057134770622024
4.773308090273719
16.916777737659288
13.893836656825677
-4.56899173589953
-13.807496165651582
-0.8028855557180883
-2.6203766687788885
-0.8651756134108268
-5.571311944724089
-15.158417735180066
-0.5904912260327961
14.12437617385902
7.023491408743276
18.50739267939546
-7.190406151047766
12.927249359099527
-1.8738582798068357
1.95296156978457
16.777639095269322
4.77004017777821
8.555838254787453
-17.27450205870656
13.6294282137466
-18.716366143702604
9.46984487672556
-3.6740761291889577
11.389979695382465
-8.212114470551066
-17.45064952504659
-15.412000875991797
7.929984168424738
-4.240110936936258
17.338158580192115
-8.862986329444427
-12.011089672407188
2.0098112299122164
15.569272307137936
-7.6071196185373715
-18.22026615741823
2.755371618487633
-6.5029225808172555
-8.414770256596086
-17.482131343039022
-7.19212684969801
-19.137441268939618
-7.9679021156561305
-11.12283830600001
-14.349400140844972
13.403850859298728
-13.116838540842037
-2.2355132135513855
0.25544287838103585
-4.688334673690697
14.157403331715187
1.4193609771663063
-6.700787761299342
19.771930028689333
15.773665252832323
-4.533950474070153
8.270497349207364
-1.6280983114993788
-10.276172945016251
-19.75917978492393
-17.66876095209563
-18.01868318080881
-6.17296582242529
-14.876041740447533
0.4151774385166078
1.8051241744123416
5.518739463420385
1.8017779045823445
-13.152326722692727
-18.04645607584891
-0.07886168392855097
-12.49652708039462
-7.818767793324213
-7.399267349307518
13.383258634524331
10.735249723613865
11.782159838471102
-4.46083714031332
-10.034826490992623
-13.43967705796775
18.69142779894132
-0.6509074676762552
17.89280218176537
-7.0375449103374255
-7.969375351651266
10.101529073334984
-4.1965619603905004
-4.167881143659793
12.835830163637368
-1.2058104633691435
-6.1294707613125965
-13.975779264117696
1.5397674745926793
13.36871033262068
-13.143243348405429
-4.385230817052982
1.1423546040410386
-1.7453201180611586
-12.831237004421903
10.370419757380112
17.54657941337615
-14.507627194330555
1.9052498011874661
-10.11100177546476
-9.65188112786134
0.31490116090585474
-12.0460288862018
-7.917530992544176
12.556570798857713
-0.14348831578827514
4.450172513343841
3.7654351553882606
-2.031250950431197
-6.5749374940452086
12.412322577471798
-15.651378884963002
6.245625884692888
16.879458115138647
9.099872711903636
-8.986245285679209
3.888162664419781
-9.551091912111879
-19.48789964391212
-19.164128142930505
-12.965628839866174
5.870246853688901
10.837166512608878
19.781120558243607
-14.0995540366358
-9.234288015319096
3.8857136490049236
-0.09724304407257023
-7.491149599224718
10.782398354709862
12.331580001858562
-7.616003121319487
-9.9330823264008
9.544864596216613
0.7176127382583246
5.905185081212956
10.92003805366895
13.238051815264143
-12.251077264925856
19.739517714367153
10.764167646787229
-18.49793604034702
4.296516614656362
-2.1855331805482656
5.477532694816109
6.729430848299298
-0.29714519782805837
-19.02096430616622
-12.776095137764681
19.31967023910388
8.99214540862586
12.8584253782737
-3.351947323195496
10.31881122236845
-0.8700229341925549
7.748765810405985
17.0931790047998
-11.265638969443078
-8.733214040216062
16.35148219992935
-9.15816388842229
-1.2625280459694999
8.592225085250199
10.618414576986659
5.6161275051652595
12.54416316623216
-10.480492871973013
12.28481531051984
-2.117936892758763
-17.633566285126644
-19.400281150759298
4.779247635098329
19.49029687202882
9.405300563866724
-8.693674052720528
-19.308313009739813
3.365291705039443
18.823946202631333
-11.33967149792027
-17.383860327907502
5.825850603047449
-9.339948972164338
14.384334428858054
-12.940170397994173
7.916891485208847
-14.937399046099964
6.966411127491359
2.19156799709447
-4.618564490030938
7.862644957385875
-0.949440385026108
3.744690730173758
1.9831616892289752
-11.416176813072404
11.433048683863845
17.843834933030195
-7.021136645542324
-16.28833093835943
17.35265507503628
6.799041241426266
3.0060161902842637
10.389290046083268
-7.636178781966599
-4.309056883212001
-14.58743177210268
19.292844108686545
1.8380506959971221
14.869538736947078
4.809876094683997
2.8474183671100306
-1.6758188890544332
-16.66179137447003
-2.3432998933968143
-16.350568129704236
-14.951399865746868
6.119625300589689
-4.973589480427734
-4.669408169066017
19.339032866880515
-18.30635448522093
8.395301367343357
-17.706240930172857
4.702061190036968
5.354847646536101
-5.436485191318393
11.696163280343654
10.302938742050198
16.131823410647094
6.743315862131084
-6.934824139404437
18.25669353357415
15.412893851427306
-9.439835861038492
18.755127810870547
8.121271717921545
16.96684278267123
6.249517258051924
-9.536983924782785
-3.839982515479754
17.595825315914134
-10.151571147403784
-10.85746701942098
-3.6378102805521415
-4.522766060989865
-3.174518061758693
3.1699563937532638
-8.076328643677492
-13.822616914217827
-16.461860701746474
-14.681414232107457
-0.6202852532699801
-17.894926531121335
14.678481567207385
-18.45191296834129
-18.95869757237736
12.378654896470962
6.150973279999455
-17.95097339085274
-18.80353669200875
3.239117403040744
-13.367572015537048
-16.910339567759806
13.721262362272064
-1.0733388154715655
-10.439544345928145
17.25672162957973
-9.46425574884409
9.473241066841588
12.421103210872623
8.663655201845021
7.776734350759938
5.422751733493854
15.501673872656887
4.293962109521697
-7.153334415941664
-5.217316835547109
0.49386246938728107
-5.443877813157215
-14.110246953936066
-9.422309485327126
-2.9334415200898754
-6.836030386501598
18.156641829438804
-1.9046126949669393
-2.867927912985163
-17.728237206097486
-17.04101892254904
10.222973370284155
-3.53544798123297
-2.7922290112684003
-14.0817715954474
8.901002122926368
-0.3870197245767031
5.3112581318622
-8.899049770691612
16.183426576800038
13.655984921313063
7.350969595011229
-1.5149526849544799
-9.071270725731093
10.9385606504771
5.814781969811527
-4.332152034399378
-14.000312364003635
9.677359594066743
-5.2736438545175
7.440707109115657
9.82700214200332
9.624363574391872
8.37901213971092
12.18682969950467
-9.633855913745757
13.211856101853144
0.1464170793377626
17.232466229825846
-16.401055780831065
7.780223380051019
9.792781737441274
9.304374642392336
14.762736946413241
8.195163508249482
0.9005422282340092
11.659006945246201
-6.920345146535375
1.5978906143256175
-9.259765122935883
-13.299788642993033
16.211201468464353
-5.170648396512391
-7.30507774470329
10.267481244675022
-19.213884417947593
-8.822283039199075
16.173572885724127
8.289142299356811
-10.422305111474062
-14.359915773263886
-1.1613011496208934
16.141094627881046
12.602578262745887
-5.6736630052931005
12.404065610723563
11.15769241721178
17.9710036969174
0.9356520269042825
-2.1038729792514523
16.067206207454333
2.9155012063789023
7.086128632804531
-4.580445951985981
4.736675346060508
-2.106607962855442
-8.333486774161273
-10.658943563518658
4.532934331974914
12.378490447013014
17.821731581092173
-7.75225852737691
19.13008779932194
-16.370200711876105
1.4087435827234671
-8.701931937836683
-19.572194671138163
4.197033411205741
7.979173240441661
7.353274543905165
19.963735440639717
13.897018471924348
15.816853736643665
-19.612195778881407
-4.80344325553785
-14.7245263569069
-5.122715559105835
-3.904886016903074
6.090172608039637
14.428373957259247
-1.6365672234399575
-2.27844028982706
14.162912650001957
-11.95757747918336
6.873644687861962
16.650334737389336
-16.493260564388606
11.822044463236292
-2.3320675570328966
-2.210666539906981
0.6652004947272019
19.973648071490935
-10.685764338372913
-9.169428752337243
-6.847795827852551
5.522752356614184
-19.561263073506154
-8.813843445230054
18.39706530629261
1.6365308968053256
-7.021722526956085
0.6874203447452167
17.153052267306734
-1.8144389026565548
-19.792827400125297
13.535468414773312
-17.329616510507627
-11.270023836662663
-18.230040739290715
-13.964333694340777
13.164976641304527
-2.219250372107471
-18.460451395826265
12.85188238187498
-16.141648449228402
-12.684405771304403
-13.982668412605967
4.918218152914125
15.81048740609242
-2.5558687397790045
-3.9699432968362522
-3.0768430540492986
6.04882024727139
-3.7923670295184486
-4.829650991214702
-16.89252551356872
8.704077850585342
2.4532549043611738
5.736439202936264
3.3911193529286052
-7.104852811427506
12.944551899789317
8.840573016683095
-0.33742044270304916
3.0235270633542797
6.542477108517197
6.353591180828303
-5.807173657329745
-6.297672750057949
-18.20432320963565
-18.794967084253038
4.000922641717661
-3.607271480993745
-3.9489221683180276
11.146156590785342
-13.54583388889418
4.1549959328539785
-1.9399459120544833
-9.744469071028803
18.29291438123842
-16.145698154527853
7.011694937446915
-4.180068059613294
14.560363786531838
18.143614399478842
-18.338229548253455
-9.676840083647186
-19.682558301778727
-7.146286318047746
-17.066001969593056
16.694417576097784
-10.858426936181583
-0.8093607519012664
-19.328679351401288
-1.7127134501057881
19.602041351804765
-18.376092125671356
-15.654270335098875
-17.65888471668612
0.8612003921935454
5.760064594566497
13.732762403858182
2.534920654582635
-18.691813116694007
-17.71638839219223
-10.176693016540014
1.9429272018514467
-19.47379031188597
-9.583509182642619
13.366178187355416
11.921118343120835
-8.788567657422291
-1.983376732264503
1.0183075315280732
-3.807948919609899
19.886292245913467
11.90426018378053
18.730950621311564
-17.080151797507707
-4.963120103474225
7.412554109193536
-13.46367170659326
-14.959381277705983
13.972519957653475
7.87506907365497
-1.5083434498788577
-8.4419642327728
12.345287326192562
12.899015469115646
0.9316892998403006
-6.949593687209319
-0.18987984054749418
11.960849932174256
10.616371290583082
13.387836974405566
3.6563606898848775
-15.677868758277945
-7.795725000603193
1.34372729243222
-12.629303695236667
18.794394307583786
-8.271246990273307
-7.996961644003747
7.632430149950093
-4.606253221903053
-4.969084804696839
-16.93973427376834
19.437057173139323
-5.638580501167345
-2.1595676529180423
-9.49549292514575
14.553044615861204
-18.227786063436632
2.3216297079528694
-12.442764511473605
0.14068155454536324
-2.5847626109119943
16.346485028758735
16.150199635317684
-2.727052252423775
-12.564515076123804
19.500165243092113
12.747828386696114
14.853041778765721
-8.252589250953504
0.530830258685878
4.230465583587861
12.588746095549602
-18.73027751545846
2.772649074514778
-16.437337027676918
-17.321722766145506
10.02091781440555
-7.47681912830345
-2.7529280726109207
-0.06484391918419519
16.15438115478014
-18.39070578417205
2.063903916253235
8.162085581563684
-14.86279479620638
13.924881443055547
9.796785968925402
0.11377094352557293
-5.8070348665256475
1.4736557917393185
6.018312178526983
-12.475594857757958
0.5993839071021156
-6.937914752235642
-9.482928559872864
-8.579987400034437
-16.069714390218675
9.594371823653368
-19.14927677263774
-19.07440807382493
-16.377708870688647
-14.708321453490885
-2.2637857216882935
-0.09552809449552058
5.769303430981147
-10.24877538209902
-18.197306164693536
0.6172516754082054
8.93421102316541
-13.724029973029346
-8.814917803202702
3.4569992482399456
-8.53737719719502
-7.940168535179968
3.266246814414341
17.786373264891864
-2.869821466951045
-14.851258347067695
-16.66989267900047
-6.22997754376601
10.190650217554943
10.120989726816848
6.680969633513001
10.289844610288025
-2.4508972561371323
1.8478868342015211
3.2395500395520287
3.7927041799648933
9.318739788308722
-17.129028265565047
13.873698924980417
-18.353223720066488
15.86262814917849
2.0832390952735196
7.940703229367582
7.128078908650508
8.816536371377843
-19.01728645190579
-11.821095208618004
-9.320789140007832
-3.9297323098804853
-4.232206636315748
-2.5729824095584206
17.34767144532575
-13.417820856602756
-5.420739149645449
-19.318185535496198
-2.956153256097128
-10.430376507364606
5.405947032870458
-13.05822178488102
3.94635980040373
-16.14585553978076
10.322780706108059
4.379387611233408
-7.7095748918431095
-19.73665820992577
6.667945304636813
-10.994817925380973
-1.813905652174764
-4.582840912557803
18.557564076363327
-12.90189641096985
4.006313708667189
19.08166139467329
-5.90869798548804
17.49766637807231
-15.409012129916233
-5.54577084960532
4.2562695948540465
-8.295486879659567
-4.625790941088429
13.19049682019849
-7.097410226357201
-18.40223143190542
-4.809931778542861
-17.995796618168548
0.5098293216876328
2.8153252086112666
6.777129954105522
-6.173774606610781
4.633314192030081
-18.84423345458047
9.28753239334517
-19.785713792029437
15.81878993433186
9.346707528801144
7.634873011792681
-7.07439470143742
-17.125743281120023
-16.16372092844224
-8.473510554463308
-9.272834433893703
3.1860693022273026
-17.818803795441603
5.583280819014696
-9.352926459574595
10.230663261444953
-13.486608554270166
-19.876796278985935
-19.917785010033015
3.4761301128386144
4.592719731016395
5.88093791893909
10.501436735312815
-8.829653359315085
5.7396760793910175
-10.26425843009827
17.561404008270728
14.72183687723706
-8.826372313772115
-16.32796001070359
-6.7901932088057215
-3.879177957708009
15.220735807350039
-12.563613323348392
3.679226150005924
-9.285956157825215
13.178463715732136
-6.649712099369882
-0.1013852181404431
19.768968426446797
-3.179442833899408
11.574293828784825
-12.271645647180428
3.7935314737036236
-8.140545339680102
-19.56522384904805
-2.269465446769594
13.182798959481474
-18.648510726023634
-19.9240214366339
-17.011443076887
19.12305113988839
0.7555755127330563
11.443656728057988
4.58519030166925
18.556567273821052
8.05120647080507
-14.123784268256557
-0.8520451391203494
0.37329915243519807
-17.91354346585621
-14.602525740414558
15.000342702282687
5.669328826561994
-13.80475299484945
17.435694739800034
-1.930511409512011
4.854466833622716
3.243998281994106
14.159035748132986
18.403526257225792
-15.688518328132739
-2.7383307982188008
5.196458446950221
-14.070367871320864
-18.36797420113235
10.792088230534201
-16.93769848262226
5.137765496417064
7.1533671292195145
16.38066636441328
-18.195749010615884
-12.564711347548405
-7.4663075753407995
10.259573568993886
-10.19501581850902
7.248466668263475
1.790398701964616
-14.50624054004554
2.0898634506344713
0.2961109080927642
1.9428410383371642
-16.676836198097412
-12.249062694858113
-5.579713530942856
0.6363227050594809
18.41423753648042
3.1481296159879477
-8.85988927872081
-15.327154571729103
18.143271443614346
13.850874068339664
11.975274112256354
-18.976744541568294
-12.49083716916665
2.1559362777394497
-6.100778410585285
-15.127565769528593
16.965408243953902
7.142432783157911
11.832327094795417
-6.2561296602721015
-0.786354320764957
-0.4292438994994221
-0.06640272274027126
9.645538563576828
13.68856127080717
0.20614599853887228
6.4117173546668695
-15.887883582940145
11.201875590600558
12.712128663787198
-5.522100699624119
1.6144994743096
10.311187369373997
-7.222451985429398
5.730013508058626
1.3526038291370952
18.122402380209678
6.027744193456243
1.7943689258398692
-14.895215268653894
-12.050462503087589
-14.402524606198277
6.279962594186333
-1.5356717397069488
10.040073592262875
0.7750478720176055
17.307949682340073
-5.879530157606947
13.84235932462908
5.005453792395983
-2.412731141684475
-2.301032893653968
-18.52596292713381
9.784470278384411
-18.846285955403484
-18.21976545482429
-16.101610985729256
-2.870827277288093
-10.892586978830515
0.9813708221017663
0.35470889576942355
17.42143259893949
17.417365829368862
4.301788406799346
-10.546927497776487
19.60554450753412
-14.835419153114909
2.926215638932547
-13.837469220637676
17.55571731572622
10.77569919088559
8.71485498095231
-7.960127465903831
1.1581542422246969
7.197668980045293
15.208283646252532
-4.855183624690845
12.343174035475407
-2.8616317495408268
-14.563308668377735
4.8662658119578985
-9.222132533937142
-6.315594770730467
16.277062715528096
-8.839138487948892
18.73251305850664
12.021644893949272
-8.434999596341495
13.287544194485406
-1.8438224051053425
-12.834396649949111
12.226821489324543
17.291939874662944
11.338214014741702
19.555150610599938
11.938783158676927
0.12052534665035353
-15.71596233520777
-10.396212831033242
-15.302090481052456
4.04133781527176
13.956647314651875
-0.4160296496469549
3.2161883586483206
5.499239295784761
16.429301765966443
17.868740904713867
-14.522915407139951
9.561048300822304
-0.8119893292375693
-15.296062737426528
-8.900564475566718
4.799240421646154
10.119088328554096
-15.298002882611264
-11.634065186495967
-10.917196216774663
10.334628543887515
8.980767643349065
15.402697147401412
15.524093934438504
14.196281281559521
-11.835284933660102
-6.116097388525713
2.930945577613304
4.800561486357836
17.360831150415613
-6.8343276189597635
-16.91211330510265
-8.684239220336384
-6.200416415687862
-14.967173715796722
13.455676639361926
2.2393937317459702
-9.457000317196233
-8.774820637372862
-14.05952456132236
-1.4970473968566864
-3.0696250668891665
19.349443618528127
-13.301256859727296
11.727634104768864
-7.03008790157741
4.394447589270442
12.743994845238696
-13.253627076738695
-9.716799852971395
12.879579859682629
-0.3245914440270745
1.528500137444997
0.0481560761982216
19.01828408038849
6.832324389775849
-2.5946276734121767
19.378911428898398
-17.271653062257244
-9.814571635862208
13.099141439238934
9.554899163120556
-0.24560826724516716
7.048209160455606
13.396260119379988
0.2537794505891391
0.9776365087544079
0.9832250933007138
14.72764635599426
15.842336573023552
-9.125597369339204
5.462875411397995
-19.16479812756346
-6.664979196214862
-18.797703202775207
-12.123554918691406
-8.234041276316756
-0.301529214687406
3.7755696668039462
-19.844285376947944
18.99725322354668
-5.0287847919873165
13.278632748936865
7.4082596827072
9.758551902250861
13.005252595075447
-2.6145885026070275
-18.677223474713053
12.743906686201719
14.827797692069453
12.30665896363297
6.371715858979698
16.813302619295392
10.406914758680688
-0.2683173802251879
15.07566639101492
1.8980089316231954
18.89494807741943
-18.206069323514498
-8.41378934979697
1.706528898859311
1.2415143564684996
-6.973551844456942
10.903364420900175
0.6160805526112547
-12.2307477388703
0.619060644258191
-9.356450530556568
-7.495684152233331
-4.382510773693525
-9.210220603382758
0.7031658390077027
17.46539628047661
4.121843022383146
-9.274448176656422
-15.235096316244924
-0.9161091751572954
11.340613940707023
17.907167704616754
-14.23529187789323
-1.9110501735448757
7.094644160254493
7.788557379420791
-13.317316280299663
11.846805755821595
-15.815292443550284
2.747090495409811
5.004902190455404
-15.833948553591547
5.104616076059369
-13.556792064666512
-17.997542379350996
2.864075072824562
2.3452534359953567
3.428225625975216
18.733050172100548
-1.5703777250083633
-11.133652231857024
-17.984413448542007
-10.172713546799393
-3.6254602967185505
-8.995181516514261
-2.584741997704633
-16.84895588540702
10.639738077705342
19.28506901446392
10.379194214273355
-16.640441689672627
1.5334729780653866
-16.631768125975054
6.867249171772745
-6.0238427327752895
4.568021488180989
7.1046316834806476
7.354829059795229
-4.619750411479032
19.254551078289467
2.9333037787859837
-11.066681607656825
-19.792840007850657
-18.932316803305852
19.6919232311055
5.880152725545052
6.567152278680286
5.505994353033184
11.084979042502589
9.106892581897394
-6.891610784960683
-14.141519084004353
-7.41771058978439
-13.08550834483524
7.927390847667503
8.774386211519804
-7.771741091143216
-8.014354725875776
9.448412818255264
17.048724147838094
0.14580688039523437
15.313506688846424
0.7991095974646534
13.053710751563472
-12.551911763695172
18.109285281095012
19.574246228785555
-10.944623608704811
-4.150868994495905
9.055571660903684
2.6042541651050257
7.211073654789303
-17.912038435803264
-5.531242217602923
-18.243514882721094
-14.162021011289628
-2.80834615685977
-18.638777507466827
10.885823854440986
-19.441036046718434
6.062646795817287
9.69276545827961
-17.66536285925011
19.168709710225016
-12.703554644340219
-2.548852191183336
-0.8928147627671734
-9.833006642528783
-2.401447898322001
0.8151279320936453
-8.405132826387556
6.654654783371484
-10.154588213849971
-7.217703303019668
-3.5249974563586903
-4.329877766956587
2.034394895278318
-10.27681086180336
16.259398007501062
-2.2991625871937273
11.93567395435922
-6.961937431519928
-18.03917308670291
-19.243772030689495
16.923458366835817
16.222986033668143
-2.7714193173672186
-18.15736690310473
-4.167683553790212
-10.008178449567797
19.263290776464032
12.131988851910393
-13.420849987541912
14.523462785215322
2.0805632826867537
-14.335107881686135
-11.046129673084923
10.43583365042091
-7.523030680147983
-1.167442367155406
-13.799656907731599
2.0107488829721554
12.88986351260452
-14.895089148518924
-15.634599191906545
6.590862620293532
6.299962897904351
-14.43203451741855
10.209724860783261
17.92766788354016
2.9148997150270795
14.229928836616494
0.5916139034298773
18.53073621935379
-11.951036671049344
-0.35605709049966094
4.866387503683068
2.6018361709857913
-1.1599718496219396
-9.662826393457777
-4.60692396751401
-5.677367068441317
-10.65747954484002
18.478429580642924
-5.876293265868643
-15.254092452804052
4.435352673872266
-4.316376244926218
8.710345925127918
3.95962791127306
11.420869890058555
-11.89110031703616
-19.552739836107275
18.469172638706254
4.04527378020358
-6.54867514590515
-12.70116943260524
1.4821225491081869
7.633906064332066
14.383658830320698
-18.350454722967598
-12.975676021097042
-14.820470578012737
9.512467588560085
-1.4952834610060037
-19.221291931351978
6.191168696467059
-10.376636974871438
4.7779253870979375
-7.5493480249239795
-19.259365207592953
6.86331266170523
0.2446668231534268
-5.0552503562065
16.424485480798012
2.1376475943707476
-0.10097843335534762
16.594624074884187
-17.27056504265105
-13.765381750050443
-9.119831504625079
1.7827737576967486
14.523984741482167
-18.513898162688815
-10.148884051005588
-12.049225799337396
-4.706801855553753
-11.524925751055193
17.573190801284227
-15.93903650592138
8.329478359392844
1.252830761838041
10.516705199167966
-11.467251227387134
19.414258411225433
-9.803561944855241
-18.82942783600957
16.43003511875154
3.8211354018924055
7.600488988242478
12.446119022119376
-10.785610731534474
16.25637580778156
-4.66987925337197
9.878666748094563
-8.552759652121654
18.407219799457692
-0.6450046950978532
14.540138699095252
0.8595228280959297
1.251157232964573
-15.476250592207341
-18.29835796660914
-11.542954196236156
-13.261832270207329
12.867756141451999
-14.863498834765071
0.10733258266553491
7.613129276904193
9.77815317526818
2.7275044340339782
-14.580891225373085
9.348267267697274
10.284096837292537
18.503107469398948
-12.319439571276982
-3.553993096818509
-18.046161507474242
6.2891268396219075
-5.280978370909789
-1.2802823092312536
-12.980903050841782
-19.123828292068644
1.7347391380464146
-14.27534997380615
4.432295029215648
11.051828048556125
-4.1553961797971475
-17.888998805513253
-10.562409769616714
-4.427445376108739
15.108888842003786
6.108772403322632
18.746651928791394
-18.45179420080104
-13.120583974466271
11.754647143414395
3.535486838903701
15.833109288876493
-17.78754073045213
0.5697901659423188
4.544171526469892
7.804971029007017
0.1565501070695383
-9.82834865376637
3.5006736890475274
-16.4022195425791
4.962899457572398
12.072602395464052
9.30980180917157
0.10151428633463055
-10.428543086826018
19.496710128281535
18.249811815426284
9.357854021541534
6.717984438075305
2.197665687613707
-1.0569245015698634
12.963740666687059
-2.0070582604533804
-12.802932203903922
-9.527186839589486
-11.754273084012095
-17.417233397429392
-3.388375868264596
2.260431231540583
-11.941424984975528
-4.847385786187278
-4.996837691499394
10.93539871930339
4.2828686233532665
0.01023036780289388
13.68571016423622
18.544633251542606
7.823696936934546
6.102309744085179
-3.4509135906427915
-2.531697594327138
-13.029491398523266
-0.7238530361947184
17.532915161297666
17.802814504758032
-8.935582723315543
4.43485567782561
7.671939079403099
-17.20628354721455
5.442486356921947
-16.505929858259044
-18.47108345908947
13.570021963592424
19.51425826511879
8.181555604720323
16.957326407616634
15.96945737053423
-16.042646935855057
12.79120584930925
-6.398956737282289
-1.9840512133489625
-9.737285246133403
5.495743204207123
-7.925073308926912
-5.812297133236456
-8.78553191146477
-16.892839303077217
12.593717834838706
15.271740508988813
6.479693974087958
-1.1555551458190116
8.568623203874616
-19.047796262503773
-13.715385489419894
16.15414647905296
8.87984515132338
-15.450002629271161
2.493539267973542
3.059805723383878
-7.198316795162697
9.16909855705228
-12.025387402194472
17.073020590060338
-13.333465538199864
-15.019619206278637
12.101811118599556
-18.76120942421728
12.850578288700511
9.806286297836387
-2.3804422065300166
18.19472885856819
-0.3341092961757006
-19.206085924014165
9.28638373490745
-7.655956162417237
18.232571495936924
-6.12362742300672
-9.276859582840057
-6.887820927577767
-1.939610932862493
-8.198243242255657
-19.20818504776948
-5.668685391900921
9.65351162640485
7.231098151282666
-14.297145086269921
-8.055350371007917
2.51224070879114
7.457759179413067
11.87460427059488
9.295020197667583
2.8029065900396404
-5.61008968964838
-10.633813414305191
-10.092885712095603
-2.854817392366776
-4.365320958532033
4.185508321265633
-7.025512908447453
-14.247302214959445
18.43219077896753
9.139336491096792
9.167366440977858
2.3450279464836967
5.852405736782099
-9.863262321411227
19.065072525768933
-15.649483298212576
-0.3079715645215906
-3.904414573869772
-10.476677766582704
-2.594928811705806
-19.28277541438776
1.7458901918634417
-10.25988140591057
-13.749422114787668
-9.196320123934964
14.336059158172993
11.535665310820782
-12.744791899929107
-19.2357992217759
2.0627767705705864
-2.069057976553932
9.05369824576458
14.669496473490526
-12.126556313176842
-12.019853290215892
0.8242699205028217
-6.560417188568216
18.637337394826588
16.44759440054584
10.549109528087406
10.100271580208627
-2.7474699402659333
-15.965376463583315
-17.576025853042424
-7.183566095132349
-9.869477222834089
7.011002239961567
-6.068777199522625
13.368817637320248
13.785944522505083
19.4472591404556
-1.528918215478324
-1.9223532430967474
2.157767976528561
-14.289460939475912
-7.94156978197357
16.205580036820393
1.6342502542177044
-8.379583810151999
10.728515200363866
-16.50026358171179
6.075276564850633
-6.793085046209475
-9.275663556574978
-10.463542140247931
-18.293788421038478
15.979369886957713
7.179584315890569
7.237224510189343
13.786058204861384
-11.56896779243105
1.6720760703118351
-11.24419635193795
-19.2647012936793
-0.4339864271305274
9.6551180610812
-9.976008663651573
-15.002475201399413
-13.75505196650999
12.730288421356086
-19.111162659230395
-7.3751155569044755
1.2701715598727148
-17.739495537398025
-17.177549928186533
9.773689765637275
-10.668325540357234
-4.585422967729178
1.0240842610637912
3.846330088300469
4.065821386251329
-8.059166588500872
-1.9283024297345506
-6.507205345652194
-18.37496786500391
-16.780599196416972
-5.276876339351432
-13.186810699393746
-14.28291016634434
10.060275740920382
12.386027759640136
13.480180342048385
17.810711712863714
13.705551548544832
12.937836724566992
19.44958256561125
-17.456394598029345
17.338219216726152
17.26238346670923
11.93232328965292
-7.672191123131862
7.924950035818561
1.1442808740851476
5.422223014545363
-0.4188196868444507
16.019292707129708
1.46274205397496
2.996351684510973
-4.026123120920392
19.63609577219868
-3.0679384917970225
7.311859688643686
18.433520140085257
-18.77963332717777
-10.686017068441114
-9.281361472796409
10.092997535174554
-13.942509979715542
5.6869796227896074
-7.454832206096427
14.542817093509711
-2.8366620704730003
-1.4320985959421826
6.584655259470935
15.156631214201447
-15.238962662147166
-6.752171508433351
-14.191381071722189
5.799904024847109
-17.15550526105539
-4.002709425809861
8.54406094984894
-14.248309924439821
12.673147868916288
13.051269150257298
-18.521923106265632
7.580227245408402
5.8872146727862
-14.063872418655802
4.052860270962881
5.053604334198706
2.371056428835338
13.817003438477762
-13.903215977918482
-0.07200820145770948
-16.709703642370194
-5.161063690879391
-13.358998633822225
-6.579920324264261
-15.697779883294452
14.512258468738281
-11.419557576010488
17.763408112338574
5.34871156700218
18.71912008947622
-2.567205045663812
14.206800203378101
-6.406340605201786
19.5089539567796
4.841060589581403
4.051775627588103
-11.892220805710156
1.6885823914001428
-11.1814024348535
4.860482030714071
19.380272376846023
17.098299752099628
4.849189364070348
-12.480588645948467
18.987040663969374
-8.242449861378617
15.035314106180614
12.34418131077976
-14.727827210595459
-13.625843951330259
-18.337174729596942
11.02659719635577
19.41314599937953
-13.67442216852249
-9.747429718414743
-14.294043418859278
-8.776806006523387
6.389245893181723
12.329243734374728
8.19105947598058
-12.943583872320787
-11.50924599615843
-2.8509946046418513
14.325295661028612
19.566425219906833
-17.4520006995416
18.646226091520994
2.4297389947501635
12.230561617512322
-1.7400551239812536
16.21857962573725
4.30341475849939
-6.900222740906692
12.823925666090403
-7.197512762090582
-17.346844231701986
7.316911527922919
7.22471734900212
5.21207146751231
2.809665988604607
-8.711746058999186
7.492703721038506
-9.24718630169445
9.23282696971419
-10.048673005878817
17.36723959920043
9.937416917696464
16.844402795600914
10.401483884214887
-12.592507650627818
-12.63446683788914
5.976212516444242
6.869851666304388
-2.4493823178615273
-14.8134047950693
-16.565541867890637
-0.966576632890078
4.566686492193597
-18.608586380846596
19.608777075127918
-7.119330812290459
-6.060726153062328
7.134838224403577
10.335395028806932
-2.3214758740788533
-0.33390617846239934
-15.88585550039451
8.660199180724597
-13.854584727671085
10.814177234657052
19.327144107190186
4.464236694669154
2.228986489497661
-18.291577556956472
0.9056853828144149
-14.01445665373933
1.9686057823450227
-7.386178743721828
-6.745547985132955
-6.987111612865139
11.100136576354046
19.554919994115004
1.0269796404917422
8.190081082771641
-15.909093069320498
8.324404063534136
-13.53939418411278
-4.311039195101394
-16.140187693143343
18.959772346017814
-3.513264730772736
15.327505735010092
-18.775759934553548
-18.924812308699778
-16.1487008508087
-3.30829441517265
14.800438066867542
-14.302934730733433
-7.2426416614702624
-6.77042483287754
0.9720535001347841
-19.15816901065796
-0.49641283649497936
-8.884865710530004
-9.423465058038731
7.330483492404785
1.8583694349660078
-1.9394643375364886
-13.521498932237561
-4.553062939804873
-1.342438823324894
15.687021440079562
0.14223750224252996
12.819689013087775
9.575526131097213
-17.79107768219547
17.92241093680903
-17.991551925193736
14.07345075996205
5.782913052295978
13.546632212283441
19.411705659194965
-9.959658968650773
-8.625450269944741
-3.075260842051577
7.176943927058218
-1.8961405346989402
-6.341016276610482
-18.14423847685986
4.362155762041521
11.634876268656278
17.168339038149924
14.24585480123315
14.377544404540679
11.904483172245413
-3.0620591468546046
-4.123568859507319
-15.947403468891569
-17.734301311832134
0.7644867296173494
-19.782321332048735
-0.6042739477624828
0.2666670657380301
12.332212579893394
0.15127374348475797
-14.919700270397275
3.242262053308636
0.8000743765895919
-13.393532868398946
-10.860298733394389
12.935444193260636
-12.393200103478934
14.965230595079582
-13.432053935150963
11.499778296316563
11.813184737264734
11.027662146092531
-17.485104991254627
-14.479866168733961
-5.416931421267449
-9.52459862895302
-12.846542260440913
-3.554819520962326
8.656070812118411
11.374134735404251
15.069195328482941
-18.877785937249037
1.8435902202737289
-19.93197774770113
-4.443999114100912
12.730467880803886
-16.217754241143567
3.7129022603662065
3.5803508756751903
-9.934484772521031
-14.38535139736608
-10.401303286748975
2.97236110704306
-8.611786434834086
11.867077924971031
9.543205033104428
18.51856629426066
-18.849471959058455
8.039326639311724
11.687481834908475
17.820527507850926
-13.647411205162573
19.103828742416873
18.956859417815537
1.134522026227419
-1.3440863401798673
15.159835917331876
-2.5968668550443184
-18.99472342673939
-4.952041014062045
11.970252619175188
13.552805049149981
-13.229470524267683
12.693856551710134
-11.08792857403583
13.89601946453898
18.17769788316467
-16.94870428092418
-0.9255003382776792
15.101882244307134
-12.812809901860657
-5.040790847059267
11.378327150855498
-15.55857801050102
-9.277622952507599
12.236356370216626
-16.524409909054242
2.6133557435221633
-8.081927085136105
-0.8977628876842942
0.7382409080352268
2.1860732230869573
-10.368228811282766
9.92078526561128
-14.076677825683044
-13.108505290441194
17.375958266397376
-5.606059725964489
-14.573011228640791
-16.952249666788134
-8.403206948269354
-16.44220940949845
7.808345836721976
5.271550225774568
-6.2648176807326905
-3.9062866911031477
19.36421134576785
9.837759681925728
-13.493132789333595
-9.603018640048973
11.965402503907011
8.196480938124026
-10.546144537067548
15.885310362981457
12.334978870378286
-15.9240165171751
19.186455484235545
-12.981232913488405
-16.232285575545436
13.613118444256862
9.413753977708524
-9.856130288695223
-15.832146140295848
-0.293824577682674
-12.292340149048325
-1.2081663870742645
13.084347722121493
16.924991542572883
-10.479588423482644
16.36304230332574
-17.246493862370396
-10.664422367297135
-9.599552803258318
-0.09846548595571747
18.39401986794754
13.088663205944172
-7.516542798986144
-9.708868003314306
19.201829070161544
-15.771332967488423
-13.148472473381752
-6.483110979919733
1.426061981144965
6.150049439674497
-11.275733786845512
7.807003829520724
3.741370901264574
-3.5172351712880285
-18.769714324555544
2.303130834798747
-7.979977495819268
7.851967405301696
-2.5498800298223223
17.73114845620075
-19.781795947930544
-2.831482996018231
-8.363020860782067
-12.42008756602524
-0.11562479549597526
15.285181304590452
-17.667961056766288
-12.574826168131455
-15.30965540670715
-16.411261417667745
-1.535512871780007
-19.244408297401264
4.697793500414914
4.837613720589069
11.241439874094286
-7.406257255512475
18.198409213233965
14.098919629035251
-1.3922509496035964
-16.97142924876217
-14.170396264694475
3.2308693401494395
-4.414498509665803
-2.5432813365518605
1.9753956769712318
18.66234364010674
8.512529676353399
-11.173341723860869
-7.912669429741431
16.752676890376023
-10.469997390167865
6.887968168980301
-0.7766026625327669
16.64250032221682
-8.451916556083514
8.813564514825032
13.812365084023114
-10.15181167884478
-17.972614112673906
-15.378031601933785
11.435826047505643
19.149207003784177
19.46893710467741
10.93045795118579
0.0679533189559649
-3.657570318096141
-7.001213480098416
-2.968176413564244
18.041214971208284
-10.099279018633268
-15.92131486308694
-18.61562523293028
18.783267342342057
-9.912723671234392
-9.474080482012557
-12.356621384579022
9.822556289685707
-9.194344136268997
16.101337812227378
3.0167813665895373
-2.4902148826468107
1.7941509596898264
9.321190058343355
-16.764989917812443
-19.184478732042546
-15.711205346337538
-14.573799427776821
6.761816415064903
-7.881234791230538
-6.715356276773603
-15.314906028846549
-15.658275859253102
10.476325189390245
9.218505287444131
15.845231692178402
-18.065235802583732
7.316836389112069
4.065709518112769
-1.2151299280128356
-2.0451707077727797
-6.184096939927887
-16.732561873247406
-12.398441697883943
6.8222223747930535
-3.6539119195414536
-3.0275936655902953
-9.69793291703063
-15.807477054001563
19.596632818686587
4.042733420797688
6.243742706347547
2.3528244407115118
7.9382089172059445
-9.953889571920715
17.340097443612017
-6.70460166145476
-14.329082198695025
-11.806426652501614
-3.0013870068200568
19.69682232126165
4.948724646732078
7.024187253646783
14.048639472353564
-16.60808243668937
-12.94471530514591
2.7319931499095027
-10.686257267700864
-9.090896310831535
10.203557130668077
-8.621105666227518
-16.998005931344075
10.103529543298798
-7.627645444473075
-9.112863554422601
-18.710387027640966
-14.652342533648799
8.615503040489784
13.776140296320094
2.692062668046109
-19.775885509543052
-19.141857612046213
-19.322183642494004
-6.413297516116572
-12.715281890215095
11.398386455192579
16.307138534961567
19.45536908673955
-18.197017580369412
-14.186247614984552
-0.9790729826786873
-7.105984138838487
-8.89065547127875
-13.9307528456699
2.7828774127577276
-9.268993685046127
13.147357177295433
-1.1471285689545354
17.800210677411187
-9.354389260818387
6.256913972721701
6.2066775133041965
18.742393061286833
-16.408683451357295
-4.37669550588863
19.832737217556506
-12.557882635109614
-13.924354935831008
-0.9948535891808739
-14.043208739468543
-16.178496688170853
-4.4235371350301165
5.218340052269575
-6.300426945497129
-4.810323198724804
-18.890689377487586
-11.913470373567447
17.628396907720926
-16.04142444188373
17.077291282497782
3.7008447865118335
-5.764909142023825
-4.191148915803794
3.7532226741745056
10.767336315756893
17.563144331046992
9.712789757737042
2.753961479621978
10.761847765705049
9.524399198298639
-15.94325347266835
-7.544286879658003
-1.1917307702432858
1.4595289882889873
19.08884850958539
11.24010169912787
-7.257444277349654
-19.07623224060531
-19.673758145194395
17.162402438887064
-7.129381079532241
17.99728290601461
-19.303747742243736
15.741304771182875
6.262262188922936
-12.993751001045894
-2.867291330283166
7.391367948377074
15.332727125991525
7.9297989477355415
-1.076551202462504
4.142369077994772
-4.03003758524385
-6.627317711294761
11.320178150641684
-1.5140520605922312
12.209378346246943
-12.69968713375322
-6.864214447907813
18.361716785019205
-6.470302831491846
4.819630274621289
-11.972744769140554
-1.430088599119884
8.755256956214275
12.934732178356874
18.241431167231617
5.207220768321001
-10.196644809510502
15.505606807054583
1.5737578196025872
-12.757080517430307
19.732465048308477
0.9470230940364601
10.48396624603295
-2.4125275926535608
19.674277495621915
12.382792479786183
13.534274477729618
1.6838103149195973
16.371534889559015
12.594166641088826
10.669618022788168
19.639111721344626
11.025741640513171
2.088423295766127
-8.409559421296628
9.57125120803122
9.496792789417
5.028184410727455
-9.42430791473531
18.347358695188603
-1.0551789118801977
10.776876322365464
18.124835488098874
6.441419288853197
14.842423281227973
-6.307472800488739
11.22637844910711
-16.14660838391051
-18.620491310892483
2.7346950536609462
-18.782484113289225
17.641317294185292
15.617105127826648
12.800928063540383
-4.366194707339073
-4.160048045242682
-13.529628148116881
16.878099202817708
14.13947878112701
2.057633347248359
-15.605207730496925
0.8823464361329485
-2.8761283018172676
-6.819421060767748
-10.373069951937687
-4.802221182157446
17.589998999283054
8.70604698344583
13.793705363019555
-18.723255692619517
7.618532064130221
13.790082621873758
10.965722109055154
-1.5655752798484812
5.394308776042834
-7.284506950627193
-19.06698826317893
1.7076890336124535
-11.765147022240887
-17.314469242639134
13.832071047584868
14.862251535829436
-6.048885862982951
7.611056804297828
-0.11947665784758144
-15.079315168207472
-9.44858416054775
-0.8417387716944091
3.147175268921899
-11.743319744833247
-1.4280752764333968
17.76990742844729
8.815120357725156
14.500364792065845
-3.665313039574123
5.652955477092874
-1.2827653226167648
15.828584808284575
9.939471896357958
11.340909551867384
-17.559883604655727
4.135636701371624
-14.211766374717051
-11.082419411615598
-17.234849278321708
-18.10667746661444
-1.7786219469590492
11.5646828133336
-8.44452763332258
-14.72445933963224
14.546248053871047
-10.668074276190392
4.057211838553954
4.352548491447656
19.89157994779803
-4.257924000806161
3.809889744998088
15.598933012176246
-3.9927927274099204
17.40746012668712
5.9891842828138735
-14.17229381196098
6.2055648573463
14.805700579387128
5.739541693466094
-8.99949367029567
14.045191563558717
-15.244305978041677
18.72183533232632
-17.488045187564172
-4.03757806434205
17.669061841679998
11.43725080840536
-11.73685018625783
-14.004516406219146
1.7693878999781951
-1.6385883993369603
7.406102513676871
6.49580864175736
4.073976124570748
-5.03771729816831
-11.132939255817828
4.656373554559991
16.330855256642664
9.025974769362513
-2.777179255262343
-1.2275492446589453
0.41331423525012667
12.926530615151442
-19.279623514578248
2.2922101004385063
2.9636278935390052
-16.97874463127688
-6.987996921409842
15.940533171563864
18.688439007038042
3.642987279966242
5.427895481889461
8.902502102448562
-9.728295605787597
10.09877538844012
7.240225983031827
5.213518178707378
-5.732847549079061
-5.6193230375890835
3.0408112451533995
0.15882873533674058
-4.954592068532939
7.6767810364159885
0.8216022818654167
6.982788157412667
15.602007465415348
-16.17005423713231
1.541611951379302
10.982877665357066
-19.740088968941706
19.012617884772467
-6.129424515677574
16.408792953155015
11.597775025131188
18.54329089808345
6.782764956327718
-3.3980113395746017
16.23877434140733
19.547734064766928
3.436398171700663
8.727698163700637
3.071803024029748
19.770872065907874
0.9301279306686006
-19.396651828667753
5.986772945116034
11.40683191675858
16.350851848655083
-11.310676252240635
-10.580295779533856
-7.3170706067446325
-9.45972480873715
8.402268906473065
-8.091357390958201
17.966733322194827
-16.548015072506992
17.46217753134325
15.599384150613318
4.8233592310441935
-0.3109099819205383
-3.017214837774368
-10.426847293365915
-10.901281934398618
-7.239699569801669
1.2819833230435727
-5.628181584272504
-1.2590049637360359
-8.43951567380894
-3.51488555708848
-0.0046227137288852305
-16.408185820255863
6.373994384012818
6.80397264088198
-9.277243904202578
-10.072148132702218
-8.76314671728123
0.6386371399138078
-9.566549303300192
-7.0679081613644446
-5.456404127383108
5.217132198299655
11.704436559110402
-0.07166940772463803
8.765106871776563
-18.4888601482092
9.441242501616308
-16.05474526852219
-18.008721377703534
-3.5955701921408014
0.5087441638967825
-0.9833804566659943
-6.914790250285257
12.560407009756588
11.408254322046673
1.7277817577329913
9.502771554371243
16.903918884767357
-2.4850036111845775
5.209005719702983
-12.061773661152323
10.00585701136297
-2.1832831288817616
17.95161115586039
-6.199135625451714
-19.65088243481629
15.922574103934586
-17.702807073822466
-8.07582621784048
11.536201450455444
-17.101847656932428
-16.786072458912308
-4.7744748802186585
18.22552241901292
-4.3221768094620785
-5.174852473105842
11.045210481584952
-15.346112012904985
16.833755538192634
-11.017649587364623
-0.48646455237587816
-5.684869800715333
-2.598746391662182
-8.783027914202002
13.001780940169063
-17.715107248049748
5.975226114448841
-2.8536932051664685
-18.713761869568977
-17.751918156275302
-17.884376777051557
2.2491423306098746
16.610640160147383
7.059968911063553
-17.31510531249195
-5.686403187016843
-4.486706853216948
-5.77080909462595
-3.1148011256293415
13.717244693300195
-14.983723626821753
-18.921213112496382
16.225441043406413
-0.5674275028287781
-2.8776816762491677
7.791936261678025
13.472287883966928
-4.667344479740851
3.432333017511393
-13.852544313774754
-4.034131011305915
9.918507585711733
16.836599869527646
-0.9667337686123112
15.182735778405878
-6.153763318230293
0.7752239301232322
2.9209458024458215
8.436915738138069
-4.466300156539781
-13.230414222813351
0.418461789222512
-5.813344548779803
-8.62427071616288
-7.882505873053907
-8.1912402733624
12.555404751716253
12.938137599522747
-12.399005723713291
-17.599628991623206
1.8373313231196917
-12.240299079621844
7.46807546898831
11.225818534122475
4.587169036810312
14.024928366326591
-19.348851785654176
6.5991611505840595
-2.2075659368310667
-19.195870240757205
-18.385211250395738
-5.011922464287242
18.156430113094338
7.357960109674124
-6.934903614890523
5.412234239040373
-8.141694164618256
5.5094930091595415
-3.342995155743587
-12.037490731621464
-4.037325147123298
-0.7203001468030088
16.54802353558314
-7.037131951995201
-18.949789205666097
14.518513489293454
-16.205536729337734
-1.4416618124718141
9.204183758375208
6.811743678137216
-15.046753945196958
13.061147126776575
-2.6773365858693126
-19.957090297291717
-12.787778238177143
8.996571705656507
-6.873202466062738
3.811003831956789
-15.386289326000394
17.347623365851106
12.383135124572547
-0.39734183151042046
19.65664719154416
-10.393881430149317
-15.273925809134887
-17.48145581805813
4.4802355144209685
13.338507918025066
-6.232828269929417
1.5883291322614355
-16.519763826117355
-16.463233541763778
-8.602678178626078
-18.129633695695752
-7.771908802006857
-6.7847026883787755
-15.21040732973523
13.70565342628413
-6.558271167617793
-18.04534143002678
10.009576784913875
14.226792686847261
-19.11102963334524
6.033224035490999
6.792474803349823
-7.43434037978532
14.201981578740984
-2.5227864078689777
-8.72749044488418
-2.4649125436329378
12.59122159706451
-16.163410485390326
-3.9462724993928973
19.4585883426184
-18.075023114466447
-8.295075969966934
11.486906789970078
19.083320827779488
7.11395300997571
10.762567594540094
-11.433562699992649
3.6315743147690647
8.586024324894225
-12.229070755468374
-1.5206984993099155
14.40108259102351
12.985330730881685
-19.119771655413878
-3.0231110695853793
14.426474595713252
5.757964889039787
16.844254540091967
-14.59492772258114
-3.4591603299471316
0.5812940315882678
13.42523174265618
-15.470340039628248
18.28792024297376
1.9194649278160298
9.886195325335766
-4.0134806098759235
-8.162599860849426
4.679388548439501
0.6971972225416501
-13.833693221433059
8.71172036333434
11.550087001240481
1.425725735590099
-13.82480147070968
-2.6616376648340534
-5.4554147624150495
-15.5095938963969
-1.8417854034538692
-16.937244044351694
-10.280866523187623
-19.88655007437901
-11.590754360204079
-6.717379961595853
-0.9981049575859338
-18.35424713688168
13.768264522688995
-18.36552312364457
-4.174756229068715
-13.247910471239193
11.675343662727098
-4.39092299385457
-8.54350287447959
-11.246501036432353
-8.485892824649927
3.896693968057143
-9.954515231100514
-2.8074913868557303
-5.717193292716418
-10.870442158919683
13.452171337574448
-7.759028508347225
-11.81681362030905
-3.15616133152243
2.7806356363865703
-5.868555425727106
18.884625002891504
19.047325578977876
-3.337614760650702
-17.18785407647282
9.77705242549004
-3.4730236003912935
-16.87696684571859
-5.973798619600945
14.411406296311085
-16.126330479796067
-0.24331399084723415
-14.611913822445457
15.679717220636874
15.361647232560365
-15.770426197821262
1.6089395962945616
-4.966008873636305
-7.286130880258277
-6.755537421207606
6.152863446301382
0.5978484505139647
6.589829471694895
-12.957867732398874
8.791856315584099
-16.53475199176476
14.890300465305472
11.215816587376061
10.395266537584344
17.182719965640707
-16.05657855760174
4.692106952666926
-8.743457908566938
-2.352530128850617
-17.198060598615747
18.686208342719382
-14.97183120790243
-4.611777681827611
-4.732846883595322
3.15315438620312
-5.119117896278901
0.4855976003086653
-8.08229480315335
2.341656333312642
12.22316258328133
8.534091951573437
-12.600449736651381
13.434890545052134
-19.022534785088062
-1.3437860080887454
2.707077535346265
18.42724995104802
13.282371211006463
-13.800293687794824
18.65006611431218
-2.2341236279120764
-15.632471612163847
11.539761567700069
-3.1824335113790525
17.109419187297135
8.56658018227812
-10.50981242152031
15.609758673218494
-6.450740394539718
17.116079671552242
7.805409589610232
-0.9274495473523388
-13.007979091947028
-14.995184287119105
-0.9061370314458301
13.420561911121155
-18.86002458049555
-14.649619144763633
0.7555520891405578
-15.59130783423659
-6.471303294757629
-6.9910559175213205
-17.376122771832346
-6.718245665662316
19.997900283458335
-4.972367789611392
-18.477767657731636
-7.648351650466395
3.1762789339815143
11.70557408386692
14.322727890787121
3.85837590722403
-0.4137587298947487
-3.456305246736733
-13.929523059333624
0.1216551408245472
7.037982158823649
-1.5165310211742238
2.8355978872669
3.3526229560354466
12.842512030531125
-17.569360940322678
2.260339502213526
-12.877720785852983
0.8097524031597594
-15.212877787226615
-8.990327812059459
-9.891723817084014
7.790937519695753
-3.299714294004282
-2.8696732333203023
-1.9053136915573035
-2.0558957857383575
19.381024910502134
12.697747987330878
15.691703908271478
5.612776337140769
14.94502781430986
-13.215974152296287
-18.682564526567273
-9.043143483449105
-1.8609205313410655
3.2881838214322165
-15.91837503987155
-7.794002274215824
7.761144276987778
17.571675087367453
3.078546809761413
-19.33788448120303
-1.1480987691704527
18.36522950546218
8.404410525985654
-6.968450073434322
10.871934391953797
1.6921438692009438
13.968122091594111
1.4211475149860284
8.40333696467496
5.935586767457583
9.76261211741135
-5.159826474288147
6.436641618686284
4.547053932512419
-1.0453978892980054
15.148875393514828
13.760029366708999
-9.300399542824902
19.346756363957795
0.36478933780133005
11.692986570452693
-16.906969655982643
-13.19822794310511
17.74462673668699
-11.225781942493454
-19.203386271948254
14.750013991641666
-18.172320265187352
-3.752506362844059
1.1283312332504067
10.034006397561313
-14.2999512823619
-1.4687088244565842
19.185882296490263
-15.16817315558292
-5.788157486016981
8.95008277344484
-2.684606482204771
-5.358485317882774
8.290407381797408
-15.996302808658083
12.874219214283464
-18.79195397603844
-3.5991053063180622
-14.640223146752689
9.274324462371961
-16.801759610760143
-10.618011272125454
-12.486770346309314
-3.402410661286069
6.533048327904986
1.1209217500759614
10.857466835807688
-17.593834029841307
12.7212070942345
13.219570478944455
-11.4205316763183
0.1426740639728692
11.851039701390853
5.322271637062919
-5.28461838373682
-15.340766010260957
-3.9404753068099723
-15.590307619611625
15.691509954524392
-9.693110362070612
-4.8393880065400054
17.139216827069134
15.526720568451275
-4.461830038735698
-17.708287363627374
-7.780024141212287
-4.26397747290547
18.80786737722054
9.46960759064801
9.246782565776961
-7.145445162339538
9.618387019530118
-1.8927550396738937
-15.735715092309546
8.342822614285392
9.848065081266348
-2.401572180467145
-11.474390486528062
11.191989250660392
19.681333657274536
18.48211032663413
-18.57467751287547
-11.812884884979793
-17.02654451692515
9.213336454287443
2.0058803489336228
13.847542540907632
12.667994616862444
11.757276486449534
-15.893014319890426
15.076480368612629
-19.961180000745586
-15.315858905921566
-18.718988798091143
2.409394192038725
12.98659893996583
2.3976733506294607
-0.03459869533552151
-1.3922237961