6.648496344948697
17.30407036503636
-16.439084761681812
-17.16965575939888
-16.448783692567805
6.515226681194758
-12.466301206485877
-10.734168952576187
17.922523589103278
14.23950898494877
13.523690539503228
-8.80578187888231
-10.51856592045116
17.299705164356595
8.294030400029236
1.4986115116698357
16.214398669181783
17.9935449834884
12.347701993461683
-17.33256076769004
-9.625887960373234
6.12638481231383
2.7808278939750366
-14.707262074159448
10.23341765694716
3.1450425782492317
13.844295229717261
1.3062833362535997
2.973299904438086
13.008132491618966
-6.332244210264459
-0.2666889695927921
2.492232747881829
11.342075484222157
-13.64056007724162
-9.309332228400326
-2.5959175210499232
-2.424508988331773
-7.594937781285882
-8.18636005661904
1.9097217196416558
-9.042801208512653
-19.07397848325967
13.393014255089469
-16.970029666133712
6.184401544765205
-8.717014144903938
-3.67530606442039
6.309616266979525
17.31804709262296
8.111373972349753
7.172026501545314
17.716028821536398
-14.38414220116217
-10.887761595195897
-3.808353022141638
-5.1067579767108295
-10.692088361137726
-6.988112140721716
-8.143751204844003
-3.911552216170602
-9.685043718964707
4.504358426489556
-14.333025867475474
-15.875231895291728
8.779028785934017
14.498740712526697
11.82630632499685
-11.151947236349379
16.235976288574044
6.757643581955534
-11.27274130880409
-16.08037853480066
-9.379134740503122
10.488696260660475
-17.756311084869605
14.85556242265615
0.7733345295572889
-0.9866335873374155
-9.995933076316184
2.430292945722222
9.559213285859485
-16.01652284951846
-1.9171702914288105
-11.031725342308993
-0.6047233708771138
18.421380301681793
16.849695559427346
-9.98502474066485
6.407771791756591
10.150819993693379
-17.189750805758102
12.617113585563338
-16.786854262766283
11.859121232231566
12.616029537960607
18.18998672240498
-2.5515890831579604
4.873363253936191
-19.660406219872883
0.6152964441240094
14.009054635809399
11.846539078683659
7.547329316025362
-13.1233441811419
-0.14973303622726064
-9.296586919938537
-13.380447318696529
-13.595210609623404
-9.851342467755329
-1.8143217148241106
13.496771147016965
-6.035125974674088
-13.970964622420219
-17.492708112907565
19.138827016338155
-17.64519952686988
5.182678729704598
3.586754580434672
18.443972780290224
15.362240478961553
-1.531215364438573
13.120682691973592
14.469450925465942
-17.90999255952132
0.5740478788991439
17.501675490343672
13.145266671202094
-18.29615989628958
-3.051289322380274
-16.990820437256012
-8.454490188591105
-5.1303039526572825
-2.853647439443886
16.630681553983884
-16.506622093505804
17.985095978974847
-8.729263416555458
0.6114766560860545
19.186059526729082
-19.529683500157464
8.364463263494791
-5.302444495829022
-3.9395042697346057
-11.171185177759476
-10.679409231926495
-7.362851423635174
8.30143669898689
10.163925015699675
-11.687910411776873
15.933384331335397
8.007821246529975
10.951238691515588
10.424780787327158
2.546651132079326
5.942417031094415
7.887272554662658
-6.506768134232477
14.721229388376983
-14.086047907220376
17.385323270050094
1.013321798628482
-16.704834243999564
1.9296821166789258
-3.0885114718425513
-12.050860139329549
-17.062465241200382
3.435756906806745
-1.5668224240729565
13.00832919564624
14.775973589034955
4.059293655415075
-16.005032918997646
4.91525526788125
-17.553311198898577
12.651570125666787
-8.617398288128904
0.04122532141943225
-12.445126360497664
-10.905087969695352
-8.385879837631638
-12.922094429647482
11.517449787454069
6.436551061981163
-8.149984458608674
16.93326126518879
-7.46371374748923
12.951441538095068
-8.58334186557451
-12.467490632473464
12.628622617723451
9.763850952297794
-0.4983400949158039
2.436909697640761
-10.906650342339418
-3.490054689259029
17.729629872983736
1.4354339776698488
8.45831506952355
-12.718780787375476
7.046686389618021
13.9886814872565
19.17755164638185
5.47573116711337
-4.481184225054786
-1.1341311551047326
19.160209263692956
-6.1320928974131395
15.349794477567599
11.386114388170114
15.668409969013283
2.113873174571829
4.068473689136685
-2.3912780610873057
-4.16946353232699
-10.656486395210152
8.828608456423908
13.387207636165563
10.10351412169615
10.834167624930615
-13.350080315005979
-5.107524321436593
11.984646180363761
-16.533923498406978
-14.596850994041937
-8.616893868645379
10.002203314812732
2.0226666027766598
-1.0974892851750866
-11.38987859667191
-3.1687276320039324
7.1534655214014435
-8.726053381499753
-2.6925082922744714
-18.480925656543047
-1.8408518408697532
11.005899178279563
9.017942384098578
-0.38300357358032855
-1.940051976504435
1.4922587734845614
4.84971415602676
-9.213729885956008
-0.7758706550883367
7.4414642130429165
19.496808940923138
-3.678440545462635
-14.350921003791633
0.6587139954066359
-8.626554231357249
19.724557653286276
-15.484700062898833
-8.925852740611862
-0.4522091916805948
12.700246440155738
-2.273375754882494
7.468870517872055
6.15920375940847
13.587415830196306
-12.153931409240952
-2.4201655920538236
5.2649910198877095
5.819639341310765
-4.4839145489217636
-18.485570239072345
-10.364348227950515
11.044340753359098
-2.298877727932439
18.60044706208069
13.68046174747061
-6.82628640864559
-2.3991143641820614
10.443042446984737
10.144050198960297
-2.572685734390067
-18.687066609896206
-0.9061405908255615
1.225212949929798
-15.77719671836093
-16.31765470067533
-14.093488352969864
16.65425801373877
-10.176400730371968
-13.312749022148317
11.386592228000936
-3.5138678930705893
12.730472438484
19.473194994289898
-8.148057047962327
14.97906262174969
-10.292682651663188
10.039119198707652
16.56928009856071
-6.33351923033031
-13.463412392344495
14.459438177329105
14.374823204417801
18.435920647133024
-19.685096267994936
12.082082865870866
-15.061516908745546
0.1279890494256044
13.125900563283594
2.2557727790399795
-13.051721278041835
13.698656088234664
-3.637741728332596
3.1798832783885054
-0.6430659499804179
-11.51699746813537
19.528509141319333
18.842895896145585
4.682337477789005
1.6320350235272727
-0.7468928070079457
-7.828977795520595
-0.05210977942273587
1.0512638913452008
-10.91115609116792
-8.086367852612089
1.6402458086159122
-6.604662205877748
-14.48654349100551
0.4847379033903536
-1.4095523606222962
-7.055932712603564
4.9627704883689745
9.655407347457299
11.753573392600135
3.732775080501188
11.633638952326738
10.981386847631494
15.197110862547994
-14.82568210357937
17.463328910433056
17.70023429125024
6.533351424399655
-10.882354889570372
10.923495268580659
1.9915111914260244
-6.353142239829644
-19.90278081391025
7.461277106369316
-9.212644678046882
1.2154087066782608
9.143620428287456
-18.1100689836751
-7.601474601588691
-10.115157640321097
-10.16140080090926
19.801105853322348
-0.22429457131536878
-10.36430881621428
-8.615106468118036
17.038532588387852
9.918588984078042
-18.233383801957284
15.106820464615808
1.3800752046173734
2.78599204315476
3.697205318397593
-16.755901693878382
-6.85023590220232
13.956120788244228
-12.007804892231357
13.866660269249842
16.46013021075649
-16.89090695958553
-8.363210796368051
9.33253307371789
19.89475797845477
5.794215784168774
4.222975844335878
-9.689394696356612
9.464826674744575
-1.3796115772378137
6.907412430771032
7.267491760385454
-2.7008180994181714
-2.4194561368574767
-9.179155778879618
-19.923740085334902
-14.707013832888475
6.790686129717976
-4.834951257703789
17.480983298934227
-6.184380948142017
19.614795676344798
19.579241459107088
9.117542496485427
15.399079483091171
15.15289948072516
-9.332445971504564
1.973873563934685
-3.1367493070339663
-18.634113909816072
-14.670843106274223
-5.626415739587042
-15.40530929333693
19.230977993644714
-0.5471870282624991
2.388077859449268
19.89676540305996
-17.642515293955633
18.292753210736514
10.322746336742235
11.595102108842376
16.770784532213774
-7.375357369210342
3.949800612433144
-12.358128504082204
-15.646576231004872
-14.296950212311849
3.895133516161316
19.559137968575072
-10.936547055759913
-13.783242328395882
8.134594001900076
6.426849978810392
-3.884494698421527
2.216576153631621
-17.0381742061859
19.279071216583887
-17.055450789637973
2.4433220567510183
-4.947560227529589
-8.964825498662986
19.493291148160296
16.234880420142524
-7.90606072034922
18.343185656639612
-8.970994380879862
9.320917017088522
1.4209507113133633
-0.9293974216396172
-14.050893950546858
3.9070212289849273
-19.873858386092074
14.28143623468469
-1.1540741828870438
17.424233874198173
-2.73473657494948
-12.93566359347464
15.778994751613943
16.638508229823344
0.3597113142557049
15.851178339609284
-1.077663429866547
-18.878012083781087
2.7422298092990616
2.388409065511482
12.232581704442573
6.288426890296698
13.940046394670283
16.350532064138612
-3.097801705449502
-2.8334988175269125
-8.70469343224383
5.022892527931134
-12.87890855024376
-16.91157443526139
6.615736825615489
4.411908873736902
4.9724114415705785
0.5488052207079477
4.382874624622758
10.87702152483729
16.434271566634003
-3.305296527930622
8.806159789241292
2.453439847822235
6.704858573411311
-0.9683562540868635
5.386591141331149
7.637554243605859
-17.14365806894735
-13.03834697608802
-3.1455921921896213
-12.321249338309945
-5.220742573371915
12.667287933902713
-6.673424711515835
-1.1360060268303016
-13.101228466031802
16.670725998380426
1.8285742934682823
-7.7895469735939535
-1.325293642726308
4.965286341731286
-0.799833930945649
14.90794586021179
6.495903210427837
4.964722072236999
6.861703830793964
8.812310166812978
-7.555245712894369
19.94394483435731
-15.285267713632646
8.14165936819331
-12.041382544341559
6.101151820401807
-7.99634931225591
-12.036434683567109
18.876096392984458
-6.599712386293559
11.508370056084733
8.169654094298
-19.29936283581266
-10.851245292296667
-11.020995251633142
19.620900817350325
7.998489888051314
-8.692376603718586
-17.299995810464402
-1.816084669418391
-0.45573821142398074
-15.112613271670057
16.181729628874294
8.348533695432565
-16.005361313021144
-16.472382343116273
18.987268431176595
-3.254185287990392
-17.586380391899276
-6.511003184679623
-18.04927789562438
8.323477578597753
-1.1570295329879166
-18.54775791100803
8.975933380519088
19.14920581597363
16.54266626974394
6.57798367129093
1.434438533395074
-14.726876672871857
18.67989957497955
-17.73467159641023
11.995750326851947
17.930214537913393
-4.252217238868026
4.1832295087101485
17.882642274406194
-5.83284168872353
13.580373989800982
-8.615597346225554
9.303432630320806
-14.671157925293059
-16.555936674432125
2.70561591207208
1.7528050434810964
-18.29843481179651
-15.178309707862073
-15.140171990461727
14.330961530132413
16.355233022468482
17.216440554887924
5.162126841283275
-0.5350041119771021
9.073414115349927
-7.794661958671142
-7.207004087833804
-16.921910342994305
-4.246741927488106
-9.406925792808746
-18.351686782813857
7.322861669138263
0.7078967341668658
-10.503054361771781
-1.4123353137360084
16.512582054071792
-4.125264075312881
1.455599002575596
-16.879374982386487
18.06036646918791
5.434991084106869
14.236471418315567
17.350588491878362
-1.2303293777008335
-16.124319222847664
11.646593435315417
-14.152220411413143
16.844861093330287
-10.743439263805236
3.615188647794561
-0.3080896344298587
8.044397970210937
3.1934762454208645
-9.22768247742976
-0.8121412582017982
5.511923771045474
5.496927608665821
-10.014094391357172
15.496406672540814
1.9354083468700907
10.326365204639657
-15.397731861414737
11.544583389402487
-18.59526947957438
0.7109658447704703
-8.261408208495595
-10.261078483761214
-6.678927094588687
-11.541975416738065
-8.283729128299854
-13.618052570256602
11.368597228727765
2.035984245505098
6.433018649210823
-19.88485100322892
-7.680460541505436
14.647583867059232
9.671341927182254
9.742710786903316
6.338017992188988
10.266536610732562
6.722498528687929
-18.698417086390627
9.16955709673562
-6.815033142467133
2.802904788733226
2.8140690132919097
-13.534854805144573
-8.368490059642898
0.7566622282916882
-1.4315630199138916
-3.5254520647602234
5.286274179321175
-1.429202577606624
-9.114099576899083
8.610542015638217
15.71614696261716
-0.9036751225062218
5.9193577843994944
-14.535473907572865
-18.262645221538534
-5.03460265320237
-6.127744906300228
4.679443505296895
-19.810610511237513
18.900021683587745
-16.490872002395246
10.371603090887852
-17.470282064991576
-1.7001772548012397
-15.343303751271428
9.659208251106868
3.3135911828428277
-12.597678413729149
-2.615030705098974
-1.834982137325678
-11.25749212483981
-3.651129321416331
-13.749189762156613
-18.323612944735437
-19.139086815679555
-2.2978972452564115
-4.2977945544718
17.76040023139995
3.838515057723587
12.882419920865004
7.8817954906721575
3.7222972471944615
-15.846165376744343
-14.613123884907392
17.434928801559657
-18.213380679622926
-3.1208920605433406
9.693951667807944
7.476770297469134
-14.330461816259877
-17.93736317774329
6.291772315841591
17.208411215147493
3.666805241800585
-18.906689370448614
-9.619215825372454
4.148536997570837
-8.474975079748667
-18.650641519828532
15.179305785477808
-5.975209194323373
16.878590194959237
-15.451304343895638
18.283953163493237
-14.865251140794014
-3.9438001237999103
4.870141882964486
-19.918930806381812
6.799746600979496
7.098972812874816
6.586886181864777
-6.80999562495324
1.3083415407775014
9.107153548978054
4.778386417686246
18.339938303570605
19.79107632085688
6.969755958978773
10.358803662652786
-2.783927130923125
18.225626456113105
-18.432244617625187
-14.488207609104684
0.4207169257847241
-7.205870076360279
2.002887280440948
7.454143089307728
11.411342820439565
-3.2637456770800384
-4.071588125416259
1.2121822218851435
-2.47864866450076
18.637234216724877
14.407171318392699
5.176360606767062
19.06809350534914
-19.498417084494598
18.815305146609518
-6.531717115674427
-8.627977876175773
10.337941707840216
8.327069438143862
-4.043101853111599
6.16719292209298
7.066177739336418
4.482479718828305
13.611499484713676
-6.330287430895819
3.8757202340679164
9.845648622315903
-16.75212055222555
6.283184463397685
4.583515644230118
-7.699919268559858
5.091562543289836
-8.522979885247647
13.1069982834737
3.395292501234106
-18.06155996117714
5.946199392653519
7.867624081601928
7.304897925557242
18.109682965446837
-16.76061978049814
12.254366220047366
-12.413479438760344
0.17624738342002644
6.766451923071536
-18.963455377136235
-11.25835461458661
4.963525798095478
-0.038816318973612596
-11.751456578590735
6.267820731550351
-9.048167570800278
8.277096257458311
14.915344232000372
-7.271196096256617
19.375349801174565
-4.837351586883308
19.031835142203462
-8.317488199657399
16.07763065989885
-4.002010917519151
15.878625618752523
14.502397225446842
-19.579503320672774
-9.8917924133397
-4.6136888033179915
-4.673982691661621
-15.831014476424915
1.6682399074034961
6.663593504094891
2.5019093266842383
-6.717660753812446
-4.976194936172295
8.528635658866666
-15.002154139136529
-8.468576777624698
-9.822440431468653
-9.331204547086788
19.58528088670291
-3.2965149791034385
-19.15697174998598
-19.677688343647056
19.88205413642835
-18.137549606594114
9.681989501879542
3.7589830996112816
11.24598262844242
-4.550861208715929
0.24567448392497937
14.022609297393238
-11.906456559676819
19.802723801948375
-12.150084410298035
-1.5697220543201524
6.849002984525736
10.530075430961965
-0.2736598793430076
-5.906701272248709
5.623571301761462
-3.8113864326043867
18.56393148108082
12.251159969587619
16.287128495519603
4.670641738887056
-14.492392023841019
-15.847168532998541
-17.110184773731795
-2.546795535933363
-17.83908151223095
-15.976488333984435
5.608805681644391
-7.413468120263094
7.734052350143546
-8.4289847005623
-11.745460616477317
-14.760224247086317
-10.683579222625642
-15.130544741711397
-4.529013999695234
17.16911884869007
16.36134154114024
13.645042266550064
14.067317032645136
-10.184476811545405
-6.384049945932681
-5.449552864488938
-3.483650511689895
12.717227338666078
-8.005641184700192
11.687151995238327
-8.904611882108963
-3.5634338205793945
-8.344042428016492
6.386185727868295
7.815397275179091
12.866231115413186
4.079129522054956
17.884891709860987
-1.32550674286394
6.140437168384082
6.063871573829715
10.796600042489555
-1.640988805384474
-6.69882736544408
-0.6847150923878189
1.9321878203955336
17.661738696311474
-12.029560600486544
-0.6602101604116726
6.3429833452183
-12.029391020490348
12.559385383833956
12.499297950188698
-19.330910797723888
-15.767080717339507
3.6892205174218873
11.878045269087178
18.142489067089898
2.2886587652183756
-14.439385756253195
9.9197161631824
10.62808757733309
15.262438906894594
-4.39905518084827
-8.04257027266238
-10.586820761523
-7.49981637290729
-17.48395583948707
8.862634276357685
4.233374116618009
9.065569524169348
18.951725902897948
6.697572581566362
16.870366995467926
-13.55570438894198
2.2476104359196647
16.123920110548873
13.077050617437024
-10.213366669526124
-4.1664289049890755
10.34320167086237
15.395699208783284
13.092470238292783
1.0920220912910636
-0.5157586897868853
6.519182649206936
10.28438823447118
14.35461131157416
8.677060123453629
-11.503435267853344
1.3704421816505246
-11.870922755027472
8.804168544842245
16.162952317057425
10.325303970620613
-17.251707574934393
-14.933737765747196
12.97329337330104
0.41652647726034786
-7.6611235692210435
-7.986090971884231
7.1090297202415265
8.142944838472381
16.58998356013283
18.22088567522244
9.38048021250216
-18.67765510536881
15.018989229273501
2.005636065348753
5.831193647703206
-6.824828576071971
-0.47527866777100414
0.9580197313203414
3.4085966084711288
-19.64975892417904
16.223588504036293
-13.00710762857079
-12.816449275226223
1.7336489268361746
13.518521264938705
-19.168227005654135
3.8031884068964494
-9.037842563836222
-11.804001821946478
-3.5882916366931
2.286074232410243
13.024795934624677
5.045994945289323
3.2894838354979896
1.5898139400176738
-15.016837691177653
-19.97451397071815
17.711375177631275
11.5052907179413
7.527213001226528
-19.152464905714105
18.65075520217647
6.209010566504524
-13.589191265914234
-0.13358044613571707
-2.15775311091258
3.1866823041104873
-1.6661218973647216
13.274730034890034
12.932661263212196
-7.4054917473354465
-12.762395861826011
-4.83300628498192
-5.633165863888658
-10.18569566436414
-3.931351252920617
-18.971823408708243
17.73052024179259
-4.644940420319612
-2.5475463741350843
18.953061397932196
0.12130680563901208
1.8678552461682258
-17.72357821987185
-6.047087601365941
-2.5695918624114
-3.958909242397457
16.17284257746421
-15.713200929035906
-17.999316823577985
-15.728387126349679
2.934925678352151
-1.12475424364807
13.2406629560533
-2.726612743255199
1.3329127895781028
-14.485557337225297
7.619701131459017
-17.96852518065807
0.5855098039414202
-16.359936307798964
16.34076881181906
8.508159517004131
1.3291871333021419
7.515346900707691
-1.808640230257236
-2.883861360311432
-15.64577394963055
-7.762993632862663
19.74389658731201
10.644874349057922
9.36405699041346
18.735131234508906
-2.396493173273747
18.764524557187578
-12.891485058191972
-15.899539029002296
-9.193909451407372
11.76452959956352
-14.168454432524058
11.440221456121982
-17.21845297346369
15.48439814997603
-4.312981067796677
0.6783675585555002
9.802318223984201
4.623435292455685
-18.29563154830856
2.4684545955724033
10.308510641757579
10.654691760143557
11.649579476518571
-18.278705966343985
-2.8300583963005863
-14.4130967916941
12.074531770587711
15.902430967387225
-14.98351364486345
16.444251441350993
-6.8583186513123096
7.754980226318025
-10.363414881773277
15.34048474220829
5.736382178007226
14.79457666971689
-6.5263225003464385
0.318907479119904
5.909494528615745
-17.806082938696598
15.062229413532563
-19.4274963589724
15.037383923353914
8.58504845788648
15.54184986487244
-4.870061474840366
-4.033043173768597
-15.112247645625505
-17.567970452963095
-10.305769234048476
-13.76141738964263
15.084506534767577
3.3361502980431155
8.306365573416631
-0.5329947942656865
18.059332822976927
0.745076196794944
13.007640051903124
-9.035503661156037
-4.962156632424538
-19.995223512176427
-1.2449227212057181
6.503186291529275
16.573837259895598
-17.020690101737138
17.606737650213155
2.3415254519575086
-2.860778274997074
3.4553238497532064
18.06330367030565
8.482319396254514
12.42500539562252
-19.4752332606661
-0.3890829617177296
11.194715017753985
0.042270139308623556
8.80981758259314
-1.5499000012530892
7.522435466789776
14.291009128380978
-2.612577048473291
-18.127854524030845
-13.51719320009738
18.0967522694986
-18.98103006029244
-1.8640246266014984
-2.7540201087829246
4.231308420725213
4.086225971786067
11.526448181153192
19.948202096119047
17.176398459959742
-0.9957745069883082
9.339559770010474
14.468066353704138
11.902831800146316
-17.594150974347272
-0.021458138907249236
-5.32987043654407
16.980100243799782
14.456411876025271
14.309830487654295
9.521784999950622
-2.258499262589261
-10.396939009201557
-15.881742837987893
-18.559119110608975
19.21228723838233
-12.409944817043566
14.89181323825288
18.876389150117497
19.647405398362103
0.043802154002868576
-7.841889558045491
6.221264269665461
6.141500682558721
0.5271754937101747
-12.934644202903808
9.581756203169753
7.012680948667928
14.721463089970975
-13.34551591890893
8.20371431818776
14.426435331853646
5.663899452422513
9.342039149520787
-14.751255358695383
-0.8706562843034327
17.263528061198613
-19.628103889802617
-12.16351759164124
-17.636453535216564
1.1955174845336067
18.586984492291613
1.582971663569328
-10.32147631385877
-17.11835190820674
-12.363379925518876
-1.2023340422731863
3.3503282384071085
8.909980466589754
-10.272962452770532
18.412261810667523
9.685053077577063
-16.777281277676536
11.14404673244092
11.348985266957705
17.065337412065908
-9.092572293426958
9.11654041887505
11.734939360332042
-12.080404630661459
19.509727296855246
0.19217830032692618
3.8960788872971577
-7.255450122508783
12.061894850241572
11.382079001229222
-10.721917861121382
-4.580251131378713
19.774825599201804
-12.217256616949928
10.473718180176288
-5.961022081896946
3.2432300540177224
-7.562851285410712
-17.395509182762183
19.110371773878718
5.6171302936423615
18.339367795279216
3.9529416474740096
7.738088342639532
-6.182349722983588
7.398052685068404
-10.378897169432673
15.835181088052465
2.182389947444424
19.298974244943985
19.695831249806247
16.226386524784793
-2.120917547469304
12.625819127527116
6.438987453058328
12.783088122695034
14.052296327517602
-7.403686294010505
15.642332993254612
8.553199335240382
2.0141409737944187
2.8357290646835196
-13.594208825036937
-3.0802779572537062
0.3250613695958151
-15.725050279198008
-19.738242958861253
10.429665168462154
-3.7706873612415173
16.07415525758234
16.988876847884505
-5.407300985719612
15.422252900053088
-18.342222994851568
4.8936779445504115
13.784317582419007
-12.815059339035631
6.20904450266789
-14.570915704141814
-10.244404614490502
2.45642112860493
-14.5159923107977
-4.413359365619328
-7.812977953331291
-0.7494164078534702
-14.323067164999168
-4.165010161778046
-17.644702747076202
-18.234327464980034
-11.677664350319997
-3.8573194559607344
-10.869140781460235
-15.218967708386621
3.4788185450028344
-12.451579756366629
3.2608452316248737
-11.076936591835342
2.888972538539633
7.1926431683002825
-4.534133353683059
-13.29583652903382
-3.8525130092120534
-8.418757763469337
2.701097910787446
-9.641403980235701
10.58751907449491
3.9889135349023803
19.315792445698122
19.965141405379896
-11.69171105849632
-1.1078311851747031
-4.774935719103063
-2.933352504593209
-16.73827738225592
-4.535958152475619
4.695002762675454
-7.937810608881058
1.9211850799275894
8.822558219677425
19.344355307491142
-9.306032857922034
15.50649032283107
13.306301388271159
-15.306383391989836
-5.028596818837876
-10.687139900761178
12.372013500219026
11.399990287671208
-5.4703521641528585
-14.369034750507259
2.0137227665715294
-5.400328373680111
8.165941091512302
-6.625543763865739
-19.419727854087448
-11.871298150498312
8.700083248843185
14.334954955689241
11.300456591819469
0.6431988697594093
6.085821590792314
-16.874708615395726
11.769189858720637
2.2523873865248802
13.96958615962793
-1.6580981288447347
19.5789589172975
-13.91795475068502
-11.566517693548857
-3.2962190501953827
3.6042047303497426
-10.324750077971148
0.6799111856529017
-6.989282203211161
12.380700851645273
9.875842143997748
-1.957962462184014
3.341901977985529
8.01110477210084
7.792990281763377
-13.070808030188893
-8.001760064712663
-1.6098205968114385
19.025031389642464
-6.86440147214919
-13.725144191941379
-5.465305657109255
-9.096721554998162
12.851388031317079
-19.201011137266587
4.223379920031832
-12.1225567354799
0.7497431491507314
-7.563204611657156
8.415223127698749
11.107099888047195
-14.88237802500533
2.226454564890794
-16.09883155179353
-16.241441028745072
-13.03088063979474
2.3030326613031633
17.061801512120944
11.08798473176654
17.034023026723567
15.75454287188633
-3.861599878284334
16.335387910556342
-6.6121571898081655
5.2514865726052165
3.4959914932991225
9.165607806323738
-5.113209592427834
14.427312955059428
-1.6236630932631044
-9.64960667849072
-3.29316270735044
14.595937776491866
9.45382902107609
15.488326228381737
0.36814280640893315
10.051353317725884
14.59311095446327
9.312298265072801
-13.257328458897701
17.543351643903748
5.75109810397322
19.608607912421967
19.82494384861276
16.53038067046441
-12.330117122837088
-17.30042933334701
-13.24323830059642
-11.25908993881501
11.75003928947249
-8.318255575476279
2.710926494149568
18.72647276039747
-11.803384576665392
6.705328667104119
4.4789728420874155
11.46849799161481
15.655186677882192
10.820546824790448
-10.831094718798596
13.893185307715001
18.757990188058365
8.705460071658003
9.337377699062873
15.78269474223952
10.094755752899893
14.001416990601435
-18.649019053063896
6.642040080521561
11.043779439226867
8.688772305461573
13.724505339123574
-3.2888979961131817
-1.8167772783816574
-17.703663730877114
11.601317403753775
-16.109449165755912
-10.60803855065691
-1.623761125531388
0.16945396980556637
-8.038564711508247
8.557632257220039
-19.59620257211125
9.202298635810013
-19.8981464478342
-7.822018937152118
-14.786505023790957
19.406240502077146
6.558158132310442
-0.6875002857593238
8.91953096902742
19.72352214040488
-16.07055537678072
12.346432804459184
1.9645501841765949
11.396442425323752
15.044590819578623
-3.4820256311453015
-18.49391343718471
14.15150076802648
-14.105511099899296
-6.342261726280295
10.900687081397855
17.214277581586266
6.509776848398737
2.153273523531361
-2.871516029641157
10.667160853402201
17.17821067693587
7.0352641003639995
-19.410800827214608
8.077809330739498
-3.535462001807449
17.7775688617863
3.6582352325043708
-3.819311252281558
-12.24555729945016
13.950378970586783
5.144123091844278
18.08931950673199
14.287430532753426
-11.021738441706152
1.8960918770924629
-19.178654616219056
-3.5417905048827194
-17.419975349082954
10.758179299592193
7.007781645602009
-10.097793275554757
-5.119533176985449
7.639202805615955
15.058786107625302
12.94396922898138
17.71982453520407
-4.267044924042128
-0.5907608230634196
-0.3598077630587291
15.611154230036426
-17.38750565886516
0.5311040560114222
12.883313677243322
-1.5415221572284352
-1.5001375678452966
-2.043976747661148
7.566144875187501
14.11638210665727
1.5372338725578345
-9.687349322425005
18.479086890528933
12.149783028327839
1.6763959844020278
16.324876805963257
7.741440823498387
-1.816476832305149
15.506061320980258
4.4635476704394925
-3.5955987173902955
-5.849476964552224
3.425825261068006
19.063612446667634
14.230303146515517
6.196217601035727
-15.735812977161011
5.593750195688468
-4.879703365118818
-15.557601971096044
-14.400542519843729
-17.6281602460812
19.105689239259547
16.675575820392126
-16.175968829697098
-7.4149636857378844
0.5120370312562201
9.867560530536817
-0.5254055558451363
-16.728229913478753
-19.071370149259156
-4.857412020582501
0.8564256690426504
16.120804436499824
14.842058696613442
-10.319071001579466
-1.1110302570799782
-10.795433509647916
-1.2298574166527416
-17.734757236318405
-7.457457374103932
1.0680336372811254
15.333910879095967
-8.98083028557599
-4.285461787516942
14.386958361242812
-8.01733780950931
-19.389405238737538
19.567837944365905
15.844049261333652
3.430199447258474
5.692469239329366
19.923196322450167
-5.817881200523992
17.40460030384653
13.129503687115466
17.300268279046563
-16.58914991674495
13.11449843272689
-5.1660480472117065
-18.12397125355307
12.730450451865892
3.9677298877025393
18.189297635534977
-7.528055371472311
-15.785693997821504
17.739818806217343
9.485354445254913
11.352220299577866
-14.594865273428695
-0.3146721134709374
18.136599394456113
0.38143013200581066
-16.900058051258423
-10.47389354620723
10.776655433267244
-3.9372064794098307
-16.32671110838072
17.207122704074337
-0.42238473224632145
14.164094888160193
4.671146925820505
-6.576524340311604
17.423313612636193
-19.2166763225682
19.59266261982129
-4.243590106710705
9.97188687586005
4.7747169885967935
-2.521546142067873
-15.56021107345047
-17.807860284655636
-10.68747173403887
7.3740095866429485
-16.637949124073618
7.957204877836492
-5.64175982137003
-3.710969954402973
15.83829361136749
12.225581644975357
16.003958500448817
6.183427031009284
1.5240692254089048
-11.222147684936893
-4.33417130041291
-5.243174231242396
-1.4876411742547013
-17.39177567028584
-13.86053281001339
14.126371364408271
-7.377235432344653
0.8803731549884688
5.95130484703974
-2.153712245837692
-11.97491412039379
11.241585451395565
18.060531876667312
7.438987489947966
8.631597841345204
-17.94203262105411
18.775218606551434
13.615556796115854
2.193682134392631
1.9188480221893833
17.881130067605298
-13.671560080840619
-17.753023904417567
10.549498159869053
12.717220779995685
-18.108379560633292
7.8293510983822685
6.677564123186595
-16.320381490581536
-19.206826062718893
13.201301797679449
-7.51528109813739
-5.347311258352123
10.76123831604718
10.442611457252518
-1.222482778139252
8.119752395342545
14.054936232133208
7.333807393122331
18.818281132304307
8.887152856551893
5.2542617468228805
-2.5103576820100812
-3.8277528014556026
8.441710112955224
13.43186512168235
12.277842552252785
-7.410734119471547
0.39899369894374104
8.375083794553667
2.164318018098026
-17.23122481566881
16.604933811251776
10.346125614063936
3.3066647169404426
15.87748555573058
-8.953594564793415
3.7225419214836037
18.050126462986015
14.649064651897078
-9.51511487522206
-1.002005139968844
7.813257154885584
-7.564351811823258
-1.377072920038568
1.9771645108392057
8.963401542695827
12.817177460393111
16.4799525510024
-2.0417771169551955
15.623883463292884
1.2699718082669804
-12.445023805357938
5.143131093586053
-19.157712256483453
13.285278900157934
13.44707485520572
9.94704011728976
-0.9504780611397052
0.5438408064020734
-11.146474447692555
12.116320693134078
14.298850497013355
-18.75043890548894
-8.437522198755541
17.265167022413692
3.892569168646954
-14.538712941721283
-15.986833388713396
-13.283016267625246
-8.081439296788364
-0.18788906053839227
-3.896109899317622
1.629457741159655
16.095195293207418
12.22427017496669
-7.4846176082179525
4.968118244610817
12.847913921488768
10.038389925128687
12.136627240220655
11.243841337534096
-2.2768868058649083
6.076035928084735
-13.48101423983817
8.717267630764635
-1.466560619203964
7.517611508497339
-17.722590334734853
-5.807704492122205
-6.043222438946625
3.1162239909831655
-9.691930462142032
14.471879144953888
13.824866264044793
-9.645334296957095
-19.15426265340713
-5.793472834495287
-0.13857115608342951
6.6635278899167325
3.678443475118172
11.994483376413967
18.127694145024748
-17.169390882935275
19.060762389652275
-0.48194680661040223
6.931732429306464
10.903738729816371
0.6489214916362869
5.675700280394302
7.485555987987702
6.228351575470366
-7.386062296895135
13.101563398175372
3.0253725536292073
3.1578937550536352
-5.495991749179797
5.288950426129219
1.1387875067976125
-17.64874423508975
11.671174812560096
-10.715100990041417
-5.645135435799556
-10.673423644102247
-19.157220118748448
-16.820420417606748
-8.189104257633687
-16.0577146228982
-17.218036037676686
-5.454327234371878
-8.286590099243693
-12.894237491204997
-1.809275119866875
-11.525164411016773
-6.381015654968213
7.6129792648113614
-17.146701720605954
3.174645976164058
-10.54905801138827
-15.651061116290776
-19.761590676834135
7.079582512687402
-18.912576047536657
-18.204397319728038
-13.483579822318678
11.87123321304287
-2.478573021696185
6.133403283788596
-5.269716333937936
-14.019697879186266
-6.952092821204898
10.086758800719021
-7.624583608647914
-9.100405889976457
15.490315449332769
7.008406372640419
8.963641579606495
11.493513895450832
17.526845170885977
-14.45812157185264
6.270728010319754
8.881694295973638
-5.233175672000584
-7.795814862620084
5.8103288524816
-16.68587550318122
6.9501979888718495
3.7206229659625443
8.36490582979971
-4.313944579991912
-15.366182317587898
-5.50545683910717
15.677886669076486
-5.6280956932094774
17.75618984824036
13.936502209746031
-11.54668711670908
-5.491232894474329
14.690439140051069
-5.515591918449623
-17.475153530261448
-6.172597598831317
6.222732409430552
-2.53304949154294
17.811352568772634
6.518222676970677
-11.923311830416289
-0.6764405126070514
13.688313654737257
-11.292477027435615
-18.165014171187867
-10.893657105382268
17.575086119917017
18.382850283021476
-8.460863438307431
-2.8176943425874654
19.083269400795402
17.454916502149494
-10.814367589973802
-11.718891141739153
18.540073638090874
14.0841477191927
-7.087245942652011
13.940435661325708
-19.626050928659502
7.343992282972206
19.038024221767785
12.11959705284761
8.00935188011794
-3.419825391665654
-3.3125522489043426
-16.364546187382146
-10.063422683357368
-16.95330547085178
-1.4846020087421294
-17.795254382951864
3.103653298081813
18.645823001365613
13.297271563256402
-12.551402273663065
4.270678089055409
-19.878403559262882
-6.540173281436745
-4.839823919806081
10.262423471848834
-11.476101609244758
-15.107034209157044
-13.881740278043516
-0.6109718707715786
-17.308965805072955
-7.987413812467338
-3.4567190369817524
5.097975346799402
16.06452118061395
-5.130226542335681
-1.011861448428565
7.483628655261896
6.289348082869587
-14.765705527972614
-3.570585422804939
-8.616909719561185
8.712267237912265
16.262328790097094
17.55287386702291
-12.630545706770476
-1.4961952031887478
-9.684723764151704
8.534336935659248
14.858301978965784
-13.992320600216047
15.390595517031251
18.449989703089464
-10.150555484079042
14.134537524658278
9.231860221175026
-3.828837078168192
17.14107407154949
-4.355639984462787
-19.85417062817564
-17.93261764866539
-16.880992083777635
-18.507762762909408
17.674307925222664
12.328314921201141
-11.100229209955973
-13.171772888500946
9.620704030315565
-8.957783195340415
-11.560651388610372
-4.714054341631124
13.048917230136993
-8.525135857095343
-0.28778802727901365
-4.533354812895851
-6.309764528111618
9.785631438903355
-8.650770948167779
-14.844978657117585
-4.370699468712683
18.323989290156483
6.7365871421224135
10.583883050732418
-18.966438208793576
12.286378056697068
2.516804476264248
-6.388434111988786
-0.9491482707082071
-17.909148045235796
-15.781757219418523
-2.8306792453358476
-17.375527086756385
-18.926141276467273
17.726141763108338
-13.270850213094052
-19.697900744920123
-5.740039178597751
17.961983774334975
17.50932823105684
15.264422880416419
-18.468926247765197
-13.30862302193081
-0.8082943999190348
-6.766870485061309
-17.886591061818798
8.930335057433304
-5.355711438961341
-12.322225180913225
8.20195461471398
-17.062473029982336
4.453713426930854
11.184415158361254
-9.078523374611818
-1.6116141770625063
16.62418697094337
12.598320335909818
4.0042515490973685
-11.965822538197223
12.705831635943092
16.113463477063334
3.5333807282119913
-10.618844900113587
11.328244688467343
10.157497231443283
6.35305768477523
9.53221337117781
-18.066376826152613
-14.515194552519638
-4.825973364807496
14.289654313583434
-10.794178134587593
-15.17727726146707
6.072003600057101
-9.839528844797641
-18.72091916798233
9.72347292385004
-12.633493445802696
-7.861020633771577
6.154951798377233
13.118629298048646
18.433846859119562
13.198251847047302
2.471627669061757
-11.744682284172239
-9.354592660540817
2.2896451359619583
-5.9364693221181675
3.818089852822574
14.479358272754666
12.37032982391623
6.529744805307779
-2.036120043468131
17.332100239436556
-3.150377322760562
14.925230840528236
-6.85046467017929
-17.756412492199335
12.954496925511059
6.7260560168343595
-16.42982864058521
16.910760642068013
-17.434345065036783
-13.279156597177488
15.176710086470223
12.126005136185178
-6.916767572316914
-8.55196241070641
7.206139073456811
18.695734852321607
-2.260875559284127
-14.78748992396309
-0.4029815518674056
-18.10753775225191
-13.162495900584013
15.47398712656657
-0.9906866282016296
1.1888891488253606
-18.67063302995083
-8.516425439327806
15.31617759257238
9.737856915907376
-0.3123243533822908
-8.719578771962539
12.629948505572877
-5.629434894501246
-11.372172287889786
-12.047032423011185
9.920137322861635
4.726650287458327
-7.313598345288552
-9.975600964812736
-6.214495258894752
7.7126415523242215
-5.457472292915369
18.220994338941672
0.01916667396600502
-13.583504642138134
-9.35379779539021
-5.585592516267003
-7.339165854938656
-3.5838085250474414
-5.890624935845601
7.994468287584823
-11.485893926179681
4.825708443502201
-9.992154185865147
13.592427597427431
17.289556345974084
-7.4258579431485305
14.983555704368158
-13.595122573070086
19.37361225741762
8.013783709204333
-3.439862500568374
-1.1143417909038433
9.949701420640249
4.8495727869043606
-15.98408712428991
-19.42546674151334
-12.635990631885686
8.237319525012744
-2.1917005516490775
17.14325490415341
-12.87024293318266
14.79451950079065
11.710982226310136
-0.6172372481240487
10.289393155944893
1.5933146023830886
19.44704009668095
6.0706354266853
-2.749014649316468
-3.091398207955777
10.872861518475418
4.144820729123072
9.497636933159317
2.1617056080221317
5.638000932797404
3.8021140247232026
6.8140784860644565
-2.41959092469067
-6.79638693983704
-12.972706116777925
-0.4740004163476641
2.6533034382983516
19.650607116895586
11.564682748114897
-10.449099926236297
4.473252404928807
11.243679358348242
19.761136502822353
1.537864856725708
6.5717814310212574
2.8679800879431063
-16.758313285107253
-8.913655939556948
5.108775032985516
5.172846848442568
-6.8036943897491895
-3.063058933191847
2.341589207441256
-0.40606683140778443
0.09519359540416517
15.115078671850853
19.71332084007208
-15.466479827178677
18.03472130486739
-17.62906888858058
-4.660738630311272
15.087972695943336
-18.99387318939594
8.469412311912077
-16.58442299379417
-3.730848463572869
10.13529969792068
-14.93287464805828
19.221226980275574
-8.338266399551966
0.054541977674681164
-4.278355624805501
-0.10609913306581475
16.80948406685529
-8.569041628916416
10.95875046452457
-11.912210874050665
-9.06324854307806
-11.409591540192373
-16.623380305758356
1.2086181684214097
-9.539507230651502
16.77549541213105
-17.71721159572028
-15.714875352775524
15.452512518209979
16.066531235841936
17.985424696006575
17.68054192765951
2.803817859722308
3.1911638085664897
-10.86322565192495
-18.765779992506673
-11.740330211644636
-0.4080642770986387
4.283098604491315
-11.287840108135455
-8.882116889850975
6.5792904602504585
-4.570241586760488
-5.831088624251194
-19.164096702547212
-8.426214760001454
18.14650388827227
16.705080274700535
8.198841672679965
-0.8703009295427222
-17.50566342606579
13.737218984149969
13.082305025375163
15.148449668095083
-15.938015848761493
-0.6971717436477967
-4.0530931641931325
0.9254957367353533
19.872234737235587
-17.961487223594276
-7.405611627583241
-2.902393527796299
-11.076374301171498
16.06938342870025
16.062238453737237
12.270338727701777
4.9101217857939226
-12.107231197865293
9.555295554438846
12.956821725707343
12.01330105931352
-8.606251180743323
3.1200975284864754
19.382782097278664
-19.021399786209408
-4.5773114559539785
-17.970836815644788
9.54016882878335
-15.707863164064442
-4.532622757620244
-17.703715387616718
6.816150508494118
-4.120053016883922
11.523793796366
2.794809452767968
8.849758712683652
-11.029472961299959
-8.26991404473163
10.137017106742427
-6.734042373654123
-12.89470938634405
16.683714326069584
-0.7823706113361659
7.215284676786922
-10.684428960558655
-11.49593974040274
10.437061274055822
0.14217349154912995
-11.575072248528677
5.759476315377199
-9.519570114071207
-2.122418895607751
4.78824246993101
13.400156884670295
-6.506540483088861
5.805555219789159
-1.404173018261254
-6.796046805793775
1.6185499692922605
5.097632122433247
2.7273089009493425
-2.340826533265684
-13.379983317284875
6.234559278601573
-19.638724893247105
19.231096228143052
11.185589493623873
4.447094803509501
-10.319711914642827
13.728684663340516
11.133657622263932
-11.065153503648117
-14.209632502903759
11.350683681630692
-10.990410687949893
-12.944630583183741
3.5054988463004335
-0.24486730395597434
14.246628037716818
1.5816290927669527
14.141241922815041
-6.088754568141699
4.5946994289629295
-5.274647858628461
2.8358369826317364
4.127404330119244
8.419766734450178
16.03254117748459
13.30587949935098
-1.5280050816707167
-14.412755531159508
-19.513009044772765
-12.802955074344244
8.215986849352483
-11.887558897705862
8.115137981468685
-1.9340138692092452
2.6552724174205693
-16.27689397413568
0.06294187180336763
17.79094296140825
12.757405563613368
-16.695008132063784
9.98694393912961
-11.38474175320409
-17.08299694621914
-10.182416640035559
14.639810376961051
-16.28294482884183
17.790102890219224
-3.7981275088360213
-11.425161408626426
-12.468945298900614
-15.27326074935858
0.4777386968744999
-18.644338053125136
14.460492568238912
13.452218560820448
4.694236786387414
-8.280747970138203
-15.058981044540065
6.167007421324154
1.7907189235789254
3.8931273416432752
-13.710919131789163
-1.2607230805861676
-7.483470203362565
-12.609834016202308
-5.8359485816351295
12.915485996785101
-15.908679116974987
2.0667980588892974
-7.498999677961283
15.478201036192687
4.653711943321742
2.4595095740691555
9.67153791723414
6.722736494562906
15.63523734452918
17.75446109778315
17.876502322365354
-17.553859451232213
-1.078550324817094
3.7067809744830207
0.03870367864766422
-5.542370410116728
1.6333921999856926
-9.614000819011297
-12.539672072811205
11.18512954834496
16.212909463515935
-8.223807020185227
12.829165469605357
-0.6051112744600431
13.044343352078073
1.1251191827830063
-17.759058625419133
-7.087639092516973
-8.347734844380707
-14.642589780269981
-7.2119919658907925
6.0844758038449775
-16.100671058818016
12.3510832537752
7.979967700001062
11.670976048396785
16.18783974310159
-3.552851254590685
-0.5623198903164166
-18.369718691476564
-11.584123720783257
-12.462469737435097
12.237160188010215
7.651484272651075
-7.561725372874992
2.087016312132185
3.075617015604678
6.8817254859276815
11.324228341684453
-2.6532229864898262
3.273457728689962
6.938360587972376
13.620181353835306
-16.77067404923189
0.8865369633064226
-8.736543520083423
4.682550233990895
-6.186468003134703
-3.460455176568395
-6.333741600452342
-12.879253748906905
-18.337509781156665
-4.833213514858837
-19.091028445198617
-19.60054313106848
-17.238103523942176
16.361231766852143
8.05620145851018
5.8791214916332635
15.232545081620827
2.4833714113375436
-4.053445877188654
5.21085713769855
-12.320048161409485
3.8079596621201652
-7.76374724973007
-13.820736424485048
-8.538150387639906
-12.399539881744094
-3.455636331822106
-10.281130821355564
2.211537079815077
1.6446418400181848
-10.731710666519021
-8.378231924284417
0.24701633651913468
18.15536175801325
-8.797504001010402
-17.44466826607164
13.178267735133232
5.401464929412306
-12.35856439893487
-18.072874874799737
5.123111702487762
-6.695496762962767
9.592649730235724
-1.0847704828685458
1.8784393391602876
14.05632456248847
9.078861923247938
-11.840838092166956
-14.900735763649585
18.456448238728413
-17.38222081241251
2.309328178002655
10.620279828578486
2.7859122092285133
-2.325080011703534
2.7837581571530663
-1.6015532545003985
18.110963761718473
-10.694063211322863
10.601600465450666
-19.973652436831955
-0.7694463831306031
-13.2965852158217
5.182400637902369
-18.4458756768592
11.214090025816027
-4.3559096344955215
-19.52465298254978
-16.016736147933464
-14.238288574848053
15.810424413571539
12.350264119796833
11.212231312365684
9.372797816490937
-11.54844042032703
18.24409791359428
-18.466959829823658
-2.954911884465684
-14.759046059815386
-2.4142985828441077
4.115827973188708
-6.793317229999785
15.411375334305639
2.9149779719440296
18.491775313468246
-7.707696166354939
9.994323354547916
10.662140578776622
5.57295845654556
10.82471648748755
-18.006908058708134
3.1518157360097767
7.393422348078328
-11.737666630782382
-19.611458145049557
19.413518942493518
-5.4685266829048516
5.519737045348517
14.579570320023123
11.662040785943574
12.364448476159907
9.01588957499309
-2.3748733858447757
13.793212215236679
-5.8565031023207315
10.597928368853204
-6.014360404330979
-3.618106225323956
-10.741940587066754
-8.512851113507928
16.639270947039194
-5.634436808500261
-6.744985551151604
-16.1000520064389
-7.957101921687331
-8.101914133489796
-3.5150866026231533
4.7913403917038835
5.462062154397124
-12.924747194601206
15.64028122827797
-4.023968037203991
16.371938570482143
-10.553261106824667
-3.0189514235567962
18.554969173829782
16.231487374914067
16.78331261478671
-16.865872175706386
16.32145440089122
9.08992490846196
13.085967217903814
-18.572576162758256
-10.412888688153918
17.166469772080532
2.1708827732261753
11.458852152597615
0.06572399888108293
19.78229117837114
15.421090453831098
-12.428702063867734
2.572210662784645
-2.3768004451645943
17.46333725025866
1.7818701629283673
-15.6344834830172
0.9354817778915923
-7.624677508208331
-16.36287001842524
6.0181507790934035
13.674050864802105
-19.657936415415975
-0.9954281126194218
-13.559582552555455
3.28344926301531
-13.565696391329038
-18.30814515204903
-10.869993632492555
5.478077603780783
-2.9096147338319653
12.964522362683567
6.187933735516552
-6.633797092879696
17.189026507912374
10.773356401984415
2.9307629709938077
-7.099003961853732
-6.898906279717041
-3.8225212843221783
15.182323737652148
-18.455951307660147
5.624097881968883
-4.1216639874191365
1.8383845152822396
15.226093040634915
1.6410784421953934
17.088801296828457
-6.239252159491029
9.694963587583452
12.811131975867411
-4.591431100298244
-8.419976477654787
-4.116165625280654
17.730672290940866
6.110268275158305
15.810839058021678
-10.745183167923367
-10.492186496646196
-14.70857360906933
-1.861910630029577
5.898987395892519
0.8112983974791952
13.52580987934546
-11.474684508662989
-3.4012315388576013
-12.731174624982508
-6.310433319194363
10.69594653311491
-9.830366524303113
5.404791115519632
2.7512136091748687
5.066915926062457
18.393780101321134
-4.4545163824029785
1.571039421221979
17.218461260703023
-18.667095135156877
8.648894388716126
9.236870958095338
-19.761328523646394
7.86931867906539
6.562849390448108
-5.740434916682947
-11.055070065190327
1.385697568899296
6.441875177310923
0.4316501896899396
17.593185245686826
12.527962463113944
-3.973506553947381
13.962916514462265
-9.70848310592286
12.39890004521314
17.62882706940571
-17.522251912709365
-1.705069256601032
5.003344980272519
19.2890479853737
16.18398634528164
-15.371787845561622
-3.331365486733908
14.706071375059466
-8.803782064087544
6.226917100111056
-14.307757061238657
-7.0273668358266494
-15.551321744977429
16.84957854928708
10.950721483405065
-5.367296449683732
15.4276316673242
-14.43682123618347
-17.621127293007927
-19.482166514238372
-8.100333506877648
-6.299469384148484
1.657023275900844
11.052535924025513
5.014974687516101
-12.756124051832414
-10.98907289448443
-13.758662272952442
-14.802911545282775
-12.92453779438711
0.17752190454436345
-19.936655227501188
-19.78088010984896
-6.938317601172583
-0.17820140631798154
-12.431910239101436
13.910319590129994
-14.549195002591183
-8.238195901161358
-1.9694532532183402
13.919053385631713
15.19721276712071
11.696647784777934
5.738536881363029
-9.232914198011333
-16.924321327621822
-2.367864406320109
4.683874729066211
0.03999045093436138
-9.442775448603005
0.20573755344551614
6.208355975533859
-18.93857244376091
13.653733857899326
3.6439594869619185
-3.758535130173904
-3.2706206328242295
18.093100809381035
3.5919782848239556
-12.067298057138128
-9.976397466707251
5.623489963576379
10.047260414416058
-0.6539206032828275
-17.08811832230811
0.18502247573655595
10.592446511829667
15.5609381431778
-19.688920552912986
0.10891557065965785
-6.570147637943528
11.417055271772774
-17.178919558140784
-16.132320156327594
-4.238212597754153
10.022311514575616
-13.10062792675124
-14.016289258534487
-6.650103884151051
2.4794178883457434
-0.5586368549602305
5.052250586199104
-3.273793530663987
19.255561163894427
-4.230264545908353
-4.467332202554516
1.025892392046277
-6.1371499824855
16.54916619950506
-1.8672015739667387
-2.797626780268189
-1.5435326676828396
2.7239972349479267
-16.65841474711812
-7.134464409395672
-16.72645190213884
8.95625392463565
-8.279655127381433
12.942599847677293
5.212075182498985
19.099803834920536
15.603449258324112
2.9660629569008066
4.24030307648923
-7.433604452200946
14.51218306510598
-6.522327230872907
10.888850154341828
16.977065163159104
3.7505066237861193
-6.776183264716797
-17.107790976567955
10.912795310441169
1.7053149952578615
-4.022802789346663
-15.371293476432646
6.72838865494143
-17.623616053320987
15.429517414848178
10.384364400524099
-9.709986181537374
-19.3570616703663
-12.713283268733253
-4.2265866861216885
19.258256961575533
4.132688401805169
3.143388962598202
15.2172100222595
-11.393119850872097
7.326624273771131
-16.525148916015834
1.5461307710176264
-7.514901032372055
-3.7050178437033843
9.386675773725695
-11.421501262499923
10.370451461644102
3.9218636303263246
9.528464678487538
19.46556574586033
-15.511318641989256
-16.904022495493987
-6.2855689009147575
-19.941399537673945
-3.491388835647676
-4.110678038057753
-2.257894903657075
18.366019950626196
-19.636413782840894
12.35796119649298
5.810125754528492
13.179585874441422
-18.646462587129623
-5.685351362734874
-3.0138010981320917
-13.444111029867866
-3.2968163395241348
-14.11428244855935
-15.962209193553733
-10.362229201381306
-17.653782854864662
5.736733028341263
-9.381394450864335
-12.687633692854906
-14.117761927800071
-8.533770046724282
-9.236559687050754
18.367903273304755
12.733687753000545
-19.085748007722092
-19.547411620943954
1.966377591804438
-1.5767975706725004
15.933105095009871
-7.112051936519293
-10.164717982461244
-7.018184446263733
-6.098871158941055
16.359236715456163
-11.928885754043108
9.008042061778568
16.138975259944047
6.712292101661891
-4.60660974319735
0.045165779022365626
12.635978241368107
4.780704067142484
-16.0347758777033
9.076015021821036
-11.838691288889107
-17.150886824661274
-6.476050914619567
6.0375391862452155
4.358105003076922
13.630625514778778
-16.660590375320776
9.070799146067593
8.665160916027574
-9.632254263718888
0.17277268023314463
-9.973800704749323
4.9601344162266905
-19.59954516375587
-13.046536055658372
-3.05508855242563
4.727119842156359
-15.064226916916738
-12.50653032867243
1.9960772959271509
-2.237964027342869
-17.18032978026553
-4.62264300245868
10.7365376963882
-1.0822977135169296
-16.716714337312784
-17.213246133905898
3.260854893024625
-19.009985632516432
-19.400302876562087
11.34087881803299
-1.2642702066137588
0.7004560650374643
-2.9537113568698317
17.622511569246903
-10.802540600875306
11.86202563180549
-8.097416220593905
-0.0970286175503503
-11.570809955610377
-12.230265236506197
3.3365928139905847
5.271139458156327
0.5039489513815063
-3.738089374171789
10.506611703801767
8.964593261842005
15.361783167138697
10.209076496796882
-1.1837648540965553
9.743197844132503
-8.547949435916106
19.762886102886547
-13.172736528394351
5.421302093250947
10.363376894421897
5.000873677691157
-3.7141065599248257
-12.76328341145685
10.422597337692984
-15.232379713567106
-0.7345094237525558
-5.097754619971436
0.807347840647175
18.759332654125373
-14.85498443463067
-15.194987133504112
-7.603404914352474
-9.564934488682919
-5.082244920872533
-10.77887197638213
-10.4647267642239
5.799600110712319
12.273405087883177
-9.512502333504536
16.795290894292492
14.677195014784765
4.629575315672941
-10.94102886961505
-15.474958451528051
14.555698695873481
10.079634746326505
12.585666204060402
6.7068500273896205
-14.352868935707752
17.88079226740779
4.284565353793695
-14.449216665795799
3.8204076184012123
-18.931827711311886
9.353531618805345
-13.143023035225333
-1.1718638632220504
19.07626477070682
-15.771177306456178
-17.375048964245696
-1.3295118575868017
3.364803039568965
18.013992720638655
16.475105949957054
10.3114370653627
9.461927022313773
11.307454764126632
7.21714728466576
4.4368943976434885
4.3189912341277115
8.614448494493928
-13.460978983791927
11.949159194949488
15.725202918176166
-5.776675203908104
6.246733406330556
-11.502606282234314
1.141445239309327
-6.27490310745233
-6.74033167655956
-0.3075116534353697
13.21808866017318
-12.909337582003747
-15.620618144914955
2.452897234043931
-16.580213709373464
-9.636219509108921
-16.560278238862765
17.918168842166622
-13.705361804227106
1.280226051166995
10.443703876528915
-7.401445309926583
4.536044263880228
12.08008852826562
-3.84492966062556
-17.009638951517193
6.347862374621865
-7.084344307248017
16.989803468538284
15.693514612086219
-19.975555854557562
-15.785228868051071
-17.00317821823689
-17.549592975303057
-18.74120279853367
13.807280838472273
-7.792913127028225
-1.3837367824757933
6.482780202961802
-3.683483769803612
-13.355274859685785
18.828966460453472
-6.854712966424312
7.378843114931499
-2.3454103562921027
-16.862952696473773
-12.033777303159972
-8.637613839260636
2.7417055819754346
2.5776698336791597
-19.56582213792781
-9.414857271987035
-10.507079925060054
7.987268163625451
2.5497730656617357
5.811233010513117
-5.495669173578408
-14.220165508002554
-6.074569300365603
-8.707629134360166
5.39701897913703
-12.50328340897016
-18.430341572165695
-7.452351856499902
16.91143292096254
9.844476415006518
-10.22063560907755
-2.7115554677916336
-12.562219374571676
4.841465066233024
-13.754095498769559
-7.466308597369435
-1.4244106273474735
7.120113121678166
13.394711560799387
-16.925302370921635
-7.200306393527152
7.114905298932275
8.762703431534547
-8.40622770334804
-18.495631114831205
17.973816780242558
-11.486566462901187
0.05617538958837898
10.39442287334409
-14.115170667481856
12.429936669761112
-6.150385150023862
8.562902857782262
-3.242496566171692
19.16660014140021
7.886361032592056
18.32143763045876
14.925569611668614
-7.214980223493001
-11.544824791860249
-15.331872642797354
-14.29876842126339
-2.0474558375439322
10.908483815437997
2.2742213715431205
-9.926002781999843
-4.193297746790513
3.570530675442342
9.695007027739027
-9.920503659358598
-3.173904911555546
0.7583009724315168
17.569334407821167
9.191596782418479
0.0561698416160219
1.1446210088688744
19.934165144449864
-8.902177689173314
3.63202361952753
0.0850550627064095
-18.432599163917423
1.9392031674741084
9.807778380663027
-11.491436730912842
2.6622895855517754
12.450551367854395
11.575200813582853
16.382004083064125
-0.047746306844583586
-0.44453011486453775
-4.331008442480492
16.62703225566362
-19.81141085370372
18.435621745262047
-18.254491738507802
10.566956654374916
10.052957324360428
-14.307347264900674
-19.56890327052863
-12.273901906931783
-15.163477761144915
13.972572087262208
5.6483343781398965
15.424453554544534
2.7214764910583753
2.0339623992787708
14.547671625029352
-17.070589749930836
16.024647612345163
9.518535941870564
-17.51315548970752
-12.308845572505124
-14.626326746537925
8.836236782540198
-7.4719802387455925
-12.094482302557289
0.3237051044099104
19.550667975339103
-1.81639944622653
-11.734795252711908
-16.50874853372137
-18.871087916266323
17.53567639486411
-19.32183747216363
7.866831228105266
8.836283379145982
3.0714360893227557
9.219253293810187
17.753269437441176
-10.705948369559017
10.382530174169311
-16.52961879487527
-10.787833651697776
14.637877424308186
-1.4232591970793322
9.25353244656759
4.633284006947093
-8.952201169107287
3.2282929517710244
5.751438875666771
-11.071870024813123
9.258031775594286
-14.908133264814541
18.739523585215565
-10.307591342327914
7.485137831557008
-0.2715936237515315
-0.6740301557012316
-14.923190440681537
-2.522028911806874
-13.09340615009158
-11.979554517482129
14.7307925264045
7.953478719828002
13.84138232796112
-7.21178555114642
-4.928402324486672
19.370654478271852
-10.532774555595354
-13.81805329189838
12.920421532218228
-6.809239771489786
18.84856301335205
-13.188202271988825
19.769009275073188
-10.24673671260592
-9.007198171469835
8.53333522083101
-19.545615383894194
-15.791730292963258
-5.142373122071525
-3.854127282334346
19.217316957736784
17.14467652364806
11.367807705075045
-3.421500460424028
3.3906639923493174
2.086342948090252
-13.924388829609885
-2.4413535370290447
-4.13667135229376
-13.91410828471589
-1.0782787910002476
6.584662158746543
13.546737374172707
10.127355923064098
0.7720429638353075
-9.636672525110125
8.296475482018156
-16.604108153350698
15.68325758932783
14.81726000287491
6.7740956873951355
-10.517048367039102
-11.037037916643207
-2.46318817034064
-12.3550432460844
16.958093046971797
10.364831299560993
-0.29249692178698794
-2.345473863305699
10.422766721698821
6.343722734661085
-14.850433236643926
8.81805513976935
16.619329999151283
10.474716836041974
-6.050129009384593
-4.189610726562147
-6.083573813073198
19.185316765464066
-14.044582003511724
3.756863826092477
12.843200759846496
-9.826377916169582
-10.490378047087079
-7.191858765302733
1.3492372510415933
5.417765590352417
-6.890892423290245
12.19357799788282
11.355603744782815
9.571922173143431
1.8040957543609792
16.729321034281966
-16.427321021920932
-4.158585774807424
13.723009524586047
13.400401265641818
18.121086311950393
-9.172629371399053
11.447684475832489
-19.962595418742815
16.12720317976718
-10.648700621371056
-13.25858623242063
-0.6538624613452981
-6.867043300876823
0.10911816203778812
-2.4557988398154222
15.692927188295933
-3.9170147571121845
14.058987886958263
-16.796977347434314
-8.730022123772049
-19.784251323842774
-14.40196077624256
8.949808333374865
-6.068806361483334
-19.225222717209128
-10.756793491578218
-13.269566167285527
-9.888266563954883
7.049877174629241
3.9981818906056574
16.704965734019524
-4.095779909411345
5.871294523888579
-16.271241792726578
-17.408926801164778
7.565166513745115
-6.090586756649024
-17.004652943908127
-3.1544550949287853
-14.220117958717058
-1.9641281915826525
-14.13915984614048
1.33780646517868
2.669029003942292
16.227087482960954
-16.939859139699905
10.786925722135582
16.718875015075184
15.097969181031758
-19.40857111348211
11.580009478300525
19.603436729417766
17.21856402785508
5.476674161684407
-19.62343273185315
13.848715062644878
3.077870379260496
3.655179250505082
-2.31660306222496
3.7291849844473823
-1.0248654287417978
1.1551911469992433
10.955160175657031
15.063866114946109
4.729381329449897
-14.089576043429961
-10.9140117666235
16.537630530631994
-17.326516057415656
7.164517263889046
10.908589656073659
2.026454726634416
14.442156334937671
1.3198062758629874
-2.8818691339029243
-19.08026061339928
5.790826648012622
8.756161685885427
-9.354009784978423
17.16541522907849
1.0046093734731052
-2.03317827323259
18.178848158995955
9.907538616037279
-10.489015480768682
6.738506323223511
7.8990860362548965
12.284780469016695
-12.813315379277782
-14.579917203128838
-16.172653076393072
-11.255667451935247
5.410304254062005
8.666751644685586
-1.3910375664714891
-0.4946065482046862
-4.4046325851820445
18.615222320602513
2.0874373072148984
-6.594046971568321
-15.3478652298437
-7.254751531915819
14.445204924858324
10.720639834715794
-0.537173879952757
15.174804518888038
-12.607025563133032
17.582363601710988
-13.160602477084247
-17.728730125029895
14.656325415006144
0.23241259262300673
7.748891823786469
-18.960285533150003
-17.664593947279922
-3.3654080514662965
2.4517259453256948
-6.045533715087279
13.973379545755193
-18.416595776561383
17.546760730224285
-3.3901623710673157
9.946347265387807
-3.5277627176149515
-9.243952655059754
18.21371023090294
-10.623047007220503
8.5194042943567
0.8450335756682712
-11.649505878735415
-14.497937861911172
-6.826240066766015
17.522769444535143
-1.0296414774812277
-19.97199690760055
-11.084175266984339
-10.638195260053243
-4.022030345841706
-3.8857476798789037
3.9053082612549304
-3.573499595173793
10.058982518749215
-12.299436340948438
-19.10443263561834
17.462855991068963
12.188439019511414
-4.36842421383901
18.423711358769808
-4.146661536135232
5.884899861845639
-14.05145858455645
12.017139772652286
2.0097699128752637
-9.518857556250166
-1.4487483339875915
9.58155063877712
-8.740542803253879
6.641123347252545
15.820623248334705
-15.944739456747307
11.618128976344053
-8.557818664061138
9.807381244557764
0.6139832779494192
8.720090645134889
-17.352396443221934
-9.87874148128627
-17.382984805898772
6.479891640748136
1.315143320345932
-16.839125811041143
7.372934869645
15.356535766917943
-15.955882373730713
-11.882972867928029
-1.5759166866519365
-2.4878005825726888
4.187309286580142
10.643749837517781
-19.62344412543727
16.64395797281187
5.665072074864852
19.46186921728099
-7.377948924893714
19.4245663010375
-9.148786709187053
14.930562947693815
18.488548164394814
1.2496454719864936
7.625615569841209
7.425114375205769
-0.28414145446807737
0.30183445656124874
5.508048032499808
-19.992379675002386
-17.267026821661815
12.942553409586054
1.8395623994514096
13.429467034749514
1.6426056389528227
14.516715552680331
-16.28254350631171
5.188719523906208
-7.047738492899578
13.886865555658133
10.579717351870986
9.461592169497163
1.0699389729081972
11.70099448235041
-3.8869471593354668
-19.39235454227173
-4.281128198263771
1.4407591113334526
15.479367880100156
15.141438457150073
-1.3991745186579827
18.25398381148822
-3.3056977853375074
17.9318274592938
-8.179561078860257
-3.510617335558859
-17.97953632306152
-19.244140266145497
13.530209078972106
4.196710853117722
10.167779084199324
-8.896941218448116
-1.3305088308457726
15.260956648599489
-3.872200265871186
-14.645152352852065
-6.29504652958261
12.293661953057587
-5.6970281178971405
-0.6845944398920238
10.693432457294985
2.210095898279988
8.700277101667876
5.043875707685448
-19.392610051667923
13.376191369002406
14.219229774697538
15.468865892548962
4.791605897873367
5.089576114548649
-16.079679694365453
4.90117718531938
12.902700428316969
2.133864183580691
-3.7716604570206194
9.280498658884774
16.815715864255964
-9.55081111268139
-3.9088685642970233
13.139106968037495
-15.702480644640563
-16.669890481878703
3.447206604569864
10.45980817201319
-19.957148982778822
-13.214785052369313
15.246546265605467
-4.340469210448138
3.7954210958736496
-8.473231950918994
-5.524992588621291
1.2008423915677398
-9.399768364536598
-6.170038425018509
5.602742172463788
-8.406189876572192
7.14597395319883
-19.967128595095595
-2.914849428134616
15.075956080957475
-4.107634848970779
7.939908532152309
-7.845717708993849
16.864535255853276
-14.361658551712036
-19.064875194197775
18.45621076957554
17.228146562633512
8.947909991436664
-12.5361253023154
-19.39745449699521
-8.749112864242484
-14.750408395571647
15.36403502166553
19.536955130601235
-1.4171948438714068
-8.450814877748641
19.892425200113557
-9.168682039992099
-17.116666923143534
-16.394268513673342
-14.236312421545616
7.309494815322665
10.628864793651385
-16.781635812450393
-4.8505412426300065
4.35936725658804
16.799737012164492
-0.9841212634771601
5.126116149657495
3.7285953590370333
-5.094084209315092
-15.560679123056689
-18.38792056757669
-9.570118887438316
-12.360027410512595
17.019479480660507
5.04300480780195
6.3811601390879105
-0.5165887560404485
-14.993968313145722
15.426150177695696
2.7864752963866763
13.005532444848903
-10.421643396758938
5.763147219458769
17.877620494157057
-5.851294737153086
-4.521050610766855
-3.8382564851765935
5.237303982404864
14.67526279291755
-19.138265260012442
15.176863701223212
-8.708764157001564
-2.9164596752335754
-13.616691267492884
-16.100643265764916
0.17958289332786137
8.494359492376795
8.687908323211637
0.8190797418127325
13.026154436547223
-10.408947347218977
10.25396614489232
-3.5622827830903283
-2.0455483437780373
-2.1595114879370527
3.7907858347045753
19.41642524654968
18.871971583671048
5.252482444087512
5.385803762143215
13.958982908730157
13.566988415960594
8.59112165457233
15.791548479776957
-2.947930973402812
8.03354921653856
19.102079052242438
-10.469975327444999
7.626218761921493
-12.210913580120536
8.700588197469905
6.697591440024986
-16.25173949984596
-2.4344238410336203
12.64920264946251
-16.245824490449973
12.299966584523801
19.848771158644027
7.828022867360346
-3.3168678181605635
2.22608710280468
-7.568360122209651
0.8488828283502592
12.54682425218985
-18.364289944723456
-14.76573518219677
-1.3110009361732047
6.2954042426343975
-9.989459701766537
-6.7859161167255735
-12.241045313014137
-1.937703228717318
-3.1748425413528913
-5.709681068646034
-17.76486430960819
-5.8164545020647616
10.776973122601806
-1.5362538406205708
-19.082127825623015
17.792267033999522
-8.807683691936784
16.74102887339864
8.823266752759483
14.022387706410825
-8.00568127757054
5.2951470196532995
-6.300840490141102
13.077410325582065
-3.1375126470285153
16.971549309211163
-18.16701050362167
2.2370906274036955
-1.362769309334361
-13.269460447749966
6.393230605844092
-18.700813872837006
8.682029370913181
1.518700475123108
-16.042173652236027
-6.030800477582975
1.386650876905037
7.832773915111453
11.022554549970653
-13.981481688250273
4.177843357501061
12.963899482985113
-2.3610850684648135
18.8213771304719
-12.890360516186131
-14.245917283468707
-6.482851673029849
18.24026980910542
4.603051838973098
2.3735210783248384
-12.760028041198673
19.02447873456787
-4.608015337955077
1.2304993978727623
18.68119985623572
9.807917151199419
-8.912061470840644
0.13176952226542227
18.07074469890484
-5.178643853076984
-18.88339311257953
-6.393694771785508
19.48139978116734
10.111526444212924
2.5119427648837416
4.904623689960552
1.2339356161110437
-17.90136571615949
-4.039401122644154
13.728796941712737
-5.23971235951063
4.827159994756762
-17.572651181914893
11.863656217554382
11.244399968325244
16.8096054172808
-2.647748506450043
2.777590492309976
-1.3957302202822035
4.5658490233690046
10.66663176611829
-8.09640456285086
-16.878229066606274
-3.7160155575994978
15.936113559013904
18.47724614820776
14.434644548800371
16.001253337244044
8.068550188968096
11.265977916934627
11.951951719482498
-3.4690637713699672
-18.38704674533046
14.470141189131326
1.3456649159806666
-18.015354815270356
-4.6091555992343345
-0.018106887740174216
-9.273240584253376
-5.377081302216329
-19.824191051970143
-10.77984103345511
-15.857173455575616
-14.91165025645861
-6.94658159609836
9.61926708145587
-14.5927165995277
-16.92206807245684
14.921020248831752
-11.93542093183439
8.749815106649415
-8.79239851364832
-14.030338831448201
1.855365006756987
-14.302064227614313
-14.444567731883819
10.414101311277314
-3.6956118870654784
-10.090062257390485
-7.667251522680685
-3.189492769631208
-11.908137555675427
11.083823777211474
-0.4838241452967651
1.8957621858963982
3.753965868034207
3.450296322898577
5.923285177019682
6.156748856470248
10.568875056013134
10.769585396609035
2.8868849430275816
-14.202179255805145
-5.391067923549787
-6.400915563970969
15.04611219735569
3.468624517096522
-7.178935816119804
12.229022576726031
-14.239284817333822
2.5948693710357844
1.653788157953553
-3.5759893530106055
-1.1904423609283832
-6.404180984060215
-13.009352679525698
16.567914339267205
4.906601258191902
9.536844430366497
-8.720206162646091
-9.270654728018233
-19.207909393933846
-16.326054415022607
-7.037433346477879
8.074513137058265
16.362412898040454
-0.7502211366179594
-17.599859413278708
-9.821558375078085
1.090835749435243
-8.371293929773893
4.932439788009898
-1.2658718072588684
19.751259360849616
10.963326802015338
-16.35054749336326
-3.8208176224810977
4.516138499275382
-11.883560135015383
-17.041059195597583
-18.450521959784293
-10.652422547195117
-0.46404420173124095
13.486013595544911
19.840535272862645
-4.4285500700158345
14.628264940782131
-5.394958169226708
5.244512561454215
-18.257264062625573
-17.44581234491885
3.806478352500548
-1.3095426287941194
17.13828463418467
-3.2147112515107565
3.709924162069939
19.083698560086646
18.976151372561453
-8.136541257051944
5.224306772205843
15.039677745465184
19.60742372331159
10.291506019420645
1.893654302518403
-14.05786611547516
-12.251106169659387
-13.916693779501998
9.979970155769916
-15.248294548404466
9.320119292147929
19.332842213824712
12.19431616796011
-14.298234601802054
0.7492158519574765
9.253279312006612
-11.894489745649928
-16.954908727486963
5.287534547929923
1.4843320875691468
-1.0671084066357928
8.461599661451391
8.694018585177268
9.190912322742712
19.89312291081
15.461963150061877
-15.862525581281627
-18.820004706801292
-5.122567616851445
16.70779103413843
10.64724385975158
5.032309093181276
-12.278037162030614
-17.25037265153575
-11.06088284228871
9.10936815311965
-7.863758774889643
-10.889419046787792
1.0642997341953588
-10.605917529058928
2.2015693953808224
-16.813683337638356
-17.59780304838634
-6.285120392427315
18.13972165484514
-9.071321130658436
-13.503596365405471
14.759330707819835
-17.345622383374348
3.040766861072864
-0.8441880978608118
-10.950960641823432
-1.0156619699407088
15.209901079569129
13.600321900574897
6.768598511414478
0.30190772474630734
-8.158931141122384
-6.921532080931897
-1.6225310494199832
-0.38793306524720705
-15.637579168575758
-18.695312219038662
-0.8684008993918226
1.8853636719844715
-16.859081083539195
-6.085064579891961
18.905032271992738
-16.34234811066801
2.1339249430213556
18.293015531305883
-1.9383459659315676
-4.15118670729008
-3.8001606640509067
-12.641002355842161
-8.090203367660962
9.426469739694163
3.715467680309331
15.839518086623968
-17.426260380875014
19.577313430038203
14.63819137101018
-1.8986780446440896
-3.3380122045936673
18.797164785625753
-18.314589354906854
-11.57165506523782
4.826078006362987
-1.8601065137374704
0.045552237522827
10.1404238181483
-11.755457101594526
-18.03628940254484
6.200476001100167
-3.13786978016298
2.3373862860929506
-15.026866962855223
-2.4119490211988577
17.22791727119497
-10.566178322226305
17.405094936694503
7.326918390858118
-12.241247366262971
13.787559225137699
1.1110593920327219
-14.636377076208667
15.383144939850169
8.906567214426527
16.39282350179934
-9.496622724354769
-6.03902989230393
13.632360152021015
-10.756900047694566
5.322470550955721
-5.663911994107146
1.0035586400331589
2.9938785985738967
19.628878758409016
16.222246300706217
-0.4000123224736605
19.500851338936535
-0.5034448088515653
10.384305478809924
13.860050500342773
13.021778065879644
-10.56634964548683
17.98382742724432
-8.40406782866452
-9.150924075623852
-3.789790985580481
-1.9671119129024106
-12.101671686363114
17.12762699822059
15.619144689870943
12.5579218018582
-10.526153388271759
11.989364758347406
15.906393278297436
-6.059730770740149
17.696564838871225
5.197231226955626
3.3453426079222197
14.062422626616652
3.650003499896279
13.016453981122524
-6.192353259543296
-3.171093940374469
1.5862120937142166
-5.521284535124655
-9.204629813224553
-5.541681774593638
8.316909723328394
-15.54387904535686
4.013837993855432
-2.7418424152095042
-9.889685437591083
4.784639571149242
-0.04970989915418755
-7.924970659941897
-15.7180845375837
14.08710177346795
-6.188950704128251
-13.637058030506019
2.4259164981259573
-11.167658989461508
-17.218528786699157
-16.980866067113407
15.458508022854865
5.269748494387695
-13.053930430953118
2.9450934394206314
6.489554909276173
7.4998569925344185
-2.338452591422918
13.874107363817558
10.683350963114545
-16.2146604190983
8.259196513072009
5.891601035009803
-0.33599348439301124
10.963120899250562
14.33068583963366
1.3125621067148074
-18.65888827088994
-16.51478499400506
11.814202171345954
18.137323909832425
19.790002933931405
14.297882255273578
6.022078408754105
0.2057647808748726
-5.715277188114163
-5.824227720768121
0.8941747523052292
-2.0917508990110925
17.590436978003822
-9.790560328317168
-12.340072724999098
-12.153911465154902
13.290716477667303
-15.696241112332757
0.6829484491645985
-11.346286356604217
6.997871972218782
-15.477276299033726
7.485850274075322
-1.5749742834617422
-15.834226575944816
11.452944511705667
8.127000493970947
4.485048308584357
2.731988820810084
7.818452320821258
-0.958813465418821
3.979739816736739
-18.425712950381698
7.293102025230986
9.703915608014249
1.8172290231758872
-8.418387376401117
-15.10999535692668
9.51468319900366
-9.497226280675717
8.858229284294573
-9.51022726298303
8.615501247717702
14.087607541462944
-1.6956799059277756
-4.9940143240758985
-17.823409169313077
-8.87495598813354
6.775457543472818
-10.464204145951141
-16.70592714427185
-10.796095237523566
10.858553512389754
-16.817724966504453
14.245517759656614
15.949578209302203
17.42788287250748
-9.453280845544452
-14.494922884884076
3.918210355706506
17.207587531361874
5.2806655106222244
-15.616103191525514
-0.1675583269605525
19.355633488928234
-5.191102843218536
-6.454900358341815
4.611096722699038
-15.126310642424992
6.4931148746578735
-13.181896661786766
-6.697831739749223
9.474377695841337
-5.11613257894258
10.526128452850845
-12.829169187635063
12.829284914221574
1.1805480152825396
14.425511623207
-9.069264987730765
-16.95375407196191
5.988314519228624
-3.128412647812965
-16.436593196492986
16.52772285212548
-17.00643232930902
3.248576592217699
11.467301593219034
-4.737711423134169
11.536565526237773
13.48820936941599
7.910057165540287
-11.712744026239946
16.13546079271066
-2.3015964714322834
12.774269140698422
18.349073779421843
18.084593031318875
-1.3137626850477275
-1.1454241014051725
5.7965483169656835
-13.875675614397354
-2.880920418128035
-18.91662949274151
1.4841058060309962
0.9730349370774789
-6.908838843569489
-15.709239550681477
14.982624954544448
-8.871467771857215
1