11.206883205169174
-10.747355496920958
7.112304447338779
-9.738870932806227
16.425356280614267
-18.205599448153343
-11.617652274976056
-14.867897486814146
16.537169177981667
11.858185489098464
4.0870383173772495
-11.16396718384002
7.8243294683235085
18.811744493526405
0.23605370486762567
-4.258436766226893
10.02026421637719
4.175534970437241
-5.0764744996373246
-0.4937432119925589
9.509906276537414
1.4579615485663737
-16.7121991141602
-18.5456324596878
-18.9350280107894
13.732218976132422
-0.45931829757451226
-16.09907931885435
-1.945610662222176
1.157273176741512
-14.327613780938622
13.952016710906825
10.641703236381474
-2.5276921196888757
10.200381562261093
-18.49115180437471
-17.970479715266144
1.3208648032403225
-12.49815932044613
-12.574785732753195
5.096505210518391
-17.31123839619113
-4.494409599584284
-3.3408988415117307
-10.143305404057333
-10.738379114671496
18.29495937277678
4.2714719959606455
-6.505698449131771
0.9167049978858302
-18.21674262436823
6.978143857146097
3.927694560161722
-12.61790167343551
6.438468013619062
3.2657502180283586
15.319744095172666
-19.62713682581151
-18.752336714600844
-17.505201550357278
18.36453428897017
18.11567582267125
9.661525496308293
16.546271619350847
-16.09239052796775
4.569331713189271
-10.980815900406808
13.538758675302162
-10.290309619927594
-11.893960280474246
-8.01480641378376
4.75557521279049
2.0718381248431292
17.902317673492448
-12.556663351893276
10.050401185313206
17.666114378114194
-15.246372526420163
10.963294480830701
-1.5840830631141536
-0.7501726576473757
-0.801736284826795
-0.4507180556479504
-0.7869071870063706
6.511274480636651
-16.816425259677036
-9.554755184139342
-14.537057287420424
4.326324295121058
5.658545155348644
16.894091399079343
9.997516430293622
19.86964315150668
-9.334815130816922
-16.26221180710798
-16.97238899343253
10.612708091337822
-12.553077552683597
-11.0958044132385
-19.39530870453311
16.56228064058179
16.92462345976675
9.160229367779166
12.71370810514658
5.2536258775362725
7.300122442071206
-5.250932578632558
7.577020088543868
18.947933792973892
-9.337891636575023
-5.476068098153672
-19.12346558138241
15.485262523055553
19.180587091978516
15.624228521929389
-3.6705009793778096
3.126994091360494
16.121225364421207
-18.340809994473094
15.05134379119123
-7.420823692340072
5.606724045241723
-2.452776562564182
-5.228242121717695
-8.67313622657019
12.810862097209778
6.6571312872512145
13.90245542448777
8.515251208394666
-8.397258560106033
-13.390664346396562
0.1536813166236044
14.17031037004945
6.835508574764468
14.563760510673227
2.537534103063436
-18.274622306322847
2.855018291591705
-15.55060130866583
6.09289873321049
3.7344828337032467
-7.375131780392401
-18.161184380975122
-7.866978375914609
-5.2419916931435395
18.959147121426383
1.0738043546328022
-2.178137461755444
19.913847857006047
-0.21438842610351472
-9.043572991456386
-19.95582882041873
-1.8992015224078038
11.858102313034287
11.667490362186115
-0.4049104025449992
-15.8319712212719
-14.513907144654098
-19.052829632887306
-1.1360236546564941
9.210758412474547
-13.49388897392438
-13.17656813660264
-4.23529661595393
12.227625648953257
15.34654609448043
-18.929986146312206
12.552181847604515
8.2555503864426
5.775735267316019
-19.97324385252054
10.730356377967833
1.128637439356119
-9.830427355230844
-11.53221727121652
0.9245005803176021
-6.453944659021516
-10.131195038850244
16.97456131682528
-4.777469920308288
-15.980375013157877
-6.983420957909994
-16.747693913131624
-4.788262100105364
1.7566521958195906
-14.970859190634753
-17.391302224553247
-15.62857338859895
-0.7429087225728992
18.10820445533451
-3.5089416364174824
17.766158133543286
18.499940500975228
3.4009078755487536
14.84929758695445
11.140586398949392
-1.423126455686191
-0.03160829920840058
-0.5386427573552623
0.749050018534021
14.035119830558628
-3.9606559541176054
7.003658815004805
-19.994092178815478
18.69917157760758
-15.159282425178638
2.2522234706734103
10.498350452505981
-4.962314338847094
-9.26138032036954
-16.01954780950407
7.458838465906229
3.301953997939332
-6.219330728454455
12.555435706682516
15.716377443030908
-7.781990157447286
-16.068773082071207
1.3672600732866371
-0.06829921907394976
-19.20397918055773
-11.503572221392737
7.850999753703075
-16.842926572595587
12.849080559032949
-14.389392985073716
-1.4966178024905261
-8.722252974371077
-16.026491750012894
0.8421054725516477
-19.06727559786183
19.087067350940416
-11.677707444154395
18.456569961733344
-0.2744222641095604
-2.714022832880694
-18.142129231486855
-1.5094726657206259
-1.794455860482845
10.538510925442854
12.484821282295584
-14.895215216981331
18.123975780907983
7.473026175369306
8.488158631578514
-1.4900671647207346
-15.422950723177298
-5.401776262417922
8.30460585433848
6.006534010214821
4.873199129449169
-1.917770549826173
-3.3607889946965415
10.612641933363545
-19.44745644544588
13.724103514809649
11.91615797642902
6.803195176972842
18.198578203967642
8.483563267101513
-10.007599396489525
19.011980170613292
-19.3245838956448
-3.797600557172146
8.52954117728483
2.242307834167242
8.770983606386519
8.333969498124585
8.491551576009204
-9.784680226925726
-14.796162167325079
-13.154810467935132
-9.094790143844111
-10.363074171188021
-14.562085904737367
-14.352513240238526
-16.06412808426812
-16.756112916940097
-8.523079079921114
-1.0794836180578429
3.10753900034911
0.20250542121835835
-7.232005135207174
19.96917431050808
-0.6105316259722642
0.6663728513466758
9.691865825615412
-19.617750860030245
10.161188193309197
-13.085934643451873
15.638942882207338
-9.04357568072526
18.06188242031685
-15.262795238581578
-19.888227722805517
-4.874135958856293
6.698288314627959
-2.1001963774135604
19.96967882271082
17.805713992000705
-8.952548080275031
13.95163191702548
-8.590682806611415
-10.299367230744632
6.818574661711775
2.7615029646407336
19.769732569706086
-7.54681435753243
-7.7251416496527625
10.558980517209882
16.815794296324185
2.167201582499054
-0.3050414823094485
0.26078745268169357
4.333505322402509
5.785391837213716
-19.520248812742192
12.199934085456427
-16.10119014143208
-10.169740743474382
2.784244309765608
-8.29365216274919
7.97332045543952
-1.5015757540486803
4.206971999143235
19.986807045129503
1.044086232858433
1.1601812349497145
1.3274954373167382
-18.281313658521068
14.791058442220162
-13.642035669835764
13.682023261544266
-1.4869084985710934
-11.28770228687344
18.862710870061065
-13.301229876538674
-15.534589697368313
-16.27383610196557
17.702365919421432
-14.621820941544264
-17.71464306150749
-17.77178568428877
6.076205955199576
-19.644406740060365
-1.3780757626636095
12.17915368803125
-8.096155147631974
19.75131336008552
-14.713732394737464
-3.1781330308613356
-5.896392174275519
2.226341746040834
-12.461217632378748
-6.978699900028111
8.13631813021572
12.895838971828681
7.922821685362035
11.061685444349468
0.36837324071288435
-11.189984236823198
9.766120883736843
4.326112512249544
8.596376938694576
-4.104561391911986
-5.784419471982925
-17.811700746458815
-2.7669245428858424
-13.95179678329001
16.881170701331158
5.493155277861625
17.877476080070693
-12.974528002059941
16.965553857968736
-11.073491183767272
6.872664226956218
19.774653006724265
2.2252766341445636
-5.520502765797328
14.850951037213726
15.486289946924785
11.653092317361427
11.127760005172828
16.185501408881827
-19.459566663177522
-2.8591928274235343
0.20459535569537834
16.29861599139098
2.6893426061521097
-15.82922924511558
-5.477079793649914
14.711658857549743
18.66062856764934
6.132470182342281
-5.932872959631856
-11.88143223546152
-3.127315688286359
-3.227550853977135
16.41856329334732
-17.486827220520524
-1.9235350447325708
-15.035398589860446
-10.548078521981834
10.153977517608716
8.606970332640174
1.0909404852614415
10.32042813870001
-18.553826885398546
-19.122765985984266
-11.34901181220686
-14.416543536525609
8.444761250650252
-16.30501484308803
-7.558289529256896
12.370781639292325
4.481091983671945
18.487755726033022
-7.0084261264696845
19.868922388870914
16.310312875063758
-4.577124325697053
-12.226320525729575
18.771020192519337
-17.415419644198955
-0.11976345309456349
-4.19502028893843
-19.462747401479618
4.578015755917832
-5.361589083710449
-7.35072049079324
-7.125649282695207
-0.08514284194277266
-6.5188661432015
-7.721742987553807
-0.8998315945686066
-16.59390673365627
3.8360343161432056
4.246264381324206
6.083355425591389
18.479835399131787
13.630791918244135
4.897229196203227
12.111734475312716
-16.57854629039774
9.882652642016723
13.568589717824516
12.21038722034531
17.697476251950917
17.85423167204599
-2.5371813031926465
-10.819559037774713
-12.305000749093171
-1.691933011181117
-16.863895306434284
9.478232053222065
-11.934492307271398
-4.5501263432961725
-13.24954945548733
5.4500233999293926
-14.888579182841696
-3.7607625846547776
6.072777288721799
13.881834225252
-1.1370883942916592
-19.084146000804708
14.861424766495837
-2.823582841540073
-1.042356940102131
-1.69140652554335
-3.6289708332008104
-13.479243168377195
16.93753645950659
17.278433898985725
14.400163690401186
4.072487784529862
1.2386951455907358
3.3020014157486344
-0.9839881993820256
12.577573335656176
2.9584998890155063
5.574610166728029
3.7411694264466675
7.77892512559843
0.5485142466679029
13.946037106165164
8.531733495418507
7.511264192839228
19.707691646488698
-14.47927059773682
-18.423980311191293
-8.535635329062
9.486211047889096
-6.930372434186962
19.45861350585153
-5.525053923300835
-14.696467793296257
-9.426883689196934
-19.420563957326745
-15.470135780572392
-13.030247739132573
-5.9051679418690775
-14.757596666388535
15.881008838482778
-6.038416860104139
-7.606693241813961
8.169200388398895
-9.75486764579724
-19.984579575033628
1.6055626227448947
12.957193219565035
-3.82861335557779
-1.1359489345431406
9.227209802477834
18.88554572778623
-9.502937812986678
-3.8992147719008905
17.465440908306483
3.7296473552699254
11.281362079425907
-19.380605344234144
-17.492547948463066
18.32192112075716
5.380993902941494
0.9418065017774353
0.5825851122662975
9.28054323179897
-2.7507049022675467
3.8901491054191766
-15.189902155518462
0.15529556205937212
-3.233094453861021
-17.377858833454592
-2.451204360753273
-18.070750554083812
-0.3729407821754869
13.13423613488159
9.637056298250236
-15.810973372964243
-15.185762705486741
-2.4952478216784044
-13.065679153261511
-17.100266050720716
-11.696706469929644
-18.853565797720556
-0.2778661887428484
14.940218454750386
0.723913819886576
-14.710411037823645
15.798458936487712
2.7078424952706612
5.29254628616183
-0.6992601521960253
13.192784301048356
16.48781717995216
-11.07706275011839
3.5714097547236605
-14.076735164608616
12.23688284649522
16.814134583847064
-7.129998779278321
-8.991920673269549
18.741062244157135
6.007725675571258
12.561347464418361
11.841509097443247
-6.119379185499909
-14.829609752728574
-0.031009426327500478
0.17527688370485706
-15.790084286901852
-12.87161002261076
15.188602257015475
17.812673926924
11.618418958759346
8.0026269104359
-8.881153317624143
-5.920432985276737
15.90669721936439
2.277191400949391
-16.102646288277104
-6.7870485627384625
19.6513691501559
-10.443177025947307
-8.383899996887948
1.398694862026801
-19.050417861688665
-3.088931666225072
17.903839033962498
11.686433589905967
9.022453682064324
17.38384676212727
6.227560334405826
-8.338210067723374
-17.015281816508146
-6.3864482098664475
4.528681136736466
5.601167619648603
3.244246093461875
-15.905376868115946
-7.73235715008591
8.585241806445232
18.569630746613427
2.0288361602170184
-8.371769713461807
4.781911206659281
-8.577770145360756
-9.65266758725511
-9.54946920274526
-18.517361433258053
-7.824351931586433
-14.248944518416193
14.332593705236533
0.621864919122963
19.517031566792397
8.398251770080414
-3.559465794797802
7.021187433895484
7.339766794738157
7.792953967918468
10.72670862516049
11.510127655875152
11.56455712962687
-19.745928733168977
-18.62540160127876
-7.806823466276196
-6.12541548283691
-16.36570115231818
12.625979674425771
6.792328528383141
6.38324823253404
18.8606056369522
3.2277152824406556
3.1695726532802624
-5.126423334910871
12.595221501295711
-15.539267474566545
18.970092578225298
13.425032930605703
1.6888188934223436
19.578318369612873
-6.6381154875046775
13.972645414040784
-4.437551333932399
14.08847104009623
12.453640285764848
14.120452480552856
1.044511470176456
-1.2442983967210068
-7.967245925400817
-2.653127852739434
4.528073969206904
0.4254811555317559
-18.181171354015863
18.422358840758044
16.20334437286943
-2.099425120988492
-4.19284051242383
-15.063514788962022
18.16815185255293
0.7155371966137025
-1.833210023745096
-14.48661877772695
13.456285456638703
-1.3248222035240467
1.266856405368877
-1.5451423747111477
2.1025898040240847
14.205814874781389
-10.183970458075343
-11.971133488689887
2.0484712229624193
-14.444442408849202
13.872715294209634
-4.273034794965827
-12.99301087130052
0.7978171812486039
-0.15229770975293988
8.028589561219768
19.88630128056454
-12.611383560194898
-14.028619993654278
-8.665335971200495
-1.0284432585045593
-9.389024579806922
-4.333668606063078
-13.155800330406233
-9.636400935047833
10.699635744727509
-9.406459451387859
-10.864906070204675
-4.145271944669599
-3.104389242680238
-8.444175824325972
-4.745372520506908
-8.360812323159736
-12.64139725464175
-0.3341322239092932
17.561102283584297
-0.9894567206734237
15.67619245040968
-14.971909995855324
15.996689015109268
11.336840481956632
-11.253216174660245
-11.898000259839133
-2.99865578039757
-9.976944101977407
-6.018195490766907
-0.5038751302084812
15.083854568604103
-4.500536967864836
-10.939338518833681
11.404747192133023
-15.704458405518334
15.869737459276585
-19.7514675390534
0.56452866650271
15.552686801084377
-2.452350996952319
-14.517894040513855
9.859795089960947
15.789694481018024
-1.8160716185432193
-16.198668647754605
-0.6727972315474986
10.521980390369066
-2.49918079922276
-2.47508418527822
-4.287561694467982
-2.5643763508153867
11.284203193213273
12.27401983485042
-13.88142918743338
9.761304715308448
0.2626977421204977
5.337179507504612
-11.539105573091968
10.991904824551174
18.87007035632528
9.051917420910662
-15.903800316836815
-7.45423628551222
-11.933318073926241
3.479664247823713
-5.932242870008096
-2.9463630977177075
-13.1449401010461
15.957712668958635
17.967323128492154
-8.609928663208466
19.049982963323004
-3.4099643253868486
-5.379090587655288
-17.366748388875052
0.2654792356653921
-15.810142982008637
9.37019034208376
5.811235330843807
15.181685668500066
-19.60104620835272
-17.006777025317415
-7.878362429465739
16.300363501778598
-13.059527818500044
-17.813555291917986
6.950813621878801
1.8748124408347948
-14.230228578838613
-12.96594426782297
-6.382793073245697
-19.004818109976522
-19.49739446997407
2.7979742967565713
-0.34514529571417896
-15.034349825442352
-6.324456473153948
18.785087208145953
12.452362018645609
9.175482089233423
-8.085423079219773
17.788298816800285
-10.16285506630259
-11.499423395522005
11.688626516493699
-17.02761616194654
-9.377948831923447
-5.08073724258848
-12.32045411769963
6.8995309887208265
-11.69554733685381
-4.334909964558991
-10.915810599323027
-11.100251043165063
-2.383654430443247
-14.450604157355729
-13.11865366103448
0.0025083677852251185
17.61707869986862
4.035891526472128
4.1073662714137456
15.353725161455955
5.174219046802712
-1.7544638885146497
1.4385198181679648
6.500762044281604
-14.464112239162738
-18.44547185811008
16.590418671874545
-0.18884924395020874
-13.70112022573888
-2.445590874737359
-7.248744909862413
-5.4870135185405555
-3.2298998720507797
-7.687980754036619
8.165639041179958
17.963931797194007
0.49794570818930595
18.550194056272233
-5.106005120430881
-11.411656897372149
-15.289215250769818
10.61687712767742
11.567015042584718
-14.819801876967777
7.897263079883228
1.274001209495637
-8.235355546828762
3.794580244788758
-2.728818480620351
-12.857169791230456
7.221914248068934
-18.62251696981447
3.650869916847597
12.424907265336962
-12.51649515308177
-5.761874646353826
-12.456309470991943
-17.918551173228504
-10.523967747147548
6.6709227572122956
-17.125960173405346
-6.677066292037193
19.81567043600927
-11.150378794122652
-7.5375383227244885
-0.5649052284437985
-13.903371871722637
-3.8717118640082084
-9.847251445086474
-5.24921641822624
-7.60426634713976
-14.145670171401875
-14.766312906603073
19.307497296887803
-16.14173185108923
-15.662609153580739
-17.16535790074701
11.43325815129776
1.176329027253658
11.385313571233997
-0.43115260335927985
8.886958028554822
-12.302114066116342
10.645670149063989
-14.90026557051432
6.873788122705271
-5.723541852543828
-2.454340539585761
-4.870261719458529
6.046350372608057
14.755902382324393
15.938934230004534
15.632928503210827
-2.637459583602862
1.9634737825215112
-18.845316638216975
-2.2331007831840353
9.454187127222458
18.78056697794984
-3.1831002678234057
-4.175359994934222
-10.544395175566112
-1.9760759743686052
-7.733778008297456
9.084431420619428
-0.4270363230331853
18.53155516609327
-1.742054139649337
-14.491019597851423
-9.52634088710477
-19.232603545675172
5.320272326774088
0.8804983056143172
-15.84841698322089
18.575836344130565
6.421612032668879
5.849133044417041
-16.509982029408256
-10.98779275659175
-11.606545843440173
16.289651302860136
14.964242428813677
-10.797892471304
12.386104663144785
-2.0510193075362153
-9.758486820507159
-15.568727229899423
-10.956216740182514
-0.25379817137361727
1.1768742018125202
19.82088366092659
4.019914021666715
-16.476011310337807
0.7012332574884255
-19.78348511122727
-19.116169714646276
-9.1068839805365
-1.0626286376567684
-19.835904405139694
-19.968669426373804
-16.341462516722135
-15.649732171238098
4.138460793187772
8.483188409445749
12.537046648916466
6.823659882603529
19.983437762788434
-13.19714791109158
-17.94108266387648
14.888135998416459
-0.252027053826005
6.397856326502435
1.4841902720072042
2.9884987006184893
17.06514529124989
-9.197001182530444
4.150594738816746
-18.332538316221356
-12.538666602476454
13.719591232443229
4.64281433678174
-4.879102677240299
-5.551629555071971
-2.1036607467835076
18.131623022147444
16.35169644931475
19.96007021292668
-14.956449469917432
18.858017819653433
10.670230875078488
17.308515352791446
-12.277982418197011
-3.8168710500810334
9.473197868253067
-9.413398683598588
-15.315449478387627
-16.649445318707514
9.935922012226165
-11.722353920408137
-16.259150486405023
-6.432180792765102
-13.187957970059593
-4.281742309370085
-8.818701864856514
-16.835312418461754
19.35868915191667
17.583848014298155
2.082980311374456
7.33092022420335
-5.136840632912643
-13.588122071591657
-5.100119094091596
4.460931906075167
8.137374786182818
-1.0087903050493061
-0.48831574815207546
-15.02237199073865
3.594552186970361
-5.847235125482548
4.3203862341740304
14.355435819975384
-11.195605518946605
10.605635485381196
-9.280188130734874
-14.708819456562669
-15.176344818385674
-12.977366866335075
-12.869070254059887
-6.30783794710748
8.315615946338333
2.4559177464368602
-13.96777236813383
-13.572560333065965
17.852034745443575
2.288186948533813
-5.455768412593308
16.41689388542443
-18.30321713018413
-19.448227159810735
-19.482890283686526
11.883046915236754
0.6204174422515507
-9.632304476027018
10.437461435117783
12.191449486934388
15.341775656741973
-12.021570683919819
-3.9352357549646797
-2.3562386073405364
-19.55456643882487
-4.755366784512663
-9.391889532401102
17.681707564578787
-2.3642520691373683
-6.190158492573378
1.9564769192467466
17.031963580679886
-1.248376580529147
3.6422296635181475
7.677323760058577
-2.5120834879174545
-19.52209375373283
9.546101183671695
17.89203281258314
-3.6267179114806893
-11.013932165964878
-19.216038676858215
-18.328742628059764
-14.684708480035194
-10.311839804612251
-10.823141323988272
-15.960544607522271
4.132373822715394
17.898019288410858
-0.3227842696389658
-5.052255491116625
12.533585953771137
-7.259885480477909
5.3876012156169
14.393428816845464
6.349583562724263
-6.512378697783197
-13.87645392138715
-12.788182308537891
-10.311046987962902
-13.032172447900034
16.940117048050347
19.307177277213825
7.018390594824062
12.402043551410486
-16.07069640167307
17.94146624599869
-6.244519743727878
2.396117018565647
14.01579263261177
-19.60016780993937
-0.6821378172047723
16.33402582543048
3.6419447020132623
11.220001752076826
6.2607884269984595
18.629235935377494
-3.863233017607101
-13.579281037725428
6.891131632353975
12.203849818836872
5.688811587412239
11.559550855700888
13.956514026518633
19.23940432279811
-14.795267943468664
-10.996606518156934
19.062986271285503
-17.04697003008691
13.434500887260576
18.27027079569548
-19.850135653344736
-15.863057039112789
9.939693674855953
18.715074371490957
7.050899482350186
-12.289530361664092
-8.001257679113095
11.634343286873083
5.240535922260335
-16.91937727251188
-10.996351380965553
9.810797419233506
-11.943816317860074
-13.473001987185587
15.690794844305216
13.10368875249943
-10.423766814300105
17.991277928814114
-18.956736661049582
-13.960948365521602
11.492317380591935
-7.622048361685195
-3.1041716343498322
-2.7106214802550284
16.840353425531134
-18.911820695033907
9.80723457589275
-18.959630740233226
-9.96634329004622
-4.286571553182927
15.496477309973876
-15.340574475385385
17.404318277909717
5.748487948798164
-9.658750982651787
19.49191224997334
-7.293176708031982
-14.15099560403435
-1.1972761592233852
-4.775328010261957
-7.131822406170034
-8.973838509782212
6.846802718731663
10.239163140947852
2.510602833609216
-0.5562738168433867
13.40753443514619
0.9857984837420233
19.92886719767443
-17.803613159335704
-8.140660593781814
17.04106945146404
1.089700229625599
-2.254907242711287
11.200197377582203
10.873420181306916
-1.5189577507933052
0.6132066941398939
4.1774773272506
-10.469756407543557
14.88838280494894
4.001343858472119
-0.7104605754280797
8.469310781609863
-11.360605825608104
11.525393716093042
2.186751736126041
9.193400201357804
7.555451216597877
-4.4356727667833304
-2.7474028728795297
14.148901537332598
-6.008028629805384
-7.5050658783559765
-17.268402524911895
6.439590702011195
-12.165425512024125
12.593806900849039
-12.343438571325208
-1.76745071405729
-9.044040039006918
17.713231175414464
-2.7619692917830783
-9.573014833161121
-12.879453164174887
-14.889069009272582
-16.80319407231151
19.074064538218096
-17.709905551589724
12.436905084003087
-9.16067540151575
-7.358477428123486
-18.981016397785353
9.738524230743721
11.319067549409496
-13.351241294207142
-9.377467715060913
10.585392729712957
-10.110020468380023
-16.73791297533753
-6.555976609493355
-5.26342881419728
-8.442485657342997
5.749599568765461
16.20112233799209
-18.192590733504264
13.883348222114762
19.31642309983603
9.852021674025625
19.69833774837015
14.257280254330915
15.77938464015942
15.338036482201083
12.35927099991438
-7.037519383523666
-16.56660180605474
4.005721680901509
19.683235242824104
19.690079595092996
-4.438871101754746
18.77383867649634
-9.523099511389868
-0.042347639583407926
7.532540989963778
6.046157670243787
8.565597633645812
13.145367499613052
1.8575930481728875
4.799982208910588
-5.805834651714283
-1.0868228934131494
-17.82530290324136
0.6591413415547898
-12.033990132210981
0.7386026477705379
-6.487705803795333
-19.0980340259563
19.06859331632768
8.44122961496813
-11.387831332546781
-18.826751331859054
1.9893980751544618
16.940841114302962
16.749375174906092
-0.934065065580203
-7.814508996151929
-15.442264682154875
-4.725738842511532
-14.86595123364788
-8.763154636485012
14.142709019056092
14.654035763242085
5.503660675342186
1.5571426438006881
14.077513414433106
-9.507010207386637
-10.928699886474295
12.170671841162672
2.7163152091626586
6.347042741827536
-9.837377404436904
17.35765308095631
10.802736043865487
-6.441951822036685
18.88692271962001
5.025389595471793
7.301058567874787
-9.190291254129871
-14.437168312409687
-6.461611677267772
-4.952346288271547
-14.177320102130588
14.489060816332625
3.3799875230062852
8.939504156284794
1.5314874980808142
1.635564911645556
-11.66779386811124
-4.695360618351003
-11.823885159335493
12.408191864967158
7.45211526064281
10.034871509937055
-5.303984502206198
14.498169306810695
4.1602516955729385
-3.9364041907006175
16.013353470266452
-13.547936601994092
15.237408884046488
-2.40204991389135
3.3359696227405813
4.3179086918452505
13.892524879108208
15.798721108433526
16.622804439266062
9.321037067485808
-2.1011798394590357
1.225752913445799
-15.791871729073673
1.5567808679708293
-15.00538842225124
4.7154325365236005
8.312820644356233
-19.276542088177884
-14.192135339205901
15.711814475663061
8.737269843115556
-12.049599218965232
-12.078469106677927
-12.352322877594899
19.627206863010777
2.1415730525340138
9.393500678034176
-14.702304064499355
-8.172567116546396
-12.75833409951856
-1.7097141485800478
-6.983204073005137
-12.12643012555986
5.551974291263882
4.513054249020755
-19.18345220181102
3.4934628590628236
-15.010642961065326
-6.468522678112624
-0.7392728926476622
10.195995704298557
-14.536195786504319
10.092251505746887
11.240774536383253
-18.862383781997984
16.238201256839844
1.1085227460298057
8.977065626367633
-12.421646486963468
14.859534119694281
-12.2489499341492
-5.319676412509899
12.920266622998412
16.06163550705353
8.213232567853606
-8.042198368436061
-7.53144208463333
-3.7931287801819202
-1.975148154502282
3.7197204001464037
-2.2062511737353887
-4.360324216984694
-1.8241285492057742
-3.245540650789785
-0.08486229308321214
-13.26047506764227
12.768126776714382
-4.577831676083051
-15.638326181745983
7.2257701536907994
5.894257830645113
10.438150575479789
-2.671533070031579
18.422901166593803
4.008120971138979
4.902368717898696
18.177835384709695
-9.657972851710026
-6.813494839002816
4.408669606876433
-5.099628935614655
-18.73929721988459
16.228983945439012
-19.9056297813517
18.183552102287422
-19.9134118843242
-10.559649256559084
15.790835173993983
-19.404042185965757
12.68929196376942
-16.22159287272443
-2.7598186015507586
2.498798276833316
-14.404876490782353
16.604103792689045
-19.110553607644807
14.62170925353793
-19.62793517513933
-14.631926617795145
5.676089431425034
-12.856816766811669
6.624894771658198
-9.991387936436439
19.452805011011264
3.3502024374845654
13.578210450153811
5.049918217818494
-14.48447863331213
1.4163630993274268
-17.67848662917819
15.850148016389568
-6.93805969564802
-19.900937060093224
-10.983431557514898
-7.100319238391011
12.965684816347235
-19.078300880375988
-16.701242078168605
5.03799858361182
10.305970924549563
-16.9878166660809
-7.693543036097616
-19.114634596550424
18.379070874313754
-4.017546082204797
-2.738636631914538
16.894975722860686
-9.51969166863953
-5.95808143396531
-17.280662922792
8.861283425996373
0.5330000754212421
-13.253834595831865
-8.726845004507066
-15.03365673439054
-15.397184618345232
-16.142451186991593
15.101176877987513
11.865953954174024
19.385669605122118
-2.4799209890557314
14.445046908237309
4.035882377736613
12.589761822688075
-16.509423935011725
9.477763802958119
15.934866831803816
6.368204135349114
8.991681305385015
-19.18563123188424
18.036029381460075
18.2867595787487
17.072437418786834
11.964743089645111
14.04826865613434
-17.526682862977
-6.344785427332136
19.07122404628722
-11.070853104144188
-1.9925044320473404
17.20628793391827
9.04320453739993
-16.7859365356961
-9.920113951835901
-1.193389955152302
-3.7697610397514367
12.840812845920922
3.3622488916363693
7.916676767627749
-1.1992396032503905
-4.629504442347233
16.5145123754151
16.48355479812153
11.883700306027919
10.31696050613942
-3.794961348401209
-17.957639009301474
-3.752040973460552
-8.489312812470594
19.487051206769436
-8.673214734948997
12.862618014144772
7.727974843350207
7.7906941180196085
-6.331559660342796
-8.430081048404436
5.139702526957532
8.625108961456668
-16.000398702101037
-5.536997500000712
4.045641469077307
6.792141797544907
1.2687816364105515
14.054361995958786
-2.401303320462059
-11.113110814650039
1.489816363954553
-16.327804405241185
15.413153451883709
-3.364439644093263
16.338157384292742
-19.075893990793826
12.655485457330741
7.974377865819129
5.046044477208824
-12.376412829387284
-7.296995973182479
-16.2254801063632
-15.568646767917581
6.794277513816375
-19.40878562923254
-1.9867220320482488
-0.17910913461346212
9.37642167171802
16.93795453368365
11.541876046580043
0.7493485624579037
18.977238990242896
-17.4176879051395
-1.8232486449869647
10.690195482418797
-11.240946207252813
10.689836275431027
-1.999021375622835
6.878295962928156
15.947472525805338
1.7936127376352573
-18.421117283829744
13.84004679849538
-5.481035978262408
-11.412258957222821
8.981636302438467
7.579789610186115
2.2733733739343798
5.219755768795618
12.509162222334105
1.4328904658445474
-16.57035951186827
19.10634726605118
19.253890344477483
-8.274160382096811
14.972073524107302
-3.6854687020776353
-1.011287978345507
-6.912003412988671
9.017119072826759
2.2546551091801135
13.036753280801676
-11.400910829386198
19.17978010732093
-13.447868069113223
9.097530952198738
-3.9427607359133567
-16.17861825866688
-8.263362628377276
6.468400469802855
12.208648055061921
2.5769284750046637
16.16146816400093
-12.695276214161861
14.580791953126088
7.714866166768605
-2.8101413632054495
12.353299010040516
-6.9069443520303295
18.574104125039895
12.525189722142727
15.135288107401394
-12.429167395088605
-12.02472450095156
3.596943456995678
-6.005939253093221
-17.208314812976223
14.28342544615176
3.3691092544549264
-9.148150425334304
-19.326148600537497
18.491950778536975
-17.014539483716714
-6.290183476717237
-13.193392742556247
-14.52710301727413
2.604384211671473
-18.207581131582252
-19.751776043275736
0.550467542105018
4.405578736801562
5.606885383137939
-11.653228042583423
8.930113168803821
-7.230124409626555
-10.45491941124733
18.085391563214806
18.158374023792945
12.971812398434729
14.765424937617965
15.306943329191192
12.523866092845559
-13.748730794014822
-13.125646840171768
0.06500419041005756
2.4918539721103343
5.76640579548117
-13.347321939536464
6.268220726391082
-15.766179439180522
-2.455499548457997
-18.398561745054845
11.021777802291307
4.298569935263483
-15.990183602925732
-10.282379412411014
12.479952985951506
-17.64378236077144
-6.7245834144765695
-3.3944235393323368
-5.077171364180234
14.282763276461779
-16.114793509269397
-19.393039975485983
15.836617031448014
-10.96655708945438
2.9418362792432298
-15.621974795614996
3.7406111515499134
-9.551194175206259
-13.18802416133936
9.226106635562243
8.87391436338563
-16.47743498615188
-12.819522776677537
14.0957177610208
5.8885331857904575
-17.258402467450313
-15.584630279552911
0.9327809519326777
6.516539625865757
-6.734502034334987
10.84297405716945
14.37251933834218
-17.74412474135969
7.112971482645619
-5.9588599178611865
6.435028259651684
0.19227670829688748
2.492904715462167
-1.6110431591095953
11.881359021546523
4.219961554529803
-16.556796041316066
-15.54099497112948
-3.7541146751067913
9.424798921536283
-4.646673000120604
9.164382273292322
-15.819735045968567
1.2817720545880498
13.657761701551067
-17.372355536897647
7.344853948035045
-18.629714429796643
11.912924186277753
3.026091548273392
-5.911310662084741
10.741296758476683
-16.457463375968743
7.688640922436232
-5.822334686351498
-9.678945627793087
-11.122801876017515
17.15584987997309
-11.620322828442378
-9.976893183467034
-6.423108627424945
-15.358546027183543
-3.086096584628997
-15.047666794999328
-12.296426343819418
-18.886763681587095
5.002324348104889
2.405334257426798
7.72834369639099
3.9632930146571823
16.32995416174667
-11.41087098709428
0.43290047538299703
15.465800580739575
-11.453089045991787
6.566078284527684
-9.336771520084127
13.789849849725215
-16.83707195391735
8.449751885787137
17.434301461077318
14.089072338121106
2.3427516774379953
-8.17915001870768
4.803645913372559
4.799869478682581
-15.139046466254946
-6.190711935279394
-2.889386165257015
-19.655021056936306
-11.74598153482997
4.634846633362805
1.4201790045217706
8.468767759214483
-16.69106121388241
-3.819930891956716
0.9843067233421188
14.891990574833159
-10.60172404900082
-6.837576592689661
13.018875218849722
-0.6694148212402631
9.019849483433816
15.60106855173516
-16.476554047417913
-5.291900218415204
13.802958515271598
-16.379642227554783
17.386389337864003
-15.084394661225073
2.5452828567246044
8.999004212687048
10.374852556983516
19.80860657944406
-3.407458175585546
-11.668190903899376
-13.040335640880754
-16.5254667223325
8.701595309948797
6.00101511030665
6.228150130533638
-1.4290764377586243
14.197243836441558
7.364251453855829
11.400081274958119
6.299258603526646
-11.014814278822893
-11.824009553542227
-16.224839256432347
7.906799956827765
-9.940093579225291
5.225742628853951
13.627886629707774
6.572927772205205
-0.05915861601185668
-2.750864105375939
15.778467016887333
-16.36428824292932
-19.04923112740681
17.243289632384872
-2.141639990879945
11.934692199633897
11.88962759662807
12.92479109819655
-3.8566220987234914
-10.505093747951989
8.736624190578532
-11.16477444950393
-7.702905530647662
-2.6081974614915318
4.2797771907252695
12.230166909314036
-14.153349950024353
18.717083141216342
-18.395522679326582
14.021700602896672
-10.759804812561393
18.51034834838262
19.68677531315123
-8.717514635690318
6.897927594124237
-15.828282530364927
-14.815084089310204
-9.141309064612484
15.36429989915441
-6.128783146610033
-18.40525610757552
-19.942652821636024
7.707795139863261
11.61641179814012
7.150035931286077
-12.457373747901986
-14.61803004998821
-13.83585813299602
-11.501331655732203
6.672894525395904
15.919586754220596
10.121321331781349
5.051745727506116
3.27838102753784
5.845532627072242
7.382470869739848
12.878750980886899
4.715861697055381
-9.544169817671971
-5.228965683713863
-4.115095814115598
3.0968981747783744
4.2320518677560806
6.174231639623322
-2.66768194054119
15.260693237565583
-4.3311623862011785
-18.149846250344947
3.8605849471420868
-5.652471616749061
-17.02265896672797
19.936858201340236
-13.117102660277698
12.941012351462817
13.554656163601294
0.4721153039941264
3.806319696878422
14.975190140851339
-9.965079845052326
12.776043829047588
-16.44021615190386
-14.999011066848148
4.220822270031693
-15.656340952602177
-10.511778776274117
3.913255145009046
-13.139425580702273
-19.569928378196025
-15.99953396401327
7.2812338129472955
0.7359642347143556
-13.439352746447334
-18.169022423069766
11.932468912997535
-4.335310866087049
-16.37909343852918
11.092173358105914
0.8012740342086317
-13.97556578715809
-18.476322870319578
-2.991757511505824
-4.8590840126109
17.57311090756859
-16.855750496496228
-0.9692902060141009
11.792344646143889
-10.360142849048671
14.753932930151592
-2.4066958198004045
18.582033536466838
15.083336252118073
1.4911711467874014
-12.93057712833026
16.102010561724605
7.811315759674919
5.672716439147383
17.664958407091433
-7.056567481615614
7.719100330087713
1.480034857749942
2.7060248812886343
-2.711628317314588
-13.802972638343132
-2.6951113294421347
-15.411829119251665
5.455103862909777
-0.22690281714766058
-5.196744868417355
-0.998284062943597
1.8523376924520036
9.505626996360554
-13.119084707148549
-18.104494829755318
0.4280388039858849
-0.4389912472973023
3.860755553614471
-11.870544893154161
12.946238996810301
14.772073566999552
-9.923199177065118
-19.187621425432255
9.334284601276579
-17.092147169588536
-5.557914037895312
-7.602605854582505
-1.4515253313942047
-6.642886325297095
-9.586069108672607
4.526317383790236
-18.305849948785152
-11.318889864119415
-19.08618865824659
-2.696346721406723
14.203064759263057
-2.1755023633451778
9.629505916857177
-19.443828213150635
15.568238884868386
9.291206547144316
-9.681032041736227
-0.5288115173833319
8.117492258102466
-3.822569856969203
12.444951182717297
-17.957622106513984
-5.03234010574328
12.053642119677818
-14.84730609709176
4.275479730424891
1.7845509228805376
1.5801996966012126
9.804822182357672
-16.06197491819806
7.362992968147417
-6.251245676334873
15.28540165124656
-13.16234252362773
-12.832289745079098
-15.409350671122684
17.020856669169056
-18.792183229115167
-12.30417608837239
-14.652721599789826
17.470297252977872
-19.711021435772512
3.8792146278531945
-17.2847115168059
2.71604176291725
17.250342462759875
-7.728479716510943
-9.002388999560997
15.106193609763146
-0.6572407080675902
-1.5252482560881475
-16.99975065279753
3.2614797940238347
-2.714906847930834
-9.415347092040566
13.196061081165887
5.296053577382267
-14.960998058470537
-7.434712294575796
-13.514075189739883
2.3962849758563998
14.202084033724375
13.444985097931834
-8.992775716262965
-16.260282940621998
7.926725645466433
-9.94059886686603
-5.212100522261611
-9.754375340666188
-10.468886498556436
1.8495347552407573
11.023667650717648
-18.07600203981469
12.515993334556711
2.9639811921269583
6.639820655957752
-1.9406257266443276
17.80164744983344
-4.327350560316351
-16.3611465991508
18.97011147818879
14.159756916262204
-5.992222330207525
-11.967887109827364
6.764834718554155
19.357807420890843
-16.10277179575199
-9.742498416949804
6.592828325317555
10.30441255228012
7.889769977247504
-17.04828280347924
9.501253909838695
18.384834713525365
-14.573950332485865
16.448339166024326
3.147190053988325
-9.273498134070541
-5.191402332017319
-4.350747995351396
-11.814895894600447
0.6924809226031137
12.082093349698859
1.0604974887492844
11.218123101780463
19.20516278981588
-19.62597760995302
8.536744480451922
19.17032469192877
-7.523939775527445
10.807703418244685
-10.303532465118149
4.497066363865692
-16.61585109623116
-9.757317313744993
6.25527602927189
9.690810882557134
19.155702976424053
-7.243183693264266
9.103005002535951
2.7596640810968367
2.239042530447243
10.13134221414741
-16.597090995614664
8.709651991962325
-7.437475703189085
-5.4531434917734245
-19.455470937316854
13.053638460028985
-3.829801547236471
14.898914712844999
16.484653935528847
-11.627527818485945
-11.430980838975175
9.066586036856318
-6.318664046756286
8.337641654431525
-15.269724078846604
-1.719355079789743
10.2097355843935
16.98765213257508
15.99164656647121
3.0974910143981838
2.7274183972015464
-1.9315963856123872
11.38510462948911
6.317178807061815
-15.037245908116862
-12.654640166791872
-2.5177756812584597
7.487682073190676
-16.503495498353878
-18.843400588791518
-18.302043040154725
18.00707777036586
19.43671024932138
15.578732756569053
4.465483027439543
-2.6181937593140248
-18.464255248212552
4.912758221751602
-0.8347269664468904
17.014060609291192
-4.171219866140227
18.357634104770355
1.8078218925517788
-0.09217880797649158
-16.30131453304585
10.072769246510237
18.07580489131444
-2.4386288707149504
2.1155531689628617
7.094155727142439
-12.57016244318432
-3.8355441130049606
-12.881418342728178
18.07463261156289
19.177336954722072
1.262138594159488
-16.151679261871152
16.384605640715478
16.808625820850395
4.10233804849274
2.6696739996482677
13.0444542287213
12.014632879395307
15.362222006404643
-17.69659342988181
-17.006513387771612
-17.588064988074766
10.496224147002803
6.704643744887704
19.410067107202842
17.280807380181784
-0.25577363323259306
-9.381565909761811
3.2396353094720567
13.96652792829937
19.258667211319732
-19.731764954884213
-9.793840217021291
-6.489008407918021
4.172923932700037
-3.021725999695363
-1.0288059715728295
1.9210954751254192
6.415740768373212
-13.985213537657852
-7.848373426441583
11.298799554575425
-1.3424854910270447
3.21092347822486
11.875009871389373
15.279303523556052
-18.686440892963994
19.5581297652989
-5.827292463594006
-8.236875891322768
-1.7644015301443936
-14.551775776372482
17.168827696173707
2.5270361724811536
16.21027636112303
11.17982198613663
1.8182687432593347
6.6514223124066305
8.713380178323153
-17.48764530239108
15.058880060067061
-17.14311894801929
-13.466929554965938
-7.901470734758046
-17.055401130983686
-16.39120120529411
-5.599793059171274
-10.026443461468322
18.714181848391952
-18.303872434403235
15.126143329474438
2.116647723981181
1.8078119112602842
5.025080135249791
-7.197538982796656
18.45100208556824
-15.728927068522559
-11.273944293796937
-3.1323047971112103
-5.607986921386781
-15.250925137935578
15.54624098714153
-3.9277525432410307
16.770593791030024
-9.991845527724998
5.895821092393653
16.093334143833758
-0.22881285350432634
14.66530098631398
10.312942608127585
-3.982220952789852
-13.988883759725788
-9.393988172203835
14.72270340290617
1.3509048351486257
-17.780112349194916
18.319924116316997
18.489566865024607
2.908021238507999
14.430732048334
16.708837034211307
11.986123045844646
2.238437755216438
13.37571507029854
-18.012038651108124
-15.2052724450545
-8.688891630801624
10.999760426629749
6.3234483499353935
10.031976528953095
7.506767134099768
3.4761337434925963
9.65120123253051
8.884791474805187
-19.542271267762374
8.567812694272963
-9.524557529706485
-0.4124144727638992
4.130542544803539
-10.145175518152193
14.308781307893533
13.75713910251099
-1.7367178130338203
-17.62243695050415
10.294698555219824
11.89095453694129
19.84816349040539
-5.5405540503952935
13.128453330387671
17.717483432016678
-10.253447576145497
-9.782224496238253
-3.616969548122597
-10.612495162869426
0.7465311637404071
-16.201046234965865
-5.656810367754787
3.068292078557718
6.680089537736951
8.003334151403678
-2.781405922637795
-10.692004709240837
0.012541584937384442
4.814975090425747
-9.719030230422995
-7.039309893519036
1.155995291269516
-19.470734063155334
7.325284013609114
7.471797026999361
1.3270324280538368
-17.9460990469805
-15.313350293309824
-16.9615305617546
3.6650717636621906
-8.658378078090983
8.685427455103753
-14.50989573910315
-15.238801775629609
-17.819942319460974
-1.646287022912034
4.595722714846499
-17.499924329721438
16.340861531789727
14.366452534587644
6.324624905126651
-10.617503401500873
-1.4347065428275556
-6.109010226655807
-9.865460388976057
5.441883823046609
1.9599071220557676
8.14317746571653
4.264544912879153
1.3904635109184404
-15.936503933707446
15.368220853340503
16.749124761252844
-3.4619073868777406
-9.670447497002437
7.261974674084591
12.56692087643448
19.796762469935828
-17.23809093294825
-3.7138739816047526
12.362564288180103
16.340733029514197
16.36801898306902
-5.222707315328732
16.481881498416257
19.26501082426571
10.441880589383395
-0.5738529350187775
5.819518139701426
-4.025251944724669
14.960967992584962
-0.2527273916593984
-7.913051846516964
11.487765358305253
3.795671614215401
7.5301043973843775
14.332846788886819
-18.105024381381398
-15.707608904430845
7.746514617271075
19.87533651918836
10.679028975270093
-13.157536974407794
-10.41201092416797
14.9480336869022
2.855613131963459
-1.2968710516085444
-6.571158080049667
-19.244300525167542
-9.737329419166594
-13.707021006426721
15.872029598054802
-6.538143880960803
14.55788020242747
-15.704140781833583
-1.847086765856094
16.4644600579242
8.120639516838636
4.874469880279566
-16.07255904020013
13.441917485215555
17.826566405449007
-8.149860602636739
15.970779397162673
14.368730335682685
6.374232490945634
-18.926155337991716
3.936664573146608
-5.597124755229498
-7.172629751295837
7.088962800413011
-6.80395903764159
0.004263089486634897
-0.3052409417470301
-13.412428923838768
-3.152907958804686
15.689424108259807
13.953536181797368
-18.334065311204782
18.41649810743936
17.460632980543558
16.147989164191564
11.778857707387033
-16.5974506663012
-15.250526838471842
-14.085961574164223
-14.993237109216597
11.602326385589599
10.103964465124761
-4.677477300721007
-4.045339282023859
-0.34773633513263746
7.539643823798315
-0.45267910001350486
-8.582189376947728
-2.484833331400772
19.922260310456146
8.161940090916204
15.887463664839238
-8.211445373764207
-7.278087049356303
1.114262945369731
16.783995342005134
-17.512843121142332
-17.046027957878373
10.266778154658986
-14.035158838311666
-11.006747578602809
-9.562581375547579
9.49525961041573
0.29851148937030914
7.954629411800301
3.6813990562154046
-17.384722663192353
-11.035453152798546
-15.840157631536972
5.774900120846411
-2.8796914282029853
2.133857353931454
-9.37039306082033
18.762487633077868
17.162034108772993
-17.268272666348118
-2.3537976152271938
6.5168302478669915
-19.836220726239194
15.370614818254857
16.890655703631204
4.056149962941845
0.7325952255016617
-9.836645659886635
-7.148049549396456
-1.2417868376499044
1.5009131889980587
15.199109059658525
4.073084576833608
-3.5056803515837807
1.1996867574052033
0.08405758412986941
6.625370231495026
-3.530197064819479
-12.091810705624649
-17.70416948112693
0.9503494446218994
19.047378881367372
-14.954636500209917
-4.891536310622104
19.295223579380988
-3.7232006194649756
19.82272162518035
-9.29577297828278
18.352615013656106
-16.530171010511694
-12.302314391669839
9.16775188185251
9.80523930246926
-5.152687280369172
14.491118704604268
11.063736995385646
-7.394049651022346
-19.226914883658928
-11.44569120849372
13.876472841894675
-4.381967315063445
19.67971161346364
12.423231499799236
18.1835165537587
-2.9348317098670087
-7.351086626031073
14.703867575654456
2.8746934042923016
10.56462306052239
-3.283983948757843
-19.07685113663772
-6.002536293373453
14.169088858516645
7.8285259948517165
-10.801600725757009
-18.31815404661862
-0.8444426313652897
19.779158823333262
-0.46054694952100306
3.374311763524961
-13.276002011895223
6.124151751284408
4.937942428485069
10.125451134433487
-14.331431384926002
-18.612513198978007
-8.346921022432534
0.45922938864966767
-2.854210841416986
0.6705795185297703
2.7074146798337075
1.6916800980288613
-10.822075978175342
-17.201315231599796
2.5513440423610447
-16.810342359885666
8.372517486179085
6.179973481412489
15.28450892147643
5.254155652531711
-16.809564603007978
-7.451254525151576
13.501627279862419
-3.986319350922116
-14.108679743633878
1.2410231655911517
16.972589104203706
-4.139745888159819
-8.834502849875667
-12.728439228780775
14.761695002195125
-10.02920929179179
-9.675200031926181
7.523503497542432
-17.137677879124126
-9.746812600757542
-5.570702877073019
9.84760718461736
-4.4494038387874735
-11.237909974010067
13.058204031941699
12.306947496693532
7.288538404217849
-5.422566483934265
-1.7267972571174184
-19.17861144208596
-2.7956034261815077
6.214085391246602
18.473149428670858
-7.8417136698855
19.695814605915153
-12.617028683785435
-4.234388057899196
-13.500906903994089
-4.948026527256859
2.7958304787940307
-7.73576983738911
17.861961159119666
-9.660479848354818
19.58578238976311
-18.37609915165267
3.9113280467921108
-18.747820533119658
19.44118696339016
-2.54108452846852
4.788504360959141
16.888410948466245
19.621670066979455
8.374734992407049
19.58211770779163
-18.53710134069866
13.05407447258819
-18.719743652156254
-5.039622297243067
1.4096724101817486
9.937664307925512
10.128898803660206
-2.0720865916526634
12.078735688419016
-3.52235219045372
3.4521164235239645
-12.652377149948745
14.457100077560625
6.793014494530777
-19.040824514810872
-15.297102452012608
-12.911340316357233
-5.809891206256825
-10.04310477397578
17.153939431698532
-19.699770835621138
4.36755150109223
-13.013590697020891
2.790176551373559
-19.65023675079367
16.98991659174596
1.046263837217694
-9.679211860636233
-3.8162513390932773
14.014894638476378
11.917001537691455
-19.240026529414788
-13.474963724391973
-18.505172081824867
-8.590386763833573
3.4876122913031935
-15.429619228414335
7.870533687885306
-3.7907643437325405
-13.517986374343742
12.335351137313538
-16.966105654201307
19.232322500299105
-17.74735654535801
18.687915476392668
4.4136108681417205
-16.312824102572478
-0.5009700994320312
11.200261858291121
7.089596040828965
5.225027805267143
12.297069243450053
-7.289932565583452
-5.233874892252949
2.724900869544232
9.473053179608218
4.848542644129957
-9.470328312376651
19.784552963408586
5.587385445354226
0.7975414287359612
-10.451809797902548
17.370173507939192
-10.133958720725591
-15.03460258268364
-7.484703719802578
-6.060714385311009
6.453660262147515
9.022452840342162
13.982469494359634
-13.598853192960206
18.327227253605272
7.635681632631677
13.45297751216848
11.329774943142738
-7.261891061113225
-13.938478676155528
-11.925085060914453
2.2202213671055837
-17.63301534978688
4.182255156160679
-1.9665840359785172
1.5324086740549632
19.17699340942992
2.2847331140745126
-15.840299233779067
-6.252707896807337
19.227583738770882
-11.47116056632267
0.5824449260651576
12.990287395030514
-12.377364937532223
-11.991809725683833
4.224514587707663
-9.17425781009416
18.914482335174363
-2.1565434407727757
-19.787285887869537
7.011757181274582
5.487101556576004
-2.143592374092872
-1.4194205624823937
10.008144748219078
-9.12916793863169
13.507067524391488
5.0837641574721815
-11.732660934748758
-19.620749012504014
-11.318358762774544
12.87851563647613
-11.331741611313726
10.032079897120877
-1.7825282552859605
-3.1639761816894705
-15.061013987103324
-16.572019186555718
-15.638194984057861
14.379708512588032
11.405182820144752
13.459693861843355
5.037162967289838
1.0923065397885523
9.703722535739537
14.486919908766872
-13.648666298792374
-19.10922249628697
3.7624247379548237
10.906729633694052
2.5002308743811987
8.600663029373795
7.490468527312387
12.342802057854328
17.776827777684332
-15.179095540715512
19.708624314243714
0.03330189644503179
16.522044709686732
-19.241990146198052
17.607324059279087
2.461894379247415
-0.12311658661390368
15.08622920805933
-3.20552181631313
-8.454931731777702
-14.030343447133045
7.689921047114314
-2.468710722692368
8.43192407870552
-12.725140229680324
-14.613346785281687
-18.123563841406586
-7.438199791744552
-19.927486688458885
-2.0511666138127858
2.5952187299359473
8.33733794836067
7.608904256497247
-0.9918143540608355
18.169972736538938
1.3116120108880196
4.09146942171477
8.648462269837044
18.318605505770236
13.437194364049176
4.41034416003971
-5.028816818450874
17.342703264101715
-13.11101435550032
6.565471358878632
-10.462193521965993
-13.66613130566348
-15.835828976622048
-15.944232535712395
6.495376198363154
11.876343295407302
11.612358359203093
1.1423394689947273
13.755773690997032
1.7063781768324588
-9.048578437438909
-19.27157936731617
-3.0677000266335916
2.93377697211384
-19.821645172943008
-16.338467182327353
-18.619844233605182
11.67180727789458
0.2100123393019402
-16.183294908297235
-18.77727515075879
-0.5755655108815176
-4.752684579179682
16.82661144629631
-4.182274161784658
1.6886356200197419
-14.015400658982657
8.49698320243479
5.81920420548898
-7.894455854627491
13.881235114935777
-12.296252790897842
-9.593545784953289
7.634600807647786
4.19177493280619
14.191666943423257
7.103628039956721
7.002091106803562
-8.216558496757607
1.5040442698191114
-7.798336933864981
12.415237291363354
6.288459518369244
12.524576723155462
9.791786309662562
3.788081585245404
-2.83656921264544
-9.538103610099089
-9.243669292753403
0.253453243479683
-3.6151538883347456
-15.70413631190835
5.698681324858931
-14.643348316415242
-12.047524998811653
3.0476851752219467
8.602195869759193
-1.9503008918594276
5.2166762610718145
6.430582951601551
9.218851489942086
-7.68367884203688
17.739720253464604
-6.917083877545075
3.895903636442707
-12.233214194327804
8.5739433084822
-13.368711727142223
-19.687602217771882
12.102066243519438
-11.735558709845861
-19.81292652819976
-5.337061236844667
-6.64953124658593
-16.896374348703972
-1.2640244724338636
17.135274246974646
-19.965503714752963
-1.9783096624581802
-2.5607652565484393
-11.512009547066157
-3.751516360569326
13.177659444736413
17.752880477022316
0.07447522248403615
-5.425105180502904
13.227348898716428
-2.4387567342915837
15.458971403724078
14.16943617532489
-8.082393302775994
18.605453995625787
4.130438965717985
-18.06035760246054
-16.857389623294296
-2.4733729063264676
-19.245548645172697
4.344306942817756
-1.1002195836337414
11.121377521316305
16.077279809577796
-18.189569461989606
-0.7656739008543312
-16.47522640327042
0.8586273846890791
-1.4736688980969106
-18.720002797694455
19.181746592122963
-15.143619603987055
9.123817502707936
1.2222569709190125
3.9529470850071178
15.148517861924212
14.964184322134074
-3.8717302616909492
3.4582615292597794
-12.135761183244052
-8.629298252631813
7.1468512122674746
8.081270100442033
-9.012233153921304
15.897493090282573
-7.049102583162039
-3.636086850249537
-17.927410550162826
-8.699720580925444
-13.726775749944693
9.852558929653373
-14.447389736364551
2.3809312987210696
15.260341847547046
-19.420528977453706
11.091665936493165
-10.039418072549173
18.134186049348934
-8.092337566763401
-5.5586188084719
8.48881468012667
16.28690270399246
8.787704945601796
-0.03628580832986117
15.056574563164297
-7.853902031373234
15.195883762877159
-14.481049738899632
2.574743996054206
-2.923173978935125
-18.075114790471034
-1.7201497782429698
12.555837259940049
-14.90436811885088
17.91637478489296
-13.31107879689975
-5.466558182706468
4.041366602080618
16.793523780718054
5.9692129464821875
0.759793325206477
-17.43680424182115
-1.4803996512869766
6.020576573806199
-9.165951303213081
-6.111368463984093
-10.646047673478574
15.715658708782499
-4.498990663297192
-15.935130224062789
-3.07881521360731
-16.28158417474289
-0.022740271310858873
19.21969700542035
5.748513337167985
4.271275654705352
8.230048894087094
4.667141179042616
0.39721807049966174
-0.6032652908182179
4.563017439202973
5.823452101654066
0.924258361751157
-6.459984206092511
-13.13074722367491
3.388346919076266
-18.40368676672093
19.998884846869586
0.5695104909770485
9.302479833156603
13.925389296995554
4.099794971073738
-18.30461065780544
18.07519720796725
18.097707729797165
13.862167073964443
-4.904890141245858
-7.270757903890534
-14.59933723860653
-15.646401823060101
17.486916184275046
-1.0836778020182862
-0.38169261363793794
1.3921692989161727
-14.375800032750256
-7.627910692128136
-19.716164073423187
-0.26574583775272487
-10.150508063897593
13.932514457686963
-16.77257986750439
2.4349823554857473
-13.4883942232725
-3.0154609194094633
19.135730100208292
-13.62262889372714
-9.754267535852925
-19.107558307905798
9.723470114996552
18.690330331273294
1.2858275098222336
6.530903801357265
-10.456508782319514
1.3743147295778222
-3.3677500306027923
17.583489078041396
15.4656073119802
-14.554528181315503
-18.210395631452535
5.500363746081177
-9.774718094349716
-11.879881124562006
7.766766726179931
14.99992824394036
-8.043851784535164
-2.3300311233726774
-18.808180962297534
8.586510527481948
17.436153855196025
-1.9174915440905878
-12.149493544885207
2.8732704380363607
-9.282087390196253
11.512595413055312
-2.1702112485970524
8.933744087616326
-7.626033194877099
12.409223876905784
8.289965593263759
2.59756210853881
-19.75575633094184
15.964181793630928
9.708057175539718
0.4817223700707416
-12.363046595450381
0.36525725848662205
14.226862643100262
-0.22126299549892536
-14.20858673487167
-14.343388768357501
1.4166951980681333
1.7374489773126776
7.387167788297674
-0.2280819538630361
3.227268023157496
-16.570065717254575
-12.179944111889363
2.9448898838799025
-13.434396709682673
-18.075494195262493
18.882973950645187
12.346358247670977
-10.517788997085606
-14.03549247835128
-2.5834255786425118
10.11540100899904
-2.8201090031301455
-8.855582965862304
5.533457980816898
-2.3393669577148373
-8.685934441717693
18.48946808866439
-19.818821404068252
-5.170477860384736
1.901861986952099
-15.255597912641896
-14.651911430708182
4.094279395376631
14.783118495859043
5.315360952337471
15.388661917225441
-13.04765259690054
-19.018080753703785
12.239490174485795
10.84380990618564
6.160110774012399
7.548212961321443
8.174204226206669
18.411789665347257
-9.35052674996616
13.472844814186075
11.176654456656735
18.776966118957795
4.6124244348963686
10.778532887895771
-15.372558430885999
4.939700930229236
-3.8158890015154654
-7.7000775291438615
-2.152150608569695
-16.187240966781665
18.754397942918672
2.1617450691677007
3.2426084544653193
2.423327206236028
-2.3223750672324357
-7.195316544673517
12.840921665922764
-7.275250833695832
9.205606845609804
-4.172531533418994
17.260124620551082
-5.995814332175442
-5.619151233586948
-9.428344114870818
7.84376806698393
-3.1315387348600154
8.036689133818452
17.103053646647155
3.875756117939872
3.3333686900826365
7.422915533949315
2.0924708283355997
8.40364836532892
10.961260692386496
-15.387622817311971
5.3163312606424356
15.481607408058117
-17.23695315149948
-7.126447996972791
-13.296665864332272
14.974499759048236
17.708662978263526
11.020041905091439
-3.746617774727344
15.04656158460287
4.255832398201171
9.705561472648991
11.487213619642663
-1.9708774536634266
-13.109984243224137
-3.959399491995047
-14.065613984562347
13.281100093484717
8.848734103043828
17.46308772744571
-16.565990183435613
-2.9387927513610634
2.285974135902194
-3.6914136280961145
16.526961737119308
5.95444014554786
5.936587552894295
-9.24271616764807
2.646927002561977
-5.1461559036106586
-2.0016606106216948
11.073396752884118
8.77952972084308
-7.815261714362013
8.645234881095746
-4.84034099371241
10.809795598190757
13.990470640866931
17.40060597686694
5.741564628328998
-6.962072459133095
6.8061380205851165
-19.650383374340905
0.3795980611888403
-11.796473269568647
11.551175311012347
-14.415972570188824
-14.11222852717386
14.712280194405018
1.4131403661485606
-7.243228039911148
10.53458140339254
-19.817661516179328
13.791054422426654
-12.447698278999383
-2.143343263864452
12.5412915475479
-7.288573843411449
11.72375582021115
-6.367111219121643
3.0470998897692
7.162280302336622
-6.724758651492703
-10.888110981781898
6.323223547232942
6.84432948445594
-10.614255560507274
10.226494154906153
-7.816405165499356
8.439526701619133
13.782842962470752
-5.126543047972696
15.969867654417584
14.942056899041674
0.7261983490498736
3.1225252056231447
-15.92312606088289
16.018426499146997
8.44746221768417
17.983972509821427
18.291543574548562
12.792733906855503
-5.650339893988772
-15.523238480914161
7.425639466