-4.694843459209297
1.281206480579403
5.854400659348599
7.334183463916236
-4.3894349424970525
12.274818821239371
17.841873089414293
-9.44146458028369
10.83549097579806
12.853037336846342
5.53847424331056
-17.51798020658181
-16.624042513131208
4.959339001537963
-8.671172476082663
-16.431806636028572
12.383981538725052
8.8492237608701
18.69641872217037
12.029254092612497
-2.2058339931980875
-1.3561001588473012
8.241497875335746
5.700999052640697
1.0701464549756494
9.78873350250987
4.156274586876144
-5.336948221404846
-1.636531995660036
-18.5134409391696
8.83420488983321
18.011280362204026
-6.771583798382025
-9.450673693173165
8.563981780496551
10.506446188305016
17.70025000176321
-3.8989357959759197
-17.250288441856387
-9.40648017612498
7.241019924203435
-1.8082417004357545
3.8749746720275056
-4.743217404542129
11.322316081151357
14.139143599468028
-1.7905217146475003
-2.0438848998870895
-14.518163588828434
18.29208844250107
-16.318285984157434
-4.961321401005886
-14.884167122770062
-5.169097786053083
3.875884318613249
0.8505094522949754
-6.457623646633985
8.72424840028668
16.961925083995006
8.875316938538589
6.45490308518896
18.763974308305066
1.7439346077564544
-16.8035248202226
8.909840644564568
-1.4566402228795639
-10.360408272303347
15.169027767105142
1.4977288390418941
10.447677482714901
-14.64817871260951
-16.373516281957304
-8.952980211481666
-14.525339329755447
10.587444937523301
-12.849782290225145
-10.644890383983192
4.99421332582202
5.426703313890346
16.760212301245247
-14.917849196222228
5.863902095556114
-5.589766332322563
13.223002466771419
16.588276512852296
9.66449348756937
11.062377916284856
16.341561683051175
8.171785748648755
13.651307186752831
3.804100519441633
6.267782176399422
-11.94421465900147
15.146004033999937
-16.731860909992836
-16.702132913794774
2.2535389893743663
9.00390676835599
1.1633626599430649
-2.39005348741145
-17.68278834598407
-5.158685495422951
-16.46343022349313
-9.256365908734043
10.977783931943222
-12.52612869029631
-9.304484688335712
4.171113952789117
-16.216181703548294
15.535365210162624
-5.479243884782786
0.38910495979882853
13.608277601896958
-10.652125788332306
-10.632048968950434
13.17032323257984
0.42945447153240934
7.724674302541384
-15.13454247021468
-9.229718225207083
7.286408483751963
3.5965910495624698
12.635047999271485
-0.2863621862313934
12.319167527261698
19.256915658888865
-9.068754384404162
14.814404208349067
-16.65077205257944
19.502628440638354
-6.2091660253926495
0.6281130180455818
-3.982641170501875
-12.331878590306214
0.07311072910832195
-15.6193085841816
-7.018299198983048
17.991873515889125
3.0143729438935623
19.85966606728627
-18.308622763252608
10.612311319400757
-18.007171885708736
19.562751617607738
10.321311013856693
-9.70971861034878
-0.32490618733915255
-16.47680169185367
14.412479843618947
9.179641212454772
-8.515296985726755
-10.494871271890753
-0.9987337917053019
-11.436941075841629
11.858458625972908
-6.855975523771946
-13.144053022443227
-13.386019245973696
0.15594492497328005
-12.946395925521607
-18.23797780427901
13.960792318308435
-12.935704827073398
8.32742674322774
13.717086647094753
18.273337033152544
-8.953614625769287
3.634776679753223
-9.471401780321692
14.245831452367398
-5.8254708808830635
1.2652844611028584
-19.80354034464547
11.237113678073317
10.198352726088299
-12.076256452232439
10.616364737207718
16.168984201194817
-0.22340887122558684
-8.559324066487367
-7.2329369460524795
18.728545318747045
-0.41251117551864525
-15.828435040273439
-11.817224952895558
10.718258884812041
0.2698644865218043
0.16005670576662823
-7.845700463400869
13.417996462253782
-2.264897655751472
1.0407774961371956
-13.079357153614591
-8.693897888810769
-10.858316284041152
-15.772948630808736
-4.412505260445281
8.054041029666962
-8.070709026726352
15.724821763798019
-11.272391233705491
11.005260026990989
-5.216509515300363
19.637185661267836
6.140832189302291
-10.046165822137322
15.920700269466813
-4.109487748644721
-19.342015362265037
1.2676713571946472
3.5067490302048476
-19.750498790566485
7.866280270507158
0.15178891352822887
-15.190987672336451
-10.73678786830676
-11.645552568723957
5.08424546278885
-16.118898730311702
8.157264056573585
-2.7774075228898774
-18.518599232704233
16.935078463667196
6.340869387278808
1.426874000823652
7.0584105474874015
-15.15952228006288
5.190478965863701
15.101993184965671
5.251855062576361
10.609916538427008
-8.689903152740538
-13.310141695061732
19.443116484806083
-6.198350174174415
-7.253968788408294
18.67851634715292
-10.2146746223846
19.161999754348372
-6.857033074978279
13.556333615089706
-19.343020708492343
4.800278309392922
-4.793384172526691
-13.930156364711115
-18.345506448717465
-14.92876362447721
-11.59701606336984
-5.096230100508423
-16.016509679684745
4.830016432106024
17.47432566920112
4.021046110364736
-14.340656483332864
-15.264331556451722
-9.85989233473369
-14.622540839302825
8.488120743022336
-8.647659562271297
-0.1965287728066265
10.722007022386457
15.216204805991921
2.3471081167609427
-2.8658810967050776
-10.305745574054296
-9.098225987025256
2.757486480005195
-14.788936592792501
4.317792845990912
-2.8219329153287696
3.2652896162117315
-18.34933991591577
-4.965821971678288
8.518510035522546
16.48234783595521
16.549099475892234
0.5342416239524574
1.4812574337547204
-18.925865033691306
-18.714461673198603
-7.107865353747975
0.7837183950689699
-19.982141233451923
-9.416848068406667
-1.3620534512639928
19.848864241762243
-5.724203040959344
-5.422144460700151
-15.64131582926648
-1.3589199091185904
8.13649419188543
18.720712626753958
-15.21749042118207
3.6398726192929267
-12.447502969926054
-19.398561037210598
8.825496034238856
-8.430195640594174
4.5020823408536685
16.932822108504944
-8.86130972238103
-7.994065961023264
14.044418148632673
6.927470863787168
-4.547292722887168
6.950131205944263
-18.16157259781542
1.3960075938893546
16.680409173975775
-9.541866847178447
4.496663975164388
-3.8339567899158027
6.266496821234107
-1.8586514103418281
12.662260353382678
0.5121948608182763
8.280949396830675
2.9590753517247137
-15.031194660637333
13.821451947004455
15.205680032171543
16.9123459617175
15.216876762387407
-0.2881974111463208
8.71762214803806
-19.290724275890984
5.145798562019049
19.506230876773138
8.653093608239054
3.512349727329301
14.972938344534995
-18.07744106874364
-18.702032619680217
6.007372867113496
-2.116035774591353
-2.6049188954998534
8.605860444991297
7.857081921374537
-2.968840934539152
-17.277620331973168
16.983589215969175
6.738724484610856
8.898498195664576
7.176217535226385
-7.459657451708711
-15.425628256103018
-2.157345485736389
-11.210621887727253
-5.047808428653852
1.271955286707115
-9.952379232346207
-9.133149393937394
16.157400387754713
1.1766711477227751
8.330821270510835
-2.1255587160384337
9.908626363296268
-8.89897934581172
3.1609027762698148
-0.6704043241063893
-7.377528372146212
-10.649891354196694
-14.340278024093127
12.072825019465817
7.381161432145387
7.500383655681929
-3.025420535380512
-0.8527030734484278
7.9524256255177725
16.164083759341835
5.100044131139359
-19.40139783912891
-8.299468770991872
-2.1621807890737976
-13.015375422707546
-1.6310304071004396
8.113902075954861
-6.736260838538129
19.88567012989548
6.213826524697112
-15.16742415193281
17.161704741987393
-7.915298198333911
14.005096313766614
-5.103276111995761
10.376521280016895
-9.512897822614882
-2.761752216180682
-10.744604156778191
2.765583615788355
0.6585823606253847
19.32716994304245
-7.01258682044822
8.62345865881515
3.7546984555082084
19.32032962318877
-10.91270864492381
4.363053380092371
-2.6857409379549324
10.086972457167317
-15.892208754407973
-8.351922029329062
6.482621586559674
8.88407527756517
-8.421374731536368
5.266541106527249
14.223355093012152
1.1151149984421451
-18.65690755559762
-8.06454052264376
2.1086814907949467
16.184498490894313
-0.8916483792609924
9.227438820514418
-15.560550216136857
-0.1416783204678005
18.678679941920564
-4.63654995536594
5.798594637668117
7.650921404678268
8.207034883295353
-8.411882841658155
19.83570050334818
-15.772639874925328
-9.956156033268776
13.996415086956794
10.488103197119823
-9.981368639182136
-2.634366733706152
-1.4465438733936153
-14.280003963078567
-19.082462269278118
4.038710180180885
0.22039046796043849
-2.5377522476060292
-14.145572234207723
-14.445785354173104
-4.954802377436245
8.397187911180435
15.741364640767067
11.639578173084413
-14.044432551715467
-8.037284871013588
1.6636769980541217
0.05711954151040999
17.103320135436228
18.695163397384327
-19.932409297063064
-7.360873353273899
-18.704130952261835
-2.3062408343428373
-9.538143855520872
15.243528052575087
-11.083387452721482
16.800588485079352
13.66920385012704
19.70361606639117
4.106249010060516
4.1244055306767216
-1.8125885525192373
10.169338829554917
11.405919800260229
12.869858882386936
7.748089612483454
-13.523623408458118
13.951902002135334
-7.296915605333712
5.518244456251395
-8.72266506338072
13.53653510395786
-14.609288193574109
8.114952530269225
8.471911389924031
3.1133453544197565
-11.945747206710827
5.938885427979752
2.849756609314589
6.101392583012874
18.967457863632454
5.398611819755477
-11.558729097831023
-11.060884892471247
14.85593219342153
-10.249916543862723
-18.4928807854091
4.127589695118882
-4.607357367467738
9.398715359372922
-13.388042147723805
4.63844212782352
12.599900680943257
4.370987074482954
6.774398147272169
-14.533945928918893
1.874546443189633
-19.11990504207133
7.877009254525934
-3.3641947625249955
-19.797920576179187
-0.8074132535365983
-4.78150688855723
11.874745061138317
10.269014969575384
-11.322884166662487
-14.6238056677184
4.98182163926462
2.1602087123750664
-19.283170873094903
-9.260969399693103
-13.7607604110373
11.545896109993748
15.00241900420572
-14.472136760339676
5.751641382500541
4.694521872244678
10.65196288622024
17.404496960235953
-18.44550516700184
17.834473220659092
-10.521318891118852
2.6524646300561763
-3.9655219305431757
19.045279790899393
1.883470871616364
18.14632827503692
10.387328396970435
8.767110448283695
2.0322029875700665
10.008134255954047
-12.911239921333909
-5.131320273673001
-1.5714931216052541
-7.847091386851455
-5.184124063500546
11.126839683568015
-9.061918424631772
-5.0368681554616135
-10.499689200862363
-7.376876997882938
-16.118879815391544
-16.20669093407731
13.86533574770332
8.687172254610822
-16.287608761237617
-10.358475096527972
-19.296934534874723
-12.038586710204967
-5.806259734830954
-7.66647911536316
12.066707266906015
-6.630650847665631
12.95971549617542
-18.978422485487478
-11.142585941320249
10.645114453242787
-9.825833702017007
16.765731893261147
16.852515437948533
16.56018757865089
-11.890697237046194
-13.43321332437287
-1.7071421233242248
14.563590886686988
2.317512657814504
18.541420038980064
10.03359338123935
-5.673642346834825
9.315738698395869
-6.123069338437158
0.40586765866848395
1.1631103411623585
4.0790550836126584
-5.972987060500072
0.6701804267099902
12.944202431906518
-5.666048036896152
9.459968286964553
-17.092377609538115
-14.142067870365622
11.309656476701381
5.377185729579278
8.038028163512394
15.710902572614046
-4.227007838426399
16.19579748289712
2.747605244584829
13.905669353570111
-11.2540084121628
0.15189453037321954
-11.173090872219396
0.009545981185720365
-7.735729830480853
4.960768337886595
-14.685642265337453
9.00509159282548
-3.779932494135277
9.55786124517861
11.908328905385307
-17.67177024576588
-4.266805174549862
-15.038846745983893
-0.8524055610003032
13.941904055040851
4.099967120510538
15.15935128978164
-10.273353479226955
3.627805838091433
-17.776441971907634
-14.245204581520664
0.1366898501087377
-13.551223281745948
13.93970617978497
4.027509670783264
-12.112809238371325
5.348943001205765
-4.617133787449594
11.68410930441582
-12.46128038393092
-2.685502641774505
0.31535788179470003
-17.477304476127383
4.257094268682561
3.701393835396072
-5.407958430468849
-15.860884900014547
2.6396847078682057
7.743814451111962
-1.934647186924849
5.954856624136337
7.842429565376236
6.240941423089087
0.13803882278584112
-6.351076847125196
-7.379307420339028
-7.260031495231036
4.697330645088442
19.949527167416896
16.64754464899473
15.086392929387529
10.513512720240765
-5.265081321747065
-0.7467826460503915
-15.250408493362148
0.6490815033867818
-1.2848427363692494
-17.629208530774836
17.570590576558196
6.855537802804928
19.340364459711232
-11.839298061318338
12.20322065497919
-6.002207156305932
10.702803512721545
-1.2294595542535056
1.4806041783475195
17.958344146231042
16.65095074744012
0.7306668797923379
12.480998345151576
2.096896040296844
10.115228268389966
-5.060458869329857
-13.577597709417727
-14.523564768081823
15.796137398031227
-17.09189898510166
-14.259417570930623
11.419776241854024
-11.608945908293604
19.47159941596408
7.082751898194253
1.539742538022292
-13.373662672440666
16.525334697364656
12.892702510156383
3.3641093899061083
-9.86028127321017
7.178960820175458
-4.751073441926362
-3.8132416340899624
9.614045119395325
19.359794078080256
-1.5999272711983537
-16.757704856844576
-1.1720927286773488
-15.160212681850389
11.097303397561525
-6.955012706765755
6.605603901360617
-3.51743145455044
-13.8621777825689
-4.514892831489998
-6.661491133341402
16.952135639309255
-10.688536417510628
3.5760382645410793
6.210207168574403
-7.7758668765772665
-0.1713987128361012
11.689828011980353
-19.743922106976292
-17.04804113486547
-1.9870270031276647
19.46440136492356
10.119806516704571
-6.523386735529076
5.950710648790142
11.265893756051423
10.299685636801776
-3.216592896243352
-14.173013757647341
-9.079110131526269
14.951243788682824
-18.819560192727103
1.8206642717091661
-7.08016994776326
-11.460032957950514
-5.51558326652219
-0.4152940657393991
-8.667016146630168
7.245247322353137
-13.210402086376561
0.875459967399955
-14.717057049365785
10.412692812130103
8.57017279570432
0.43948827472518914
-12.780088263005926
1.990603104977474
5.616109342749617
11.976886892781785
1.1135113580594194
16.31561473286559
-13.275647996959442
7.054471140050708
-10.688698954728842
19.087237405463483
13.024524873019736
-15.196563909947969
17.66127132450748
-5.411742425527105
16.84004467525591
2.328022759637708
12.852164356535233
-17.341365730332274
4.667341449619464
14.285959805149531
0.015965386291703965
-14.329786675597248
-6.242400814061959
11.675631461770152
-19.6673687425054
9.970954071516228
-14.008284197475906
5.117331419222193
15.262214196608468
8.436475652782587
17.20024168826722
-5.315732856286717
-0.9451356660441377
16.79773637732214
-17.11381523439918
15.296367329531549
-0.552585232089676
-18.496256939085495
14.908187536018566
-17.409985412289437
15.533939541188445
3.8872154019203684
5.32592814246474
5.443176373563389
-11.67630072108194
10.596749409499779
-14.8366032826709
15.445694300815248
-18.10306225355785
-16.336093830221593
-17.4251845302061
11.273235050013206
-13.872926683113045
-15.500346168154838
16.538922902140783
-9.869156996941374
-9.154014980791683
-17.203552032884307
8.968142214720302
-4.578659720484675
4.745598804168235
12.893391388509542
0.9698551902691932
-12.624618519160524
3.7629734332335794
-8.353249157050247
-17.431842359590025
-13.677020297970678
-1.520071047008802
11.972727333970035
-10.883393820003647
13.743765971170255
18.219720368299782
-1.731907064224142
0.9244498038140172
7.444270219672941
-18.54051128263786
-8.47878762196721
19.520765694199888
19.254659263575135
10.524327395756579
-17.02934020969697
-18.55052900089359
-3.1802284575006325
-2.7241870673506376
-11.578844964052086
-15.186933114727786
-3.1632843680713627
15.917095134963816
-4.9569917554505505
8.278092735337484
9.427034509055673
-17.620804035197246
12.811371247495686
-6.468289560486289
11.514291148417954
-18.39733841294092
-2.9587775848553406
14.713186836563963
-2.249981327928623
-4.781265299939799
-10.074534798767258
-10.904334720450851
-19.431307998989436
7.409544149102775
4.0307458083436
-7.670234248902146
17.350974064599242
-1.1212995701655046
-3.084457515931888
-18.29616315638106
-17.09029056971125
4.236284984597205
16.19393078204976
17.813785639766138
-15.232208559223137
-1.7290996619782462
-12.065184882336396
-10.008164257269634
-3.0108385876089585
-4.35892274001775
4.43007598312321
-6.322768794103624
5.525300410949754
14.10918419204043
13.811293275946127
12.856438615125029
-6.881854711522051
7.5161089617067915
6.071108120752044
-5.895686972135525
5.324286284242778
6.555433443086869
-11.049884203461158
5.883591285539932
9.933560318796054
-7.169645607760771
-3.5146819997406062
15.247295827922677
14.207470291073491
-2.9893567890808797
14.942588377328832
-7.395783971647676
-19.113824564852568
-1.6214937191081376
3.4981831195921984
19.167911662438577
15.049634404751977
-7.248096766458234
14.905676435240316
-17.298693101822813
5.893824789068518
19.914926720312835
14.185434908507219
3.544031565967998
11.05242566079308
-16.776119179084837
12.233295452387452
9.607522434762966
5.691007930762101
9.028545191383994
8.879593656637393
-14.777625627044685
6.845922489031846
7.075122640370957
-17.94741541825093
18.50038505001698
-12.731640798692517
10.797661281301583
-5.729325725414981
-3.6435286291825086
18.882260176041882
-15.19107730950382
-19.14845080569298
-12.508313536020466
4.0265284880881325
7.11898429983443
15.523057933993975
15.162834762091101
18.0190036376249
-9.145339027009133
14.501588409550706
5.110770510952314
10.902667176829791
-9.882466679678839
-19.009939561417394
17.14373173456805
18.316556072630178
-9.251005376654922
0.2552853651932807
15.0195579032874
-2.076977755442474
15.220269107601084
-8.9236561571653
-3.5271698611614823
-1.1339163434600543
5.041487711305873
-19.283058898772477
17.576331089330253
9.553136020727237
-12.938382392259044
11.669755633116559
-12.159880769147078
-11.97785428996621
-16.935466216401473
-16.83785865843239
7.981833119686339
-0.9721164163775171
-10.299528495339967
-13.884531781582599
-12.924322132072685
12.001105557942246
7.621459705104034
-15.283974801322326
-16.658422354420964
5.279034937179166
-11.171529551224992
-18.29557665367332
12.33699109616714
-11.958754715346798
-5.794684022595753
-3.6594231062566323
2.937582061709236
0.17248764763607838
3.872202548223086
-17.297497867071616
17.784661988625942
-13.657430794324291
12.89500516673214
-15.916098952630637
19.899481564122972
8.686837625593693
-9.463037023347415
5.157745784219724
-12.543120678464321
-12.495512159819345
10.530732437928656
13.817714242317948
-5.698535791953972
10.058129165820297
-3.057638128818901
0.5774013791349688
1.4809344200899908
3.657754104429113
-11.197132936662655
-1.0868783375763513
5.585411949979221
10.299112442796478
-8.685113939892396
-2.035129388475177
-4.637261233600762
16.5433831393713
-2.6940475468594904
-14.48841606634983
-16.136959081358167
-15.49906665921907
10.012214592231295
10.005297270302279
7.039005214630713
-3.480193910948511
-15.46672622829358
-11.405572807564791
17.3229456527487
3.369609307349613
7.665559705215191
-2.5929014377158097
1.618260562161339
19.02251269506656
-9.629175935345815
13.476209443720727
-10.834726106950567
-5.376188470395533
9.117958195162004
-17.985549897100995
-7.667115981902919
9.080134190444543
-18.077133625005324
0.2919617914336179
-3.1647006259938735
18.282824591214364
-4.748784759593043
-17.538101944269265
18.747730175587762
6.313401847246528
-15.360277035252263
13.594549185302796
-5.685705837477011
-16.919469716681927
6.568560200597137
-19.238605725173834
-16.472085656153258
0.5129547303460278
16.80510598024747
-17.57866847739138
17.40064401369927
4.813048617568615
-19.43927008425868
-16.96530581274184
6.680101925406916
-15.4326247212957
8.367589196621047
-3.0102206472390023
-19.99028699770449
-8.399326060860805
-13.580370226995209
-15.297070605107233
-1.335385059170136
-12.632608745597903
11.0573579928598
-10.071358927369868
5.027968537584574
-17.31471408103635
14.738233179385325
-2.0603299090600373
-11.495875460030653
-2.837939979727718
-12.270327985090868
-10.799719401118274
18.795821447668757
7.842381471687148
-9.939726517712417
-1.3360715118266882
-2.032341410262056
13.488893559623847
-6.760594481700126
1.8683931631293333
18.334119067856847
14.589390490466243
19.89740284496193
-18.731728594970804
5.303385185893315
16.49581932837578
-19.98598629626651
2.2929657322198906
9.595541784493168
19.980196563199343
0.7979127967115858
1.7919371361673342
18.702453961279154
4.353255345635091
13.536196189907145
-10.561609050631123
11.218627757754977
-15.799720562273713
-0.48486857135781136
5.44504364399852
12.697174211866198
-11.42913754184779
-8.292447234270174
16.575372454130914
-17.93977637746667
7.267083147961131
16.419337018771152
-4.649531789905538
2.6782444147197246
4.882062340834924
13.818909267141343
3.7109674067487575
3.459079519896818
-1.6070014272467716
16.853103231841878
4.68005552954676
-1.8193674829007698
-5.547959421416593
7.485580452939669
-0.4328255144508759
-11.958508889074672
1.7591189099630213
19.753390453509596
-6.895218175944482
-0.6547357233895141
16.721050128178263
-11.028912424267649
-5.0820725279662184
6.132470161569184
-7.423308277059025
0.8465073808832635
-5.77870017199829
6.760582774180449
-13.85979130145718
9.84359597726213
7.580773732045138
-16.04743527680653
-1.0608108402061376
15.06430086732005
19.022494184963577
-6.642574582388757
-3.004312253846493
10.913476754931686
-1.6901580773554628
-4.806685875336392
7.787862872317085
15.23873150627007
0.35169671823693704
14.962667155194445
4.042989406709495
4.923441372264325
16.82406589834288
-0.7121609936441047
13.66202988062171
-6.913822990007423
10.74364304938183
-17.527785317119612
16.48732431492001
-8.408721590759075
-2.6240533226934843
-15.22818314904348
-1.1741702204978743
-11.5848708575664
-16.41128704342458
-15.805468724163303
12.772533148466266
15.49943334578866
-12.481911720198049
3.3687250660149743
1.995055082103832
-10.90102427616193
7.5661678373382415
19.959689367352652
-12.462216587293744
-1.8981546665742322
10.80396007320969
7.887649336011879
9.756361076341186
0.44912932216771395
11.238906678473974
2.272061226961547
-5.594414223296864
9.678542077373741
7.678472030615794
-14.67629174059991
-13.158060572550898
-19.077483110741774
-10.949977903922399
19.037311731771695
-10.9422540451677
17.907516070703203
0.03596431548564283
12.79175427969166
19.117545814667565
-18.97162951432543
-14.432415278542612
5.83832595056364
13.070578794737848
-16.00097311782392
13.521476573408243
10.320406521144399
8.051845606843585
5.408980499806894
-0.9358497601531255
8.274337711100745
5.009423248712931
-12.82643043579682
16.848411041717327
-12.642334284787706
-18.898856463794807
19.47362668998276
-13.196585277893927
16.989633369321318
12.016548687365969
-7.080589176009099
-8.700820449836243
-18.075700076647227
7.480341819275452
-16.085800319170097
2.5743295056278512
-6.647042196545074
-10.009357409739458
-1.7782954358229617
12.09737122971562
-12.903650769931572
8.500546186571725
16.86128803717166
19.53817036879721
-14.846272857833732
-0.19663162514340726
11.42924966106495
10.029019771776639
-19.571734537888638
19.56667636054484
-0.28665526894076976
-0.15382203083983725
2.201310664035528
17.347132081751496
10.802815090434734
-19.4220248033744
17.49864366577681
2.3568404913517256
-6.3302892013092205
-13.521363338841086
9.189196055517279
17.58337976315908
-9.779743498781365
-15.72248917163753
-2.876758234649081
1.0051018165804635
12.195910910542523
7.914084580789925
8.214507719718757
2.00815476068259
-4.067146287110166
5.790659317294878
15.579260499379672
8.451860173796526
12.564573511342118
19.88995567274869
8.591304401545585
-10.91975750549449
6.894281373016014
3.7738908833415223
-3.5793963779130102
5.511188177912125
6.561650224070505
13.841495417863754
16.349619882995682
-10.17720275373916
16.786068573422057
-12.51047694858392
-9.288703556189311
-11.330525126755
15.114469345793893
4.474000888044706
-1.8281342610990379
-3.5106804812000547
-11.797869967317709
18.552484176004803
-5.8085053143858545
11.202262432975338
-7.657249535418607
-5.114326783591414
-15.677905837749
1.8812728160870478
16.80298469486312
8.20925908259682
-10.495116555713926
5.943392637697205
-15.375485116779316
15.380383547208183
6.2411169703312375
-8.17577140434372
19.180487975102324
9.769335578164991
4.846245825181221
2.065939498510229
0.7103691813672199
12.01304358259194
2.438267554145952
-11.589160662857836
-13.243179015234997
2.2407454791551054
1.8799306373491085
-9.719402784643787
14.107329228184682
10.432619320953993
-19.553250334098564
-5.729921499226528
-14.134134623149347
11.156520413039296
-19.78375125823416
3.9531742798286302
-14.88218059225224
-7.333672564078583
9.474416087198172
-18.448057771599615
-16.52607636391948
-5.387691792594062
15.3013113195886
18.108069651885778
-5.282966190121595
17.975673748554605
1.823071376803167
4.744212159746045
-5.999483442337507
-16.977497658067747
4.746677083397405
18.253186083586698
-15.298678954418934
-8.854533281023445
-3.2858184307275025
-15.795445739856993
-7.410080461673406
18.559496934369363
1.4765244226041716
-16.549079564843648
-5.658111418365772
-3.6171295400216117
-14.658395416273745
-0.4721282027914242
-14.748963213565563
-1.5250241199971448
-4.247352031787006
-10.550343366974824
15.093267012447967
18.38905335022369
10.172567089085874
10.38526659245353
11.335816369087514
18.413776520599555
5.205526198193304
1.6874287548911404
1.8870509409970282
17.47168813296173
14.749299292361066
19.83079934034405
-14.816048145819632
10.881705942544482
-0.3277873905330466
-13.106490810013538
9.746327494256807
-3.7257913016820368
-14.569161451679523
3.837286659339334
13.662548934415888
11.650843178056604
9.186121392301754
-14.139368629629816
6.936524668576194
-18.549152538436722
2.7334359092711367
12.621358288664453
15.993624424647066
8.150118304019848
19.053619387845437
6.338823737997888
-4.013977694439198
2.998419535290001
9.726472705888618
7.36767823104627
19.504366206814865
19.959207723506623
-11.436403954146153
-7.038009362165045
-18.490077333829316
-19.248552392911897
-10.02301941887644
-18.461294538583125
13.636346214233264
-0.4257981212313702
11.68241231018181
7.941978264400561
19.22026928383781
-6.4853915176491626
-13.629024212544829
-15.49916893394862
-10.933792268403737
19.40489881780833
5.547807292039884
9.656624944605756
4.294811615921823
14.871808251715265
11.009766158992083
-4.621828085977491
4.353369658506715
0.4706771214145178
-0.5625419844210668
-5.900047198557527
-9.061352148899111
6.174476654177873
3.079604031267408
15.753311018898039
-13.118772111854238
15.514349395152173
-1.6002408937697723
-5.24046526750773
16.488561671191086
-11.857986127231722
-13.191705955807166
14.269850528094011
-11.584862746006198
-18.470616548439533
7.1999508934832015
16.801781825537333
19.178047478917534
9.404242650535469
-17.14942691002692
-7.515524763693012
3.747919382657031
6.714033099685565
16.57089707294697
7.764993765155758
-18.072925749949032
-14.813489301286072
2.1488053519189485
2.6524873309609234
16.507776100744927
14.619354617720944
2.632976865489205
2.8248986752199343
-12.196166697789984
-0.44337511023927334
-3.650837616677517
-16.883598782339476
7.8243076182149665
2.231738975632883
6.64525856291278
4.522832924389615
-14.898770892627606
-11.21569240755981
-16.70826353019304
13.75231418558765
15.504925295194163
16.744293403041098
-17.48728340424946
1.1016091835322293
16.485278021663554
-6.337044164881881
-12.02356976098315
-15.777674419184109
13.556099221907267
-12.860867587432875
-12.012944112542137
-0.24460426865815066
-7.85127039000014
12.843114166913018
15.846910468982898
10.896881699540955
-15.443922210184411
3.7632262563216123
-9.478038795382545
17.09820141995195
-9.105982185465562
-15.55116033166717
18.156045310310517
-11.947210917600835
18.04511982620489
5.031278461434454
-18.84350348239255
5.378484948760235
1.7082628622947311
16.92119198359302
5.010487952657471
6.428242188850618
-19.223716312425974
18.79813763256093
-13.750655047648909
-19.955028448553268
10.620834138424865
1.00441287137091
-12.155474947853712
-16.294796093766433
4.251070612406629
17.26267214785082
-17.602026000948598
9.551597583256513
-18.549794113085383
-16.272434782913088
-8.860506414062272
-17.076852240256876
-14.110008864387037
8.961490630329529
-2.232891967088271
-13.644238957337347
11.541949500275916
-5.856934229458236
-18.10452142364585
12.5107090527098
-7.046089995180651
3.2062183409998504
-10.697062677903126
19.00216524379598
9.519498538021871
1.0995147622209664
3.761090742323539
-16.822504798139256
5.7812881392663265
-8.955462343465355
-6.865297722454953
-18.930239967439114
-9.234223417581525
-17.74897238427164
3.7032420638984966
11.740663119040047
-4.554998222879103
0.14451377326109238
11.82046184038045
13.677587048761943
14.860685282483999
12.841452939028144
-15.50310559421806
16.300685190304065
3.646587102398332
15.409113225925772
-15.208957745845385
16.369290452141207
-14.412667731016292
-13.048616654460389
-17.504070262494636
-9.612800251715585
-18.028297399059383
11.421794802565426
11.153746199847006
-7.26048591789799
5.939174453359001
15.478251739424401
-5.574252127285462
6.334786906738927
-5.23029827083246
11.53414274574828
11.848591467985706
-11.45247350590533
-2.3998474620219703
7.262353362097112
-14.975040971468205
1.7405981190550612
-5.009814120269622
-2.9543159530943157
-1.1937663930456424
19.15753467038988
6.097851143040263
-0.5320457744779148
1.6755552752605887
14.89665335571619
-14.54152141342818
-7.345427617533634
-13.679203820254603
3.7291204449882613
-15.971424736350809
-0.6529623288595268
-13.878546532949564
3.1735786121907097
19.023527264747926
-3.9812292199530184
1.763728913528027
-18.565870638161055
-19.061286640391693
13.286245869902721
-8.724003825408024
-2.2679912376761244
0.8800009610875215
12.001463544078739
-1.5492085584619488
7.620221469018624
13.051017010210607
-5.409103374322228
-4.406068798237591
19.343588502712258
-1.9920937705791495
-15.104826307198849
-4.095401243089967
-15.965786724065456
5.748699886419111
19.3247538332946
15.967884864605246
-15.317494661559037
12.710956861289596
-11.86372919948183
-19.838617198532344
9.961996415991404
12.308609408509085
1.9411774432399724
9.677246005167078
3.049720844710432
17.60712169825385
-14.38462772533002
10.843022658984303
-8.686122693300034
11.926655150553316
6.141038576730715
16.837017224656833
7.645747356023051
-9.095980814276267
3.811736769909537
9.26113310727002
-13.132526834153722
-10.215981731103945
-15.49741524944714
-0.27179080980856085
14.064520982014336
12.857028995001137
-5.345079911440237
5.7180659622742205
-9.48057462674614
-2.1433400180593374
-18.63811411401104
-15.482086406795297
-9.276503569894988
7.188218275895455
17.095116097704903
-10.863153199999722
-3.2191415162822565
-2.9598060712626335
3.9714561437182923
-18.465050399014814
18.448584496913746
15.684418862271883
5.142425653026777
-1.157613240778332
-5.561187225982852
-10.916639067181567
-19.585069639838352
-9.03486966657539
8.295994480781822
-11.325555139147813
-14.150123594073246
-2.763031269653137
16.753464582871388
2.9249173204145187
-5.33100620528133
-7.6720967835937195
-12.725977111565246
-8.838245296524715
-12.871630327489534
-15.989148193903056
0.8721566050070066
-9.727690869450196
11.532009809210017
13.76785885003504
-11.369266318558973
-13.091075614089265
-3.511612490538983
17.048637050727784
2.3781320394660597
15.962663637097151
5.923136365301389
15.173110259637816
15.353419076232356
15.326148541172891
11.764983196649514
2.700128949192049
-9.03882780640286
-6.087306890706742
-0.9908796619011824
-19.409834227675418
8.434398358035196
-16.696030815885308
19.00678526218985
-14.346751329945144
-9.672098357644416
0.9002826923327056
13.011123377733632
-3.218820395897982
-19.54720598025275
15.107082526734466
16.96264772171817
-10.298742178858946
-15.336122518934449
16.124404543629836
-6.539638000777099
-19.847843756143384
8.155333033392267
-8.304519243857392
-7.752989133093031
9.921542820456093
-19.291683327171842
13.978794608326261
-4.120504946108854
-10.147379122197231
-7.589255276537612
-8.297481483551836
-11.47229271294636
4.374108297288565
-11.537430314880769
16.750323275935386
-9.899792862686061
-16.29091453024766
-6.090606960709991
10.161823457010325
-3.0783488546325017
-5.409526340022408
-19.85774194901662
16.519866062670346
5.633608204050876
-13.053531269689401
11.497495969061262
-5.429867329032497
14.06963795736825
-6.657929027897431
-10.831821768988128
-1.8079033818114212
13.973938035218033
4.249014082565928
-14.104260729402567
-19.152813987169665
-16.55187191139852
15.968782179238076
-13.49612952948088
-1.7074937910444774
10.950841623566188
-13.533159825698679
0.8034438926154372
-6.688936274444606
12.96907442191835
13.164265907763657
-11.915456851154321
3.462827136507439
-18.394086299656752
-14.027441972051715
17.275477490425885
-3.121600595089152
-14.74245462071699
-4.807331924440245
-16.288874085521584
17.173559239130483
-2.154349906794547
-5.456976145842894
15.448464738926909
17.82192293860345
12.80184455061957
15.451675881897245
-15.246615602337679
-1.1601047098625052
11.544821025832405
-14.520445823028814
-16.538513234301742
1.0920376236603921
6.023777772946577
12.649241981365712
14.76165517685856
-6.206943210186573
-6.413639217160414
7.833828136192217
6.750143701735119
15.25607155441353
-6.602616343437777
0.018742556318539272
16.955473317045858
-0.07196685311076578
-11.316248106754884
-16.999434216498138
11.196087484093216
13.634757906244566
-3.9421531899504174
-8.788127146569952
8.612228018714742
5.626658869681037
19.209215651248137
1.6666046096809382
10.73863884503469
2.305044199037944
-3.5900157310368357
1.0478921608167582
-2.5088664926654367
0.6981680516480964
-2.1148710286247763
-12.608265078911977
-13.557699475708308
12.09086320735836
0.8610903343812097
14.132662178779299
-15.41668962471666
6.545067120103859
-7.7701156775062685
8.738854080478543
4.364385927314238
0.7552797817296835
-19.170591709354298
16.06981989702863
6.183481855520739
-0.04655869594348161
11.80839219119838
-6.054443632080893
2.6230045224242673
12.218965198457731
6.076531613004303
-2.969457802336951
5.466928467866353
-12.680950275672341
-5.271970433195561
15.391450366567625
-4.44023933889623
-13.321032239338573
8.596873105553598
7.148597239074338
12.623127062025517
6.227286235718907
3.730999010091324
-10.004581887545655
3.25010142496496
14.665562872603417
16.781459313536033
13.451714296347859
-14.283494310514456
1.540360617724911
2.823023568720643
-6.778765852754113
14.295064823166435
0.8547058389113857
2.381325085373355
-3.774325198225945
-16.05589361117499
-16.471509682836523
19.39332994514458
18.202675554197427
10.883711312552919
0.2901631104631903
1.2859895206961696
13.775822367487798
14.208243382772096
2.484187679421236
17.227528837335704
17.625110420791927
6.587046410815166
19.644591169801586
-18.682052930800403
-17.906200328081706
12.859465950696418
5.642716265317716
-5.575378549468359
17.396594088997226
19.181565467716162
-4.962236008979168
12.238513846724494
-2.1870126484793992
19.865938740606722
-10.74838549728328
7.008470129867661
-8.173153113598346
7.859797238577318
1.5602257723618322
-16.540915648098327
19.32863560791838
5.151059692034991
-12.398097605071804
-18.408089057323437
-18.326270738541318
10.33421951198087
-9.573809919870069
9.265379614277329
7.607781008467278
-5.672744141097009
-4.6850536263567655
-8.556043835528492
14.648959154281243
-9.924251682751205
1.605289022784536
15.483338061370134
19.43173874900244
8.173868800546657
-4.673254840147031
-16.12202011956108
3.140928999609109
19.595037136312627
1.0507211006001285
-4.130200499566335
-5.886487613120828
-15.467141794514383
-19.887851497944546
-7.178737168976802
-17.953691682954407
-4.586836319566498
-5.579622957195651
-14.903887720829019
14.746025666375601
6.935325463521433
-2.2378593871670525
3.7498149898622337
-6.974805341649777
8.013382480432835
1.3573061725333204
-14.262570848994084
-3.0562890997038963
-3.9814745640247082
-2.9505904199608253
-7.734344503316489
-18.77455589716358
-8.300395311012
-9.467749778851328
-2.6701452702492574
-3.092968456223346
13.66502263698947
16.568203397879024
18.867598784627056
9.162411498315176
3.5610760037469333
12.624842145307909
-6.6527935608547
-18.04721464886039
14.37457633598909
19.62893257364169
5.985926923688737
0.48655905173243497
13.808486787856125
-12.512024194292493
-8.96034964434933
-10.548002865463646
9.805973475177154
-13.536676568316395
-9.895576305544317
-2.80321988988986
1.9663748093418008
-3.7640526698746086
-17.314170701776742
-7.5743755282502345
-0.31152686990561307
16.690232969708283
15.562799608747127
-15.679806057704537
7.345819632254894
-5.905004686025364
-9.914091398695364
4.804413597204963
18.376323788590064
9.751779753348707
6.475705017817674
-4.629840149148311
-12.474026722789944
-7.096658367201126
1.0824391304071703
-10.168063110593009
4.169234817059639
13.558223058006028
-8.992324624623445
16.65044862802202
17.749972575998726
-10.96638106482362
9.7768709915815
-10.428382908428135
8.664766257905335
-11.354253250269494
-2.443997121740992
0.23323821910973663
-5.245320701883056
10.619135091202246
15.093699299855025
-2.0203451970303874
11.654068228720675
1.8863498859296541
-17.898608295083406
-6.144272458545386
-1.3671623594860733
-18.745415780303954
-3.1905805791140907
5.207976489974136
-14.646758068271213
-15.774249570019826
-2.4313634371605453
14.250557449289374
18.16658459247487
11.575810552133277
9.192408314918573
-0.48577523164716396
7.341992098142953
-9.103369841314652
-11.364871572365299
-13.326064021572929
13.68744201413967
8.802731083482147
3.3598901934037606
15.4567125875368
-6.188546774102965
-1.416611474595161
5.431208099540974
-0.6394598248655647
-19.95689912031993
13.395121898579411
13.951389265572082
-2.6247427020615817
-7.724977983619299
6.824784631615746
-0.9020782849987725
-2.8746196550156533
-18.703755057516883
10.710154471112908
-4.521122729620441
8.914567643942355
15.119960052891159
12.77595615989182
-6.290883185344818
-11.31165411546231
-1.5335583183106394
13.474184678617348
-11.01968012750313
19.969278896108356
10.369138886444542
-8.253725401954437
3.041960159540249
-12.591092454542633
-6.712744239641552
-4.205494897801234
-19.678145199359413
-11.806581633317489
3.6596050912057194
5.635489793102586
-14.17213423822355
-3.497880401781938
17.97070610149963
2.12508953097149
-7.279498907119258
-5.842954453099338
-5.094299322781186
-0.8633636554147799
6.62876793799564
-15.76649542599839
-0.2844865573613653
6.3082708442276605
-17.25233954117979
-0.3451227204382725
-15.8612277952854
16.71778485381772
18.10915822523461
12.546448735490621
-12.581877223842458
8.783516227384002
14.985394330165128
-8.56880237851163
-12.978012468638607
0.7225731157698831
-14.879674867371303
-17.44363594676272
-14.87462242856525
-1.3673088204284056
-7.370718143175981
13.156696172027921
-1.5392700346161767
4.36029817653116
12.21542418591337
-14.164763250358776
-8.04408813125531
16.58615639117413
4.867219379474555
-2.01882854525088
4.2037451708871885
-17.776622826336038
-1.6299878635618654
-1.7813274716180203
13.672199862217347
-18.80499385878042
13.018636493939226
-15.72413104714386
12.590872080244282
11.702837350507561
-9.204090480355713
14.147883765639065
-1.56453081432295
15.921447609318335
-12.004648865830582
-15.209713113657436
-10.7134613544059
8.15592035542073
16.747886210068273
-16.548109548282724
7.806573085563713
9.416886158048186
-9.719039398544641
3.689991620889863
14.531889871491288
0.7781623852860129
17.053811602891464
-7.547614266739666
-14.917161001515158
-9.949614781385305
16.36079513204217
7.511394868470372
13.25172743728082
-13.865900068327495
14.467972172618495
5.947304938386054
7.348541172444346
-7.345659036846111
-10.774098743430422
9.833123900873591
5.4996155152123904
13.769739430609718
10.612186408265664
18.678643955851364
16.629333363097906
-17.460134411662867
-0.24550794291527467
-11.761583320364434
-2.093636094903232
-9.750927165421919
-8.444717383049571
18.578293223464264
19.215176983112123
15.662315552948172
-10.340082204539103
17.26038237437016
7.440213834855463
-3.7386770572395953
18.492906039064025
18.01849413296008
-13.653277140719165
-11.577909545219388
-3.558960611130928
17.479832685230797
-16.45453123363947
-0.11580740641408482
-5.711110235411931
5.937103240718397
5.502330972358113
18.911317838198187
-15.985569519808402
4.4903735422252
19.3122174742426
19.120831231363283
15.222070171254757
-18.934458812397104
-11.035549140744942
-19.89597531975444
-19.576641208946448
6.068618065617997
16.08556016003341
13.594588528262186
-8.54267205594057
-15.832473337263021
16.915369902122038
19.033268547715792
9.30562302655283
-2.4858804171831714
10.288347886005013
18.416695397662487
2.627790848697682
8.365335413082793
-0.11325299409182676
-12.36114379798277
14.273237312171304
10.981881841893188
-14.612929964864394
-11.157912814424789
17.132277970054773
2.7353976518355125
-15.367783530251714
-10.85711033013714
10.891095897683751
5.859156736203115
2.790681195325849
0.3263481707385516
19.730428834566418
-19.821061685805507
-16.86774064261779
13.112479922201729
7.985158061278629
-7.423471803507056
8.1161140021967
8.22573396033103
-15.03974285002215
-6.705631733788184
2.880493828280798
13.74170209181844
9.086073193856201
-5.297128305377159
-13.63025366138773
-10.063879656653372
-17.591645279083572
0.42385281787980844
5.989575054273541
-14.998243579209207
-11.816158294217054
-2.2215336400237504
1.8103339864089847
1.0831562711901057
11.38451784265552
12.556754512394058
18.870730687072623
4.723987108217614
-16.812387261111525
17.35663806031782
-8.64590314964735
13.287608237777562
4.284159189684409
-3.972986750580084
-2.646541263330178
9.041324221110088
13.667582976806017
6.232779468881699
-9.447028622433171
-7.531843526117807
14.234228689663603
-2.8070330640696213
13.572021967969604
14.144640992127087
15.605353217368801
-14.349728100170967
19.408853978607908
-6.105764692520509
-19.660754650397916
10.150470449861086
-6.290335980517492
-3.1341922998805636
9.840712501756478
0.914179618024523
-9.427570146696596
-7.024940259021957
14.769991742867724
-9.42645700797355
-8.269510125994636
-15.005416925658075
2.8485332121468616
-19.82879698345586
-11.192207866107825
-9.129687646025522
15.242789068655902
-7.305711112513995
-1.3686298908914374
10.861356186444667
2.259841028434071
-10.41192074868977
14.236162238542704
9.25979008580316
-1.6773949368520675
7.342300033904188
-17.49643948165898
-19.21166107475188
-17.175361334586757
-8.283858008405701
6.323551887934499
12.178754189278408
-6.303919812989349
-13.346398446421865
17.458902708234618
-5.217173228956039
-4.08278881842557
1.2493190686670914
-5.332999134045702
-14.133733907477835
2.1925529973011137
16.39165135866979
15.763277161589436
-5.437979737354311
14.909602250169677
12.192683767966521
0.6941515820960547
4.121535243416282
-3.324355714221568
13.844184506848535
-19.279980478142058
-13.243707008890198
-0.8365791757775476
5.827407831368255
11.233340254255396
8.800311550729852
12.876346862760712
-17.421122619003487
19.724916819108067
-4.965684818366851
10.919853103715322
-12.140713108387695
-6.284234439329971
-13.999458666825753
-18.56372905225723
4.1036441243434965
4.248382653909278
10.043315455929719
-17.194635424128734
4.527952902573809
-8.710634478932796
0.8638233217263149
-16.76039845276671
-4.174861062410766
-13.64866256828754
1.4359324791380246
4.758285269689722
-0.765995867616958
-7.282279278317629
5.19797253304894
-2.5225626250861843
-7.186102815592438
17.42155114750682
2.2428191866300935
-7.124661705200786
3.45661660943318
18.90736785931982
9.881778618324446
-4.408058449587152
8.057387987099492
-6.790260410007672
5.780376638090566
5.76665864167602
-6.16566378478208
0.6212151481214505
6.893466199998063
1.1227250569007516
7.140983764357102
0.7992764013831746
2.537119336179785
-6.174705048011418
-8.807466017792587
19.280710770127392
-8.386930504356016
-3.508022725815376
2.0085431122329283
2.8560306050040296
-15.782211008805271
0.9332484470818585
4.933350960725775
11.502728225268434
13.150747849731104
-2.1091969902359367
-13.59887860830549
14.666084662962952
17.6090071469373
-11.69679074471842
2.087473085314805
-16.336994960398222
-13.669068467321143
-13.71765939534689
-10.87714086014255
-17.376447588147705
4.018063232867011
6.235554070187295
-19.234408490225334
16.9936810287291
11.255967852922915
-15.04051894531473
-15.494274584559085
12.032362225405741
17.60125348966001
18.727834178961096
-2.706756312296644
-18.041162808941024
5.326575648565655
-8.040540146054918
3.6014202327844025
18.317195021416296
9.428838854703187
13.144321894895484
-6.807094146883866
7.506722882592108
9.826595294356032
19.93918501339629
-7.235095968430771
-5.214674355048388
-14.995536752324853
-12.801769829755724
0.13539034177661335
-4.969647979714097
6.5439815994921915
4.3442749121484
17.180341927176947
-5.206809584967109
3.705391948453144
1.6160548769706509
12.58625039222322
8.275220196615951
9.40534669755355
0.7765048293459564
-11.655691150986144
-3.946012162677313
16.070080472903804
-14.360177385785509
-12.815006677487881
-14.234225396793821
-16.80496731477236
-9.335662318455768
11.221069201031266
12.525879595643012
3.5653774480524802
3.5934240367499655
5.1255810255746255
-7.608125966629364
-3.328864676565175
13.364076036522135
-9.769189209604953
16.885951325052005
4.636297928075436
-14.462612269704556
-6.045113573986981
-11.314424357936566
-10.739345599506699
-4.57980295482772
-6.980832392436014
-8.764914440226024
-19.689654392200545
-4.6357872291833715
-17.15585155057202
18.178581959342324
14.035109024880903
-14.780496963407197
9.176625411769376
-6.908370451669473
-7.4988833710634815
-19.185991994648095
-10.88143418089758
13.77277055813488
10.400713930406877
15.742968478208901
4.2184304418588034
-10.796921877030128
-15.71198821165639
5.0390542050746205
6.224856439357236
10.465176294425834
-19.13413869441303
-1.6335180209015263
0.6470185171963649
-11.130714704010058
-17.60544545488662
2.1016097368540407
5.722697145954893
-9.249070355361688
12.736240944480869
-8.128291609770809
-0.11555284775959151
14.388229918931408
-4.531757765842933
-18.403359423362904
5.4660280998284385
3.629087235432266
18.235698961120647
-10.020517213258927
6.822580160506519
3.3353704163817675
6.01592216012914
7.23948756276123
-14.23012295920123
13.052121348928068
19.526685266228313
7.560079273153164
2.976718056930835
-0.5901315735570201
4.3887210521368445
6.927251802246918
3.029250963370238
0.44023926434034877
9.555704200273865
10.864269843681594
12.15087438187205
4.308586041662661
13.200155915328217
-3.762105750695625
19.48109280760533
-11.510167864791576
3.8509326368351573
1.5725578315984237
-5.7286285632170255
0.7925565346557804
-2.3134383607868223
-9.873533790923226
-11.749127931199098
9.93914952688979
12.176354606216172
-9.430819795425691
7.515552695025761
1.8927242115624843
-7.534492945205628
1.4443834468730188
-0.20082096528803106
8.6388619605506
-9.144226636872972
6.875492419927113
-11.008742110814413
-6.020572745874988
-7.5225129277411185
3.9112314157773476
15.531903181141502
2.762508405308111
-14.41139196739945
0.6246718874352837
14.685189745020224
16.829131647720587
-10.983983414870583
1.0121439354016282
-13.461847400706798
-12.234395709832482
-4.612535426274423
10.674966936869996
3.056285670097129
-12.543030859014262
-11.63908750437091
-14.708435366041869
-12.192801031092774
-12.171939666900986
2.337029384959692
-0.8793059232828355
-3.1092949166438757
12.106821579480162
-16.775296446516084
0.3478982232140915
-3.878987268943817
-10.314367309074326
-8.58201832938073
-6.112142254876121
-1.1773461653351482
6.823131923627198
15.027695534565638
10.203249148104504
-5.293996438011487
-5.219261241273539
16.29925218871547
7.116816376691084
6.634264936256159
4.3730578990311315
16.493832750641907
4.560004449303978
18.488318265079904
-14.112266063012587
-9.661293961572333
-0.33424350616818543
3.266036903255273
15.664936193134778
-11.662876297221597
5.297398570853712
-3.254733763079841
17.434321216061896
-18.14899000623128
2.04359271721205
16.42140441143087
4.456782136664316
-6.060137417147766
-7.02368078143191
12.175230909801364
-12.003698677699743
17.286526817942963
-5.229199734575838
2.38083380564429
14.913334571371351
17.278090463048827
17.556898296541178
-8.718865829923805
-15.89504227444554
-3.427350971878372
5.071314891291053
-3.0218015859030665
11.692971520380095
18.325805301794333
-8.07928281562313
-5.853055403271178
4.063430702465702
3.7613427692961885
-3.965742128986104
-1.9654323619395555
10.03296666007881
11.090381969654246
3.1674282725082463
-15.280814250174007
-9.461274630889132
-16.805110887678474
9.341586212400927
-13.003320745930598
-12.999356914814935
0.143888197456981
-8.745289105643721
-2.015358208199011
-15.801835202666235
-5.3824468259350375
18.361119117124993
-9.79074959121489
-11.977971588754608
6.061246336715268
6.02125718780065
-15.059517262682153
3.7291854875192634
-19.8914692875227
-18.94901330014686
8.351657325699868
-10.911629262858732
2.595985282267044
17.11671636568048
-19.877259340500622
19.002858227461232
-12.148047175533474
-2.7855989985763614
-0.3449025960648733
10.82439658933567
-6.39551483860207
-19.311672466947044
16.93819999579371
6.855102707566104
3.123744496240228
-6.202354833610864
14.60965284942057
-5.537027788280646
-5.388471296101155
-14.818660847506187
14.44563720392518
-16.925076368765865
10.894132740991509
5.23996559400085
7.457615519636988
-0.7714194904322511
-19.156448251447497
-5.5427967115145105
13.791613457583814
3.867424790692912
-6.096585345825867
7.460335446513042
10.013457227619526
19.031988563685488
15.703357918054664
10.831620108629707
-9.860094280861267
1.4877491756839518
6.974938307154929
-13.337450479798294
16.20595218953821
2.683996857323926
-8.754115687524058
18.329899714699195
7.386226394849885
-0.39847205240657857
4.086388196640641
-6.447140879042479
-4.883405362502451
3.2393856332668776
7.1849759960407376
6.824691883564515
3.3868665722262783
-1.2973872931403392
16.576464368302013
1.0210814438460716
18.155817889267396
-16.142839639465688
-7.305427366101739
-2.0328607122282776
-15.135272294336698
4.39028728000126
14.43369125211506
-14.873678026558306
1.6617456803280106
-16.453678764786748
7.80196203206884
8.446691952677568
8.636082220831533
-0.5434590295655859
2.2830497266000904
-5.214122611131856
18.822536254690007
-8.17954373688632
-4.287646472282539
17.488430207990298
15.981978946209601
-5.7500006397084125
13.236039445432667
16.105382029254464
14.916066236288529
-14.109182871270175
10.771045943887643
16.99203068985389
-4.300695123816798
-6.96190642381783
-13.75360542308278
17.018962578227217
-5.408076111707384
-7.105741259093779
-15.547520048292256
15.276269791784202
6.467464294816878
6.782426441023976
-12.323893259146065
4.908754989429536
17.668711429728077
8.029394655370822
18.757724600813034
17.776638879574975
9.45307739374676
-7.081526955766005
17.869955018026587
12.691747322384977
5.555771796261453
-6.208573425044467
11.559915949726442
-19.10182212138661
-5.005330397284315
18.70678660131705
19.808524254852607
8.409196199361908
18.439191147237658
15.565725068733855
-2.36888761531349
-1.971473862757442
0.06753672024353818
-13.603652621156721
-12.65658507714189
-1.898889656369466
0.9691820816274763
-2.3588821761645065
-13.630675646008106
-16.96773645893998
2.4147166882308895
18.03371502166827
-0.037260929415758426
0.4981498584756494
-11.930922562035121
16.080309999487085
2.0971108621554677
-9.496619435748265
13.481610246879455
17.506811400943782
-10.282298137109764
3.17956148953931
-18.034359113373508
-0.40369432342291844
-15.487049532735156
6.296805854098402
-13.94434771959304
-0.43837701879281354
-7.702027020623049
-7.830077813777407
-11.432533839211615
18.173528500159144
6.249874928114881
-12.574298562702356
11.851713241273998
19.817491417950578
10.733636017778437
-15.871594951270618
-14.840978447887423
4.768007612338536
-3.0440907025771224
-9.269820087307563
5.318812514506526
-12.47338089231883
-9.845981382702519
14.547888178347677
-17.79584349355513
5.151113971687835
-17.816459407565198
12.558376762545144
-14.990593190592891
-5.295542610486269
17.248572146774976
7.830729098564181
-10.767148414807268
-18.025264875003877
15.74091097837647
12.729743509282073
18.45167372949443
-5.845960279596923
-17.32749465013316
-15.09475278468428
-8.990998204711662
-19.523021702625655
1.0114446387275642
4.34352494851726
-18.193517882526
10.7280177501302
-2.9804711912619197
-5.154214138838768
1.8703167081458787
-12.37554372130884
-1.6209736016192693
13.155333586345726
-16.679900366031376
12.612753101112105
-12.36641313236236
4.367448615397777
7.080743704094807
-0.17095058682134479
8.788162251550183
-2.7830368812794006
-10.732700899927977
-13.747268933173164
-17.389813819089426
-3.2490191080472925
-3.8070585893118647
-12.522226512636422
5.25332389775609
-9.085298823042827
3.7586708202938937
9.183707548766655
-6.48179297157788
-19.479129516973977
8.118064463479719
3.012553665737965
1.6440152122566367
-6.378414684343197
9.22308840672887
-1.0910086741430973
-8.868679539704587
-2.8390696774870676
-15.729930965676697
-18.2444738957038
10.431962784716848
7.320455400419132
-8.937276382094318
-13.054148985751763
-3.1494662611548208
-14.406615133101424
5.8235221528140215
12.972241466424713
6.839394233643496
-2.296486663524554
4.0095476657520415
-7.658594180270622
6.0878464118004025
13.385181294994624
-16.035164610584907
-12.319581164345532
1.6107725469723455
19.276886970596586
-12.12505912106787
11.170348526199042
0.3228350151621058
19.718781767782588
11.663434217357928
-10.593398502225376
-17.124975842453605
-9.32536828099067
-13.856115846698547
2.209987436152929
-5.738348723302957
-0.6892691785722427
-13.012982727366795
-12.625827311929605
-7.292250758875301
13.79880837427973
-6.383197327903005
-2.141357529174389
-4.848193059390237
-4.481737818083328
-7.301952408318302
-17.119545883875496
6.748762437448015
-19.215977569962618
-11.2752584268631
6.439246071393082
17.946416540392896
6.23576662465878
14.675140728908495
-5.479953127974998
2.2044320141170175
16.72972903006538
-19.163706089896944
-4.805443740600275
4.6604199389673475
19.43306523813471
1.7885742135023683
-16.651362707617704
-18.07137235848788
19.619239105962663
12.363790289443209
-5.636535233282043
7.287167521144124
14.43361287995441
17.652187133895794
7.620805543847943
7.364570991874476
13.292749044365209
-14.203096158621427
10.215338461205725
19.655653638209756
-16.354517208980283
-7.483265996963095
-4.58294439442486
19.87273855831227
-8.126634153821364
-4.883356079281498
17.257072295147125
-5.0774993463976426
-9.340064136123743
12.016652457752201
-7.715750628640414
6.261828775719287
-0.7777641904355193
-1.3977644116230508
6.645362934779108
-11.925888751655553
7.080896373849839
-5.441183500194331
-5.996026918448326
-5.1968072288513145
13.612585372199057
0.4489872040878673
-7.736215830801875
13.016339532606509
-9.634780882206414
5.1789331017034534
8.977982113989647
-9.663353382658467
7.24794847612246
-13.703324535370719
16.27219091655163
13.370977482297604
6.115204393297343
-12.21539317781518
-10.513527860771777
-15.536548021862133
19.286755269370303
-8.194569591667996
-1.4405115064780993
16.832707719626875
-0.6310925201416815
-12.48453213728995
8.67012713847453
19.16638072773
12.256472684033007
10.144998952421233
13.793169044457805
7.42611378790869
14.535382015878412
-3.94334570359306
-8.880939067001856
-8.301271544770179
-3.7083027882341284
-6.344973684278546
-6.7924226162015024
-17.55732860914973
3.445619188926308
-12.789839355815115
-17.382787778972414
7.705054570923583
-12.274601934256605
-15.828222821454547
-7.9093966870550005
11.94506570178455
5.320451819270055
3.715640052416415
13.646081067248957
-5.4088921458815555
13.208929735062725
-18.8008530402456
3.461762296905057
-3.888192922711987
-10.550690364980934
6.628922517549075
-7.04661388900198
-3.056527065833542
10.818310225758587
17.03105519811683
15.387352901698492
2.542286254120004
16.16449711920815
6.35719348590645
-9.152525427181315
-16.923554529124587
-13.95891428650744
-19.143982174447384
1.0553934431234282
12.359446840544727
-16.871918766847394
-16.612867080782525
-7.1826600334514055
11.646699012265572
18.022086154093778
9.61067307729984
-16.266254730306308
-11.813446457113077
-6.471198802836309
-2.8366206080101755
6.143183027586563
11.41399475659756
-10.481174478214115
-1.617327383409556
10.988522874770858
1.9699403481079791
4.978022644891723
9.865252290391343
13.141498575306073
6.969414711219017
14.1905414157048
-0.7207923690690023
-3.0103572360636335
9.321131363010284
16.905510211818758
-9.757632815806549
-13.680498815035955
-4.328263447548739
-4.073355784832211
-13.998853381167361
10.369117420831998
11.872298819302529
11.289802568447321
14.250845650719654
1.7499681775373013
-2.79645405437309
5.834166802731847
6.715186949862584
-7.968497990022767
14.041309914194954
-4.848007331472047
6.389678842397004
1.6336936236248079
18.033204676021825
-5.5653966449299475
-10.15048428481698
13.777620119852365
-15.026114437277798
-17.47863244563863
12.045107182602592
0.38758154945209355
5.887896505559098
13.245786364864216
6.183350667847488
-4.927454901316333
6.6349429490789475
9.018437430031092
11.998998980815799
-8.241762956653451
10.968405339433605
-19.266319113187286
-15.114850325366508
15.278591501140653
-14.043422906392347
-3.8957565308897166
6.888231396615328
-14.037719237724367
17.815640119320385
10.720960417502052
-4.497952822049406
-16.265659727754993
-5.751748801473081
-5.006343147350073
-14.951309830901334
-16.070171253195284
16.75909404732704
-1.3366806320162503
-17.176922896177615
-15.302681474561526
1.2529677386673725
9.08097334292711
-17.73933986374345
17.514516207928253
12.424457773201219
12.99484868658218
18.80039445255737
3.980500051656584
-1.3458457056533746
-11.103162865809072
12.17535660006584
-3.9519389979027935
16.6185123980708
11.48825513649808
4.72538364332031
-8.239399520499276
0.7113205184317017
-10.848817226572214
-4.782817843463052
-8.272129509853464
6.665368890243144
-2.739103251590148
-10.002629498921642
2.429725437872399
6.558376828454566
-10.4976400409492
5.683103914205766
16.347581595223346
4.4992696600517625
-3.8172938257175772
5.279889610711173
19.046581498443352
-7.510149306291684
2.2048655580168344
-4.842898280139355
0.3464860507672327
17.163568030481358
-11.778913580281603
7.669133115329885
4.1628915931083235
-4.5796460530845895
4.12169778003318
-9.261212423056694
12.826274465243145
-9.606100134956709
11.366306504373767
17.90683518861124
-13.203963221703878
8.840984115964744
-5.054380003693449
-18.576796002998037
9.665219626690472
-18.24862378326673
7.258715798893647
17.45165260634002
-11.625255099337526
19.10657440764013
-1.5515056442164692
2.2737034845695447
7.044118988953535
8.846680370776593
-15.533872574807678
6.224851442492572
-11.727489850398932
-6.919492162759884
4.6891012342570235
-13.828186619606623
-1.5590408646416023
-5.419609600332906
16.585775169824153
12.675146995734615
-10.506358962575764
7.1539341798098945
-10.956619648020807
-13.827488121712065
8.044856774127233
0.8553322111021977
1.6826456354762733
-19.74585684304457
15.644257025347514
-9.557706813263023
-11.171152971060465
-11.011091103152527
9.823075776982666
-14.32709957143306
-3.0460480879963043
8.811091866152971
7.106514279370938
-5.420514055939494
-19.48547113766573
-1.2963892442395064
-7.029043694665651
-9.369239674326595
-17.05068099547896
4.833123189332213
-3.278736770056632
-14.432995411721091
-7.371888407273165
7.042025320434043
-16.515913566216636
0.7136772475189588
-14.20489131869127
14.537180337544562
-5.523423106442422
-8.473073158099762
8.85249380615694
18.575788502715568
11.804605559686983
-11.968400428807225
9.650049477084025
9.009405410851407
0.6242401571243228
13.949359399470069
-11.661508945066208
-19.409523258461746
13.158838268776535
-9.01791735733585
-7.892254817449317
8.786325932120551
-4.5375520047330795
-0.80459934032314
-12.91883682908904
9.83150260892836
8.516905558758022
-5.645364653325874
0.772377733492462
14.282513928761134
-19.476573548698447
-8.395230657055324
10.203860020887948
15.596511409228533
15.07048184601684
-6.0259115211905545
-12.15722608300132
-1.261202923979706
-3.546578426067434
15.992316479693969
4.156018559141678
0.7452337568802747
-13.273686816706821
-19.830263175886124
-14.454757464220105
-18.552543825361415
5.771377748885801
-11.94657937778361
6.426715874988549
-18.169020489322925
9.503447229937464
12.181559577590505
-17.075274105598012
4.125251022680388
-11.213901563047873
-3.595194959066511
10.064393622412332
-8.63747024719883
-4.6526430128766005
-2.9707611749007476
10.582673183470636
4.409684904903624
-15.371650283322996
-7.3754603198065425
-17.382117331727116
11.327611073457014
18.969855748994377
15.205714289558415
-11.34352703076653
3.951135858877688
-9.74970159902485
-6.676968116123891
19.952424071049663
-9.142488645242883
-5.807802488965157
-9.268565678200416
-10.209235963707592
-0.4463029076679632
4.6397094394264755
-9.94580039689064
-15.202967758719161
-12.318901680408683
9.132850857264316
8.245998694908351
15.236802457201094
-18.65624441758573
4.257170190457096
12.266333048014438
15.584539485056261
-3.559963766671018
7.072058258196211
4.309143065198398
0.274991020773939
6.082422107184371
10.427661216178983
13.785777464862917
-17.55879780092679
18.407927087985584
-9.266698311934668
-1.9496371058415676
2.2462018736250613
5.603764327205674
-5.349203142483837
-8.367396527502962
-0.755687326848097
-3.678636083944152
19.566333482041266
2.4723938603966467
-9.523090440142798
-8.407776411131106
14.135068750734312
-4.497727205168376
17.20554986376178
10.089627287886834
0.6927503795060765
-19.110705319283685
-9.967340289757484
4.721195601749496
-9.317072617450656
12.930082859555313
14.681895361409339
-19.915973536821756
-9.89374304644035
13.664482026896472
13.383575265876985
-12.175566046853659
-3.4409810201236795
11.249515378966347
-14.812173426585687
1.5389276916484995
1.0377913170800994
16.56158330173775
-18.912690311096615
-3.329208558015292
6.619004288181209
4.79661073874146
6.5468941362662925
12.483796834095614
1.0309924587481873
-15.106027267192438
5.35632198423173
-6.934297885443179
7.424203069365674
-17.502192889588084
15.507128013246117
-9.061056434177836
8.916162023605597
15.989787433605315
-2.6544145028167456
11.994406480519231
0.966893520850892
-0.39335213764336885
-9.704733743207669
14.219150095748049
10.110469497958782
-15.720639542350817
-4.777683456016879
2.0227361184213066
2.4263336709060823
9.444704967305448
-12.460808606466651
3.974217426072471
4.484314213917312
14.864235841289378
-14.385048514354484
-13.409711143860111
16.886299647064938
13.413651067269441
-5.246443708055452
6.053364787500655
1.167984639206054
-9.018026662222741
6.342744859157513
-18.284869154750663
10.425659244528987
14.778484313309399
-19.817793489600675
-19.27369166314435
6.296968634555693
8.401521632375403
13.495913021340186
-6.64406375815445
9.78361108232654
-4.736886562545269
14.282433821736426
-14.225011168268654
13.625054501660024
-7.556998706296319
-9.06087569068784
16.242434876108092
14.33463870689944
-8.339665010688178
10.82787479210364
1.3383147911394317
-10.57354304022871
-8.762684448285443
-8.907875010811521
-4.216582643874673
16.110727860711563
4.988321825042771
15.046539728628971
-7.655987086764377
3.089249258924525
3.547906060183653
12.95306603596623
-4.736585660674519
2.0932246768701006
-11.446208189484874
2.834020342260274
6.336787063100932
10.635788430807551
15.869557786604929
2.2043112466568786
8.147239107407927
7.221351294952644
-12.41217318487379
-5.354592263703806
-1.557032977977375
8.862231458169454
8.42811232210483
10.052205366144769
-2.2276122650010386
-17.09566319406487
-12.595823989765101
1.0658712574878884
-13.34278166234248
14.942241653496502
17.317689732781098
-0.434584441408127
-2.349537412995943
-13.207225864858927
-9.040501160160147
-5.078627564915102
2.7223684530510113
-7.313726953427647
-16.51710255208887
-5.651547388325842
14.120355176519283
-13.756776979609926
19.00740225305561
18.59940463345732
5.939807162479035
5.272044780188793
15.174087721255717
19.495510083152404
-13.667895115416915
0.1771825248830794
-15.42297514751015
11.29759033128311
1.98099617421677
17.982954654357634
5.280416939373925
6.3321514410161654
-16.745457656677555
-11.698872450031086
18.771144959253768
6.06906368961857
-0.6366142430144066
-9.364319705017024
10.855124133267587
1.856870539278379
-14.934367076285561
5.383163406424579
-2.6012875246156923
7.1641212854458125
-8.97810034014832
8.98899976197874
-4.814318026287307
4.499837447042214
-3.448692652048557
-6.937649484515283
4.696920991519736
-16.121241712998113
10.456684900752883
-1.0156356137585334
2.3271762747540805
-3.9953745827201637
-9.439626544509823
12.018959660729955
-3.121552421186202
1.0419511620959874
-18.615738386544486
-2.0689246011932063
-14.728401266227191
17.094217061681263
13.877718212410166
5.005572505636103
1.023338151873272
-14.72901957051449
-9.489130858798251
-2.766353693217411
-6.987439970860777
-13.57445474305595
-12.146635570224685
-4.187931558416892
3.141655803152254
-12.136042448597507
19.99103458758038
12.08519768547388
-17.478262730358853
-9.333186477817698
-13.509319441760628
5.5272304635070455
-8.072149053034984
-0.8375067416335114
2.3821087527908347
1.844174292778451
-5.633102784658458
12.638192514726661
8.972867619960589
-0.48205333152088414
-15.36812374419059
-0.8220161921958891
19.66962815846437
12.73577926366201
-10.38704576707756
1.2155063798707353
11.268735583800272
-2.8480096886155906
10.630213137227713
9.668269226247041
-7.453071437869564
9.613599508237339
-12.097524440282147
-12.903024889960776
17.536723458658095
14.66445106627176
4.190661077584924
3.4170538069947796
17.657713445614085
7.269037940414101
-17.395128682970075
17.88860503691125
8.532616118956344
-3.1357112354288788
0.8333011488464948
-15.986109912741613
1.032435062824547
-3.5254089072210846
10.312219925204683
4.742067815392286
-11.792056235576931
-17.336940898623247
-3.860860410842154
2.188630577270935
2.024366604003447
-2.640908051584031
-5.688609758658604
-0.1692173807902897
16.207149273079672
15.177034631429251
15.781306761873807
12.019380358852743
-16.943305120254706
18.115232835461285
-6.308125816783363
-1.0362832196783174
1.0696309410805895
-1.560004783663782
-17.736494894510226
-5.359244325568294
-11.484312060369772
-2.0351687584189158
-2.3109823598588477
-11.039847097051334
-15.434591341655771
18.60475390368525
19.07431720257322
-10.559694458418281
-5.940139265368503
-16.42791430287771
13.569637187264611
17.21288262390385
13.482362474415005
-9.792000892879663
8.138573551582418
-8.233453088864078
1.2595371020618558
0.16090677319474977
19.71483063744926
11.352748754715684
7.994031405241948
7.702705686540913
13.799775338563073
-5.903373123110963
-13.290541863577463
-3.9428151347202487
-3.504536451456101
1.1113524055979411
13.13650847257189
18.605283954836374
-18.111046101842376
-13.823683475641463
-6.581117146562558
-17.373029214763022
7.605627149559805
6.456944336432116
-14.279632574400027
8.909439639158258
4.1341884044776975
-3.2730773520491354
13.417982720458014
-7.341658675554932
8.977521900171187
-10.027127260339515
14.675906370877904
0.8961274047093752
-13.583169672603734
-8.31777205350885
-11.734875465431106
8.163169899339103
3.9307743001373723
-5.477317160320251
13.234459459092925
-10.71544777383599
5.3343723137289984
5.461206633530367
8.245121814801415
-3.195913936463363
-11.76512874531456
-13.036384456140112
-17.714517086318608
-14.66198960172827
-13.01734374948098
-2.2493969076148836
-3.1842990133488804
-19.467367767202486
14.187985555825094
-17.609343359892815
15.137484108375212
-15.124926358226109
-6.798398707845262
-2.4715642830693483
-18.53506809107492
14.780462820616151
11.34751582060732
12.353815841120493
-14.268734277461604
13.666711468338434
-15.707707328978131
15.027062146958357
4.692498903371135
5.8234421780075785
6.352120698243958
16.668439269684626
-8.953231518656857
-0.030126369017562382
11.839448007272981
2.837409687604989
9.231824664169164
13.453669464963994
-19.990013332505768
-16.822724137859637
7.91592405275685
6.035709310922126
-1.4909727060578177
7.130772597800362
-0.9354175005443253
-4.532863178516191
-18.62019263338471
-1.615875064172112
-5.8612104918104215
12.078527477646702
-17.87029412969791
4.942686044340942
13.30689424194317
-15.771971128821676
-15.57818795981941
-8.773738845122807
5.16725485332951
2.3445462655890026
15.462201003320274
2.3636714045771434
15.30543593875315
-6.417701193048524
-19.44677979238306
-9.768798264735533
4.3243036682964515
1.0200279782492103
18.97877863437263
14.215402175507954
11.776950661897292
4.218276523478085
3.356519663619828
4.156531748299209
-19.450643939963037
18.16674280667275
-6.618285593947174
3.3742104568140334
-2.7838110206975877
16.54587206086581
-13.335347875308607
6.5201584707330085
-12.457900698235322
4.642665217601106
14.717925055371936
11.957916378015831
19.48024692859771
10.146395325086509
-11.008058575260119
-10.06829394320083
-11.382939226488915
-9.70909960767559
-6.192901799036253
-3.773900695359199
-6.4543300580229115
-4.44097284935911
-0.10044222965077765
4.298777349079831
-0.4455849803242238
-12.23253559321515
8.137826982428397
-11.563087635414004
-16.731866490191628
0.671778854880877
15.009080640543914
9.150008255644725
1.1646699095904545
18.33959834972346
8.654510434868673
19.188919064100148
-6.260379916205704
5.7403451232141265
18.7303095587341
-11.785974671289239
-15.373173270162464
6.2681266448907635
14.463435743343844
12.860235613013003
11.16756846155242
-9.250926039933143
-10.719052740837434
-1.7799725669912476
-7.685762568539252
6.933216302549692
13.724238678711906
-15.468583347684568
-3.3651243344112203
7.0165728631275215
1.0314324991197985
12.512559426899472
-14.99596133887862
1.3474040565177212
2.9297429994456614
-1.1277315917970085
-14.32842609327976
17.71600395622704
1.4932194930402787
4.011347085655327
-6.241241640296895
19.211626047722568
-19.816180831000718
19.555867953240195
16.42764281803734
6.673958227594021
15.030766385755093
-17.38914611345166
-12.293114617020876
16.933713920618523
5.390180276269948
-4.50988746377452
6.137378152186493
-17.80289333418937
0.13494320250765668
-14.467878356965219
15.91476367940659
-3.6995392342017865
15.489849841573403
-19.050440701070926
-3.58749698373666
4.082908362946572
5.156562841243094
18.61943893591767
4.648377703483838
16.32660988404694
-15.404241794408225
-13.133712326814933
-3.077177359108024
3.05536845771325
13.26836489658983
-2.227647877305735
-15.08467024376512
-12.347513048460591
8.560907514465953
-16.94232895238551
5.273143769271506
-10.677959190562646
-3.9707186131758263
0.12308973963355285
-16.267721580660126
-18.625400233570737
7.9122925669647834
-10.099391714092025
-4.156740005202133
-6.893849558072965
-4.658169858099907
-10.495612933707342
2.198773282986025
0.5996477779318177
-10.107861087941249
-9.695278026028493
-3.3719699460060504
-13.611773211956905
17.25235379739558
-11.406962023648205
10.95559275416587
-1.6617095376411015
-4.076892674920325
-16.587745189145814
-9.590892704930347
2.1573901506665614
13.550142434671862
-12.89580592623173
14.159749897862469
12.348087038250888
7.840002761202673
19.91521755090747
19.871238177443182
-14.108217739334293
10.464044344873088
17.65873760358504
-12.404095859200268
8.83655806387937
-15.128542567824091
15.063726148358462
-9.821614712423198
19.729479266430694
16.674691681970067
5.137918662201443
12.980305508726332
9.847252296562836
-13.269958698698261
-2.7397978660367492
-3.5943351738243514
-2.2672089225310543
-17.953735108737632
-4.727026073373315
14.236012837844207
2.9702856969633444
15.91516950975754
-2.687452858591506
10.455832064118347
-8.451419640459354
-5.742565287121462
16.863451599584003
5.239043197878672
-5.246152414303285
3.9406581727871206
-4.577267748183189
11.961878366833801
-7.9719206296252345
-13.965263568792835
9.508400927224336
-11.988562220036346
-13.097102343148364
-12.008568783919728
-1.5863475109001932
5.468884095772822
-6.750631449224658
12.999028111630373
13.012956942566248
-9.059943933370537
-17.12326874695202
-12.743883213097217
-15.69346646511248
-15.694760475663895
-15.795490218104637
-13.275600957166018
-8.560982848846699
-3.7321900244384736
-17.664907027884627
-0.6379488519450689
-13.188850419917726
17.098053258096513
-13.828711741704574
6.268591714112738
-14.522353173269845
-2.988704450194284
-18.990829487711643
7.678022642374536
-2.2935762319509614
-17.605032273068236
-9.857210367531067
-0.7763280688006979
11.520968120022932
2.2729708375280957
-11.355872404705902
-7.622405999270541
15.147061038323521
6.183576281330026
-5.798947613166256
-12.88002294338857
-6.2830288639986485
12.858190724561226
11.65899918728238
-9.890922755831358
2.2043785980555874
11.930549481907615
-1.3553146566291652
16.64734860710813
-0.39318375175136566
9.363486148998248
10.421409687270216
6.262726622603747
-19.298819845162324
-12.527621879322801
11.45664560066447
3.9837939635118786
-16.751727563409982
-5.656575252455243
4.239246096405974
-0.7553796342613026
-13.01995971929442
12.520774287259606
-10.71391785198486
6.146941757995453
-14.171263254304645
-7.90243421215235
-10.478752317533147
13.912537544061053
-18.197308853474638
6.414591612322013
-0.5158955132614338
0.06967624266848915
6.6478088977493
14.194754437739576
2.2312794336368285
4.900726277123173
0.35891284507408727
5.464660486441119
2.2845140257577228
5.075033614502317
7.101658401750633
14.578582958217282
-7.834641374893238
11.36786134234681
10.818343824362806
16.912197161058117
7.8804219177571895
-13.77995764513079
-19.121720093202782
19.24863269833328
2.8547901251308403
4.77539596991268
8.939526002370126
9.571554798989546
15.733372140048886
-0.7447674422294703
3.3143689569387327
-8.343111475205443
12.299280337667959
17.38974652222015
-2.679553269893624
-10.885674327115172
-9.887507206415162
-18.85715457559097
15.352442876529096
6.402568044603399
-18.35638001088138
-9.260238850374476
-7.035696189879905
-10.491138938471959
4.426167477528466
-10.340196738420385
-6.931529482826884
13.483777728739376
-17.37150069019012
5.109496148519646
-8.955252966935014
11.52597553840674
-7.162262798394735
14.688962315868096
-13.222920443647155
-16.832907347435903
1.2399327382697969
-16.5863486649218
1.125832767151465
17.460119626997837
14.908349276540804
-4.629596791827325
-15.049950268825455
-4.441755861372613
-16.90513005354855
1.1619681542305251
14.040767217959392
-12.806874472401368
12.216927497110028
-6.187212469897929
17.451399837856016
-18.346837393005835
7.80057882150523
-11.761554096178614
13.585513106473229
9.051453877707466
9.357129418908979
-1.9043931807648882
-3.5966310800589305
10.55274262456523
3.2714681501093956
-8.067229898099955
-0.6608964575698266
11.931229244443774
2.523553582775982
5.7617126306031174
-15.021089295141788
1.6142362474949508
14.532736053030185
6.795753033881994
0.47182768477751935
-5.0867685289465605
-11.172104932080615
-14.384215674947033
-5.726101330807989
9.05927448724702
-17.519222021344913
-13.62639672371499
-3.5954284142554904
-17.586541705976547
18.471451805874125
5.515914679464004
0.6455090707449074
16.750190207076884
-1.5551438754076514
13.11316393743703
16.922662175215024
13.31551021092669
-16.21887679995815
5.142649383975531
14.899429164217324
-5.259318740930524
0.6417305082270275
-1.4162147250425434
4.187718641520387
-10.517649515163896
-12.383724809639055
-4.351396753293816
1.43493012661218
0.6951258441255881
7.5146167191173205
-13.363496149940302
9.497956033440161
5.719712368111601
-12.84891406014744
5.97068808901021
-13.43994722094141
11.144533485425804
14.836076695028865
-5.021278283111341
-3.7720847490578535
14.556141534641121
13.822487779949867
-2.739861074995247
0.3099261279278984
14.441055001592304
7.173039210663681
-8.918976764603709
-2.421787461379026
-10.016388085141767
-0.3263751356488953
-14.452729536998108
18.134538105226163
-1.267542824729201
5.348024769137535
-2.3851699928496615
-0.02941943783968526
-1.2564778657732631
-10.802177179268039
-0.42714769599527713
18.326387488114
8.196555880252127
-2.307365248619284
-13.16972639844614
1.0281586968662602
2.926360568353026
16.567736147159252
5.0222199084129215
-2.062799610533581
-4.819682894715287
-18.763023029941728
17.082197534507344
-0.8758023475337211
-3.793290746285095
-15.957440858798648
-3.6536880723907856
-18.361658011690174
-8.670130328168412
-17.518593289375104
13.705000171594747
8.328576983466299
15.255887964245687
6.122844193567822
14.581860151820976
3.4363321877926722
-6.798632628382695
12.846647863182874
2.212326154567698
-5.513659707854149
16.459100892401437
8.170848402399859
-10.134818657642768
10.785314078602973
9.41669563326887
8.945861381403041
-10.361887997627468
4.499422989613976
4.945190639070706
1.2833076988783318
5.53074861539902
17.47858841410646
-0.8600052075259903
-9.761785166221696
-3.5285697367913684
8.40526708791073
-17.33328766602599
-14.001294778308413
2.7034693317030047
0.9122872818320182
8.798515962777262
7.07662551550175
10.553052016165935
-1.4373998678376907
-4.349697984992105
13.231180204160047
-19.966409981824008
-5.456643858278243
5.357742033186945
0.9152711012911183
4.547144851576405
-18.885871358850054
10.11709748883467
12.72450018941047
13.876369716707124
-16.50910134982375
-15.50053171303675
1.0032903013316776
14.845140634218914
-4.246800156761497
12.950516000683805
6.263728396179072
-7.018445620955953
8.792616129379539
-18.563648414765396
8.984028893792445
10.976327667568402
-0.3566192567157245
1.5058168277398352
-10.72725777966928
-15.72187407822522
2.0824836684019914
-16.049368944050904
-16.955527359294532
17.503428977569143
-19.853545813450015
-15.692808160051088
19.721072933998393
4.138192911824262
18.469445324410685
4.406534589260719
-12.787066087550748
-19.403562410735283
-8.055110087828051
12.15044362808161
-8.89477799256401
-19.05253863631784
-11.103772737406473
10.667731837744828
0.025402442944496784
-12.659641881603903
11.363126138433785
-5.695544359355985
12.491882006316565
5.900176341663254
16.36005374507846
15.610406124864845
18.72433430134182
-3.8819174479511602
-19.58115968027166
15.7729884496392
11.167873722632837
-18.18766666181338
-12.30718635211154
-16.648597417654344
-5.195392767447169
5.069507823716446
7.4719512625808235
6.0895549407304514
-11.216292857242118
-1.6930939407604413
14.096257810229801
-15.41461760434987
-12.971272205964883
-0.44366275805391453
1.9869940481683557
8.536993524724984
-12.8591936735199
-17.761097953338126
-11.683497157760993
-5.301079570861953
-3.417292039579692
-15.966239422407389
-11.927770620484296
-13.532500282700038
-9.019364401156857
5.791616424038928
-1.6089738663841189
3.558598876346583
4.428322006986821
0.7262168612093447
7.455271918307552
-7.22730296668248
2.610078825257972
-11.522246616586376
-13.216378295744029
-16.887711954595535
-12.883364260027825
15.461533338227348
9.204503034436815
16.303927167205813
5.5165281872887775
11.234270483684341
14.632558820795396
2.9024842032964315
16.692198368710784
-4.188214621499782
-11.258745325698868
-1.871769451230115
-6.787943568303977
-10.809547666943939
0.1155495145387917
18.465893297560413
14.834059935567431
5.099703463897637
6.0388069962440305
6.895179829194035
-5.28716138898913
3.9374750498054354
-18.93800212576413
5.162396218350096
14.00012636581637
6.728458911737427
16.407404065528667
-6.937237469656289
14.030601079752898
18.139920941598845
-2.320894744257515
6.463682737324042
-2.4885681920112575
7.7466975663421245
-2.5519921174843496
2.0894793001078185
17.493300820163952
-5.497744257016999
-16.893648726188395
13.76266200802882
-13.683741378787602
10.030758295637845
5.964200752166814
5.148291011508803
-9.719139827501735
14.35520014057579
-4.123589659078583
5.536273454868301
-15.036554742435907
-7.603526053172075
4.375035557671762
19.287861614901715
8.244228710777037
7.285021426469601
14.750672671061452
-0.40705554643984243
3.593145483964424
12.730058457710747
-1.8611503006215777
-15.027171981523466
16.345413885983774
-7.102955516233509
-9.71583182626694
11.867068654091526
-6.504499414377429
9.502469337508323
1.1946796624388547
-4.754060204866191
15.065837755208086
3.2644919084681625
11.866317580436476
2.7586656441824147
-1.5500693231739504
14.828485862769753
-7.969848594615252
-9.125124226122473
-18.349755589297793
18.79845865734663
7.337285646015172
-2.9744199658453176
12.173153367204435
-5.419909742967398
-6.73533214457092
7.295213467770587
16.15803632868485
10.720820847381134
10.22501714766669
-15.386792113293431
-4.4699761441234855
15.455222086194496
-14.480207067196712
-6.942276495838438
1.4461442041835255
11.031866673270105
5.403258889929724
19.79403704345627
-6.649540766647037
13.51970062728644
-17.994234389591487
1.832356137774024
-6.752621101909085
-15.13897736431483
-17.601349858216206
13.400470571579895
-7.132669163835313
8.548444974272861
-10.408615893676195
-17.939834513338027
7.7774254108209036
0.41229109934738517
16.658493216638306
-1.7832647589282793
2.997468418037105
-11.853762301261806
-10.848083537902117
-17.89120418863363
3.5522576692487675
-15.235251528089897
-17.428250066677705
16.224602216101516
12.72207957626351
0.6254292970377229
-19.544585919101717
12.367165573155852
8.506267790685385
-18.33908802588299
-16.862819472064018
-2.9419488828993714
16.835211332536886
-17.065756157299013
-9.879689705528962
-5.010603473402577
-8.527187159417569
-19.08335871592196
-9.484714580521407
15.29820560980211
-18.00131162330561
5.5765457951118265
15.84201488704273
-8.189681281909227
-6.08828308486677
-16.823571999632954
15.981486542041445
9.448848107396142
17.23300849519837
-4.409264111586486
-6.061917527216876
-10.7628552922314
12.801028722602005
-12.994100406771484
-5.135188135868161
16.067250226042667
-2.427901890738916
-14.533309277992528
11.663645049996166
-2.9306724915915154
-8.685005337177486
-4.522764139368093
8.86146147049535
17.647463846127586
-10.330970620377924
-13.943578245792715
19.11946691238812
13.907163698899375
-8.04644164242077
9.174975159283271
-11.156493179032525
-8.581359398869832
-14.499745512923813
1.387198190778939
-6.405938116029546
7.235545730605288
14.314806608564155
-1.875941862228828
3.05853762970316
5.129867127933892
1.385269418942059
-14.761680843415208
-8.47172532861801
0.6743486187351593
-13.456467048451293
-0.170586332266339
2.657058498903986
17.239282666237692
6.418585366318524
16.71370986881975
-13.50073846558904
15.086486960496302
3.5081260655322346
14.075015343704521
18.277728791491356
16.000744225672058
5.228158253259366
-1.5386160435255931
-10.707705850845857
-12.731779602453512
11.917865439582386
2.100122537849842
11.630398331837565
1.0176578295074208
-14.513671811786377
-16.74563266860369
8.474014669276649
-0.9182085918936131
0.6385638223690151
-17.580107724797358
-18.2653859885891
17.880110034903424
16.941471585255186
6.224613903590047
19.955358651574443
-16.50410418709033
18.336922198911367
-13.163004523220785
17.89724837627964
11.000248868545466
14.29535334790701
18.34192793641607
15.803030543904477
-8.960802156420158
9.677317987849918
-16.90808860065001
-11.782052503729563
10.734119459670168
-12.850393329431387
-0.3824573644272391
-5.6747801850155
14.630248739914265
10.986467418480359
-9.026682336634941
-5.442172730678303
10.58634696066131
-2.196002824124058
-10.845584421774372
8.001788533976466
8.620675035825165
2.334061734727957
16.818299981867405
9.074053500859055
12.613264022495443
13.897736143191807
-11.869151007825621
4.307843222048323
-4.795121704740971
-1.1911719457218837
-2.883257606627268
-9.286361006506967
13.09502592118993
16.353584694654323
-1.4183950656773945
9.26133993124592
-16.392112015233693
14.123253346358304
-2.7082560410944794
-1.3252498546134603
-5.338259209616387
3.6746929692654398
-3.535122265858721
6.308663220051912
-14.117388712718038
-15.211153371473207
-19.141432837884437
-3.7060415490493597
18.087847456144495
-15.193092261233323
-11.259176113374082
-16.51474338723597
-14.098125462568287
0.9651203083030424
-10.425605917338569
-4.450702707229933
0.2632925396260042
3.619039993933587
3.2555565201751833
-1.810186081644325
8.348367812577294
11.373979265117924
-11.446660035138008
-4.759147211226807
13.559536856152846
5.559158386911257
5.634644584222638
-19.448115268498825
-14.164025945396418
-9.659739889031762
-2.096041194324325
-12.005286248043813
-4.044207339556042
17.01364567010161
-10.059852379934625
9.537929264952702
18.255077399881493
-18.014663250743773
12.24028108301431
-12.1757770081596
-0.599566778360856
-14.950946798868397
8.840973269530501
-12.424165539465042
4.679193545041883
-0.42562607209925574
-1.5298169476823062
15.986710480773247
6.851613942114621
19.97495384290493
-13.873260521534325
2.269006743832872
7.031006494353981
6.044663764837711
8.928541016933764
-6.835630984366471
-12.781440509297246
-0.8403285142717785
15.93745112698577
-10.734588034741064
17.711678657361126
-16.949225095760507
-1.1334689484311724
12.868971003236908
-2.3111085551271273
14.279380060651185
-11.153732166328322
-2.735352918049351
-0.6443280356779653
0.2576905929229838
0.6348160767400159
13.522171968118329
16.80500432032874
5.540404248672154
-19.811857131314493
3.978860335767031
-0.3445217300792116
-17.097201457991858
19.039981067707537
18.254622485921757
-1.9658304613220423
3.5317445814052704
6.433012444456175
-13.555397267593943
15.558135637771635
-13.475452569826754
16.950303914577944
-10.720913430134953
0.9956831449398535
3.340425854778349
-6.685729412905953
-15.291020101496645
1.8694505970467077
-3.7033107391503783
-0.9307555414134043
2.6893215810949833
6.478741533090584
8.130554576637849
14.330975400437445
-2.3901225230770464
-13.356742766919965
11.966836506728505
-9.49045499563384
19.73132919675227
12.719322724117148
-9.894807101159424
-0.5344134289353697
-8.00696262854478
-6.746871954771855
0.20157302827155377
-13.316980024042703
17.14075310117277
-8.482764724673322
2.7357280708712715
-18.312911367029372
16.065145732334607
15.500102240811465
1.4075644788219535
9.9963019665162
6.879021742989249
-16.16916696509426
-4.612189633285681
12.264800584075502
-0.138025571502979
-17.073233932726133
13.905595565752861
-6.173841371360339
-12.60040108237543
11.727869486568558
-8.75368541175986
17.21093940002212
-1.114863671478659
16.04749474683387
-12.56016342103167
14.62834120978259
-11.4854137912458
19.202539013176512
-15.150514746899383
-2.6539062064330565
-15.317926083472756
18.631014505271104
12.002384390641701
-9.955821284348412
-11.829708383968098
14.01550880527801
5.264248637538223
-5.359328713014513
9.875874978483171
-5.895615781694513
2.7413755543451543
-6.049681427563263
-17.201835627237948
13.946906324760029
-10.769524605571657
-10.857479511285145
-11.110949698315174
0.9807560982710299
-3.806169334760888
12.089677684564116
-19.589851323388427
-18.758403517858042
0.4763579619026359
18.964431656978853
12.129772394808342
15.859508577121758
-8.952036956672682
-3.1259011709717264
7.276335540595866
-11.490579936555756
0.9755014723888955
-10.057790840694807
18.16767818898603
2.669511402985421
-6.3653434566313205
7.937731936010842
11.210409824376441
5.2110743232278125
18.995242033632003
17.12265133895491
10.74972735860985
-2.774075177866024
-11.576382642422981
-18.44926749744786
19.108121354862206
4.9598964991159065
-13.818238927004769
-5.888137983275419
-7.888427050933085
-5.209616397565625
-1.372898632166585
3.3794438898309522
7.025416962133754
-10.130004152449477
0.9040166928147677
18.188850514712463
14.908571533830319
15.702040140768567
18.132182180681227
-10.989032035648272
2.8378397013639898
-1.7021355381928807
2.92998979599
1.7615192347365323
5.352405844905462
-3.4026064164904213
16.194385630362504
-5.847084272110354
-17.406593128604303
15.294124519407795
-12.339547743605657
-1.0619994138064541
1.6939523280867306
-8.137029140422163
11.858673695396025
-0.8036669427924501
17.211245416771476
14.99284432305091
2.6194967274051635
11.876721665973665
-18.118101160976423
-6.903914650337303
-16.29371623577901
13.03087262001035
-10.367586220542604
10.815534776506137
-16.84085481915185
-8.95362629340529
-11.077844735459216
17.252702064942717
-17.487762863906838
16.233099842007377
11.589371850025891
-3.8001353691453232
-5.169273703059556
18.98829815616196
-13.132938363257566
-16.639596434960644
19.38269513107818
7.056076588194308
-7.02175249766826
15.018300073102886
15.99727346209147
13.147588447413959
-11.6083257978485
-6.959869147119949
-1.69176364085844
-2.0073698986375987
-7.398392020918676
-8.870050953282892
3.383013999589217
-5.110988515263571
-2.439466757902615
-19.61774296343769
-9.098776176187346
3.984521570572678
-2.8176832329092427
12.242377275445556
-1.5132775612416296
-13.486074475876816
18.363114064291537
-11.40786668010696
-2.3357489107629092
7.419208192674844
-2.404126177966468
-0.24841487295488918
9.375811587675969
19.92930619288766
-7.044259863908584
-1.165701716303957
6.114218051165992
5.395474938937706
-11.3940373044918
-14.118833451011511
-6.500356233658199
3.499551659547649
-1.4869548413535156
15.87313053905956
11.509016168692575
-10.14326401744353
-8.132755286541386
14.541595015309433
17.72819723115598
4.058745130003658
-7.985547844357699
-12.758172414067385
2.1126697341481737
10.248749426644963
-10.330361301078469
3.0022034904014596
1.6011361585219674
9.557193093760414
-17.78337112199189
-3.48510321263063
-11.663826767434182
-10.52199011432577
7.534427861387734
11.532512710302363
19.97360158027196
-14.091038894358409
-15.292735122626159
7.2291360573146655
8.791057657494612
-8.728860897273965
-11.755884423119474
-2.949961194367855
13.254429658481229
-3.6439824984002342
13.423664091682134
12.043050025381675
17.030723848107463
12.541574657512953
-8.96891231291713
-1.5061455753239343
14.723667818576018
-3.346437118449984
-4.800133446552293
12.689123269895866
-4.1637659544590875
-17.667860352412035
-6.84290032647092
-17.10430746796981
8.61151969537556
-15.921296836787523
-1.361121994656017
-2.159930291106825
-1.1060361173138915
-4.912695833506643
10.925675112509069
2.4523240948869294
7.758239128413496
-15.895577513888174
8.265786082716787
0.0177406127128954
9.926251455140903
-17.447984810665183
-18.309393919576404
-18.489285625422713
-17.810851277347663
9.979496502326338
-19.285253270697737
-16.772585026251573
4.645335472984012
-2.1287867500694873
8.69364047873868
8.848226355566567
-7.250526416193139
-0.8843183848013751
7.809199059160324
-3.5295624759411908
-16.581280407890592
2.217646442387018
4.979737616384881
-7.702384236032724
-10.08768097777235
6.116902188608577
12.266392314821715
19.188777879380567
14.233846611634505
-11.230417186463612
15.54649786445902
-13.154566476063696
-2.074856646901008
-5.627907028899362
-14.893624011200997
16.400431775490574
-17.17613168308571
-18.525885022075208
-11.020262548714083
-5.911409511622875
8.77904802464844
-0.2696339442880742
-12.211592363357209
0.1610816588959736
-1.9439770737165354
0.38496764350981394
18.10821365496591
-11.953047288681816
15.201168251243196
2.1312582315771813
-19.11419770524013
-8.235823519630031
-9.860538164572352
17.688183530450353
2.2705793759370287
11.642556615128129
-12.832784892296143
-0.14329379032658807
3.5038803882578335
0.22491590981333687
-15.447992784402542
4.141731862065896
7.984401761133107
19.903856169059544
16.745765991905394
-13.856693237329267
-3.2000893725244275
2.7516388953163293
-2.9100456090867652
-18.387498187192687
19.07206344795891
13.868529808496298
-17.08874109655246
-9.464132380487085
4.962415475748028
-7.973710840600843
12.973493176577676
-4.238166405533059
0.6496893377769943
-16.251531251646064
-14.523239497917526
2.693811230797742
-15.838504230707295
0.2340302927282849
4.466209657087532
9.947330026793416
5.994505091819846
-2.2575311434095546
0.7947847714537417
8.959203501084406
-14.163218334258119
-17.29283720463856
8.827093053745912
7.022257887272623
-7.587720477813079
-18.964983335406835
8.191989356592316
9.729612994535124
11.928762295043196
-16.288609342565167
-1.935027756043315
-6.340435058885014
-19.452678112978276
-11.10723155718414
5.387280227672903
-9.328967227302073
-16.253113286307197
-18.36447574681158
0.29366357327347714
-10.820733745639227
17.391029462424
-16.294225915872094
5.839344056195731
12.722881714231612
9.689812665222888
18.990379896443258
-13.20401988301931
-7.228692584945456
-17.716805821318474
-7.533822707742086
18.161650011795274
-6.382031151596571
3.6396885415860325
14.451601308527977
13.330352676984361
17.077286896020397
18.07753866965146
6.026872811357357
-18.842040602107907
-2.546566485838504
1.313962761222509
14.869644452688732
-1.9386833540943584
1.7833045901602027
-19.22043510443259
0.3336981168516857
12.287659160286431
10.811750901808281
3.2254052170569594
10.074891421391726
17.092996296831508
-8.908205381222306
2.834147993566951
-2.7741803323084504
-3.896520280531874
6.242254166165253
-12.430286370300742
-10.634224970086446
-19.56685483358712
-3.2983225017243
18.249727268049618
-3.7912402523039006
-9.759008368239716
-12.441017183082552
10.80882836135438
-9.041145091169863
14.783799157042274
-14.289971302159499
-12.131437811479664
-19.490934110780536
2.4488936190528996
18.97467023270336
-14.351661410966798
15.77434442665934
16.439643476942123
-17.7207000702133
4.995673306386976
-6.9621955119536985
17.753515852565002
16.291898453010454
2.596665312174153
17.75453317004144
-18.27824156081825
2.070651133342139
9.007579577341804
8.745524734810807
-10.059088396440679
5.636551362621553
2.7742983367741125
-11.03053758664577
15.994260939021629
10.028832066022296
-15.171619186765488
-2.921992287665944
7.864110341791395
-0.2178613156315805
4.599933678183852
-19.698953962415878
2.266045692162713
-16.367603099641098
-19.772677410702183
6.976798888934876
8.496510117581352
12.554891217556232
-1.3543275092846017
6.919100498468147
19.51794237177083
10.264098159168078
3.586636843306085
-12.658127188985029
-9.384415382945942
7.746423416405843
-10.000644588775106
2.554071184244229
-2.923963268805011
3.153004476169002
3.8244568394715444
7.429875065018663
-16.057592566350955
-5.3333244816267555
17.17547807001199
1.3903756227376505
-0.4858469844199753
8.807333574013931
-4.797163950606516
2.310985952629899
-12.597008074663965
11.93859975139582
-18.102040922169312
-13.992011179518148
-19.601641318714794
8.091940108545309
10.371731375567322
19.180118147242425
-13.387656390981002
-4.86553672606588
12.262457452008213
-16.411810202718907
15.671367269714025
-6.131229903818527
-18.225452200182332
-18.322393472578725
-3.7569603524595294
-4.7689362978588345
19.518902468332897
-17.977253700177506
15.424309277111988
1.8880804585383792
-11.019840583632048
-6.64064711834512
14.159184368487637
8.490378533628299
-7.3448578882945945
17.676447057452833
3.21839898111223
-13.824307851045127
8.695266137699061
12.475085154465091
1.036402913561055
7.219754886031026
7.159176189048399
18.647786830940937
-9.883866667797179
-18.737704572353536
11.534538903433823
-15.54480906130182
-12.240458890111166
-15.871071576009186
-6.067165003122966
-4.304727982513592
0.5019063602521179
4.208326629300004
12.623165690341146
1.2852589107428045
-12.046617158139306
19.203642199828977
-9.395807889650252
-0.2355755421709027
11.7488117813993
17.294352323885363
-4.7902362968761825
9.969852907860918
-12.610500513126706
15.986408972735063
-17.463183365432794
-9.248351565255724
-17.764495235980267
3.6616657449052106
-7.579788509661217
-7.401775393982003
16.73903999010632
-8.63947827332642
-4.071415257905073
-10.32293522841325
13.00482279532784
-13.74948011135075
15.630764830036433
17.652576680165552
14.282254711567099
0.015806283721907732
17.31403035436989
-5.43138545158785
-7.2713339020893955
6.082811494589212
-7.8868134197887905
-12.707255956009028
1.4505499827670292
18.173048683894933
-11.22082380814177
-19.717562790153703
-1.6195851536231665
12.864954484065144
8.647809551029688
0.26144952861867665
-18.010152201731703
1.3238213049413687
-7.49816295165132
-5.7753683669453615
-13.763368905566931
-17.870507610181793
17.53751118737241
-2.0127813044456246
0.6963046257124716
18.438969770566274
8.838004423401852
19.474644170143776
-10.424681826381462
-18.12090147619324
19.108645082859773
-17.437185864764952
-8.863046997470061
11.486779513261794
-18.185254683718192
2.9857460644911313
18.79943006098665
-15.772683457900696
-18.351144557254354
3.151788265477368
-6.861712113086295
4.03659625606814
-10.706216707048824
11.46216014665907
16.945519233438247
-5.074256844829712
15.850889261794599
-15.218778404555046
12.597877433735853
-0.41900372921010387
17.432892709119187
8.00297210180836
13.046856126689399
-10.36730987917272
1.3073234091849812
12.909634246260445
9.892520130857218
-13.887370499128817
-8.583782078449298
-0.11413789431247778
4.701115310077192
14.277037914539179
7.858257826114222
-10.637999835592215
-10.85317265713992
-18.449979707682264
-11.136068648366324
0.06291785007655903
-16.441601502667133
12.388776367047157
-0.7304442185356343
-5.57232749444851
19.90877918258669
-2.5377976964174778
-1.4354317469469038
-9.607675188425674
-13.99937512334481
-4.652433286866211
19.389646614677986
19.552004433570822
-10.85618342144421
7.751454173454984
6.069244621492512
-7.899650979772845
15.026736909433978
-6.1068046759393155
4.889491143427534
-14.167571073692628
-11.214857236412685
18.175622148712385
-12.003547219032429
0.5518912655509034
6.387926166949775
0.033319543089291415
7.2041830558805415
-11.703785371369868
9.087165312030052
-2.081972292558522
-9.21209137617633
-12.695884975124162
-3.305719127038799
-2.7773272229243737
9.585432939149019
13.486299723231717
-19.888645893349334
8.398132741099587
12.985066175249287
13.038171090634435
19.137504750899737
-18.218588788014998
-10.534847851841711
-13.125665762546127
0.10411173173927324
-4.370377065848716
-14.702031120355006
13.598445204232625
-12.61905986697978
6.443619946778387
-5.278284771755345
-12.531903489081442
1.5900680948714587
7.449918974346204
3.6865792788752003
-14.784702080270575
4.454854881111231
-4.746721880726387
-0.3068901150189234
-18.221230775767054
3.09713886568143
16.50483647925971
-1.4324687197832873
-7.336397193074845
16.438468449634442
1.864842014017153
-13.58847737358769
16.848195090886307
-6.060026852970552
2.223318182510596
17.609340783837276
-1.3259423344907546
14.004701634139018
-4.219402579771089
-0.6863786398683835
-9.0776156824238
-17.130508358739547
-14.906191665813022
0.4716119287283149
9.296143928852096
9.386180736995907
8.940257175706094
-12.147381518983845
2.694550842263549
7.646342246742215
-0.08942909208549565
-4.146561463543277
-14.621648713488309
-10.175431793063542
-12.256479443607748
-0.13625465542244442
-16.85037401758889
-1.7101077444576944
15.598866085805305
11.710672380336348
13.930503935324111
11.879652135293199
-17.20752235968132
11.152021165478004
5.088885733233695
-16.355115687108025
-12.853715653702062
-4.982075777729079
-10.19936413811128
-1.883325133853802
15.058713590670571
0.09254997315784053
17.67824950365747
7.066508798648062
7.515972509389766
-15.464215551453545
-8.260877008094418