0.23057939542248818
-10.895088910204818
-3.985587644165143
2.278874433187319
16.846081526819077
17.376666442409444
17.409294008980552
15.089419445371071
-18.213129076262593
-18.074473921721648
-3.8194766864301
16.464846510441582
7.462281239524561
2.329967222467836
-18.894828928347987
-19.369652376620973
-8.314890352742633
-5.184997151311382
4.445693942450454
18.707790534256375
4.242863758025145
10.104183488454122
-16.155663266901836
-3.9096486653212317
-12.429022942010723
5.675913215158413
10.964619030244442
-3.9881973980825407
19.95613104891644
-8.666387082772594
-13.230733029907888
-7.043111035578242
11.176925418649386
4.534026555706632
17.530071719603562
2.4188200673013363
8.859774483347081
-12.39338556822856
-11.7571187740104
-1.4514160724038447
15.329496574484182
-1.2329255232835301
-16.378505202047076
-8.505589953999664
0.007515732374354656
-11.739714216126686
-12.41850019938687
-14.466865636869336
-15.581464529762808
-17.0637748137951
-15.936883868750256
12.992349671135756
-19.535525584695677
-17.593211541690124
15.80429156562549
4.566804157649415
-3.1966368435940637
1.6361280129933284
11.312669777522135
6.690655921568975
9.593305783613857
16.99632886004045
8.229225763893268
-10.264065454084443
17.521631176666872
-14.77034185801367
19.275439441629786
8.409811820944533
7.5712979649616905
-14.332976385909628
-4.115380896649183
2.9285624425619297
9.630199409266218
-2.182548201739177
18.929674044946537
19.612707302663487
9.422324910630557
-7.764615086306538
17.43087447235677
14.224170489621706
13.238598383934026
13.190940964587504
1.7570251790776084
6.0391995065652
9.136890682533334
7.157954688791513
16.235233613779926
10.57202124968984
0.16023835043845835
11.390107866711734
-18.070013550616583
14.625870298728614
-14.92870006968134
18.16053679934464
16.354705265650317
-12.693403010754128
-3.212673479711068
15.786934317426926
19.171468588516376
3.850751922289163
15.309782853977651
-11.86730526291683
-12.86266508346452
-12.32855457508573
-14.105623346696285
-15.114555764453659
-7.951440727353148
10.351849916281942
-19.415693614083715
15.652900476165712
-4.288230846919401
11.105490123810672
7.632531353383559
5.562394099547802
-14.477974866065203
-3.7545863160441613
2.8960012720150203
-1.4012701247552073
-17.30866661312191
-14.731448649742438
-0.05064945745696292
8.89068957379913
7.623804745060653
-11.84689165624123
6.5887452434417
10.006680138002523
-10.192280965518336
15.296677627708767
2.942724341238293
0.5491144918261206
-8.549232865703269
7.621707496317391
-15.148978589120713
12.625016876652907
2.7128839653945924
17.669138811137273
-4.265280451123665
16.180799777831865
-7.825661255568278
11.552788251976587
11.920048839234774
-17.64062361904879
2.8977036466650645
4.85078384647057
-13.333967153708484
-19.38850391621855
-17.37453214818845
-4.876177405739309
15.79583155697933
-8.903065927035726
-10.100740114285887
8.764779566184032
-18.374974367455902
-0.7235153315633625
9.463315307074339
-11.138640716859655
-3.8953499692336706
-2.94636738826172
-7.577411236702467
3.918843009178854
-4.827551770232997
-2.76677575087367
6.493139731545227
-8.198158816280166
15.184890499259474
-18.201796014121317
-18.52320885786046
7.3216504465224475
7.194340405916321
15.582678024612889
-18.07369999202027
15.757597371943916
4.730187088559305
-16.529628104487692
2.252820196764471
-16.402916331567376
19.934937511708128
8.24653977779817
13.169333716467207
6.513523963902514
-14.59006037290187
-10.624498105299747
-9.578199601494678
3.5357353932832467
2.7556634499448336
10.838445576463059
9.319288464087645
-19.931192109154637
5.155743720884534
18.190772673974834
14.608254876338634
-8.606987245766856
-13.55023610247343
13.452702907826605
11.605035485940402
10.67624420211187
-14.778125401657398
-8.95570928062147
15.054539436441182
-12.025268488510887
12.037660106949403
-8.561897196661036
19.652856266451494
-17.378742599426342
16.489702928854967
-2.2478007982821424
16.455637135064215
11.530918080471736
-1.0897567182333106
16.63816955060681
-5.295425928455369
-0.9226196868050032
5.426728633451798
-4.369949631973476
11.525326303195715
12.301955754008027
10.097739979812857
-16.854231419246297
3.9512706208519255
3.202376754317136
17.075697954320304
-9.158553014295187
7.39900880861585
-18.4924921754105
-4.852494991308447
-14.990473377309108
-17.411795608507955
3.212366776612491
1.6917214695524123
15.06895612606506
-15.962024578929736
-13.200686336016947
0.80067573634269
-4.0551518527412345
-17.332426611347998
-2.0808178014571297
-13.890414513805487
-1.9305228586977172
0.15149419190845492
-0.9230986590074153
-14.592171140669592
17.534640209665255
7.664312305152173
19.84261979721183
-3.1880551996993844
-2.2498460869722123
14.612221990237295
17.24331804250687
13.932178294540073
13.512046987367576
11.465247593601973
-8.161000704129918
5.218719534649221
11.65115147465492
-17.806187276761847
1.8492635533636985
-3.277064761640478
6.471720973483141
-7.369637383423857
-11.267645889405301
1.0223338614678568
-11.219363497048978
-19.082505111055124
6.8643385342730525
0.22597460887841692
-9.052583524849013
-0.8813261315411154
9.480977382248167
-2.116390679873735
12.6244836868499
16.478468017703022
-6.263554110777809
9.02241247122862
18.40220367731127
17.12687458884281
16.391254206579177
-13.371357659448408
-9.053800846854156
-6.866823521355387
0.8287841266687295
14.264899186972315
9.646255983758408
14.553979825599825
15.226713427274454
-1.191431459375778
9.383743789653273
5.157769273175305
7.0453822206014465
-8.033528351693908
3.8211750614172786
4.123026528927177
-13.702353944130392
5.6680722110581385
13.262072687250274
1.0155571501809462
0.48232291549928163
12.388496276488347
16.940034234683793
-6.394674512398527
-7.138152285625047
5.351484646438813
4.938978116288432
-4.579594471123141
10.677368355325005
-0.018861654701005648
6.014314901145717
-4.711350656352744
14.99396421808752
-10.870372701708604
10.710378942782818
5.802544103902079
-19.214831057842847
-0.5307838822488833
-7.955987001836187
-5.741061220203472
-19.644283245612417
-6.491871291559509
6.31151497366119
19.73880237645374
13.957606319380822
-19.166388748578875
10.92023614337013
-5.687370772816568
-3.1028814524062227
-15.955925993514878
-16.858613792274966
13.071168526230423
-0.6796452840003617
-9.497510650979839
8.271071963079343
12.65374305134732
15.083982747145214
-1.2959058298540782
8.030092599967293
1.1013762577380781
3.29572793762852
-12.97595892469456
15.362378426942712
-9.024341432248324
-19.57902315067502
-12.175370366518155
19.58894838133871
-4.6960738244123945
-18.56973418445081
-1.1142826040409375
3.705932513294531
3.5073991991389697
-12.1627243477909
-16.5833251263741
-8.174690239618041
-2.510473969470951
10.076187396537044
14.334723006374233
12.91268048390355
-9.216030157142484
-3.146913406775642
18.277711794422075
12.966496852074762
-1.8658620983065966
-19.829712706315302
-8.570654361020047
5.858421316730002
18.804511045830722
-14.832092935506488
12.132659801425213
8.951015277542943
-8.445214037744403
-6.181702077137672
-1.9631823301981441
12.384854958682197
2.493877897570819
-1.530017141819826
-3.2568308918547757
-5.609717065454788
13.1245019162333
13.219333794216212
-7.312872487333122
-10.957333621432696
8.332656846589984
-6.733511017368631
-8.703968249895212
8.21558564627043
12.209994160181743
-10.715167402802436
1.4162065648358677
-8.68027773911912
1.4566220439732511
-13.603975305471572
-13.88702145412167
-15.467493715303409
17.037690498646974
-4.592746582166921
12.098421447505402
4.737185027193004
-3.077846790663621
10.351372276741763
-0.8387021939604047
-4.846391137960385
0.3854367115810575
-14.791645653765864
7.643052676791562
19.84759814309252
7.058530571565612
-11.212207557056084
-11.936829677198464
14.01378208001988
-13.275068316920816
4.43866259945721
9.842960698330245
-3.8037470938285303
3.276532896576178
1.0532292010638145
-7.519376070658899
9.10976049424043
18.53795647809455
-16.709758771859594
-11.114974009328105
-13.063358591720732
-9.338411556201054
18.943605802465974
3.772400195074475
-1.3280802894711812
13.254672161842286
6.627389860666682
13.645970510428057
-8.123321015350818
-15.224684372958972
-14.377395659487767
-11.572469185447677
-2.82116260018741
-5.9028806889048635
8.63499227166782
10.262351323458752
18.83948356224949
17.834181954342043
-10.66323327791116
-18.07834772159033
0.475024548764754
14.266023959325352
2.6456521023644264
0.34497849571966555
13.52695718151491
6.550619434071699
13.78697490129668
2.8580565067456867
2.1510083934015185
14.70553208918573
-13.14678974089379
-13.188251404525477
17.825697286919116
10.307374193028611
-13.29463260981985
-6.108559676268598
-15.000803740114836
-4.795390514703207
-5.112566413412157
7.422036660863274
9.704622534670662
14.316271596465661
-3.770476634095065
-14.424422746339062
13.600387378183257
8.487460111933505
15.281076472490327
-19.956728133637096
12.2571946501238
16.469853490911063
-14.745990922978006
14.407428973851644
-1.1183882672988474
19.378673276670973
19.915404572801457
17.85725435330201
11.776725139811639
7.392094041042192
-14.299500006490833
-18.185235447412836
-10.627927754712703
-1.638025455284847
-14.686530962989583
2.5260476671904364
-17.79589715655058
-15.629839424300979
-11.68036370125732
-16.64615692969651
6.757914139566445
-15.459196960576707
5.9595485758024225
-8.158596380871334
-8.376631505561942
8.52281512203431
8.436380821868418
-3.967600925348517
-16.108788712165826
17.987694041828
-9.605289480386716
-8.304778155044259
12.159548626286906
10.014364239488334
-1.8628667048745093
-0.2328377091884164
-17.280137058694912
-9.127373089455721
-4.179597118560366
11.029042290823764
-16.40487975617058
-10.925863971164276
-9.45940447057017
18.2111409905814
10.088722123340755
2.096793256787276
6.447411155972137
3.3533534531728506
17.19049999666275
13.134556033224648
-4.436930277704674
-19.379395416818106
-3.0933053806172666
4.054583289758789
-16.145399664745142
1.9451115509674182
-6.18961435400346
0.8655811178874018
-11.128255463295226
12.11609074784684
15.113371220179694
-10.189809755228353
-16.88187638577982
12.00715145412184
5.790105876540768
-3.2110502445780327
5.470083143256215
-3.0146623488309032
-7.615931120131663
-2.4531652045735157
-9.580471266564992
13.953588740337828
13.765245894702609
11.616198158258221
-7.814340113528342
12.441225281762428
18.74965670093487
12.371617527632857
7.5802479098793185
-16.30590896448773
7.577988711504702
-0.2152556904471581
-16.3297295352747
-1.2223823198508015
7.777260524061642
13.130346526836732
-17.099505395038065
-9.972852840666434
-7.065959873108781
-1.2787092570022978
5.202837778081701
1.2000512865410293
4.507657682820373
13.876172015748985
6.636832352929382
-6.345752470038448
13.480947938468155
17.678740303822195
6.530356961810462
-14.562973552566639
10.897942598777
19.265467901711325
-4.767765369187771
12.922057057894264
4.479118572705122
4.488945900333256
-15.620217758714553
-12.124709920756157
-0.13023760872926715
-7.612601769899797
15.572898119827514
-12.315926193897777
10.544395149244679
16.89017885287609
16.324315022844367
-12.365901141650868
14.30959325700099
-2.0733398908284926
-17.865178743698017
-3.0331340434567977
-11.090125056028404
17.98775758796512
-17.09451333543648
4.536012066090297
-7.677856700363037
-5.176438287333514
11.703022178360264
-13.029818148518167
0.685049943492686
-19.485325375255353
4.756707355587615
11.610325796922435
-16.76550856977203
-2.4423648056161014
-17.33093454364708
15.958196646285849
4.436608835612702
-15.041481563733804
-2.504033065950427
15.670719555978387
-3.7381706150745053
-2.6130733013475016
16.703169382599356
5.40606693809821
5.141366297506082
-19.590931872368756
7.028278373243001
-8.92685135957867
3.6282771614778326
3.9953565396840602
-2.6993590556021054
-17.208766807558384
-8.754407872605348
-5.454344414942112
15.816607717017334
0.29027882933368687
-14.885762213228709
-16.332887422650288
18.057295007094837
-2.321674597709709
-14.855263900503989
13.239103220519134
-1.5481915011534895
0.5997069625106732
0.5165247897304361
5.777098406950859
17.748645861796973
-12.415521532040348
-16.654338155624927
15.152874993150277
-12.67022605242181
19.51304114852927
19.485389453303462
0.4549996394452478
-2.1842893255811937
-10.475587888390411
3.4343024880636364
-4.769960635321127
13.45930772545443
-10.628582383872995
0.04673551792014763
-0.2650982141770122
10.028841018117902
9.26596257619062
-5.001506263100847
-0.28104832040084915
-10.450318691536737
3.759374919495663
-10.638083179984307
-5.550633730799577
-0.5870284943776802
-1.4261127300333456
-3.8752004947505654
-8.979552521589023
-1.465600443622094
-11.049455840412454
-8.104204335786505
13.572495502766031
-13.024059361333578
-0.9828203241961901
-16.09071438412698
1.2776954111912566
7.1236358575697025
16.218057480072872
-10.234295835573604
-3.054732169125181
-15.97545870495637
-7.889396456787123
-11.401639677483804
-9.344357427805132
-8.438766722615071
-15.091447016976979
-3.0907530343030984
-3.970355357106893
-3.7145118189583393
9.68011385987619
15.948650423300386
13.719595991130532
-3.29904748997172
-18.147127774913294
1.1077447945926195
2.8408386860391985
-1.840658565219357
-18.859097554404375
4.982940089035491
9.228552525884961
14.001766593077377
11.642413629365151
-2.375633582959935
-10.007596638610604
-1.6424591822272276
-13.532168825448636
-9.417263529094306
8.612479983733738
-5.257545443750127
11.76407693737788
9.530446149724632
-7.750709966235645
4.588064300878397
-4.823710221860971
1.1662261797142008
-2.821869388158362
10.067369821940328
5.049936281677741
8.129984367364166
-4.800190523127078
13.558376294370369
9.048706239162982
-0.7383686840338832
0.33561144483334004
-10.840329498613839
-17.86801838540103
-1.6363229497070435
-4.484416829455494
4.256512478881561
6.55791972943554
-18.915568867379395
-1.8486892447506875
-14.272115624131878
-11.139186959558165
-4.076385092337635
-0.8368821071662822
0.40418854054951936
16.7315777182329
-6.216183948556985
8.951071779431711
19.518493165618295
10.765958181575638
-0.2233892369520838
-14.92821308265562
18.022201168320876
-0.37039387101452803
2.2003601800421855
-7.551685877065605
2.2040959533434474
-7.585882740892341
-14.084540921671657
4.343597618523347
3.6442089295493965
-7.944850155039575
-1.8615607709962063
-13.174697777383194
-9.182152541839468
12.317200469384375
-6.423593758202379
12.847092515134321
-14.974740115980683
-6.288901737345704
2.682069730531744
14.64552258942868
5.118936611137915
15.724421046420915
18.056879875075737
10.050771905642574
14.585328203577689
3.415811277202611
-12.029381665306778
9.28483621972321
12.552084614061357
-4.182151441240997
-4.332918363845607
-5.031069323483495
12.021099441685742
19.187597387626283
-14.213591780399506
-19.53176941036155
-2.7977018332153776
1.5774824070073237
3.475204792440163
19.99940034397882
0.4959494149666881
-9.223585350918405
8.922982500875381
2.2639103052318035
2.4066876168658737
-1.7393680597124614
-17.39063052315035
2.2447030889997137
-7.191136730645331
-14.116199346986345
-13.078474806373253
-12.035260002338166
-9.440869159919266
-12.834070344647532
17.327123143956783
-16.11056624539193
11.976448199001712
10.228439697005793
9.631627750300087
6.32150242924606
11.603004049872403
13.205976566262862
3.0534926868720547
-18.95381147762688
2.8872965733459246
-10.544284494905497
9.38211617529744
0.490922789321246
-15.716438698146526
-9.93934785673384
-14.678699218028605
-0.3206000861363698
10.795971984361877
8.222791660305777
9.472649848046046
8.187966623086247
15.330404946555376
16.67949467103324
-11.043855518331473
-13.943441395378485
8.1538259256258
9.179383693910538
15.014447534422153
-8.436034235677061
-7.88803630012719
-0.5741029609360453
-6.461696985681993
6.649352686877087
18.463685313283328
7.323035682345903
-5.4019223065464494
15.446471124027944
11.624657236777406
7.511761981228425
-9.470161165887486
-10.410218255649685
14.236552878207995
-0.8143339224424722
-7.0547506123560755
-7.747603182392808
6.585433406566654
-11.793859058060034
2.420105224630337
2.5239231451636748
-13.78149862434229
-15.947197897918635
17.84661822823726
10.293190866547736
1.712712522442711
5.685169714250456
9.558740726167215
-3.175982407866236
11.820542460654067
18.175227459097563
-6.771650192634247
-3.775813331838158
-17.495127495403015
6.073109554199295
-7.725385383566126
-13.588962581480878
19.773493717591847
7.874672149929346
17.583822115286416
-17.673852691264315
-12.971167030585761
0.5231216421431952
17.153232096352575
-18.426868444056183
8.893787341741305
-1.6370524963157216
-8.542973555163327
-8.614104002403003
-7.0411242344794225
-16.690937179845882
4.164709457975874
11.601730150572358
-0.5726597729837977
-18.905948113957844
-8.529120326447238
14.266441055798083
3.58455672095603
-15.567140698789288
-4.4264098948766915
-13.713658105491007
16.72118795446196
13.232099807321276
-3.540867404890875
9.883063123572025
15.494842407158728
-2.1104742264592318
-6.556219871137081
-8.579912762877964
-18.893731889455
-16.085120119496608
18.66361600573852
7.072144478643008
12.371006896966136
-19.324110294472227
0.14335718560129962
6.754527849761391
-6.594968906297559
15.511848656220756
12.049469243547321
-16.463960480822905
18.984928947284402
10.773681689916526
-9.642541196394463
-7.017273717523803
1.8531483598077756
-4.02447582686575
-7.855884842143684
7.992779750823193
2.818090239043954
2.374222880744327
-7.314583650909929
17.19636200801054
-11.86833082266666
9.661849007545257
5.2398152692002355
14.240675465899173
4.63954211383043
-3.048795730921732
-8.453643922198797
-5.126469136006154
13.714821312548665
15.427490886586767
-8.97413287966053
-19.38911075161471
15.220025157533925
7.143981213947978
7.7355535646432685
-14.36295181917842
-9.207446920803509
-6.5817523718847895
-0.20490428994991206
10.949164882434253
-8.636167256647003
9.288074903591873
4.662992758648162
16.780255979333447
9.412977415157432
-9.304283350085495
13.86116995735614
-8.604872885357349
17.87370464965
19.184164740061583
-13.513564714786899
-6.359689759785972
-4.828950409887565
-4.8529085904482905
-5.058259032139393
12.306900381171324
11.699623498871752
8.952371339938757
9.568255203112287
17.657944021794805
11.719896836856055
-2.776602005097267
19.738933913295696
-3.8724304582348488
-0.407105717892037
9.695434558776022
-9.003696112891117
0.24669348448262696
-18.793723858377472
8.622403389630115
-4.57165348821453
10.290009033177853
-19.371214951119633
-19.684052729940625
-6.44278752553198
7.429775948472027
6.9554447452861226
11.874959463873644
13.107874392740115
-3.409080443055039
17.447129686809575
-16.667327669832
12.352419227476567
-6.595697776836031
13.979854245094437
15.043953796195517
-1.24007409377597
19.4780689065164
6.3205026918083576
19.952977765236206
12.976372940535256
14.074740565126376
1.7768010921156545
-10.397682097695405
15.801407429023982
-17.31799512077085
3.8168339377341454
-18.799530674075882
-1.2602426392395998
-17.790171510558338
-12.19868744132893
8.231966052833375
-14.460210811439556
-6.6208812885549015
0.24046217275424553
-18.914039925792572
-17.56794118117433
15.733571766335508
3.0556172279969402
-17.22642707301686
-9.918368947737747
14.955025538925753
2.386308737989804
-18.234381865957793
10.119693773473944
0.8073969455296677
-7.222463779628008
-12.197743150956963
-5.454956261929755
11.303449328369766
19.22005706484795
-7.647081847033824
2.5538565854862547
-0.9137672027001322
-18.50660503445908
3.0063068736675973
-3.9462261369073985
13.383352684642425
-9.013897331839026
-19.824902155824923
9.485423985561717
13.841248692563958
-1.5886258021431843
-8.732907619872844
-9.536159417225477
-9.877990568161245
12.098046954499921
4.093889934488782
11.373628744637728
14.45774950811429
-8.113377811009217
7.09070024738757
-1.2800061483315872
-9.736769499802985
6.800119611118177
-1.1107805970608808
6.72781887688231
-17.08408872717245
-17.721916071162752
-6.256698057743403
4.8272544533277255
-17.65686046630165
-9.728791221145272
-1.9081422215899408
14.367973777255386
-5.867149464409497
-0.010455050267083266
-11.905982916896454
15.258166576010836
18.450892154083675
1.528383177185578
6.230311544747529
-12.857542349516153
-1.7312337491833816
7.906201524422087
17.219908403598275
-10.322321201316068
-18.79127532316199
5.646600359477873
3.3704741703964025
19.752851532964854
3.3469866332523246
6.081860028546444
-13.96974932048806
9.561195511851729
-2.903576838119296
-12.850551936163166
9.616534834575745
8.48789673250344
-16.787551848182435
7.196068351973608
10.0254512152448
-16.311325570104103
17.67029185166362
-18.321682415005096
-14.368461861949742
18.55016674356913
1.2593488633383565
-19.367747013694657
-3.9933362030867983
-7.796279186335591
-12.14733192816202
-14.797998091517517
8.183468276768547
9.124724949911492
-5.524160999422364
16.48221568845497
6.41760943810457
11.00841212277697
2.551357812612199
7.057645542120746
17.619584723629337
18.869759791636135
11.347060067979854
6.6062972871183945
5.158522429930123
8.341050244499577
13.8406736944073
-1.7126110049904568
4.255160101828981
-16.287794954234634
-15.619357120880967
-1.541589304806216
10.063137516282374
6.893808432586262
-15.429321169579202
6.2011946481071405
18.75582520926458
13.685910582702313
16.707625816307214
-1.7137726520905474
2.1152325938039027
-4.471094519685831
-17.686181980976027
-17.101584259201918
-11.341372927253826
-15.87805691982194
-17.614808503394777
5.231525387952935
-6.591709064483005
11.68045197478947
12.305513502870824
6.686199589340319
-9.323864914328372
19.112804459662954
-17.10714766957779
-12.365224324335355
2.4085269700631464
-6.192711110452599
10.449487257318356
-12.976133402461443
18.94886234014102
-5.1224918261609
-11.482244524170833
-13.79596636079198
14.545685441043489
-18.428020355511542
-12.980335622158737
14.182747140881332
-11.482398617564131
4.386480583694194
-0.21119742004556485
-19.99294627348982
16.598402760851158
-11.421129327862287
6.088356334456655
-5.666872068885285
-1.5240051472587197
11.813877884654197
-5.0716302159649995
3.5368348437629926
17.837513899767274
18.24846735985689
-19.533251380056598
5.569260203259695
-5.56172433281214
-17.09060293848896
15.739842386768757
-9.067165583738067
-13.584786076230051
6.8547373893693475
18.908814861754294
-18.865816612924885
-2.3649385863822943
14.242405336986081
-4.350897087153269
6.432229753713187
4.595974165016479
6.518086264594434
0.7004021128579474
-2.5815668741364988
-14.920548791475934
-14.259066803619929
-11.895424935834335
-13.221246749073803
-11.779375591125865
2.901629878577001
-12.599749888297174
-8.869672743039354
-8.141217952298101
-0.14917710643994297
16.628182915170008
2.3022751862209
-11.98379449101736
-0.8258517824188694
-5.900317612859363
-10.791655428140285
1.5047838589779694
16.00388655882533
-17.690147883279522
11.800183639468308
-14.01978062644571
1.767766923974797
-17.94452791093102
-11.497839886218726
9.407320154186984
13.438590892508834
19.282615982146723
-6.514412210685258
11.299670481531901
14.631585603759966
15.081855379050346
-11.341315725549656
2.7321696395954795
3.611657389558367
17.47028576698633
-12.775297371425474
18.755949142954428
17.652007185725132
-9.199168637298548
-15.845860090739263
-0.49059644076218945
-16.838000200004807
13.415256921383396
-9.006523159041908
-18.246249047348048
-11.850707045795437
15.99910327225593
12.761871484151442
16.756302471600534
19.864393566425328
6.075555187759285
7.742147209369065
-1.0168469511528464
-7.786418268206772
-16.180792633468197
-2.6804007050213876
-2.728024530511558
-11.40203736650458
11.119478465337487
4.659386986598779
18.39172521545936
-12.563359454827934
-12.842251914399508
15.056735735318938
-9.580630501121842
18.167676802037327
-6.90075854838129
-12.470574723583745
-9.794968499964355
0.3095134904193806
13.572068582904862
14.020673913440746
-17.39987542225139
-3.5725112187329984
-11.527008885415224
13.858031811133571
17.301150044778453
-19.276342047877677
-18.30226697978658
19.89295835815723
13.87679683974666
-7.873037062239568
18.848737859143704
7.176196448333329
2.320069138866522
-14.51334948782601
13.599508898184112
-4.14843897941401
6.890751229376065
0.6254925536227987
3.985594049810377
-13.98241109056167
13.968993044994981
12.974180626339106
-1.9237191253967687
7.591609486708585
-12.211198882112381
16.486519141310282
-0.3129544433432798
-1.5372487649076092
-1.0381697200128102
11.229583617121243
-15.86834348186326
-17.157215115888647
13.511910620562318
-14.302496505413597
-10.334646814373603
-6.594382998927788
-13.432642602660309
-17.724185811268317
-12.783961080006264
-14.00989367697866
3.435733272030859
2.8898622192000936
15.360181483373779
6.317186031265358
-18.031249827917367
-8.04699050554241
-7.631522671168515
-10.739287433362254
-4.500476587931139
-9.518320749327401
-4.678665354447972
15.583759450293037
19.95285078434742
4.27757234680368
-8.621550528606008
19.254057521769887
5.421941531816493
-17.53435097105548
7.761214478624684
13.174904117118274
11.63280337397184
14.322257998692855
-11.072050142883757
14.786550737131726
16.040079547846837
9.301536150452815
13.677635588023882
-17.260588656885723
6.811197958419569
3.1077775085989074
4.012776096551804
15.776337325555453
0.3645271707065305
17.701534553961302
-11.577439861200457
-3.41576002039362
-8.84593624405738
-1.3572810738362406
-17.856024206010254
-0.3083759716340282
-10.395329629172476
16.636990075236838
16.61037225059698
19.964626960896922
-4.469470581575944
8.48636260668659
9.35030562094039
3.5899504089154135
18.189832910313093
19.61091884779122
-3.8590088925343196
4.828109206223225
7.258452348340796
-14.557605723490985
18.179561373156538
-11.826998640131867
-12.727568398989618
8.74931850407178
5.927647341724779
-12.665463665242335
-3.1855834921933024
-3.882879646969041
-9.19097516593573
9.573562380839586
12.861536210050986
-14.232858893941804
15.292527076503518
5.861771124713748
3.7194156193183794
3.957749739801333
-15.857146736746724
-8.008254935176428
16.010746256182273
-13.8463242674062
14.525495237592509
7.444526664356182
4.584080719450377
7.1687091708855775
17.6814027792581
6.49583525501351
2.241379862757526
10.074651259384805
12.985526857691589
16.3862563348069
7.198446324894043
-7.612541112457535
3.5668917644921727
15.293970536106272
-1.1436330214698351
-15.254194500431172
3.1538318758227213
-12.236563855538192
-19.949273309146992
-9.137868946176436
4.374512462131467
8.875655515508125
-0.35326013099470543
-18.232597271815692
8.916288942831557
-3.066424906563469
13.202855668115092
-2.24907114254588
7.875944612875394
-18.4681894156488
-0.09522649925902726
14.44576021041808
18.512334315319528
1.238464401563867
-9.539294826683395
2.5074691778406333
6.098425137318291
11.843893904684684
2.805660908518753
-6.9707438632558905
8.095080328659531
-12.904007277897334
13.092997839055435
-4.7659035967691175
1.325083799617449
-17.585558028786693
-6.326045017253499
-3.766277529797758
5.807550302033725
2.697633746181989
-16.086827655891387
-1.3138893938884024
-2.856798739824246
-19.328503402691165
-3.5255180210655297
-15.6036638194887
14.985604572885606
-1.2530180580762575
-1.9417455529350782
-9.718635722705397
-5.895138318442687
-19.94769368719337
-14.376496708933594
10.54764195970819
-0.4207377290174463
18.585952010006466
11.688067191130912
-6.7463140108593365
-14.891831176097146
3.4533660124094894
14.117867635244743
-0.9604791689815606
15.499335792166072
19.397751351465246
-17.872544564180032
-19.724233745802387
-6.556512462953421
17.830974594364385
10.978879091613347
-16.709718451608747
12.268990056125382
-17.028868912879148
-5.135044667862676
0.6096474191310897
14.618820675520595
-9.66982651932347
-12.91521615016821
18.170416225210296
-7.926854361121901
9.848868521148958
-0.6344383277389412
-0.5941263635290142
-17.801902779755075
-19.265704417491122
-11.34327114953312
4.49244227294821
-13.543272500613934
-19.614448014658556
17.421174423574
-3.7503293901339987
-10.476668334887815
2.5934093592806136
1.1879344035616413
-17.88414862690985
7.957520468857467
4.112104631701023
-14.496684249850533
7.068162812934332
-5.217723278926595
19.08451195226914
18.014051419872416
-6.055776727977925
17.575730662330706
18.076023577239376
3.3252516848225184
-2.146723706845002
5.311240676090616
-0.10305989813299732
1.5397927574113233
6.735461130368069
6.361034429257693
8.061289299449022
-15.223495700986067
12.460385935653193
3.035434980134724
0.6090814556149482
-11.854476698116322
14.335622765273904
13.315470983033656
-7.789264388756866
1.4643471651283733
5.705397261875067
7.6140791646915815
-3.787299777494834
-12.790563637346693
16.97373318460133
-16.92118114994897
19.28031400737573
10.241089217807957
4.008521613168728
9.523150892417789
0.2165584114476644
-19.046304360741836
10.832061562652342
5.071618645072789
5.447794104128413
13.325237267702803
11.278147779998072
5.779527314665366
-4.470652049100341
2.5749323115818967
11.282038024853858
6.284370425820349
-15.806371380503403
-5.912270610341569
0.6461169144642973
2.096348258145973
2.0835409440806103
7.822007025566279
-8.648174799827926
-6.803563378769573
19.11148789816187
-8.076924826346197
16.377252433105824
-7.271628851707002
3.489663096495139
11.47732244693755
12.475478135731969
-6.35135737518835
-3.5903702647561246
2.5363140899375622
-19.290640201073785
-9.25194786034714
16.387113129658893
-7.1089857666281695
-9.281489611921344
17.95063913064991
-18.44186207411979
14.369783085238787
-3.3553577030746204
14.8317884150105
-8.279215755287526
0.8421329762551863
0.17889992919150188
-8.471405338679228
3.6486176313373377
-2.1258599580733595
-15.799235471862993
-11.642962277042326
18.130426702175633
1.8820390967947667
-4.5106354063259335
-2.140114786601327
-17.65994392506115
-19.38722364057856
-1.6925728373887594
-17.719785473233305
5.403909650735791
12.19158181586102
-7.934015226793321
-1.0150358206855614
-1.8455553284873751
-9.656006019132853
17.411439286627427
11.500675359029088
16.085200448884905
-11.41330102621842
-10.3385354082317
9.816875364422636
3.5240433990086757
6.297108316488313
-4.701964147308622
0.5813510360276588
-16.242223969208098
12.73808028333162
-12.888151672016534
0.10181371358459756
-4.869611846908693
13.78973206884227
1.9319167819296865
6.737049833117595
12.199386204943224
6.355123777331922
-9.215488015924947
11.828587770256235
-11.306627646534682
-9.790614837266629
14.132822828289385
-7.084521854419549
12.942265793763006
-12.826466708832797
2.5058059809142392
7.120693662705907
9.121409439878366
15.568698554523877
-16.70365458528707
-8.973726889214838
2.5349015667233274
-11.344477758490887
1.8755390633070093
-3.183307167279267
-12.95131892518878
-10.08545791706175
-3.752770756083237
-2.1197638705459596
-3.3285540462162686
2.50588904826245
-9.565232440316738
13.251179283198937
-17.412138835676302
6.080730645581596
-15.021230485406214
2.401049903874558
-15.189763845407057
-13.777098697044124
-12.215165802585354
-17.88380805732373
-0.6489886954833644
19.86971149333533
5.65672010685504
-10.502451356152246
-3.7446486317389613
-19.2951367237968
11.885490558562477
13.116980048925384
-18.95504140055006
10.056872245958427
-2.4660072456403093
15.29426756708083
2.960402407619405
-19.334449450133956
-1.5960939099555134
9.152788112499394
-4.2359243562383675
17.384016695682178
-17.042094298699595
-15.507801032959257
-12.85806407918026
7.687134567044556
8.643114369249826
10.65394099957901
14.060654309087951
-7.385961674625982
-9.74747931702224
-17.918843933444613
-8.039602187740428
1.0649510217999811
10.810351096094301
17.19490727845718
-3.9141752832350463
14.537185903716733
13.242114169688712
-16.786999598992757
-12.733847392353379
-17.97827243947558
-3.9673505336384167
0.565597496893897
4.304077599958003
-14.218192670062567
5.483006399548842
11.76771655812232
18.946390719541583
19.06261716288362
11.460574633078295
11.802692469967159
16.54248426970529
1.6097792490952756
-19.339633570189022
16.531090921909822
14.221114545894139
-14.510949420721651
14.828469140625813
-19.08297779591961
-0.42199415903493787
0.16335274409908607
-0.5244492901287288
-13.268063307904786
-11.527661369199599
-9.204536430086957
-11.711993136001926
-14.491429034212109
13.985111379181788
-13.367387299843232
-8.913555148490268
6.876383494032481
-15.325478537452915
-15.016625233190357
7.145605279285974
-11.456071581886889
-15.489904167451112
16.854008632253112
-18.954885894051078
-4.733731075526325
-13.843166813205347
-15.620341190750322
16.67019033335756
17.594854049246386
-2.440074633158865
6.676635157185643
13.253345780199496
8.048081822865754
14.807070947946194
-11.908158296197469
18.71114242370644
-0.06736881985082022
12.197459548748576
-8.381857760610192
7.299908039067912
0.46170018179917705
9.363875931450028
-12.96359777724133
-4.416735811792991
15.060968083323544
19.565898511593304
-16.125678779559756
-17.652113002225967
-13.447534350821439
-2.7529978051294677
11.541363277745095
-3.0944719473660918
-18.00147398359921
-6.703349767154405
10.893479840332347
-8.542769412415572
-16.36027175904291
12.36235213515387
19.518227405121728
-14.360851417705703
14.156342862869302
-9.649066880914837
-3.613742428283526
5.602757730149008
-18.649193309553233
-4.139839871396912
-13.327238651187411
-2.120395251849459
2.6628992090441237
13.40234431575309
-10.768581967805527
17.482650016665126
16.876876584422604
1.8709971767032165
18.574663658078954
-19.784162268292622
6.534207554178238
-2.393336660848636
-9.634733780864542
-1.8128850278561472
-1.8162790274142218
-15.947363355483418
0.6719957019372913
-6.448876434695627
1.6471733570182252
-7.342811427774315
11.990919510585062
-19.48126182739283
5.938272952252177
-6.8295666465084
0.29585725236922045
-13.761083758610827
5.817088070004107
13.909763547841095
15.486067360800554
-16.92384076697623
4.243199188161498
-13.822195972183104
4.201904547724993
7.382051976017184
7.912568968625635
-16.006898365072942
4.7582395568152265
0.2858173395858401
11.675092457511958
-19.558892013446204
11.626763929706101
-9.560510426457963
-12.001755112545096
8.460219671978244
-13.781909108739967
-4.631713873708204
11.323278548611718
1.4998829835477814
-16.381593167542206
13.054889936859382
16.00743404690091
-3.683820294739867
19.852970399789506
6.939944462069775
11.903948626167676
-3.2685748821534375
-10.037011852082394
3.657753091397282
16.136340333858165
7.711132198167249
-4.364863689136422
15.71800555698151
4.272479912786213
-17.762720441553803
7.48005263951142
8.517682252255327
-12.523294163320436
-18.286307290742194
17.81281474485639
13.120897479163823
0.9403972359796278
-16.091826475152388
3.612041874456196
-15.154492244170058
15.81126541637338
1.1347361740716408
19.816240279368138
0.5812747768354818
5.739127855790077
17.8091359368321
1.0244047084145222
-12.232507421307282
-2.5071756832083416
16.914337864822087
-3.3540302891310674
-13.158950547912681
14.590700124817971
19.337041874216744
9.506664204767059
4.8635944373694855
-19.65225734818075
-0.8757497283121225
-4.436713086693992
6.538628043601953
-17.670454136576762
1.5862812086561888
-6.517096574093944
-18.012763573657654
14.083200747186531
-11.718792545547254
5.8256075307483215
-14.240199886539244
-17.056823810477468
2.051709145298176
6.977498634784517
18.68575508792658
11.670205272036963
-2.2176347987754177
-6.079102195753521
19.50809619554218
-6.22080186457457
19.02463405385432
-14.70836360313645
-17.191256896132995
-19.088372776547118
14.437393109943415
-12.923232554533058
-0.5641066255006422
-14.701047687852263
-8.041272955799709
-0.31457824226610853
1.0009020470800962
-10.12306975873948
15.238231313315858
-5.333153254754034
12.321456441329929
2.1493619733066325
3.58584106734925
-13.839809901622807
10.704843584217059
4.472883506150623
18.663161784773493
-12.327901051126663
15.942430128914957
14.738016400706861
-1.9363550761204635
19.250779784090113
14.57045238844374
19.563652535095464
8.728036699691948
-17.580726038730248
19.755619941407247
-7.485974826725368
1.430617459383157
-12.259681339329006
-12.724390368376476
-15.214802016392287
13.262929604545441
-18.345584484125972
15.372641368264667
3.3574701199595296
-13.959246504254459
15.67423302141789
19.83508727045595
1.2550633088302305
-13.644759597607244
7.2383724894497234
8.673867580143892
17.972201882322132
-3.6300494056316204
-14.956507714409506
-9.70636161850817
-7.338827665769507
-2.382453773378387
-3.5455446067445067
2.0742807366974176
7.882021915799346
8.499912251267332
2.7248760988230494
18.998263528635576
-3.8025213461411838
-12.774717163472712
6.687372842554392
-4.953381893767347
-11.092885162881739
9.75620599426296
-7.375947815668184
-4.2330546506975395
-16.84757456998608
16.19606269010289
3.703558445515398
13.588023486177576
18.122208251746073
7.157075466220789
0.4418907882239189
5.411187603580817
-17.931928077012724
17.939985186390835
11.086795529805986
16.676675012915922
-12.709733141526591
4.222812939904749
-12.634941924439062
11.304045569053379
7.698444611299685
0.4634780654134971
15.903146251354059
9.303452514489955
18.722310338267278
-11.74019274161095
-2.386315490324531
8.990716399673396
-13.099203518940596
12.567325723476344
-17.448258793470405
12.274053376005199
12.057639263936679
-4.949970754305237
8.102399871693052
-7.032014281496437
10.373885625583895
-11.224272110535525
18.129780830273923
-15.672410410278395
-17.88745777671607
-18.860353406039167
19.143165874868593
-14.57217993191171
2.1725568521580527
1.5371316399382664
19.312925215293156
-17.16488178228992
5.5574235984024725
-7.537644174679357
-11.498223555996017
-10.585391357132817
12.385952993340041
9.282752569573958
9.007319137457607
6.803236300433198
-6.414071939519186
-12.102887727706868
-1.9137231145494802
7.407811552899609
-15.59840853339761
-15.343159756062565
6.986255246073611
4.540980096614536
-14.094244832168862
3.924787672094162
0.3329537453808662
8.16981826921068
-11.423410383275204
6.95992135512105
-13.308042003086689
-19.502870858735776
-2.5325437171786476
6.606399044484526
9.475959781177174
-17.993647137657646
3.4675326987193458
14.891884297099892
-9.503147795288513
-13.991719247732583
0.22362605132561697
-0.4802011370176764
3.822841048385687
-12.946904060903828
-0.17941633225035503
8.788409761862628
-3.3594314892872
-11.414114147394958
18.35321087009224
9.65799039449071
9.841679604419888
-12.573330763745854
-12.321744268173527
-14.910564126604733
-3.274053006833782
10.191007446904269
-9.081623730185825
10.42482376311802
10.740324562636005
-10.69338147495387
2.9949415882938837
-12.874651405203075
-1.7064775574903877
9.353231724823289
-10.69101777705971
-16.435203527885776
5.425659995311456
-17.76963472346033
18.55589865432239
-16.474316177983578
5.751287244327816
15.061943202187749
-18.974898083453823
0.7045189858031407
5.289274377157533
17.33981956504146
-13.281009011063386
-18.91519159613811
-14.691555888487603
-9.105435362469656
10.413776042185773
-3.414621047635549
19.973472691645597
-3.4094828034422164
9.995576631589948
0.736563120626581
-12.226246094607287
11.09408595647599
13.446445152751643
5.655256437365846
14.433758346115773
1.6920203767080153
3.409561029897958
5.1315291376266075
-17.885490779748125
8.016105526783662
-19.400369356613268
6.603946214121482
6.504311460570587
-16.490888251082183
-17.932118194030412
7.788247484604955
7.68347894180835
19.08877769952609
-17.67475425283079
-19.111677928879697
-11.710130505500999
-15.440302959511625
-11.131109764580437
-8.928606160984529
15.837879254548866
11.511262294677927
9.182677343918147
-3.99972590537881
-16.906871685416306
13.70214040347227
-19.614136306155356
18.682890721228333
-9.480541656592315
9.392139291603495
9.427475335915393
-6.193522416319652
-5.785359111372323
-9.816047728762047
6.056830484267408
9.603967835109305
-9.88292357837205
12.739868383763913
18.373524835117017
4.626317249117179
7.606920239013029
-3.9247967123551746
-4.862619451430362
-0.3755832969569042
18.987265529866235
0.11860312935752049
5.686362210223042
19.38358986941789
-18.66420562976137
7.174751426094627
17.550615994176674
8.55462249311038
-12.516137207149228
17.32319167389089
-9.142120909615056
0.0727608305451497
-5.567233759206793
-11.40934491743877
-6.2011050269122805
18.63319305214634
-15.190394210935949
10.22756297418237
-11.293905078158524
-19.026051300200884
-15.581281360060641
7.077818316775371
9.586023507923649
1.5796697978831133
-11.542286920402201
0.36587805732698087
-18.054702005357353
18.450255281777757
16.69159308945254
11.66466767447399
11.38709094916549
17.332141217056105
13.676505076385197
6.218716729952412
-1.890310199159451
-8.859705475981174
2.8365134615593064
5.140772099178935
2.7657915226912664
13.23055692999813
-15.271088640668552
-14.823264413028463
-7.284782096120903
9.03259650772275
1.2052645281731529
-16.081127525208295
-7.671712914385722
-16.53286244660476
8.593722881268913
-1.8269254939229995
-3.1310394194378404
2.008493860133381
-1.5535372142712056
-6.5768318648961674
14.717467952877627
-9.735605943150208
5.982645669742091
-18.646461629308
-2.2874048050322244
-14.45704799892364
9.206098084398402
16.12023249469248
9.31609245782714
6.513631998710334
-11.929164049058713
4.124461042935398
18.572340327229696
-15.26254335752364
19.196881390784235
5.76279877892706
-4.494925388675144
-10.011579763490408
10.478850402577727
-9.299814106444128
8.475706126232652
9.404606277955516
-1.4025364646825622
-16.28769794528398
19.424034511456966
-11.590384951311092
13.364179770000902
-19.028738621663766
10.119554307716445
9.519180636659716
15.60742556162046
16.33753299961215
-14.471386083449005
-12.84577080197919
6.0645272001954424
-19.865922849934776
-3.7763009084397083
1.316002737763906
-16.638729720196142
-3.8864176896674216
-10.094098966392293
6.82738745863594
-2.527569257614193
-7.464438762381107
-0.5342753188910088
-6.653486398890447
17.719135608120894
10.31527702858628
12.064155774724348
-10.079693766665292
-15.790687016321332
-16.035391882048764
-7.318878456031225
16.00139758564601
-10.219305969668948
13.260787764356763
-12.559825947512046
3.6536485041065525
-12.62214690983245
-7.675585963549816
11.227150432608543
4.652715836252664
-9.047912036101554
-14.248722201483876
-4.146956499468422
-1.071367601219798
16.64928515053723
-17.36116973716518
-11.73481204786135
19.89885733929863
5.687424555841712
-3.1037420384293846
2.786443050183223
18.71834788978734
18.358027300474035
-5.875231624276713
15.483703414897427
-10.448959284396079
-6.490864150534996
6.69110186397916
-14.43474068803102
-8.108260544286843
-4.549991078791216
-8.377467912024583
-6.912225588552353
17.73699289239559
6.518299023743658
-7.839122369661506
3.2709989504136914
17.71952749848765
-7.725985388031198
-12.730427581556594
-11.049642802739452
19.389812930702433
-9.189758635737961
-18.704839268194434
-11.68364483429511
9.280973026167008
-16.503606235366416
-3.8371122343621344
9.796649744653976
18.063815735342253
-14.619990637207048
-4.324884251479531
12.798421161463487
-5.911096656824096
3.972232063981515
17.832266135786256
13.424670650345703
-14.287028115592255
-5.759919913678315
10.267020427620505
19.92479842373531
-4.70172589229759
4.850991011275909
-0.11168428533874675
8.868341382865694
-9.050000440102739
2.1415878828790937
13.374392433589065
11.972629760999752
-6.759061974716602
2.2552398921700423
-13.864599965767898
10.725140560728992
-15.944920997378897
7.163418641187494
-9.891992787402945
17.37118885773799
12.302593316453674
-5.595268572099927
-19.370417804674382
-5.248761070482404
4.769347522722157
6.945741602755465
-19.26294003509197
9.527465311591978
-15.299104487284705
6.766135443189135
5.970140480087483
15.78048699295141
6.726239001288967
-17.49156409967348
7.467648215846321
-0.028366868052618344
-10.734839802542515
15.762930954622732
-2.8208086284772094
-7.827462701220785
-7.175581471740751
-6.639718395158653
-8.803992227417172
-6.652855483855863
10.01914814438387
13.324158187579378
-11.274718536480503
-12.64960222351128
9.656862163669704
-5.508035037395832
-4.381178651227135
17.808044512606152
-3.5979022057956236
-17.92435996105037
17.228234757718994
-14.427172043513576
15.502898598542394
6.726609737274735
-9.329930112086098
12.246150851460825
15.079284578597687
4.496895152131756
18.527980596784964
14.992182863754465
4.835345546306733
6.482085182692732
8.624094624147702
-10.882520473182424
-11.38983462263476
13.598174484473518
-3.406577786136644
19.764767279879692
15.46469219056106
15.66790048008842
5.799141484871988
-6.985181341459636
-4.865580110269345
14.473348350271465
-10.846811201036374
-8.308871065698465
12.620405310213833
4.138181711826693
2.6431941806679333
6.095427829621794
-7.513480665413038
-3.7442337548205096
17.716660900278292
9.270294940457365
-18.762306132657773
17.73959990153542
-11.42400064705245
-5.277651753575681
15.043445885095899
13.149381802501438
-2.451602630725315
18.624599575102458
-18.280068241403676
-8.738917135588643
9.418864741451412
-7.683883434808996
1.8670267523681687
-2.6305641314736192
-5.936694124121704
-19.88440387860247
2.1915644349578116
0.2897772966218426
14.950378011413989
8.950892067562634
9.08975816446263
1.259922099347456
18.139552287375764
-1.772544632195988
16.578912608473765
12.58094221622288
18.64421389998971
19.897191423336956
-15.595567849234122
13.263683132581797
1.0672248793320662
-12.026420038946505
-12.051730481879837
-4.420291610434379
-18.88362851295623
-4.722171141080057
4.096756533565053
-10.165167572822845
16.59989832688055
-1.7713426519151199
4.060773603012329
-17.898322583084628
-3.4010942463368536
6.671399166942749
6.54752500735983
13.458166812216483
-6.397486998426597
18.568786239828064
-0.9574313456123917
19.29117931952579
-17.16553151180106
-1.3148342910352007
-2.6211289479052766
-3.8599075723729115
4.601390298743048
-14.097889665509623
-1.5625586115016112
7.581292525073515
5.5394601680686435
7.797044225905946
17.6701669772496
-2.9997406178321526
0.7537613553013465
8.549701371394246
-3.977139365730544
15.71684440022009
-5.404520438627234
12.163232590270994
-16.585381010380317
12.065746059445146
13.719024979619455
-9.527093306505257
-18.0328780959336
15.063142263186442
14.418441652047832
9.763522305333868
-2.6425855763067787
-17.77135660630814
0.479941488865812
-19.390273491299396
7.469572285305453
-19.31509045544193
8.63948743855655
-10.317393111650839
-14.669808280382043
-0.7479603766231726
16.31404428874019
-7.312880377150183
8.336577522512009
12.758446301186147
-16.877533642611084
3.9862114615341753
-16.93462537960743
-19.85687970992027
-12.026496676318846
-8.56353848649019
0.963731537868739
19.738683815376184
-5.881693899632703
11.297715680687613
-5.258247867187368
6.292588049135084
14.723335386935858
15.540140020499287
-3.2382949112239956
-1.4242527546619144
1.4392761750118268
-1.7778071358059613
8.669429921237114
12.647546819176569
-15.260267985225369
-16.571207681963628
16.97096285875132
-7.30957058147386
-10.145590389771586
6.364645181484523
-15.415410382185115
-7.503618178619757
-19.94559275620763
2.154371850381974
15.627201284699538
-12.153115339062627
1.6837661468757332
-3.263252090948683
-19.67800050487579
-2.321114308069717
-11.852334462395525
-13.956541408555992
8.74795383388463
-14.570959327155638
-19.854647518560817
4.153982131327677
-2.1374367538501637
-10.590163390829144
5.546737309993528
-8.817411239782075
19.609433598091677
-8.399889094584392
14.481358668944267
10.809841295741233
11.862104804684883
3.1050202372701676
-9.887163228173858
9.317477677556102
-9.105439041543079
-5.099687733568574
16.04824145086009
-8.059018960080868
-5.291505610654816
-16.81026017154487
19.034382501788755
-10.969017872613653
-19.32013411123345
5.2837806782583066
-19.57777163697908
-9.796309000570695
-8.079471468272637
2.7774877561910642
-6.307381074027898
-19.58020821430197
6.627657988448554
-4.657485225323587
15.160781546217073
2.7005621098339034
-5.413603585286889
19.442771429375235
5.788555041706335
-12.286702719726224
-0.20257193404564688
-17.1513912847213
9.967165178667546
-16.23465789930551
10.290038637750477
7.688032366128354
19.589316397120754
16.839036976649446
4.200617352249342
15.119130003302182
6.608869834097845
17.59463389583982
-13.611071269158973
14.552837210643972
15.991145848116439
-5.563526845703111
-16.884944600771416
13.952131160429069
11.728914759753891
-1.595617677918991
-5.3647075926465515
6.26338720841742
7.913450695565377
1.9932023849786837
10.481631253784307
-13.62484030348532
5.003435141318224
6.8206232899469015
11.187171943477068
6.894416419626129
-0.5802475750713896
-16.29652447347491
11.018534040628797
-2.7936716449825063
16.955883964050017
3.581050942343211
16.760860600955418
-17.01769733719278
-4.266933895047295
-11.69846333573712
17.632414523003234
19.441590724342653
-7.149707057946145
-11.602455083474151
-17.99899752779576
-19.247680128597576
2.5916538485210054
-13.943310042930914
1.857511828418474
11.612567397961708
-19.06137471771459
4.925732228307496
9.988196651175805
-15.260610001020257
-0.8205094765289545
7.21619243680497
16.90632925521202
12.737053407380678
10.980089199277899
-9.09934212715461
7.002239795310725
-7.909965439591598
-16.701739174240814
-19.859033432678487
10.680588553172512
5.527598881462126
9.732512842683171
-19.3262469266812
10.466132323515286
-0.976286730978245
-19.452497023868524
-15.183678390372982
-16.370169647692588
13.03312757960618
-19.80077588431871
0.8881544170192939
5.878918021957183
15.75481041041806
-8.938090366940337
1.2980185970150906
-13.440465498436595
12.972479146712516
-13.87666060007298
-8.385021285234423
-5.993520943128461
4.313095401030633
-3.8786433968598573
4.429197354643918
-8.76867077210797
16.768749372362812
2.798256161611178
-3.321934256381475
12.882629428676886
13.849042247682341
-17.327046408634537
17.167449733340007
19.34440584325889
15.6206981385277
-14.022711550414272
3.732063784756793
-7.937526708822666
0.20721657743541044
-17.49414788511856
3.53131381288285
-0.5659264688307246
-2.6157296591739865
-15.412126809657885
14.723594700512443
9.378157721384493
16.38632916296531
-17.97558096184733
-18.588584855902784
9.626422087511557
8.951357349218398
-13.461012681606569
18.490786802923218
5.115341114056761
-19.895003145646438
14.158833117090083
7.79586187793544
-10.557178913626007
14.827533908743533
-19.088265436517304
-0.9851061801762526
8.122688327838894
-15.989659498188526
8.39684629151678
4.767543272487288
-14.706584459033966
12.375833389799055
13.171406148660601
1.447590104984183
-17.19683236794861
13.736326361136527
-19.445812477134798
-11.547311703129344
-14.223850286779221
17.192189794811
8.647647094844633
6.928746442221467
16.031998221332884
10.561872157997499
-10.720084836108462
-9.602798145416047
13.732088989528151
4.606587194543486
7.185616809836635
6.5978423581781165
-0.9724514978540384
13.994277917991134
12.276703573811488
-1.2744359477094456
11.677215191565402
18.623392783763435
-7.392543802970323
-2.1786071264488562
19.461320797489698
5.627823656733085
-6.295774111489534
-3.0174753053963563
-17.03466178282811
-8.636583925653438
12.655568964598956
-17.87319249539317
-19.57314093468873
-6.808487097787207
-19.307162810108064
-16.538907606746275
-10.262524466585754
-9.81508140587437
16.59066617872918
13.40140253211787
-12.459961783887552
15.61551937125759
7.565695965231942
-4.970364431049008
15.501639038770932
-13.55199122943748
-6.389445143012406
-7.432549782264978
14.694415254234173
11.681713083240687
9.004346145490874
-15.742025658233615
-1.1562902851772527
-8.391474664452087
3.0175427232467733
14.204907428164418
-5.4059295386100015
14.648379325058691
-16.022634114128344
-17.873869383156098
18.693358443162296
-9.548955181180698
1.2802014098340884
2.4778892967404076
-17.840262700752415
12.691516342845766
4.110674753496863
-1.830287338053374
-17.835817129693293
15.546938642395268
0.28995526938606986
0.8354994444203285
2.0121637709511404
10.19434486126109
-13.22725141494756
1.1482993931945664
-7.809947981892812
-11.268100419705362
-1.684913657811606
18.445151041420367
-15.067753322455385
-13.430995519717648
3.654099219748261
17.351206242677236
16.02623293238907
10.259565263268236
-19.46698891874737
-2.388922931366814
3.316938204355303
13.999237520692816
19.868251903346597
-7.699248550914927
7.588205996826183
-18.9528939785729
6.95019500881655
-3.6413520271075583
18.4450431666476
11.591122862877459
9.719588372774894
3.9752103577561435
3.1276260718547455
-17.519759182431418
-8.960575554222384
14.352243468362943
3.1924642183723364
12.665584913967322
17.97356814504434
-10.362591134791721
-16.17077851104562
19.28109079066322
-1.742887284155863
-7.668787774496044
2.0470489030231107
11.662310898241696
-1.563071751148719
13.378202110993648
-7.707391064424032
-9.059326501326478
-5.522604059037949
-3.2487154991432874
-14.140067924825232
-5.958377396281463
-2.2671093430021863
12.573739543991039
-14.003306194035385
6.206445710144521
4.624819563256835
-8.731620397314348
12.013054390724605
10.005639231730193
-6.4853421268096145
-8.791825559620854
13.59790283037617
19.082243088122944
14.937582390293898
5.495425489074748
-18.36806204424935
19.26229578194588
14.572587151138805
6.122631232942407
-8.730748091189064
16.566443892659983
7.213911089016701
8.126267561138917
-2.4714247070357587
-3.193748138474856
-1.9662538680821982
-19.98461392593653
-9.735242018004024
15.12509793424271
-2.801928696229382
-19.87550870415925
-19.396451354973916
-13.019875855488108
-7.800266298914904
-9.912855621628754
-10.72245098574875
3.415452290447515
-7.708568323678481
-13.572507436625871
-14.662747131346281
-4.450961418386132
-0.23549772070049713
-13.299400588048993
-18.97532409130848
1.858640913703752
-4.209958862389481
-13.73672933748515
3.4520351325721634
6.846870895267394
-10.899547177346868
-11.311636502162653
0.4613338903170927
4.0225168196163
-7.688565274356382
14.52297259645755
9.646561472456362
-7.488033168279959
-19.80459100525278
10.148736761329587
-2.752840026360971
-11.759465368236125
-17.74609645181648
6.178136578393385
-18.43765070765111
14.376670230839864
12.149211954738625
-6.23220069193755
-3.055373931909493
-14.288314770237278
-13.164425433113847
-7.322577473398365
-15.851116699464715
2.3986271980422416
4.397466887374858
-7.191226243879271
5.9119385569149046
3.844594031677353
14.580843496472127
11.593043404541259
13.587180691837197
14.27345020111727
19.831989993945797
-9.953830846101894
-17.161222378107638
10.454121000813856
1.7862641142494482
-6.8809961986064785
-3.616474234223528
-0.7872348449212332
5.558142706327214
19.612913796749105
-15.928043702140968
-11.206573534990113
-9.300102883979209
-6.973047827611815
16.43958743899237
-17.34774513813442
-11.093657721715697
-1.1726847605500055
2.5044194118132665
-2.669113314166353
12.550990223806885
9.154188403525502
6.548711566893566
-16.242823483565708
12.239948726308015
6.302416348075909
11.995197993611214
-14.527167493649035
-8.394268470474454
17.728365955714366
-15.174892928689623
1.3482431736793217
19.130798569607677
-12.786964664634413
-9.439686816493085
-3.257994291099024
-12.942303987365555
13.571465043829996
-1.3362153162893122
-10.904753373512811
14.49918795825446
-13.65295778061942
2.5741132876960577
-10.63183466769476
-8.216663602824497
8.358882247554114
-17.124614363978488
18.145492571238584
-9.909094122535326
-15.856661082648603
4.574721523539477
4.116033195168974
-15.18838637343421
2.9042388451757475
12.896757822604876
13.983517461152857
-5.670364052486644
10.165608692700701
0.32997860898155906
7.179761041326017
-9.513180999165623
6.987024574671054
1.9084285181218235
2.880215082557804
3.659423243627966
6.064112932638828
-11.102242865665328
13.340837832474463
-5.548604842619422
-9.882689699316089
-7.42608402232101
-0.5894190431587276
-12.682308813616213
11.831564224942312
18.332155552561147
5.226219171021555
-4.085083807333607
-7.802564054232466
19.796708399532463
14.733502177497428
2.374794265561153
-16.396883592240673
-2.009158162296462
2.408969965979864
-2.6077709760657477
18.946633625543
-3.630116676398579
3.82532179799486
-18.923677960114773
-19.288213419554975
19.06084229037863
-11.977867998815587
-19.63299295765038
-17.216127831804073
-2.5291747123942976
-11.702669563117567
18.416374047765053
-8.761228806029075
-19.199832318385184
-11.687099943223096
-3.6080553217182114
3.63938404182457
-9.290169490685894
-11.364492761466503
-10.916369070211598
-17.110893798913477
-8.700318497404735
16.26568161427769
-15.100692540258969
-13.611070773391978
14.090483228108184
19.21341425577704
-13.871650504375687
14.44521774342391
0.9978405998891944
16.70013374529764
-12.594886027299346
-15.212888322485574
-11.98763904206016
19.778128070830626
-17.66551866996819
-6.3075539243182845
-6.854026222955888
-15.701390512703899
-17.02985133830687
4.737174672643299
-9.189999713943608
-11.747945381081891
14.533706635050187
-16.97920548653247
6.211020632067147
9.828473093738154
13.279812076675768
7.030851962649507
3.20045722004523
11.291799799093663
-2.3219121313473607
15.178305345267347
12.630163566003212
19.21969389340564
9.88114175757957
11.096405617623923
-1.7507776294771844
3.1996157681743718
-1.80397273544202
-7.554228726638597
4.6450517798195
-0.6794964716960159
-5.529958811596881
3.445933561637382
-6.826873838658592
4.806610372087707
6.526243622944385
19.100124439840734
-19.67702920078295
5.930452534505555
7.308907978837446
8.908188152910952
3.568548542150481
-10.363476879615877
-8.047360490212556
7.90301859826139
-10.444191578824707
-0.9583644417024502
3.7418786960662622
-5.247389699039683
-19.50371780957479
-3.5475264037540555
-19.54766397937319
-3.5499792539917543
14.565781710128654
-10.372616045397267
19.836111982256504
-17.540107172751686
-18.37599702827869
5.5068078713713255
14.241902767595185
-2.112274815530448
-6.144079817971328
-2.073284300081891
17.245630581873172
18.195033038423162
7.138570754360593
18.978789697072457
9.141847191157261
18.31785589350018
-4.997796239524561
0.10130692226377747
-4.739142179534269
-4.974818162012728
13.654842818740427
3.1618678787744727
-2.6727395497169866
1.8711716008781387
-17.842687173697612
-11.57221891290825
-4.53715850266844
10.378553733988557
-12.617237827172389
-14.222410383413141
-6.463572937500244
4.5600619390899055
2.459402552607841
-18.8526486333674
-2.4598857174058644
-19.05415127312125
8.459343967839416
12.413851060063827
-6.323644483761338
11.864221530628146
10.497723208073904
-13.981028405076739
-18.151643712463855
14.446696319463726
3.1525485061448535
-19.870276594935813
14.393469375442749
18.40733267193167
0.5932766094948221
12.138089615369559
-6.691367037806231
7.554089743140086
15.137856669637031
-8.945586970103818
-1.793985313286214
1.5400759006506526
12.198682222272694
10.573097593851429
7.443086175120154
-4.452848660042875
5.15059248726179
13.642426345550867
10.739768670441705
-15.151574416724758
12.940287712091553
3.1726995499914246
-0.5120135255496159
14.371645861710995
19.52974919586042
-6.374052602390208
4.160209084127029
-13.067100848732318
-15.82439689424409
-14.561638036869272
16.838688747617454
14.151035494750019
-15.657420863149065
1.4206341555419968
-7.410693546430899
-13.964218223229592
11.141263510194776
15.067158662199994
5.091760683212726
-13.86464413533636
-3.58847725660571
3.9109338323862097
17.783742624909884
-7.23502647850799
14.435944283609984
7.104327108435477
-14.30921274014835
10.310844732558703
-4.6313044178523235
-19.163582769909322
8.571220004885205
-6.741406407163261
-11.858635143329614
16.45359549275524
-11.417243136395076
-12.393840549490829
0.5254920413263378
-2.922708268722154
15.776527441986403
-9.705300058447804
-12.357327177892277
16.721203575149588
4.625938200772509
-0.42936791352928694
3.5048623873558853
-10.199195200847356
-14.132177903616277
-16.225707986744574
6.2260600163553335
-1.8367968008424498
-1.7967266649839786
10.59883947297148
10.913119965004352
13.437502078680133
1.9551382536303308
-7.383875959035095
-12.629177501807046
-9.086438819374635
6.23215733310694
5.865300709093255
12.689108352575175
-19.52321947395573
-7.36463101698388
9.459791812499319
-19.71573477257001
13.910285187509423
-4.240948425299633
3.162677697663252
14.424369401503412
-13.792359226824509
-19.762105292018468
2.5910947060859684
13.978812617518741
2.3458906426816526
0.9790385714090917
9.536163429009761
17.4804202025637
-19.598401364877173
18.082990262853762
2.4074369661192705
-19.642824954725434
7.60586230441141
18.544399602632424
-17.618579630806984
-15.305995109380941
13.004948986695887
-3.9305107979213183
6.122988988893553
-14.03842184059652
8.281109241763943
15.796044640675895
-5.198019469577213
11.073334843642513
17.311261926677105
-15.782350280921836
-2.464016969325904
3.9926455163364416
-10.653400552614073
-14.615354536359607
-4.297359703771676
-0.3057461834441497
7.119910489899965
2.498320925358417
17.719293469956938
4.53641813223356
-17.31122030586949
19.277365559268283
-7.921858813401915
-6.6146465747777015
-8.893376088677254
9.877147987557763
4.753203023834406
-11.562580089288916
10.02822151065789
-18.86643001065987
8.672843863147627
-8.123406234315965
7.865432401930548
-0.7171044782628222
-13.414868508363536
18.291792660413
-19.79747327434506
-3.579977419224196
-16.190295442327397
-19.344839790911944
9.444477939464079
10.861210576600008
10.162915447658115
-12.85009363802942
-0.045449306864327355
4.828349459509006
-17.035559856636198
14.52703709412733
-5.340233757686317
15.321551508882898
-9.176465656216148
2.4721099556371726
-14.32311704922148
5.251420054100784
-6.016579383441565
9.673991639663349
-0.6609317254248168
-3.8370875214239817
2.686925582149243
17.67689089705128
-12.791908782253302
-18.674307649179557
13.966954107376651
17.359352672296467
9.033494234896892
13.56765466359979
0.47581835352544033
-17.35831497581142
-13.127837068145439
19.839532592829144
-19.809476368468637
12.468369844698152
2.508624874559729
-17.59138168287153
-2.2875265739825963
18.248845835015146
-3.9512668341807213
-10.092259006331101
-12.551267846192937
-9.78672989252658
-0.43192987169982544
3.9870664913903866
7.396680651563106
-5.2735514905891065
16.038338376130568
-14.935709625185805
-6.337895098066593
2.019077028353365
18.45410104699431
-10.484991508767184
-9.808828370460535
1.2191275700367008
-1.5101902051480707
17.72060642369462
10.538303275438636
17.573084548487316
13.477274112747367
-19.320647564505528
14.124096567361015
6.40227944931917
-15.43288651921209
-18.975083812823765
-16.12567391692579
17.500482990483526
19.145114276154715
-4.768639935886032
-12.84448998314167
-6.184266034513977
16.22892464806729
6.3881257136053335
7.3009508745144345
-9.658634756103034
8.047135844237332
-13.679795732010138
-19.697436343220875
10.476391095308873
14.530985142500143
1.043219051165888
-9.094033479243064
-7.67257501862575
-3.690261030658661
-2.7313903635221237
8.162559195706827
-7.3648047180293155
17.736624835183946
-9.857932080832885
4.6321266244876185
-3.9403772090720395
-13.19701584845637
-4.971134414003648
19.26410474247283
-2.48377189508615
6.0156519265221995
5.636178750251339
-4.658653267114591
-7.616514991753448
-18.88385187783538
-4.460099195041419
-19.34150417681036
10.193887925910975
-12.449378802167285
10.107347933877815
-10.449664970536503
2.8624492694942703
-16.413365016375142
-6.927335438493113
2.1533786899851464
2.7155572370917014
8.10549051750991
10.743090757770378
-14.994262842012072
13.061842758693125
16.533358883193507
6.3696880924737265
-9.656988778006887
-6.937826953993142
-19.893476089439265
-3.359858693110702
9.48084956559083
-13.989895294580048
0.591249911807445
6.828614054500587
-12.125473038389316
19.68349034847695
-19.229791858167534
-4.536576224249327
-2.8296097613762328
4.827927081926436
-4.481167626379147
10.610210742021202
8.90745086509488
-8.76364078183597
16.716401092850887
14.06685207895677
1.6494561331062627
-16.02321450697078
-5.44350267802821
-3.227712127997119
-6.293477907591324
-7.3710285722915145
15.73006737644586
6.4180491317631585
-6.411352088437386
-6.622316794888237
-15.671193915600895
18.53036460870083
7.509774049910753
-0.8510529011963825
-18.085235946238527
-5.99559013218002
8.828371691504277
-17.799349437463313
-5.383086357164197
-7.79307617864224
0.7914424146095733
11.065851528554447
13.564925412069293
-2.2980105257978707
10.492237922005124
8.229780819697275
-17.92154156109997
18.55484991052883
1.4413628855862406
13.088394913445534
1.8078083064954917
-19.804781609617667
14.752577757347638
0.6541046510432338
15.005937294047946
-7.488498345664434
-5.8683079718189965
-15.90029021911568
12.219535301458919
-4.124286686802412
-3.9230126234648033
10.62178688877717
19.203609618241437
-18.21449003277326
-14.780900686855087
11.814595525780721
-14.16666184732426
-17.005140551906933
11.275413076240767
14.894442582820524
-9.86154154918857
-8.79141387110729
0.9726235792476778
-18.590375793897863
6.137352267194451
16.10755703025736
-0.9778943502376123
-0.31375821229163847
-12.01568188696157
19.867334062104398
8.699494730739087
19.55247856759992
-1.686438140155012
1.364142448292366
14.455605540661047
-9.491579362502915
-9.120317657929856
2.232904537921204
-6.984837005550602
-2.131184046495026
9.51732845822708
15.138998844137177
8.381268118255214
7.3070794321117525
5.03691699424019
-19.557443279895192
10.631131619179428
-6.02305865543784
8.853521714153363
7.853770139329331
0.1486798912456635
2.5905837548715915
8.25061736272492
-0.38654008426924236
16.395913307328478
13.199701843672514
2.7030492136770974
-14.771109571566381
19.451521274962644
-4.305546003469903
-11.522469330757236
1.556544401545608
9.290853199330936
-6.635400434103982
-10.337493299252088
-1.6382484295961284
9.994593406062208
18.01761517258641
6.867640973564857
13.232088089903485
10.178111140770337
-3.827327462419497
9.609005352570247
7.114992568716893
0.7431296724659546
-15.80929678442272
-12.316444874529449
-0.4208667025852577
-3.5100800129508443
15.586360967156367
12.570927403905529
-0.9829936123314873
17.24104942786485
3.0124692317528954
-18.676784237684934
-12.086729043531061
-14.748039568556512
-8.613824929888878
12.31485633948359
-6.8552010716424086
12.093123715163287
17.228284999431402
-19.42202757613888
12.25821961316479
-7.1306552389626
-8.012628531961123
-11.66885310708565
4.094273820800758
5.709042207429778
-8.148060555653927
-3.786659381328846
15.846506885921961
5.84686996604696
-0.9345928518738731
-12.382724691215511
-1.2699532646456113
-14.602804385719486
-5.786408290653986
0.6474695315577534
3.539654872783675
-19.364517703244847
6.894848296157878
0.0971323882026418
16.456233361988723
-16.57515446942369
-14.046648027634333
19.51362779869781
6.92848839092218
7.556785897839834
-17.66079708130443
13.44709657167273
-9.158291256150815
-14.240428981034295
16.591991425790553
-10.753325749096003
9.773317270216133
-15.148118456145951
8.071861926446108
12.718384094260443
-12.31556053101297
-18.7897622026461
-5.867198341399199
-4.737511039789446
-0.112335841419263
17.35009292693897
16.008251878883428
-13.531218298947554
16.937347494603884
13.451065177761052
-2.113207249639345
16.186622334720568
4.723972549346964
-15.015183134740626
18.63810222260556
19.706370037180967
9.240896763060427
-12.701155936076258
15.729631753624737
-18.343925176240376
2.833781322685752
-12.84062659563344
-12.190587688227431
-14.642816325650557
11.87255860602032
-10.722169008315841
17.859772334364408
-6.6236628883799575
4.945432479637372
-18.102243662778083
-17.78837625467861
19.1477091606995
-15.521236427605011
5.597472327837533
13.94473968909648
-19.519712372441198
5.058883935859896
15.505308246337663
-3.3514412489686727
-17.808177987436448
12.541339020279779
-10.336867844912948
13.505187739662276
-12.028868705308247
5.213877910238427
-5.725776563740951
-14.217795122864327
-14.491407385425351
3.81821240302056
-4.22532989079671
11.277153538525361
-18.73814418091566
18.471370005784195
5.254614354907588
9.727308263405408
12.362437383698882
0.9678457553101403
0.3250410770035046
-3.2238333968466577
16.00625958130989
-10.86543017309662
-11.985093744044821
-14.824215010248736
8.861326523263287
19.787775499929396
-0.5421004831643188
9.394074702772677
-16.76370868128798
17.588274519967314
0.27900886402832725
4.2388529794707
7.308598650926363
-3.34367678469906
14.699545474186522
13.466595914863035
-16.781737386271445
19.42122823554206
12.345816147582127
-11.84894248081983
-10.93926324283788
0.5514295127349698
-19.915451920923392
-3.15186518922307
-19.24844523943299
0.29591714052319773
7.066016731157237
7.436312255332091
9.259484447197902
-9.083921517462095
16.510498512939037
10.169287330162241
19.20909846924087
-17.695218506716426
13.84286218209786
4.570756650425128
16.434263699062832
14.61576447959687
-8.114733567487026
-18.653658939913925
2.018777341773472
12.105724013459906
-4.889369279024347
16.824227363195526
-16.86918356501398
13.579234986294743
-4.713713312951686
0.7204035541723144
3.5165528964376875
14.847799292132379
-13.012346619458949
12.584958098508132
-6.375569554195014
1.5247128624768145
17.888208061209397
-12.623475447045728
-11.756871750782283
-16.393749194904068
11.011666607402919
11.614493521122405
12.834286828499955
19.608132735452216
19.922860090790365
7.0358733268572
5.685942566076584
-16.45255362259192
-6.260328739175582
-15.654852859551273
5.749172514689462
-18.645812829421086
7.190938823414509
5.72292823989482
9.754460574071576
-16.82888108899533
2.196536852978113
-12.116847713072772
10.045767790474574
14.288344140230855
0.2151612393445248
-0.523081510266362
-18.969627266804263
9.04141962969506
-4.560178643617654
12.38440038909296
-3.047755702708777
15.132212197135296
8.7500006455626
-9.27198851878015
8.153984439817762
-17.810768497809306
-16.335757512155826
-4.666858897247138
-1.6147265046908252
-10.343751664945685
14.235796986345981
-0.028319284088400565
4.960382160077636
-0.479235450693416
5.6196772647002575
15.242650166260809
11.038970779378438
9.384144900523705
18.348639849739932
7.6810476660654174
-10.28069570053896
-17.036338888101056
-5.702470953378608
14.630286365092552
-13.343793029693058
13.77129977232567
-14.06854511145247
-18.246323878135954
-13.929566119232959
-2.77425826152756
-16.264485700133218
-4.04626487766528
-3.2946805338572887
18.623006554164107
3.721717888587442
-10.505277653274877
14.111695683148362
12.981720419338487
-1.131369179224322
-2.6379888970423053
13.458307386767231
11.7256796041734
-10.824661119797018
-16.900192543555796
-2.0397846166277915
16.145106172438588
-1.2819236259830689
-16.38768308921923
-12.147787337412378
8.68861652157426
10.625157463487788
1.0200502733398373
13.487683267407824
10.892730102371772
-1.9616992925240773
2.443057034521729
-12.339033803235653
-15.673744429862833
-16.097015787058023
-4.788344904136142
5.768852624594992
-0.47636300643108953
6.726253745968542
-13.916568471824684
15.645688607595176
-6.376017292213421
3.3687138297086676
-7.458561066747208
15.148075865281207
5.540088311576241
-0.018341788653188473
14.201883053909384
-7.122641891370506
-16.247374914424757
-19.335419256034506
13.22129780586853
9.778996456036815
-8.565924245958204
-2.5101885474780374
17.7979316131568
-11.790673316198731
2.4661104495868393
0.7077949010189286
-4.350092396720191
2.041763310379654
12.272687157512884
8.04217045422871
2.783195671442943
17.42701894064372
7.519427652628163
0.9336194866633782
18.38183018949158
3.3362265835882496
-17.154130812297034
16.553337587329786
-10.046151496544425
-2.1208927816078003
14.749741395104309
-16.045913676843906
-3.3405873919229947
-18.374320505970815
-10.362091177236085
-16.700378864383932
-19.691568307499423
17.49659803543308
-12.831700266705202
2.138392180949559
13.864091247885575
6.066701397779653
-2.615482460229586
1.6789788586734176
10.359440422247719
-5.36725401304054
16.751019871322995
3.7722580080287287
14.281645804600004
12.718192743481744
16.13558497137958
-8.290354921516304
-5.83737293377666
-1.5178557314793721
17.538311030844476
16.425319901064256
11.174328123157128
2.6233572794327706
10.609367498134144
14.698745673916271
-2.8176912435052692
0.5423705426827965
7.126923391381148
16.386036638948163
4.76970187179322
-17.465898372668782
-6.5352692545503785
-13.872201404969893
-0.3414751083561818
16.51852718534579
-1.0152596740478614
16.48197908625113
-14.161892786219763
16.793941751408013
10.302838080045262
9.750175980410177
-11.59785026572278
12.718460694840992
-17.39969523442989
-9.17290549745449
17.09863879340616
-0.5131027590020523
-8.126330221302034
-15.32471008883622
6.866475892453813
17.8660099414708
-10.019948127733098
-0.5039485064645923
10.43080094125354
-2.2020803702952882
19.821334885588712
2.1159382635862727
16.41359813814993
15.471123252315351
-19.2308940511231
17.52037929717946
-4.41502256319254
-8.460490628614568
0.6114105024714576
3.5614741560865646
-7.073320675947411
-12.855421735533517
-0.2178416016262119
12.541766365295096
3.3336490179332188
-13.483945622381972
4.564229327195331
-11.115191063199038
7.981819371446683
3.750082413100671
18.7353813376115
3.0118891942633788
-17.610734462077655
-16.219424210277737
15.601420922612483
18.995681014568433
-12.255859552711739
-13.678139192160748
-9.375864713757824
10.068392935075924
-11.840673527023572
-4.036003603521653
-3.3286081458763945
10.651880848897552
-4.740066397589825
18.313136623518098
-13.080046112302671
-14.550311231928625
7.064130634261446
-18.0966168255689
-12.036731109209708
10.64507477897013
13.963682501916004
-4.857475655551511
14.206650519641009
8.365430421830574
4.761966089924382
8.39130132266391
-1.9623416067434398
6.9294021844725435
-13.710167034026576
-11.724996401075698
16.323659371115802
-9.614649199673746
0.9101668570313564
17.56501567647738
-11.503045170752749
17.8383044944788
-16.085089451428153
18.13532487758914
8.956239559212705
0.59780836681891
-16.614770788278168
-11.361915155368267
-10.629483751876396
-9.776920979647578
11.205716591887722
1.7674539102482925
9.923743071325642
12.195912192426071
18.159664345254093
8.540194411018511
12.96758743759925
-6.268045368246531
12.186774307329692
-7.094788702321427
3.6574237647036867
8.215777635649122
1.6862827524615227
-15.716889880310308
8.972680554114767
14.934313601766647
-10.392416792586129
-16.949255504172143
-18.96475831365057
-12.29825020961545
-2.6502099540331834
-18.792285120813787
10.48513605772824
-14.061554230782933
-1.570393473167755
-11.608338346853504
-1.2462389104472962
-15.961614613945358
-2.7717443475473083
-19.008505415339837
-1.0764831574491716
-1.0661852031804813
-12.5574471106607
2.870233621932748
15.81825470638396
-18.50013524826794
12.815358288999825
5.745536513394409
-14.533686759582478
-2.349983802724207
-13.038639094640128
-14.12699256169148
19.332781614937012
3.92429439009927
-1.259735682918727
-18.260075548036113
8.30446703412062
15.312609981508558
11.544273499895734
-4.906508190105461
4.37591673654898
15.000398493602852
-11.971426340235203
-17.14394012634598
5.811878655478807
-8.740377764056273
17.681007139878474
14.304496531452124
18.73882980053225
8.24293158525986
8.55151294442065
-2.548424038991346
-9.198296504395493
8.667314017485268
8.069987821543453
4.423123111022388
7.299473352435758
-13.78084684330409
14.4102365973811
-5.262486956646573
-16.180120821364543
-5.442263743958758
-15.336995311442108
-7.303935194897097
12.72456015644071
17.718372886725916
-0.46758570983510594
3.431416238900084
16.42002012067121
17.145282625686356
-17.066439060369227
18.041588227013328
2.7627194939859336
-14.003272081749243
5.020688574046712
-12.872891029033052
6.88328595989843
-13.903718734875085
-9.951293774080492
-9.605128361407523
16.54384150126036
-0.02893177064612118
8.821769687235825
1.3685594881265786
-15.69622233013086
-15.80191092867575
15.756341583457363
-6.763691552497457
5.638119333890955
-12.76070330053859
19.95604581385961
11.646587284866765
-8.940017899943422
-19.636739985447278
-14.186540344913446
-0.7271590064088187
10.835082723563008
7.734079556337633
-3.305945908716158
-2.4497265836353854
-7.234035528203432
-18.30336624296811
-2.7185268206349136
17.312934024260933
18.20521339698658
9.365309181156807
2.349546783000651
4.001250376445235
19.588323932267684
8.121186080230423
-1.3593940785072434
-10.344205476576494
7.545923382619403
-12.011816949605194
-19.65895465425849
-8.239686811087083
-1.447201138356963
6.578012742314424
-15.252010388884191
-5.7657665136155245
-5.469703239751183
18.916404963267766
5.175753209743558
6.315243350796198
13.806179494492795
-15.595926576287273
0.6082934411026102
-9.332852469968703
-9.500092227235202
10.915308142392863
16.78929051174854
3.0260497112622247
-7.608586425370536
-0.54849759362817
14.937789524347878
-11.016917822619408
-5.966069187011222
-1.1400221468376657
7.802269132514432
15.454405815059793
-3.09360303690773
17.681540728813147
9.594539237090721
-17.05043508421868
1.9941433545046614
-5.121687157099277
-10.881742530473396
17.46403852158798
7.207346804228823
16.840621339605576
2.674759768089107
10.638074677168945
5.739233035908875
3.5329520633208276
-13.925858455467948
0.4212159823923898
-7.490254751239988
-15.411514399897982
-17.54375608320617
-13.3146472285486
2.622068178421486
-4.637348093469518
-5.669168129218978
-8.616247394090259
17.067858095157654
-1.8011069589645032
18.796109263699286
-19.561502472054695
-3.93580553194656
0.27114268894671056
-15.536367805266607
-10.852672955691233
-19.369903433603945
-15.619648114931092
-5.8898996462292885
3.639570602925808
9.090177923119999
-1.7649838141561958
9.054532489171994
1.542540366270977
9.702389803001008
-5.321055598059882
18.865225567437165
-17.941854267255124
9.203310999668108
-19.83016113388321
0.05268617878461157
16.572853366951833
9.737721133465481
17.497747400261176
-8.957468608391451
-16.875313555478403
6.429177201255193
12.293946232069182
7.012351141638007
-13.990173865334135
14.670310171193478
-9.117295265181768
1.175835757853747
-9.385266477778696
-4.336945422778271
12.537398064326624
10.199614891613251
-19.79596362545911
7.54220439544283
16.75555157686248
7.810332922750529
17.26194371160033
-12.270996335036699
-0.3966193448852735
16.01528367606049
-3.607108690431655
16.674737453809797
-9.74856532841856
-5.18348162814517
-15.894963673480733
-11.066136697312547
7.759183354815352
-18.199254031931126
-12.064664372138418
-9.298120746766001
-5.37294170622911
-0.38384892204106436
-19.28312584750127
-1.9396855297070736
-4.881111446200382
8.063764666601148
8.241161888949865
1.1308097624966997
-1.451140614311349
4.716594065959757
9.748602143842653
-8.545918019350665
19.650388228081283
-2.0076093571302422
-15.938995280274781
12.880366301210323
6.810346607091287
12.661682564991168
-19.365930595983542
2.796516663796858
-1.6641932245797442
19.66061559544454
2.889711854198932
-9.172500386397878
-1.9950753148174414
4.321250337206347
-9.913058297629572
1.6707745087603563
17.26289429650368
2.2858554959135233
6.68447904544216
7.4535275283946945
-10.25407920626141
-16.447171451984804
-11.681422900757292
-14.517547779921012
-6.201708460650778
-12.939474018347173
-3.2391364782070866
4.963519181284639
-3.4555933848117206
-4.645872735835997
14.396143541972592
-1.397494419239326
-6.739512925099831
-11.253876962808672
19.910716878880116
17.545307267820583
-15.806842829572352
-1.8911817065886964
17.486185496380408
-12.442803207536315
13.139531026077414
4.102001497120135
17.599484239294576
-2.2794874374083243
-19.78292670531048
-10.29360518187698
-1.9465081101465387
-17.829226274596333
-19.21688843219355
9.19341775360688
17.37968039094268
-12.883908363850143
-18.68674492203427
6.371043316003949
-18.188657343480866
15.5800336453472
14.782132930955669
0.008532384291516593
-14.2682492590084
3.989447764092514
13.017427839655781
13.669036599248557
-9.749078874110687
3.8516149586006243
15.020463091353179
-2.0905697483201493
1.5220551294454197
-3.2459538874576666
-5.644316289791448
16.871039719444497
-7.683252681704843
3.303082577333214
19.13736276566604
-4.77878201924964
-6.9911200041023225
18.0174011302108
-16.83530359442046
19.621578000971944
-11.915992333132861
-4.292062508413569
18.073480330637757
-2.0539281321756704
4.97076935182924
0.23978510329111558
2.052637767885635
9.665393294948789
-8.6995734897868
-3.373569323796609
4.916946343433896
-18.996469944384767
-6.935953212213747
-8.176173691639264
-8.732593497241208
-17.633266704255213
12.865289641921287
-14.708416743789336
-17.93765277864532
7.5888670530742495
-10.025894679657146
-14.164958700766563
-7.248999645985791
-0.037826754138730934
9.73220212438654
0.41555087464567464
10.018943801690977
8.603957510735974
18.529856130749174
2.3325522502492646
18.367429531414594
13.807952473302628
-14.519575386205478
-16.337149492181602
-12.660067910714492
1.7725664997499102
18.499015058151763
-0.7390093532339108
-16.532156736988092
-9.272001567643567
-0.46962023201693626
-11.378291709990037
-6.877885690633736
4.37400899243956
-11.958940830018822
-5.464751910067029
-2.1163711284630082
10.163947320030388
-8.892852573129119
11.928427276374187
19.59986897984104
-7.883391998307934
-17.2393678447133
-4.918568309397626
7.177418993449805
0.7324655783163116
-16.805504062899963
-13.879425393210942
-0.8517782635305693
2.053308984670391
4.483201467793485
-13.55385982597101
7.382945621336027
1.0517492497197445
15.1695880133122
16.73226897196684
4.238316960020299
10.192751976727187
-0.4068791981877595
7.0451079183599
-18.830594285932378
15.630971117547766
1.3212368766601088
5.976447508558714
16.44126864876001
7.895309696893715
15.106120482967007
-19.45693993106103
-8.275759623003562
-12.488182776795291
12.716433800278168
9.422440907234737
-4.509158566707194
3.7061644806481198
-15.667843681047033
14.72537056995219
3.213104038082072
-3.6486848804064067
5.148070494132121
-18.240973894403556
-11.088838448327065
3.4214439115853423
-9.043899255886622
-19.934869384314236
15.187436781495862
-15.832390960676669
7.963810796761884
-7.530271090353171
19.983487085223224
-18.31180802567875
17.575384365238115
2.2800875526875473
-4.624767334808784
2.4513319123027415
-3.2079956057992796
18.406342299090788
-14.176261969618821
16.56837735519145
-18.977243740288618
-9.679940240935757
0.9794606847854972
19.953528724182853
-19.2428183318259
-6.137258908327961
-4.399743630755651
-3.9730865302969107
10.395743947154436
13.491102459950703
8.775848642085492
6.250272858711675
-5.264262414183829
12.356005911698254
-13.576029254295321
-9.230745202405721
-17.40986013922422
-7.526070309212045
-7.75071778128677
-4.545007275902124
-9.579273639995742
5.411462202991704
17.796250459038447
-7.096830378824382
-19.02536707380909
5.575573689514691
-18.15633892699262
-19.449488350809062
-10.117578965943297
3.283437836445991
17.822486918631128
16.53581021074264
5.710620455352192
-4.471267991093013
0.7873142861149027
-0.9946154885988214
0.14621438