-10.303300272858458
18.866651427149897
3.5378879678390227
16.59349127523057
6.282804178816946
12.978130555187533
9.129513439533529
-15.726575192875671
-6.845181784141481
0.7083409393438131
8.147847630960733
-18.4024762088568
-7.040829705505601
15.801489810647126
-17.578334468449125
7.697557720256896
-11.604503743822235
13.050505741140235
-16.7089322623076
-16.415166473760713
9.917135814217787
-16.310030807641894
6.3498712593407625
13.410908213066065
-8.722807564218925
-1.4794211412779923
6.043526122669128
-10.177683891175416
0.9222065436662952
19.04367928329095
1.6872057776290248
-13.2846355520776
5.246740129535851
13.884052592768782
-3.8165929113349684
1.1712861282838745
-9.300573263707165
-9.246472572450685
18.948954977044586
-15.921514859634236
15.919289291360748
9.543105888567688
-15.29571029296418
18.75748587795995
-3.987496601686594
11.174842677872384
5.603407190550204
5.622066299861089
14.418031860084561
16.722119677533705
5.980042783753255
-9.005711309534066
2.653736331976745
-16.74012660739741
-9.32134685768454
2.3458930442322625
10.62379469632937
-15.602263592276774
-11.625406660070091
8.0204180181325
19.52728820556581
-14.975622344532882
1.2640228625206333
-12.985793504699235
-16.785741202064962
16.206892589645093
9.073480051548785
-14.81093256220245
1.3197876557308277
-0.38369306224914723
0.5408948403645724
-6.114725646300837
-10.832432563779406
-11.33754812860722
-15.976786309759161
19.78501777077073
-6.295914514143419
11.147713409173733
-1.6317988515701316
9.425334112186853
-0.9722204175112878
-10.293365810552565
18.17561467359316
12.162154423750458
-2.0873907004322305
16.55816589490717
0.24830315456936347
17.15284158034015
-8.22339544025775
-3.142912397200895
-0.9610356796495054
-8.99699038922337
-4.663051781866002
-3.8132432311612128
1.0551128702515413
3.5406969563173583
5.6366843281937875
11.711820579012372
-9.805118854195808
6.917173171188896
-4.673695410219185
6.679562073922959
-7.821719375367721
13.179757095029984
3.928459576006098
15.58115423747175
-9.752842625271242
-2.142232188876388
8.316305676383337
2.2183220827940495
9.260194572156202
17.598399198766856
17.38588359215266
5.587700009060185
-15.247165130837153
18.676338105438134
-5.03914123236207
-3.359476289329887
-13.035582795967118
6.371524333985473
-18.176859942598085
-18.007351179351836
16.335161762104818
0.5633621021428183
-4.147169705850594
-16.050134791516903
0.24377177324150523
13.474559648640188
6.801361033925602
-9.102816142174554
18.607997434836506
5.3185265338428
-3.039181240782792
-5.474567954068297
-5.971084340498356
6.180497318933696
-9.9470623878203
-7.935714571876961
-4.794227617728627
13.634211373638315
13.399979206853708
14.607860072899669
7.232557361258053
0.18046521444842512
15.285699317252721
19.167646576208256
-14.044555124027793
-13.497252186882998
-11.428506442067391
-8.197995977081787
10.894421470863946
-1.420371617785051
4.3716786424150165
0.7512510032014248
10.766645906793165
16.332709192979998
6.219862379318307
14.799285356062192
0.2626242713309779
11.840009381392754
-9.62839863138444
7.430495437353912
13.411130512518582
-10.268059128385158
0.6711320128925067
6.008269178092117
3.3056627082187084
5.602018900618706
2.3969461808304757
-18.373068038474788
-17.118664453495427
14.96928423656692
-8.803217243094332
-19.538001395404493
-0.7411299261089894
-12.412573200865635
-13.57891778846617
14.067396021511115
17.662591389530377
3.561979849468134
-6.833753336502525
13.467337318069731
-3.8381310215047613
4.888529422517237
-13.050974283114577
-10.440506411303723
4.795485787156988
-10.308838024179753
-9.960883954841751
1.5245151626766464
-10.089770232875228
-2.0820714793496435
3.185052960966054
-16.259698698156228
6.809078880521177
1.6769564886395507
13.164123201442678
-10.934016866972573
-5.563866994388125
17.334481406213527
-8.709352813738036
7.8178952442071505
2.228946917714154
2.4542856582489563
16.6712525755281
17.15153643905586
-3.0913840823333096
9.107850368127238
-10.08086108588126
-11.162012158084536
11.52616094528053
19.714879397231734
-9.573729100964382
13.646528515956845
-5.6356560232130235
-11.335242036714956
-5.97657906831564
0.38364313284539264
-12.098206667300841
-10.099929350458169
-16.296493984166602
16.840662846850776
-5.667840662510283
-8.373606204877234
0.17074298535581178
2.5920735250063878
15.802334586428145
15.481131409981465
7.458803405936003
-15.620732625168955
-18.605746576547183
-9.26101691634134
-1.0223319450180028
-3.920753686577317
-19.5842920196008
18.336526719964922
-16.999709154858028
-7.082765291595718
-16.57267669217097
-3.4543890736478566
-2.967911916318009
13.322113928311623
-4.351155464829812
-2.3234716549242584
-16.857189174190555
8.981603794161686
0.5631660270415573
-5.21328995297246
19.375320045788754
18.04975976121741
-13.639263042390048
-3.3091286194796936
-19.534726393498033
-7.288699577890249
13.277982458551826
-12.725640966504482
17.797093706119853
-1.3789341415301593
-6.927811141855823
-6.061851155366625
-1.1169451970556423
0.9155332267513181
17.224806476076722
-14.881917379588607
17.48769544164145
3.3985995084739713
-4.138163562585401
6.68685798682791
-4.967860373172389
17.531824386832497
3.07528592838662
8.718339053912775
12.422269665877032
14.976573989296746
-15.372895956119429
-6.931559851537363
-8.657386249009896
17.238065984384498
10.825981166144544
3.3731511666833143
1.470682318438996
5.40987056956013
4.596782651075792
11.91430282389198
14.27151302485646
-18.64961800835718
11.444706633036247
-19.92830721022409
18.62058070884831
-12.881934766578734
-1.0789277077721167
-18.408255797105962
-9.601221324893444
-12.034014740781679
-14.674390888087224
7.865428641301648
-16.467032852200802
5.644348468641617
-15.561873969409831
16.36578773123088
-18.415566839037226
15.210897257469178
-1.5873598171506416
-17.723626789943477
1.9783471696437331
-1.761516036134946
4.284740560594837
-19.108199057902397
-5.829049231657395
19.077504144341496
12.570255713162794
8.266431888460879
19.134259129006438
-14.049124284618868
-2.253456450336234
3.4516264107366084
11.40301750822584
-12.334882363000217
-5.211023138957378
16.574293476144973
-18.913952050698096
7.40452349109869
-7.516345807053625
-17.621884188200596
19.185205653176396
18.224105277090175
18.12864381988404
-9.887609412805123
13.404592270544995
-14.496137558665708
-11.771383575666722
-16.090452099869765
1.9859360747800565
-9.332709691641533
14.923319722857656
-15.947988482173244
-17.74542634434047
1.9229754021666814
-10.925727234819451
6.942855986617296
-0.2670904667189653
19.8916549267897
-17.79907517161768
-2.6487122539832377
5.53197476617061
2.7239421887896356
-16.03454220907765
-4.198694449866789
-2.9291085308828784
19.627874443990294
17.202802403635204
-0.046153892524127826
8.235353619717287
10.122443136934436
19.317154981421467
5.032182400358309
12.959897820728294
14.43521522795536
-9.840902477059569
-19.620806376255278
-3.9743290225108012
7.217995153146603
17.181497171032284
2.3286588408268116
-5.568336074799053
18.240484450875925
-1.5556507489989677
-2.2815683188015647
-4.8721603110159695
4.94656910265806
3.7875528779240284
4.519143846361288
6.227728779799875
8.914460411248445
0.778781619205148
14.764459153307257
-8.057199469179244
-7.285636996179306
-10.39920927214018
-6.708790525525963
11.268131987686722
6.368519286155461
2.74244264690126
-7.637823247821585
-0.2488081849956103
-3.142333613321739
-11.04175214552168
18.75469728028564
-19.99226190569012
-14.923294752930438
4.700701011539543
-2.142264960889854
5.589869694601969
7.751257122886194
-12.662353667063275
1.8605389390696274
8.908680603421857
5.2054845604017075
18.48410155621665
-11.36628387845028
13.5632473662616
-0.11650397241238863
17.211272356904715
5.2531570523654345
10.901397677370067
-19.256497096596657
13.576092231410058
13.566194554499432
17.828705852029202
15.96965811386795
17.248654933158406
-11.507666427848564
17.358100532043032
0.5763003255329906
18.005808067182663
18.643820113931
-19.108181181129144
-3.4382014613188545
-16.468015640758303
-6.4092563730342
-1.0644486750875117
8.561235861044029
-5.0850101315298915
-18.47581216282559
-1.1261795002793207
8.240016427510987
4.110438651860001
5.906201810268051
-11.417960478997887
19.150120414463323
16.11373126329574
2.7233936539874364
13.915415709482566
-16.983725810232315
-2.9419408921492796
14.39476607928433
1.8985195691115067
18.98645201354698
13.617175196625624
-11.796640835414575
10.79544873894488
16.350846442119355
2.14642823312904
13.253950490594399
-4.3311696205810755
-18.259918497953635
-18.745572375136845
-12.406057009532606
-19.494685448980988
-4.93902167918575
-8.013124788689169
-2.360985161418636
12.958172671833196
-5.2492708485926975
-5.73508800041302
-10.658441208592535
13.369574458588914
3.2177574886435387
-7.621914756289442
2.3233292562513306
16.56730546196141
8.514837771206608
-6.610389650512669
13.861914520019468
-13.786407600128694
0.768041052662344
18.59498024296952
-10.64505062852724
-19.81163390191486
-16.271086812778993
8.056702943926606
-7.706220853631098
4.0277384913939045
11.591863501001512
13.979588094864482
-17.684225751803197
12.427487036385216
2.7547619803107004
-19.008633202383045
3.1380888084653336
-2.7423661620096524
11.065560065161367
-6.965374807583835
0.1615641318992509
8.226435705924345
-6.093404121154919
-9.659310875971187
3.315372239045299
-15.551866821391172
-7.432457301195289
-1.418137896130144
-3.360351624731507
5.627810255466056
-8.401873089054526
-4.164805961795723
15.787469756271562
-8.128520829500658
13.827657430202308
-5.171066548669771
1.2338370748645069
-16.95608254540309
-11.834144119306131
15.469320883871298
4.360956188128412
12.559264508863905
-0.4970529989256036
-12.024719460598057
10.336180925269637
2.0783125315191526
-10.91564785383467
6.415981544781818
2.015585169112665
-11.537215613924845
-12.698397511453066
8.5346088013088
-2.951926655164133
-1.0496462567430669
-12.644845658861513
-10.142822620024292
-1.9707935820780556
-11.078133599008432
-4.356330758078467
-18.516116982248935
-0.4927592738204325
-2.0993887994903844
-2.8027625034544954
3.682911700737556
-2.9617250684625027
11.44887228209841
-17.607381674097486
19.11280883442862
0.328471062078993
-2.82059908039043
17.49766334150702
2.980305884957154
-6.091307368692318
-3.1813804082565014
-0.09421444921685662
6.0959178080176954
16.58686791984826
-0.7617069997699915
-12.905844403585668
-2.2954673312142617
10.716677749130486
-6.4861946228772815
11.601621848773362
3.3263542341562946
0.6762934701096341
-9.884144329668372
-3.9889318827557787
-15.46220526891107
-7.486036538074835
-13.309802467615421
-18.165397662274053
1.0950267396383495
-4.2156164088574
4.739797574514149
3.3586665439106795
-14.293374518699187
-18.434996807840044
5.2993086008320205
-0.6872343651105126
14.361777254806029
19.841996733973374
0.13673010946394726
11.997657574951553
5.097886315993591
-3.0104237078034757
-2.94183853591111
-6.229865094303108
-17.133560943999857
16.754485355691266
-5.285030564132178
12.875675272201889
-3.9627605205770244
-11.40841144907196
2.5336413629666055
-15.255009332436643
8.270660441519098
-18.551617592922952
14.587180793085679
10.39142153952028
19.208116507203478
0.15780515759141522
12.532022313484703
12.225965646074187
10.174311319343378
-4.303333362984949
-18.976057177668856
-3.2209588043643897
-7.614475778396406
4.726615158960826
17.612692065182813
-8.49708965440341
3.4964853544043493
-17.79289182167875
-12.898304958852766
-10.373331793870015
19.59756946992453
-15.724623954875469
13.385367804191795
-16.807932754868382
-4.294012847185513
11.099644568400606
13.834008056831891
-8.149429366259273
5.553193974415919
-4.458739206795315
7.363185020263515
-9.360924270540142
14.716422148587547
-7.929547393793662
-18.525429184801517
-10.277832959028824
-3.3125081476431895
4.078655218471678
3.0916273367156677
5.5003089516252786
-8.655437699583896
3.556175096545026
-12.039967869822487
-5.836250669463121
-16.004534961728506
-17.392787948832748
-15.904375556184117
-19.25642974291193
-13.340734676539064
-17.045581297676264
10.193106505945742
-16.692233386702497
-17.55328625896069
-11.309571185118248
13.8601332882347
2.7463951508422184
19.273123928854787
16.3899100562818
10.408606129107604
6.998507878885583
-8.681475882648408
14.545583180961692
-11.581888855031387
-12.27519810382525
15.866731081684826
1.4323726704207473
-3.661576905563688
6.806450731319469
17.041943886601935
14.783488619400813
11.591816285325244
1.4334368756745732
-5.372886681009724
-16.955933802055533
-1.515852248517664
10.26646235267755
-19.858155223679915
11.72826569803594
0.13171197037120663
16.16512188814017
-11.722436125823066
12.67637826982061
7.452269228025827
8.706942728693086
5.632972309216644
8.753911566480426
10.773835058913441
5.639040893924058
14.912155660267231
18.346405300259065
4.264750185629445
-17.069427934106194
-11.430078587884944
-5.098429665742451
9.034965454326912
0.9321717117314137
-5.816322709885998
15.557521851107452
-12.81127076985248
-14.283861465610128
12.153062049721086
-2.673781311910197
15.987674756187616
9.279578340183924
11.97257417904201
-12.300903899655475
0.5129869231322068
13.49920293196503
10.807291819881087
-14.239634938607928
-9.665807380055625
-16.43383684659291
-6.748092170998552
-8.336621946096914
1.4095320839951313
17.926044814637223
-17.916926145434413
-8.321853152773961
13.596809037806906
11.134962982383971
2.895908846646414
-17.176135931949936
-10.965795125973035
-8.866834142821357
-18.759752425611822
11.892653059234778
-1.004625738245224
3.470590099793508
-15.736246471508633
-16.315967876212923
-2.274278562202042
-6.788982576819048
4.386181435902255
12.206604754685124
-1.4010643540603596
-11.662252164374717
-10.362247581947006
-15.88196047278943
-12.133839810734187
13.374058886052566
4.19691683315008
-5.083916428331467
1.3283088530733131
-6.341780690717291
19.248440719527487
18.53663141547967
4.580089796849471
0.7462736396858887
-5.362495930527551
-15.211557196797463
15.795893166879289
-8.458405711024755
4.458137633857241
4.827529526356326
5.1880208601672315
-6.461283821120492
2.9647397682530965
2.0676612985070335
-12.74772245666226
16.778058913081345
-3.0773780322864326
7.397728223940927
-3.798287887748547
1.5038146685882303
-16.547817518302068
7.933528904841989
1.6933862731202325
0.16653106952164265
16.06478968494855
-10.458130464336719
1.9680937756413428
-14.837220962221433
6.9188012952301
-1.7015804682878368
18.821253512785788
7.169660925231188
-18.073071010722344
-3.5361136036141403
-16.607239706509745
-17.96857377509406
17.184058135245785
2.240822135397316
-14.99617119665627
5.927303076013359
-9.09265754058052
-12.89138185932385
17.221568121699974
0.2972492231745889
9.316376522417883
13.452369322873459
-6.592909863508481
14.738807859787016
-18.428159689376237
5.4437347915567855
-1.9262144854709788
8.195055469373123
-13.743424020441935
12.959528137356571
-9.048826997119113
-18.272556818840563
-18.59202226597717
-11.56032584290529
-14.76178551889567
-12.090332866138475
2.910643345646026
-14.57941458486955
15.836868312362007
16.670061293897724
6.087468060124344
-9.40976261419491
4.766127654084418
19.458869488329363
-2.370213645735028
-18.335137471933372
-14.082165932171522
2.690041983281258
4.877543822513548
-12.03645902562923
-13.555223119835995
-5.023939850575939
5.179588004533734
-16.32180100432517
-16.78073933729496
-1.3564843998519578
14.549861023787741
-1.4118162126758769
16.872041359499804
-8.701835602840266
2.912247216013281
12.957880067138873
-10.335711975344708
13.306305279593957
3.92140670163581
12.927834603866934
-15.714593690448595
8.663168903779255
11.336619578528829
-11.658204149080976
2.105887120038169
6.233500191170261
4.185613682621625
10.425926170607688
-1.9112359380314778
13.656285697290734
8.557575527411437
-15.069283874965155
12.314876183415805
-2.7899477117908873
5.429960826669905
-8.718241160847962
-9.06557095181585
-9.069979109581636
17.92947498776406
-4.996809395169489
17.327451644292204
-3.9894501918566334
6.682229183480043
-17.107324825661408
5.269555791728738
-18.107046433929
11.411248013656426
11.706797181944637
-6.138837807147768
-17.07042614395517
-3.732814121077258
-1.7358663278992665
-0.8901906117436198
18.5688857785168
18.33043977608498
17.998750355251943
-12.960327446460504
17.249113493756113
-15.985825191471509
12.223607673338954
2.0875761693031905
-14.281978037533367
-8.663240588527007
-4.5199650608339415
-18.921676477933033
-1.7820202389077693
0.7868090921730833
6.263500658607693
-10.158286114257148
17.70977158197624
18.447667853976455
5.687280584830798
13.416550468927511
-6.594403962095434
9.147809797631123
2.9419740927162294
5.527802067535209
14.599130791208417
9.563490595765298
-14.985193993676372
-9.151874733670184
-15.592487417754096
-2.202299471739714
13.024213912864852
-12.8233073786275
16.23891741194921
-0.9689990063574854
15.848076595779744
7.9663221466953935
17.5772486389371
-16.706756509156783
7.68391067332939
-19.719598867943233
-13.321873374203346
1.2215727378288186
-4.160933963928803
-19.360209460242615
14.852959459928499
-16.714904817688996
-8.535953884275882
10.671373151599614
-13.070246959905564
-17.745737596232637
-15.478154712585788
-2.4407014171932175
11.607291354104532
11.592128364976464
-7.005945767944407
-17.56206233467282
0.43706077374206487
10.410635521318092
0.12102703981285856
17.73827236227443
3.3140980881542035
-16.58631153931809
14.84841986016162
-6.994081101489451
-5.153578932233444
7.447119647047131
5.629925467855571
-5.1098776914822395
11.151795675736512
12.193448007782372
14.996267695035485
13.641505828315232
-15.487161216977654
13.287748361103368
-9.983905716353497
-17.614407159170035
7.472404463807489
11.18396245222348
15.773773393991462
18.28087766756633
11.232979234316542
10.480481575297198
10.695839177410921
17.68714729776756
-19.795519928031506
-7.3490004411147005
18.159821379292346
-7.096578659894824
-14.788685497073516
-18.780006128600235
-19.158483315847
7.524035118538862
-18.62389296950959
-16.60815030290063
-17.174354306551145
-5.5374310078024145
17.963878014382587
17.916022024926185
-10.000840010232901
-9.358376827290162
8.315253547248076
-1.5246333445944842
1.9831121477904219
-3.318839694287771
-5.50832580508148
-2.37227916786329
1.1433567144873038
0.6366668376243432
13.73966821987353
-3.402153191219451
-2.364177889575668
1.8909975514174882
-11.395669529290897
-16.097865742831203
14.845117539122526
-1.8364455335376206
1.0188105599412651
6.3213454086921885
-16.068480095514474
17.699207174322623
-0.2507132549668256
-17.13676937995433
13.054970251064994
12.688781666970641
8.046172930478257
19.391439417420813
-8.315580693195809
7.228072128512217
18.508586827521214
-14.225907151348537
-18.83078074801581
-18.503351432254238
17.735167920431543
-7.818150180894001
-6.839067228292585
15.720616220981697
4.567919413105525
3.7050053922124704
19.177928345040094
-1.5575375565613427
-0.11002003249573278
-3.993292377896502
-6.365794200318199
6.2788582794022005
5.210614846458135
-18.93491343696422
-8.751196152851337
-0.49853775782461085
-15.364197234518318
1.9617946194280123
-3.7035379882915507
-10.06377551623304
3.839051766535956
13.500983261057115
13.838218587719858
4.068945322858028
5.4412822237918235
19.631277689249693
2.1357403762678437
4.150544497651207
0.21920129379790865
-6.04741053737817
18.823490491675443
-1.1131703912260917
-18.118717958030807
-13.953387455258795
2.8753368326831144
7.210066304788505
-12.630576792117187
-15.763505731693254
12.376072636885553
-13.101986404895246
-15.59501620444978
-8.922535760469682
2.681260230040415
-1.4360103417643835
-15.010755056031213
-5.1573040987595995
-14.367375279406565
12.985009599972066
10.276270121965343
-8.436366714303972
5.1213079589633566
-9.67891861657851
-19.19122175997998
-9.785348224336774
-15.848676821736106
9.47237265078908
-7.686176568628236
-5.8094610957478885
16.51151904038263
8.53535182574246
14.043436934177379
2.8860571861470383
3.9139528572076863
-3.322474477415412
-8.562733991655715
18.980913961940104
2.92259923122991
-17.514083303946894
-18.85137467085942
17.475317304026213
16.762847972571763
3.7129519990964184
-6.110022228176458
3.0578020814429436
-14.493599595415292
-13.537989079302637
4.40812000916976
1.250285418424344
-12.964840430740061
9.544725546044539
19.615020867674076
-0.2140676235658887
3.9138562075758934
9.215529259572826
-12.438946157566226
9.636567103755954
4.227384590239719
-2.530193466217984
-19.20079310549355
-14.73172992367816
8.786186353003359
3.3539020588086927
13.392452135517843
-0.6645371908398232
-1.1227434091409378
-5.685240790341961
10.254621229573413
-14.922357173182546
-1.1859016287398632
16.601256984662115
-13.530256496968018
10.609353876319538
12.23122085115817
-19.446330433042746
11.501211000196104
-1.3103173981516
18.541181507662124
13.627331336750999
18.6854662246991
13.7020338405922
7.3174997825730905
-5.875929410925163
-12.513601680217764
14.584409497436702
3.179697498390574
-12.092404364524763
-7.324085236032957
-11.910500293541308
-3.319257193000446
15.822803822612414
-17.076200014722534
9.72289010517541
13.046171828602127
12.675921636009683
17.615665207514475
7.066551849324551
4.786962947002738
-11.29396209143978
-0.05676489727327905
8.081617957102786
-12.106775402859347
-13.811557845774889
9.274645254231721
0.5548229408380507
11.601763420949194
6.094409424103247
-10.005546256372533
16.965416468972535
-3.0054038512589614
10.716455905168544
-12.599794120790877
9.544808152916872
15.808579816830786
1.446794974090686
-8.583288040123328
-19.268259351594345
-16.689362752219484
-5.528362664655244
1.2370315091129314
-16.002267397447234
5.236004598544216
-1.3481301086768198
9.00613535491852
15.885578230738055
-7.037109399399171
-13.398990519545624
5.669651758803482
8.185351700592577
-9.554653122839243
-7.817457054019625
11.436991519255407
16.092669138046183
6.230584419288512
-11.768418732143648
-7.727358160589667
-13.073140691644305
-1.5973267010976642
16.931548643788773
-17.237856881348243
2.281705847577097
-5.191083337895503
-13.757466436600154
16.512161051180172
8.700872215660937
-12.209619954511792
2.906867996728387
-6.670942431067184
-11.329217164333727
-4.654450305026092
-17.878412628551004
-13.227640264612962
2.34615729221494
-18.527233875463832
10.097372232350857
-10.465543445304316
-5.6081317302430875
11.548457267408718
14.6668367856783
-5.604558102105477
-3.238701692781941
0.11368647562017387
-2.7828153790558154
7.818452997716832
13.382504876595661
-17.682804091670672
15.883021815385213
-0.19090411361191073
10.582430513111973
12.91884807670133
-2.8557369267488006
-18.70126857255315
11.226494123630594
18.21696803545661
14.613425691912326
-1.4961344109171328
-5.961238710721574
-18.647452496485535
11.976329443825236
10.286707833527977
7.361540377808005
13.464936482997452
5.6093800999255805
-11.683510010721086
-16.96429601647246
16.325827652173047
-2.1367948659590965
7.999064049203383
13.139332272005376
-10.56630148983437
17.094954870142132
0.8440983254636514
1.792631634361193
-0.13852556223993417
-19.73727582544725
8.902437625662213
0.19061757267264312
-11.98735044903863
16.152398431947155
-5.750294078809674
14.270884818120877
-5.353524683709425
8.89800342139031
-19.28125408826283
-7.05062470196566
16.83629249934466
18.26622991288439
-18.716343831207837
11.754030799179105
4.354536274238395
9.606260391851539
1.0479785700791346
1.0393198059515854
12.947969816232273
16.767339929845093
-2.7175854915779354
-9.997171387198147
16.187599496847042
16.11835375531031
-15.754023875307052
-3.3908661995405893
-17.681270215313795
16.20562911043345
2.74639676548874
0.5178812891340847
13.59704640970999
14.18470849983175
-11.744348216382331
14.15933341557092
-8.449427416320985
17.217998858094788
-13.46700576232089
-5.651415489531653
-9.16609965183536
-3.788329675171134
4.082810648315537
-12.465547392778502
-11.871082770308083
-19.937751123120293
13.158313456589326
-0.6853617247611545
15.440887817422883
10.579934862949628
-3.9215335973972216
-6.682963157507036
12.708294678750768
15.971928945631035
-6.239892294315187
13.92185287372969
15.833423743351915
-5.234366339522465
-12.713405905928568
-1.1365004652723627
-12.83335183351198
-18.38890877366239
2.8942804197810688
-19.447176292205558
4.110631287825562
8.928715547833619
16.533639470635975
9.844036290501982
0.46569682495181297
-5.083348333780094
-13.191435986679426
-5.8967018194673315
17.935434086458827
-14.811724199598672
1.9449354987605645
14.147018556228936
5.097849897515935
-9.90558506676669
12.1160382213412
-18.11187000364946
8.265614173945956
11.888740006970309
-0.6126728138927398
-0.047003703771473226
17.759232698411225
16.27697182818349
19.080643734851165
3.933848572501738
6.48011301368485
-9.496901792477388
4.491582814800378
18.434204378519176
15.35317538122348
-13.104326742092297
12.926438726617071
-1.9208956742714456
12.925566454485342
19.81702257194003
-16.632649959659105
0.5781636537158832
-17.634708942361247
-15.378121321146768
-5.890537773924077
16.797923662687893
7.484621913622753
-11.61773726302549
-5.087018205162309
-11.953395655626835
-14.219269015032218
16.919647851753773
5.122078537892222
-2.2642095066109924
-10.538873535604765
17.190733509342323
11.2438057460514
-3.0047606076215736
-0.7876885229727222
13.68481470631447
18.079295894606304
-13.711187114334965
-1.9884842385611847
3.0951121445499368
-2.160398248674209
-14.23852787000962
-11.694779086087706
-9.338425905588137
10.26469735681566
9.97478939440791
7.1486741172490476
9.46209814970127
-14.274175349668234
0.5090902929161913
13.374750178379294
-15.953142096405726
12.142462103760586
-17.94513924118216
6.566095409430247
-1.0321580472894283
-4.689520957280582
4.408264431862612
14.90221329123277
7.019206157746517
10.490889614289785
-7.420971897275791
-16.567184213793006
-3.2149848044629508
-1.4518368216375208
-3.6658795853840687
14.791401825283451
10.563557277380117
-9.137091364604647
-8.80024876299807
-5.1759133189076
-6.431490252452164
-13.40030788818327
-11.874380368255117
-8.15801055874636
3.120833903461847
14.339948074010692
8.537328741447531
8.114925328663574
-8.422375448007111
13.594070450493248
-1.0738059795494728
-12.40133623955157
-12.510456781632913
14.857956947824484
-17.986974446747006
15.08317182036383
1.171080255421309
-12.129466211822212
-5.133732216813085
10.014370165955523
14.363967008216974
-4.437889368107172
-19.720989700253888
16.836289023857162
-12.245517269226003
8.387962626930765
16.164350258809833
-15.408247258281808
-19.420919845097018
-10.876131111492526
15.544511903585331
7.313144389767018
5.821035342958055
11.769106891341153
-17.37314631434126
16.24711784191698
-12.031317984374885
-0.05534780329793065
-8.499708142216154
-7.90314954456278
-0.11251810830190578
16.089367583700984
8.715976636609533
-2.7602879339753486
-19.14821929648406
-17.19771458628063
-2.644787178144938
13.567062753116375
-2.5010939509283716
1.5549782576462654
19.178293642261565
-7.771165415892366
-13.506940018865699
-5.932612602000393
16.38822190601325
6.285309317691372
-0.3286735283790989
0.9184317050518374
-0.9945725627689406
6.768064797907847
-4.629996279001949
-10.259538563187247
-8.69432428950943
-3.0346189214692885
-18.62976563257672
-8.426229517296132
-15.28766998948894
0.8013642457001069
-13.952052316422442
-1.0856990087767038
9.023240046560868
10.035825884555184
5.8913469013699356
14.044734518689062
11.076006153321579
15.911637879542866
2.1215464225227585
14.134855244474338
-3.5816785459836424
-1.011783529731467
-2.5665128714325327
-6.105704246862569
-2.4150243350037215
-12.9517121783599
9.758213686638754
18.88361734092787
7.814481880842568
-5.408895459392426
18.77968392990808
16.118534536764955
15.585109416015214
-5.424773039293477
-9.885133674628328
3.394058905786217
-12.062304092816799
15.965664194227607
-9.48656439404521
10.590620824051655
17.98677189657782
6.208709135912027
-11.815156703659483
-19.14953389650409
-11.347477641143877
-7.688935662785452
-1.488033620284476
-3.4190696882455356
9.936047163170937
-18.619036167407042
16.298634632809147
19.78730904041832
5.2223486564905315
-12.117350340401245
5.039461505055517
8.622261991830158
-19.775201393808267
18.383391488534016
-16.275741867171185
-8.80388234086734
-3.790418465546999
-17.465822216373986
-18.171977891952892
9.013247441945722
-16.142695391916135
-18.729174341456044
-6.654180149770092
-19.05327448230807
-15.919818335460478
-12.351991033090517
4.471979531172174
-8.799223111961103
-15.536231369982465
4.366734279484614
-3.2331467911789957
-0.4331367063293712
-17.68766829480045
-0.8483824819894679
18.543337999113454
2.535250837567613
3.502968738794465
11.473650480562391
10.774202513780043
-6.471204337907061
5.18289663063814
4.387190037302361
12.80649971858739
-0.5280409815802471
17.585833816270693
8.44600973556103
-0.3150990022023521
-0.8674701596713277
17.284682917908412
-0.8558946923923436
1.587710710651006
-5.570131806459852
6.67483081933845
-10.498921104771718
1.9364447399351015
-0.45399577429720495
-2.4933900661791775
-18.15993594141901
9.776225500293393
-16.02201034955908
11.529444178616089
1.2865413866340312
-18.065887373244482
-13.59872090230735
10.965636109943869
-12.364610517263195
16.45782350516808
3.5085365807310254
14.702125042169051
14.30978247992109
4.606221448250487
-11.067498358822
1.2968484832444638
-12.789277305953789
10.312425609294117
-18.091406810089936
-7.8152130141765355
-5.698281906509992
-5.82047274027639
-19.518872065592262
-6.539294915455516
-6.2027302930004815
-10.127995533860616
-7.19116472697424
7.32736224090225
3.605764290512603
-6.857904958953483
8.810465379532285
18.090681280882542
-2.778805305307529
7.834971059313801
4.558598983933987
19.371216300420627
18.934557686011352
-7.300371426256769
2.203305601095291
-0.9926500821784927
-5.945786990987898
6.995177595217502
13.349582118331163
-4.266745611844014
11.947238498601497
-5.0619387120520685
12.363348893063616
-16.13512136814776
-11.482254601810414
-13.208677145827629
-17.106041937141903
15.067448583269702
-3.5151911598906302
-14.7194025254529
-4.742769045577816
-6.739451764275577
-18.207382460135726
-19.120228211888794
18.553683831508565
4.727896578699081
8.742648610455635
-17.991688032040255
10.940613639296703
15.756443467463946
3.821378711858049
-10.996891263727218
-7.8384117269677756
-2.2998600599634464
15.488660273457342
-5.270587912048544
-14.341128993262098
17.750111601579036
-0.5802699280188648
13.51711700708644
-14.87933913210055
18.741030440762316
-7.996116330044906
-8.253188309332003
-5.489755567901749
-14.464295146293935
-12.645256551653192
-19.343993188752357
-18.738708135218292
-16.895612883370347
-9.097525642856809
11.927915187876902
2.9138968382535495
9.632513543718453
-1.2981655972196329
16.272917302006114
18.995356649997298
15.804180354357612
-18.354174374914226
4.728463656751014
-9.619950183264265
6.299300192894165
1.4825528211810166
2.7233404308067257
6.097265158029522
-17.115619170970632
-19.998565234377722
-4.477503958889134
13.077317649481138
-17.391019681324185
-13.588178262133347
-16.15330588013628
-11.176720585993337
6.086132354302272
-7.18774008950032
14.557113527555757
10.965104345211504
18.12874691021036
-19.666201662002273
19.478079413443538
-1.7461349139551494
5.082285619470245
-15.433013061574371
-11.788257500033584
-16.907746269119425
-15.136155316635929
10.944352163299754
-0.9862039752175775
-16.23617913168951
-14.725007304800553
-8.44511676932763
0.34661920681870484
-9.159845632545448
9.613382642702732
11.25960053821942
-0.7319268045779665
-19.678156793073764
19.645119704106115
17.844769800285356
1.1547986178520198
14.633627615228754
6.805245696713801
-19.172984776783583
-9.819525147143434
19.006491409643445
9.43815033380774
16.654431600042244
-8.644963866349581
-1.1140730948767228
-13.518409087250323
-4.946718978740785
5.606534796748477
16.76272713277403
-4.414370163844378
-9.649819664856377
4.586134992503268
18.40128080288465
-17.3963870629916
-5.286081708879745
-15.532484073155747
6.602451188554337
-18.314112879584993
-6.86193713562214
15.925080930382343
-8.88351987168194
9.09010897111309
3.793538248988618
18.450366995076813
-18.334313569755864
-10.477254084446898
0.598972721939937
-7.781481324753443
-0.19664029134620264
3.8043781924568876
-5.557391526985489
3.7260873279517455
12.82754450808276
7.852409215201334
-17.31344479617522
-5.4404671775638835
-9.342788564035342
-9.222385427450362
-13.082040407017521
-10.95788297294565
-13.978238221572013
-4.738397810593895
-12.525878523782833
-5.731842175716334
-9.79173784042652
14.319093599939649
-12.129719875055716
-11.10862199945958
-16.286264972192406
-5.4675215580153225
-7.009935486145601
15.479507796872198
18.07938631674577
16.52972031277352
18.999832972656804
17.065945029692813
19.875107086838028
-19.950851235601874
3.2958255525833877
-8.461728680646248
9.13180210249584
-10.833462392502721
-18.914148372571752
-8.701477288025835
-15.775464221315406
17.022224687112114
-8.984389888618498
12.774795973669292
-8.539835059933436
-10.10957143407595
17.051391270135923
-0.78265588689721
-16.7663921419218
11.586419601716067
19.130489408227554
15.181931698284131
3.0927055631812124
19.240947467028363
5.285149555971831
8.475636008953874
-11.65617342753233
2.3143261908241897
-12.699772129790365
13.376479873408961
2.4395841868971324
-3.6720684685769633
1.9324292869400672
3.45860725502968
16.691617626574605
8.15210308607827
-17.804912121598907
-5.970476454283521
13.13661506275659
16.657751740091456
-19.134701276675464
-8.136070349287179
19.97734839185643
9.328847541604887
16.387474050241188
17.416761070415674
-10.894256911301552
9.1150231017787
-19.804160393671854
-0.7797365968762833
-11.127169358387503
17.117062659410806
-7.960944179298032
-13.601106815326034
-0.030744492714095628
14.648796771223218
3.053048367159434
-13.56703707042712
-17.075153614620163
8.49931919603619
14.976932061545497
4.287932558973651
9.265585460263775
14.525410909990065
6.502746495125052
18.856863859553116
-3.357350887509746
-11.403731613993013
-7.427679057303912
0.6288509657874677
-11.409991088935882
-13.825027260336714
3.493741987551541
-12.26539892624448
-10.265637511649777
-17.85599189694522
3.032626278137677
-3.8829701018361504
2.6934066883768324
-11.76236033445202
12.594024351581652
-19.92164307337816
-0.7792687508339604
16.24125791211292
-4.284413474335334
17.72507015647185
-16.080047001156657
5.032218561075599
14.995492980491058
6.22373765468382
-13.692769561479189
14.536567465783804
-11.58862053094965
-13.649068751269056
-10.383114750271734
-17.565198162795582
6.2223951359393155
-4.575097178016998
4.603325600314456
-5.46693667397494
10.861568689991188
4.379682981553202
13.659021190759958
-12.214830762950704
3.214905833264744
-18.403260002270354
-3.194870283987001
13.005745979046644
0.46525154292914905
-6.707504457479514
-8.783539239715218
-16.43805352156052
-10.825635771646285
18.379954680460685
16.135680003675454
-13.570115927905263
4.875866447094573
14.79970382774978
-17.326456545338026
16.225464449027022
-2.365800590668094
19.81950029075533
8.373429390355916
5.698594400303524
2.4459307378745407
-19.01759203300882
-18.391975318967706
-1.050151957196345
-17.348499055625638
3.419176230395337
-11.41750993473018
-14.159381358200207
17.143926371968597
-10.399414122433397
4.8424472966552585
-8.998292514284977
-8.10084572132376
-2.4963596056042157
-18.92411657479119
14.35850499001512
1.2505941001609813
18.93048133495148
4.606630229563198
-8.40157525437236
-15.153771873155627
5.89811169325732
0.07361470266725689
-8.328580979669539
12.301185434090854
-2.193688459626234
15.65905607998019
-16.64113120779159
15.702786617889146
-12.121789026234303
-13.575959955122405
-16.12978556122346
-0.7192552942420889
-11.569790107579827
4.802143053179119
2.6144252129278946
15.02941035742613
15.362665484101015
-3.056113414574458
-11.366245682261624
-19.324134852098286
-16.37064695030243
-7.210893379960442
-19.03351631004577
-1.1497694683360713
-3.028823994043833
-9.079172863527347
-19.281612680518684
8.84487494897742
5.074956296354895
-11.977452068224546
11.640187677062173
-5.285892180485439
2.3517069335017347
-3.935218033757799
11.650259239150355
12.132907085266858
-12.15903050455999
-2.201366388285038
8.972004431767893
11.128113892521405
-17.138935204978747
-15.547175034761004
-7.862292593042831
7.2890197805214285
8.007968033533444
-17.525299858982887
19.64766034374088
15.867085484088022
4.953750105647675
-17.23530874439781
4.5568016968428395
18.00736981279529
-19.24106090483761
12.550883987397185
16.413187830846688
-5.360649596020677
-9.366594486403086
16.655289438590685
-15.342793513450559
-7.824148589196112
-2.0489994605345707
-11.631676618897085
-3.3428271619116288
-8.344137258038442
19.092586179618927
-7.502550961593917
-12.543805224034358
-0.08074745835659769
-3.7889150829991536
19.343094522636342
-2.9948781481835454
0.16234270617074742
-13.78280767092161
5.854398548631959
16.443181798464494
-17.156450395989545
-7.6184652733941896
15.803683510231224
17.844279425222147
-17.56244801846055
4.391926476770678
-4.4728838996924125
-3.8106603042833562
11.009341696212019
3.158945760238531
18.759753766301166
-13.885771643914925
-2.683829994999659
7.966580372324824
-8.047350207683483
8.408124088433425
0.44350225107013586
19.628659856535975
12.740363987418661
-17.513627825065146
-8.42030342358985
19.711217564613605
-10.980630936925797
10.484167332927122
15.279700514667532
-2.012791381253443
-10.345971902497059
16.539806623429207
1.9689853326763682
7.080487751600977
0.557027294531327
5.4112344713966465
8.997136188930163
-4.706925596376323
6.540724743938561
-5.739391449984531
-8.17702144511193
-0.25380531731452294
-11.632519563648408
-15.235363181662752
19.155102330220316
-15.599530405388027
1.8814791439548486
-11.00362454345236
8.438019484043977
1.05122726015356
4.140281720913627
17.903480979993553
9.178410589174124
11.972408593640132
17.620222622578467
8.111170815829038
-9.767954008156376
3.0536515216970628
9.793598334313867
1.4202242347274385
-15.343122566492461
-6.196684411909935
4.967565702471429
11.68426397062047
-17.628018508225995
-5.423579258932207
-19.934184459943044
11.394168982357424
-0.1060356666253135
11.73687635037507
4.002144226171506
-6.000747583844843
-10.304604818540843
-17.773940808347596
5.904811077393482
6.002218086623742
17.307002122798167
-16.500862730838687
14.173695869485137
3.4619730039939647
-9.220154349803899
-19.61171143066442
-4.285225611753667
19.6086675938269
-17.101623365206237
-11.455248465424063
7.111122360116088
1.4805861372195785
5.932092855084811
-3.838461573253525
-9.589211152866554
-12.522693620537622
-10.405848607550485
-0.09534882689836621
-7.711802399693855
12.293306552630177
10.185176535446963
18.445397821785676
-1.4569277384192816
12.935300338890954
8.788834195644387
19.383142957483848
-16.39386038762204
4.08887850362731
3.970628979512444
-16.378824391688283
-19.713561081211147
19.148791316496997
-15.765391604214152
-8.357417033558612
-3.005557466684966
-9.952426301836468
4.2865244182884865
-15.490401821421544
-10.820625401891641
-3.4327952526257413
6.8182320713937195
11.524426729699464
19.151449910956366
-18.03803707213476
-5.206988259107561
-14.664945530649787
-16.210353017097823
4.202418258811512
-0.9993610170218616
-1.4584954231331935
-19.932877837181124
-3.5753872026231406
-6.563987908506039
-12.416210063029872
-4.887037138183569
-15.858118496978392
12.80557652481064
7.520333197704684
17.846688137097928
-5.593988314473158
1.3313160659170542
-18.1146862208266
-8.757713663637375
12.067658575671338
-8.69280656880667
19.568751163888763
-19.130027892588693
-12.050584228412644
-12.947921963421742
12.651833983639243
-17.627373005069163
15.800957981155435
-6.92795924917764
15.741769302529846
-6.59136190271585
5.250972018997508
16.156640394417792
-0.2685054960503308
1.0422242472011156
8.023528194231531
-16.071599694402728
-10.713031495092444
-11.45053467774487
-15.87020364609456
-18.436014983149324
-9.371388524454947
11.893443380727323
16.069533957580482
-7.92972799592382
1.0210137071359462
4.512879268312169
8.761276359571792
5.849689239832337
-18.512743859143335
-7.138180610255166
-11.045734268576375
-0.6981831182351286
14.313288767508816
12.725694311508057
-17.32716597197598
-11.367522578165739
3.84640231358582
5.607210278788536
1.2760876810046469
10.217028460190491
12.474343514067343
-13.549213179473636
-13.80101621094358
0.44558202990348406
-10.66148844140685
10.504197467337516
6.7659154835378885
-7.725427620258394
-1.8997022986495757
4.676041069672976
12.944428341106935
9.551924514080973
-18.898856207801096
12.030134578549308
-2.174051093201598
0.289104990189351
2.3613083065543314
18.031418117698024
-3.399077193836174
9.160372701736009
-6.9361584578716915
16.18307113275491
-18.82817531888631
3.8324210313524922
4.692757607343594
-4.8934176122890705
-16.937561258233373
-17.7547882503629
-19.531691281975053
-1.1190911387809557
-2.507944973224717
-1.9519404594652414
4.117009981585799
16.235635395340623
-14.068828257241979
-17.572997116865842
19.496914242195423
-2.4293670979953816
-14.28106290872206
-12.12324216423832
19.673108652592745
-2.0151462826201225
10.703164998685594
4.669370171557507
12.1977533648639
-11.304145519904502
1.9799351640442069
-17.928877101143396
-16.621701640313724
-3.1694720502094853
10.913978647229449
-11.21580630988781
-9.639450575077007
7.067510002586008
0.36891934085743827
0.793946011067888
-3.9068380021928135
-13.206091427703456
-9.709871730532615
13.733830237697035
-12.962523892961215
-16.411114951311824
-17.479950059077012
-0.26506490639013336
10.486314671885872
3.080179437734529
11.418720052032889
-7.614632254234532
-8.525746969675009
-19.73101536276118
-4.860778858503663
0.1954355811953512
-1.7959823090762939E-4
-4.118381053766932
-1.9977353660226171
8.854903969974384
-4.100542686323209
-0.8415284008817281
-18.364826460060627
-6.627891514121721
-1.5898819938469018
17.359125801283206
14.347564800446555
-3.7117540111405702
0.03169447000972525
16.272622683818057
-15.798556148748432
17.25556990900153
6.681051247057724
10.98601414583673
5.737768580334116
-3.955183944787475
-4.851798282166033
-2.5331028074397537
-5.7606933831773866
-8.477202767464455
-3.0407280527861786
-18.275969958475926
9.429434186957568
-16.60778823083019
12.855308743485246
-3.879622235495134
-15.090409202160519
9.766739988200875
-13.884739636400063
4.949137852813795
-18.82470526639983
-5.075962728941587
-4.147276663109221
16.66262438480244
6.339509444244662
13.116995041874297
-18.15345848261018
9.427594546828914
10.638142941623833
9.524023803846092
-9.647051072835403
11.384694002767162
-3.2209754116490927
-5.075352709397674
11.566739053698349
-11.350216097661857
5.358100736414322
-0.14891467264682845
-14.870786150791533
-14.713241051851206
16.283862470281683
-2.9958537926877185
4.350945014236579
3.772910475218083
18.56306872877498
-4.319593769927611
-10.04209750356619
-8.440851632766172
16.414178071021276
-10.994680015500427
-2.149666888816057
18.666960087489286
0.1409614290921155
-8.705149678144771
-0.9111555533588955
15.33830542539858
-8.005871560824872
-19.356895038442463
-14.085870371699961
11.075748757482849
7.010738635630197
3.8435653609936082
19.26100014643876
11.52300177397159
6.533317666638485
10.720394370465609
-18.94510832302988
-0.7472923529065696
-14.161109656477912
1.9652617259066645
2.8435118118017826
-1.3727956567604096
7.738799763897859
-17.006440455185135
-0.6086122291980018
12.25120509742932
-10.791979990145645
-16.738090954006157
4.00715349073867
-17.340941416060236
-10.53234279648683
2.216806200175064
-1.3650794157246935
17.375625655208367
-17.84363177943403
10.480676510990563
-6.458512466666782
-17.66155235988424
-1.0299757959147442
-0.05211818772359322
11.342099179728468
-5.076684314996696
1.3999836876403116
17.437082280664775
16.9414074460731
5.111340110460759
-15.72648137038438
-7.498344039295951
17.430045825751144
-5.04572325933491
12.272714346088115
3.9612764367154227
-11.638951970830504
-0.5151583671144593
-16.749214988362368
-17.18070643078969
-14.953338538281633
-7.061528893286106
15.568329631257228
-11.541478108387544
6.137937976354074
-8.239573310921408
-10.30541674194231
-0.32335218986778713
-11.679584281475073
8.361153933273641
-3.1040770282013384
-14.575783698484152
0.030055807983323746
4.34128275166881
7.022752130562676
11.15863378842485
17.025332861775176
9.567653995451487
13.096621844275646
11.3594330916874
6.5101050062240375
17.332173056985923
13.113400031704224
-11.756020153199227
-11.109531712303893
-15.507400523492434
-7.297103672508904
-7.038680086173429
-3.1196252271667575
-0.1981187488409546
-10.190931002891311
5.60206567985276
18.39699417225882
-15.49026209533961
3.658990305995381
-14.562829414911448
14.391048311529147
-9.910149165935485
-9.299991355346005
7.987614485271823
7.931865687466974
-5.9362250724869
-15.25718114543257
-18.601115985240284
-10.934886473222898
18.496326314913965
11.904605211306567
-10.117101424920328
-4.2151389959645424
-8.271544727957174
17.64660957071571
-11.323651349428916
-15.252215454439217
-14.067532360384671
1.9022608682442765
18.023764766121438
10.69743309238953
19.958193735776895
-19.12136509088496
-10.68541855654221
-1.062168400515482
13.718774254847133
2.939081668808626
17.37786593700274
2.584826735347278
17.832381472886013
-4.119911248994125
-3.683826626693598
-17.09120658170296
-10.949641355114332
8.576750262773537
-2.26930434623182
19.138725701830325
-8.417200789904902
0.3132721042340627
-14.3793338992031
-6.55409305614457
-12.057922428031823
-11.936970039046857
17.39434957817334
0.8126637015752216
16.72116823855071
-12.775533788395489
-10.534619300726256
-6.305097250392766
-0.3495450408172438
18.175835904641417
18.129948617962114
10.129971413572875
0.7921003987686674
17.181050368650745
-13.612307143843584
-12.42068685365707
12.376319761589215
-1.5892011991417618
-10.408104465438996
0.41859909302647225
-10.084512353402548
-9.780798865023886
-15.964931449828676
-14.998955194829628
19.424330122885365
6.551010556883263
-14.163839074733806
5.352365069276374
-6.3264800238453045
-10.927497832106363
-10.718394223311636
15.39734571922402
0.20656609883670285
-6.6658929797553625
2.822415776835747
-1.1986332435508373
6.773658001075855
-10.04622067132872
5.652030545153085
-19.716158693718825
-10.830153857409211
-6.752525561100153
-8.915906342242144
-15.252541548503116
8.607526873846886
-7.38218599386812
15.924238683490415
-8.869134792572847
16.499301885814027
16.05678340162507
-16.55588306066433
-9.91252269837711
-10.296370804969857
7.016902763801159
-11.862609306009544
-6.304640593672271
-7.791518706957721
-0.09253163110577844
3.768341255198706
1.4394298596909003
3.4243212024377243
-10.413794322511208
-14.306424835124458
-4.168232055110099
-18.680713660472637
-5.548257445873329
-1.4773704100079996
13.487110141563178
1.9582566113655098
13.484565589946598
-4.9592468199323605
8.649617242408972
4.026172381961377
7.879500884348314
-5.803029633162101
8.536317259466948
-0.8015271258510381
9.790224029302273
-12.728630561069805
10.973224706382627
2.7447546870358472
19.11617561144419
-18.766269660910545
0.08025904226990122
-15.097502510774948
-11.163208699221725
3.869356353749751
-13.723752052209356
18.8132119333403
17.796885665511077
-18.862213611411228
-15.444348598880682
-7.479164203221252
14.572640539834453
-0.6210821985233359
4.063085579498914
17.113520178769825
-3.999088927551181
-10.320848762292467
-5.740582662713031
-17.209000883358996
-12.767311200102473
18.813630358006883
3.1496651489349112
19.575310351896476
-4.160057967339505
-18.98957602982418
-7.2917560891373245
8.860807317800315
-16.810790289781234
14.388698505929355
-18.13641484263112
-15.36632260634784
14.715891088367712
11.960536221040421
15.456628133835657
-6.121672721075658
19.293668003434902
12.479118871641234
-6.651416334360757
3.093787211697844
-10.278311282763774
7.436180218016048
-17.297392222954574
-5.568491692196261
16.01164908876121
0.8906058505876224
-4.315962460060465
-11.99776939818082
-18.99149831231202
9.99179431923746
9.775255015375986
-6.60557173623863
12.979825421069037
10.323581271994971
-6.28323831723392
6.768210045427672
2.8037182555948448
7.221344315364433
11.27144097494918
-3.5159031221686945
-18.185759856721635
-12.737193043384508
9.875063604745613
-11.302095821576987
-13.017272869989597
7.013908479862824
-0.49846661008791315
-15.482903853957355
-9.28106821323655
18.700929376735303
-14.863795198449159
9.033673414030222
11.937850127536016
19.184423449864006
11.81868289226848
-6.81130024431825
-7.870412296862558
14.316290331095743
5.375966585352604
-14.54507089983852
-13.673995197795445
-11.610580878603294
3.7028535036779004
-7.7083924979997
-13.49041200571044
11.747183130665736
-2.0898079424217784
-18.076175799450827
11.672077748717179
-5.728198741524153
-18.989632587748076
-6.66657837782501
-17.82961134580328
18.767301948496296
10.518146726860024
17.21858371419686
18.86299203167026
-3.619526834301187
-17.049021417373815
3.1649840332124803
-6.398235123454601
-11.182496782847299
13.825665102966191
-6.187729058049545
12.197561009148473
-13.892204502575328
-12.046280874947
-5.983944077990234
-16.88332282429059
-11.934810246761725
-18.616132617424498
-18.91762822384883
14.84397214309125
12.995567173523725
2.2913585944431247
-17.47651870748163
9.089172832504065
-7.760792531696827
-19.393988744907816
8.100130358074395
17.766101879068017
3.3959809653193247
7.670780585325861
6.258123698564479
8.641144699399185
-8.130003201520113
7.1478180089355625
-2.22508149986675
5.3686176552803815
-0.20762603078569697
-5.8976617414644785
19.108702714877623
-6.8622627660836