2.488673888148483
-2.7083447261286224
-18.13266378349967
-4.479446023861771
-7.01643323872295
-19.506731346054323
-7.69939934258176
-2.440369493709351
-7.121996585048716
-8.723708832053308
10.123246996110847
-13.240545471172748
-8.673619555227159
16.913639089429985
-3.7888306952844495
-8.14852152823493
15.95845356100427
-0.696439030473023
0.6557016463393559
0.8041510535070557
-4.725674883507324
-11.383125368251235
8.435971046646372
-4.64261573381016
-11.531979058703744
-17.912026543387846
1.6541009767597075
-3.9829431813498353
18.015226738660964
-8.865264600037367
15.527652094534709
16.85759777117152
13.157656889527601
-5.10543940783656
14.598513663104391
-4.173404602281185
19.284976908244488
-9.997321761687438
-18.10910753273948
-3.8058921989426118
9.365775960940677
-9.04623245948558
10.69271586295762
6.696969551468843
-18.25680870220176
9.509368244172649
-4.040671103706334
-12.85838706025148
-7.563596913521788
14.47776204688126
-7.459513500091596
-4.7735929502261065
-15.665381997831012
3.5946078298589903
18.077337798685505
-10.56953458858973
7.105423024978826
-15.389172274674303
-18.892329392840388
16.341254406495644
-7.188621655329381
1.9970980537174725
-13.49389618209344
16.28679340328737
13.668558622802806
3.0251381168612603
-10.659844577114747
1.1645289091149493
-7.084948510978023
0.9620292552673924
12.728063478453272
-13.653697893297569
-9.437260475099265
2.1599292891098365
4.679883533784736
-1.6297088728064004
17.87047519077798
-8.276323703466257
7.539520112459073
-0.9629577341078388
-15.485499799040543
-10.58935413679956
5.801795371828476
-14.814367041779368
-17.75188672965719
-17.878101902438633
-12.620941343991161
12.608833028286448
-16.548105671571143
-18.767451007395678
15.76576392147804
1.5582831902992886
2.598453401644143
13.7535952270824
17.08929451628927
14.038983532464584
14.076421581371498
-1.088381183115736
-19.09524033880535
9.487424541099905
-17.193304568810554
12.698856653928651
-16.7105835276557
-6.1561466059857
-9.91119922115593
15.817811764647843
-11.012796817451832
8.474807437237459
8.033491413669726
13.4574942937491
8.216982944486986
-19.483167007251573
11.802449732680028
19.86360192645752
11.43093300717964
3.4117123592576135
17.452815836239736
-13.190576931682747
10.113622712500103
-3.9964251594229268
-16.420978070252488
12.272606503702654
-8.999942943007632
-9.08972161549205
-1.4253392673547296
12.555437563878002
2.388238466614755
-12.421950001133538
-9.560840560468744
6.108796342458721
17.876032643184068
-11.229667681934593
1.5307442440894121
17.342370255983816
-18.823529537098892
-8.000861015206837
-7.966139565249911
-19.195729477052804
-13.032720404320063
0.9525288167795267
-9.083991943678509
8.293864785216194
17.559050843078886
-13.129575008255468
9.801349870158155
-18.7682478269576
6.382861577141039
4.377866345824863
1.29168403051251
-16.57342437585106
-14.108944340778438
-8.974161590193134
-8.815983225398893
10.87300278840867
19.686733051787677
-17.689554464066095
10.338166503605997
-12.716098586094793
16.711157836042375
14.346984622624845
13.487855768215354
11.919356684367905
-5.365505936224242
-16.323601160753466
-8.326146251680132
-10.00651304749654
-10.467439144483262
-4.368564070073688
8.176488131926444
2.201619151780413
3.307923781234585
12.527127406433983
4.268449517243312
16.6670291366478
16.26424922951268
-2.175796634737882
9.482649315509732
8.987755813435175
13.505242242891214
12.454278687907149
-11.690892498714529
7.233777740290847
-5.251683139754695
13.951993449002032
18.87331712328949
2.620914437508965
-13.412265997165015
-10.322507755595325
-14.744665691944743
-10.5128092184327
9.367818309033552
-13.759015676137132
13.992367028208406
14.341561575624837
5.642325827411003
1.995369199077306
5.465302372947267
-5.161848795547414
14.001087111078007
0.22312054260206793
-2.914494024592859
2.8427461837064705
-16.729469502081685
-0.12054080112837795
0.4456759530268073
-18.86808523424815
17.2376511351168
3.224596973473549
-5.7759787287637785
18.772438721161166
-15.772075544864439
-4.885715800744315
3.005577461768965
16.236482490054108
8.681026705960583
-11.523445750900375
19.82165927847997
-1.3905376524753947
-10.328657578826475
-15.82766576393286
-16.3202274019207
-2.9753730964941205
2.6081132347573153
-11.283999678451767
-15.841508560520637
-4.52403339455107
-3.9468532414632165
-14.315905384203521
-4.669634212901199
18.575477284659343
2.614538811045094
-11.556632218828597
8.85014762768753
11.752574112074544
4.971744308566887
-13.843321610787843
1.9687536127490368
13.988055257496669
5.797746173063352
-4.284368058953184
-18.47200031711411
-2.288215030962526
19.017038205935783
-9.205785254676954
4.910239906109691
-8.988366294789
-14.073075521872994
-9.910171290482733
-19.456681471357715
14.891107453240402
17.142530000694393
19.872804761132116
4.1203286829407695
15.531510665977983
17.680384789521298
19.906943633526296
17.960785374981583
16.22616206834276
3.3779488721378854
17.755571506864896
-2.1328225406344856
0.2795177206466235
19.051491554865493
14.094669719262043
12.30864696561104
12.635609020850481
8.937814292432282
9.725999195630845
1.6952316869285724
-2.8403872634790943
-1.9034966229500014
9.654046729870561
7.3148768746567185
1.0255716007136328
-3.4185830291464185
-5.811360492365809
-17.165977444015912
-6.219811465894253
12.155777934887098
13.310778024764282
19.8932534242416
-13.7322814442686
1.758256023200822
-10.751041557873364
10.16856363319977
-9.705612968635805
1.1055832648069064
-18.893644917441712
3.013184963824152
16.480034694828547
-1.52724600951462
-19.421294873776787
-17.412748911876022
-14.269640892530639
-6.202772973046651
13.986961946260536
13.517357604764285
-0.48253863171928657
2.368084962911613
4.912425880077006
10.418993693338972
19.07844108158003
-2.0291574060423834
4.647521429221268
9.182214307987472
-9.893387836005498
12.454296999394394
-16.059262792710104
15.645213259343485
-4.020996390343008
9.422037304589743
8.46696782698601
-8.357947187289568
10.958105628553014
19.06521352398022
0.027781555833126248
-14.968365516837512
8.32262945679446
-6.751888346160397
19.172351193626838
15.732716134039386
-11.558585603662008
-0.8896221000078697
18.879204194415976
-11.473433689407813
-0.6851728633544951
0.9941459435804845
1.3070136732184139
-0.6891232638363043
-19.598690464188397
-10.177044536093565
13.372948347715464
3.4766210883276294
3.304705675794981
2.3226509836148814
-7.813806207707209
-16.241620790012558
-12.49419177371605
-14.401982227325082
0.3577887189077984
-11.713721837203614
-11.931022898593904
15.255295508338726
-7.798818793111346
-5.158907752432507
-19.41635817716671
5.934144539086624
-9.166070944262326
8.823075989703305
-6.668845916848941
-0.12895526167284288
0.41513293042227417
12.800599726114356
-19.529705721559246
-13.2090531684298
17.174841036173852
5.570457295037606
9.248472295772537
12.646017704762095
-14.556378373068073
17.615106448746246
16.147743777578626
-6.9354720985766924
-18.178309056498698
6.056116641881097
6.464936317240507
-18.40181796620667
-7.499065447720476
-2.0922182696607585
19.61881983363655
-9.218073510085741
-8.195297985013505
-3.0237222817690608
3.417348866917578
12.422747213416955
2.517954373274339
17.390614948824677
-2.106377206282808
6.8875513173771274
-12.238871018270746
-11.58214118444378
13.487186595438729
-1.604838692723881
13.316022465512425
5.253387840645903
5.10805448157118
-1.3889563410774208
-5.241290922316173
-14.621411266306454
-11.55769458748868
-1.8542512692687794
9.352496254433646
7.061529616836285
1.7366470392467228
-8.857391584168148
-14.057865883846121
18.768330559622456
11.25879842861739
4.020470337517828
-19.76576320560479
-16.398089588164364
13.916586711134904
3.206178382875766
0.7642792726056484
-13.471568522642414
-5.106341141658088
-9.214333868884225
-4.114286045283485
-18.88833447407103
-9.667818621979713
-11.784136908167152
-2.2525458594721144
-10.478639308489965
-8.194492214193435
-16.736517360096514
15.390540512525945
-6.644294452618489
3.805493486850523
17.143132043358897
15.640850897043897
-18.179841361818568
-13.941154989984174
-11.559388564046277
-0.25678599395749657
2.6696364984716965
-18.992347351194784
6.814903727113538
-15.845810805382765
-8.74991996222703
2.3627763708248004
3.460175753740412
-10.293539721266507
10.839122181525845
-11.787251163498524
-9.66482777842938
13.662867592756925
-16.126690347673865
-11.566424454101707
12.398021583191664
-18.36030600846065
1.809219004954631
-3.738147573949991
-9.094566927030879
-2.2731668146445863
0.8635903707643067
-13.546700946682911
5.311852569406735
3.4108358194460067
5.694145439425146
-10.414431608033276
3.6218522917817175
19.09935374794523
-15.587877393387215
13.327998941386042
8.587106187666585
14.441404647235032
-6.179945780149181
15.707653191578629
-12.434066599659278
-16.692941187225788
-9.8752325501891
-16.870946712736362
13.215255620269758
-5.501448586873469
-15.622709541133716
8.508824300734041
2.2474574722922434
7.68439020500216
0.8003119694006458
-13.301855423034755
-1.000344030697157
14.332166221407604
14.752609498813946
3.7649700980622036
-8.26444000165122
17.188680515382643
10.925514247912172
-5.004099635036878
-9.653643771704154
-9.897201424706722
-12.052261568899594
4.820581533178185
-7.461389400471763
-11.794996097506472
-15.254937383793767
6.562394023445965
18.078388507862485
17.264072492762153
-14.85776337274661
0.7911332052601061
5.049072302154052
12.346070645645398
16.409940041530362
-9.606610389483414
12.07709568194894
5.508153003669058
0.2671956968280398
12.26865963314846
-1.1549904704934342
-3.224404859609855
12.257224080105374
6.271615023673398
-13.381196422706232
19.961110871537137
-4.37154394371548
-2.1911184948832485
0.8985004975028268
-18.377574614228823
1.0755227599536354
9.5814968353275
-5.00142702137261
7.716123059463989
10.123827122751628
1.4233164344180729
-7.306678514957294
-14.380041992823372
-16.167005592405367
3.707709641815569
17.310285374932064
7.789733802751371
-13.199514030903021
-1.6601417517873394
18.331799160192645
-4.256782577286309
15.900205545071891
-4.374205227675819
-17.14402077052057
-4.244188476753505
-11.975172784149457
12.15288704402002
-6.5269287537966605
2.3926432620715232
11.38676363838244
4.0104527440259155
-12.492776912823565
8.314534811710516
-10.916890055703949
-6.299833026004752
-19.139981563067646
-15.835806935387602
-15.97889878513528
11.29938239136822
-8.166591732839334
3.8785014569863066
5.49111555995983
9.519289775643468
-14.473178028385734
-14.583949215630243
-16.500864395858372
7.575902864824361
15.984112237627826
1.093903476245906
8.765278386750943
-2.5848818554574535
12.957210727597662
16.526825349278845
-19.8768484164092
-18.340765759150987
5.024930922646398
10.733144032258863
-15.108181080396307
14.58819562418703
-8.03285759174964
-10.812443295085018
8.359464444696187
-5.959321557768202
17.37839953419102
-10.660792096776412
-19.465498586050014
2.732447593592905
12.653723644908418
2.308687115353795
-0.615318372101676
13.049276904380996
2.52317788873016
-11.935334510523813
14.695759411684598
8.536186704084862
-14.721723756105028
1.1486389357137448
-0.6873480194293968
10.993326491261794
4.661303193032499
8.293318435114251
9.840067256381971
-11.452037500481854
13.110675550968693
18.012661293636484
-4.0523430488071455
7.890890124863375
19.812850186596634
15.627023427794299
9.180800166763468
-5.514966013130573
16.607767132593168
0.15284349576719336
-17.892388075357427
12.820590752686783
-1.8108053938572368
-7.637354462585684
-18.39508257407601
8.70364553718558
-6.281733648104485
-18.23900104101118
-15.930440833303571
-18.19561378427631
-12.162831742982615
-8.01276252301836
-17.03657638375529
-18.37408884362842
-12.004416138486992
3.4891964942386444
-17.157584265321457
19.488958797893126
7.8205595744048
3.371194105029616
10.805903090891125
5.293801942987159
-1.2070583046069743
14.102017268587389
-13.239296548852412
-6.446424015530141
-16.290414164514026
11.447138200860753
-10.614630732899277
-19.560931216764068
-6.725289612019658
19.66595946468506
0.5983505215406559
-7.187153626624063
-0.10132041171057438
17.92256341288646
17.00542295840129
-14.476260826958454
-18.46840885216052
10.827907362855488
1.5212056441841106
-7.326556208977703
12.83901189361481
-6.603024264582405
13.913749431315154
-10.492383757216546
-8.010185670343585
-8.703950263116628
16.017024753264913
10.244766657488658
7.171018101887459
18.569494362595655
-2.2772196489543433
-18.594053002371584
0.7128426461561759
11.75063447142022
10.00535195669389
-8.046925170008304
-5.768652932485615
1.173669501429977
-1.0572359897557035
18.636450009371792
-13.560469065812653
13.339035652700936
-16.404649432561456
-2.3293532964341708
14.71561651749402
-10.036001738400287
3.6524106368860174
2.7962619299358877
12.692764174963976
7.982632933405746
12.502632073506405
-1.1699988330414541
15.342381036640525
9.114966683604283
-9.871441241069295
-17.803821097543512
2.4490099832090486
6.735459803350487
7.503303844797674
-6.247953727481054
-2.530763993116601
-6.6979815878069004
8.522163005894182
9.111417101439518
18.48321679192538
17.16940384463107
2.2182815714040807
0.2767510380864344
-7.290007046220497
-6.490747336310289
-19.620939629291247
12.123365249905433
-11.961728443020458
9.729479988244812
-18.011058351496025
2.6004370981772205
19.780437047338268
-18.630698448010143
2.6911536900933726
-8.87386103839647
12.400155465570187
-10.303527090740792
-2.5913212795215124
-13.377254460356314
1.170129220283755
-8.828890756939561
-2.9376480250808754
1.7383295141919248
15.279191319728596
10.283150620692115
11.582160101684586
15.203662307825148
-16.19311411242725
-11.529051182391207
-8.359967166359311
-9.780786429920116
-1.9213009806396428
-12.066516973202969
-5.009908190578635
-8.942690554319928
-2.5238037359880536
-1.4811121388795527
-7.352760315224401
-4.979105647039109
15.830625562922535
-15.584892984535564
-15.343429653764463
-0.2669917419441177
10.836173334498792
11.558553009822262
17.823746708865528
7.921228052936748
7.200637183434068
-3.0823891186275496
-14.430537609183038
19.659089673760683
15.601347147004077
15.811216620734712
-6.754328734910855
16.305206999905614
2.0890089969777
11.037692751756325
19.33885339153106
-19.015578023203624
15.650964928097167
-9.260842103228875
4.199097437053755
-6.60539290873003
1.6286303109443807
-10.468478369767196
2.742274576836415
-8.944609575816855
-17.36199033595028
-7.121958985355539
-5.26434279834568
0.4319254582625405
-15.422844861882389
-9.394004497340806
-15.980777790521934
-19.09944599604501
9.09299612320654
-3.4761654480128534
-14.417046182671701
2.289850338404502
-9.506821125903162
-8.618272686448805
10.252286295470995
13.571348899019398
-2.5081347324585366
-10.712971078977995
8.427008013252284
-1.3070851148040283
13.432288725812171
-14.633931097867894
1.7058181817148466
-7.098191205228117
2.001565078376416
-9.066773443426307
-17.59573327479407
-8.312456487897887
12.009383046050239
18.245160292372006
-18.983862682554715
-11.525580788903111
8.660055406112981
7.763033788022369
16.113875518087227
-1.6524922662658845
14.685939128305442
-0.4308904186025515
-6.670213135500195
13.198019798757471
6.076332227058707
-9.030531527605042
6.721301918675387
1.307482944740535
3.4929590413227274
-18.141488826626112
-16.95510159180992
-9.543405603310253
3.9058664096694393
16.359377953490473
-17.01184814105614
-1.948470562931135
-11.576510135104602
0.1382277028040626
-19.716283946919333
-5.297930306287611
-5.88285901527124
14.581016024368047
6.067750211391825
-6.864443393989465
-18.492557230920955
-10.581774685794958
1.9743020352533556
1.7473674488196025
-15.43800298846643
-3.277484553274242
11.334524179530106
-6.578810533637466
-6.320202410802702
-9.256130880700852
4.115654499015335
-10.84983195247641
8.282878732436835
17.185658739908668
-13.08286596172902
-6.753926410514236
17.469099468921186
-9.65694927573773
1.649552225002438
0.8282628276413284
-6.065994947139917
8.410407461742292
-8.985845815376301
-13.017765684946617
-3.1034194431453415
3.2300210896551995
-16.469985861293893
11.557318582641713
15.044055003689103
-0.6635869145551929
-17.824871396195853
-6.203882072465973
-12.517696378844843
1.8929828884057613
14.016158947662007
0.014961838933032823
-5.7778648633835985
17.808291658356048
-15.20777063063138
19.743777509407337
-15.946964795846995
0.7865700490971719
2.3912457817146233
1.6771725458019873
-0.8095038145402853
-3.042607619572536
-6.874950394884834
-16.72555930769024
14.351631221648319
3.5237945330039047
3.4092856844697366
-5.586773807338151
4.495587460083222
9.222148960036527
-10.793024212158526
-16.86588584915428
-4.911953174983466
-14.086471219161233
8.491731061156457
7.525177475817507
2.3919044312011906
6.255827864591232
-1.0686106682307717
5.103126422311966
-12.537595818782705
-8.417317844663934
-14.80103292377561
-6.5564170707567335
-7.51122897669266
17.438253458287456
-16.85374425203889
14.177078965472766
6.411198008055827
-13.96934115901181
-19.957586823233314
5.6781254586843986
3.5959364966197285
13.604595834443657
-2.5613453425679786
2.6712471135783318
-2.2284873877574185
1.4696551429960216
-2.0952101095853166
-13.493486903661097
4.716166796480607
0.1345189247205667
11.145602540917686
3.849575235224549
-12.215420092954808
-16.158212309415504
-0.3159504528132082
-16.51819484764024
10.17624880618978
2.0023154507813246
-2.7680683966669797
-2.553215808061296
7.175476940054924
7.416467133365735
-16.152205656115456
5.932282458931436
4.339012706746864
12.44861739444412
14.958252096019912
-15.056420711764623
2.5647375142824274
-4.67560281137736
17.675716891908955
-7.380693591336961
-14.819552295871041
-11.384776306855837
19.67293250000003
-7.652822613335006
-14.932241457743046
16.744503748616133
-14.212482000740945
-11.415733055276354
-5.204471451031299
1.0190735290882884
-18.614352432086953
8.304133294173475
3.632489128582165
-6.753831853116861
8.517569637646453
-9.822089404286194
7.808785690867069
3.361248941370686
-12.271694955140182
0.746177564775131
10.15977248829293
0.7157677830786184
-9.28354774498887
5.788800606633735
5.792989501158882
-13.18712110800596
-15.971890348058269
-18.038741482036205
0.09048755063394509
1.6604406381586756
-13.0254022103792
2.511760652766256
-4.174182330453821
1.578108659146558
-8.774228300287191
10.352928214065411
-12.272413026684447
13.87292040709859
-13.501158760035006
-13.975397827360233
2.441812927462024
18.558938249781185
10.171747518946464
17.52059810179695
4.117279814432425
17.72450421873149
-3.3372897009635025
-8.254747438846541
-7.968075701747015
9.133584196668778
-0.6835796839829271
17.823832186249092
-13.276553884630156
12.273304793285973
9.342030817580337
-0.22404296460658912
-6.434238569206737
-11.766123975910379
6.892285002984341
-11.807361830257905
-3.8662491102271765
-19.943173542910063
-14.945119576987755
-18.881537422993375
9.370387898892414
-2.939329730243575
-9.525798240962335
2.5337010986303667
-0.16030862581708405
-5.1187680642990685
-9.109100204295482
-19.001501468906532
-6.811994401928999
9.022941488286882
-0.3041693503520051
-9.584390358963347
-7.1917589376571165
0.29328283086662665
-7.422488189095166
11.481792858301844
-5.706338530488715
-15.734103000651633
17.08872536269402
1.7260313142486439
-9.944928358572733
-3.7645299563487953
-17.196496341675108
-5.089354729776483
0.16226104898073146
10.440486006292453
-13.69024942288172
16.361862459917553
-7.916321033022392
1.016095425458495
13.140474966821223
8.090094908855523
6.085293629973904
-0.8565596540742746
-3.4455169814689945
2.270765963028694
16.140370781916324
10.172261377976085
-9.174461538710146
-8.337053214046936
-10.333395130043904
0.20866377346394316
6.7028335435629
-19.25302622980301
5.046772356822281
4.235388209981711
19.738367032041737
-10.941366710532382
2.067033091470222
4.700553038894043
-11.928162395494176
19.522562884970064
19.199218661275232
6.200161336121749
9.147663186700598
12.310502732264943
14.498105456447718
-10.301147746310843
-16.571581918702954
-0.5900263549482112
13.414198125962635
-0.0346537773105311
-8.472590534486617
-14.25889676346442
-10.809285347123385
-3.3929407780025578
-9.432206829207956
-9.552038234391066
-8.513306661075845
17.59249396664724
-12.30503947861996
15.251858114569067
4.2202255107941085
-0.7897577594563288
-15.158863291632244
2.957879459512146
9.279037658151633
-9.3851188212125
17.61674069211007
-16.421394712077785
-19.56633532061851
-3.8858626952747635
-14.271542980179671
1.8311301176889572
-13.039423436436572
3.1503069328153472
17.38041287339763
17.85253313930052
1.8282815689162213
-1.252895074529917
14.137200805686334
17.3001149272769
11.99609996692508
-18.828954822457504
1.20489631549448
12.420850292145218
-12.015297317981988
0.41887393743929024
-7.929465870966808
0.6446407939398355
-19.41564229836532
6.605495388658657
-3.183487446367245
18.345712971431176
1.250921498481997
-11.297493239897518
-3.1534378129769323
-16.07373055960871
-1.4535885730303306
4.1297558287611125
-12.536981657181695
-19.58719628532288
18.378659619558242
-12.219420598560298
-4.446181384064904
10.06499688628729
18.8876776797659
-13.341431732074884
5.811875811609461
6.717899761437131
-12.594908424063082
5.301121798669367
17.794342421122884
14.416843338626045
-13.27604629729997
-1.0439346160084106
4.951874585994442
3.9236902077885603
-3.8252840858953405
-9.219522148743774
-5.8100945538666195
-16.439189252411435
-11.370005342362282
-7.553297468176524
4.760540147791062
-13.367960129431577
-15.100324013263764
8.64138788388044
-15.114200663405803
-0.4230806098932014
3.0977063989432274
0.8707778106137525
16.899480703672964
17.10199264688032
-19.515224115666427
-16.90060472982502
5.378474437219815
7.669662488375742
-0.61377517699772
-16.40810790616643
-13.333640782383714
3.249614022124902
15.633689750407846
8.619732490310625
-19.833358594047084
-7.520735820152819
5.768265893985038
10.642890880587608
1.8747616708221955
14.204831086050817
7.147382429320871
4.1351886767562505
1.0968997310466548
-7.36662612186937
-15.61919962073723
15.534012243923314
6.160835839428206
-7.351665747641327
9.3399106187969
-19.928717192694258
14.46416920798692
-18.73010153715525
-1.301843140853837
1.8469562895956635
-6.736417467301221
-13.795242329547118
-4.312391640591242
18.312133203837632
8.4678895046728
10.176397340812006
6.802482319711345
-10.441821847967802
-10.487208793240308
8.580605194283322
4.454916207860649
-19.298973663838996
3.1738891432783056
4.475644402489305
-10.826265048030312
5.689086852521395
10.930196377273951
-7.6824305911259305
-2.6348134126368628
18.29121326085587
4.754300803917026
-19.593582453437946
12.95072967045455
-15.214086561883441
-13.673253034473793
-5.926151088234505
15.096641839529916
-14.831876726609249
1.7647487431001387
14.34446452588923
-9.465956146136726
-19.161226038325736
4.060532455158441
-17.21691427966149
-5.1914646587591875
5.8681334818513164
-7.508619083103323
7.930324869974452
-19.80304209943281
8.40947973708407
-15.805623065325328
9.200289418315695
10.821206252757449
-10.461246928642938
8.831182787617795
8.978791049876364
-6.194455247525529
11.914515498043098
0.45894924196701226
9.711559054745727
-18.173552284149945
-18.118080255951583
12.800382590599838
-12.953065593275932
19.481362879350648
-9.233371911857592
-11.442897928411643
-6.934786559376672
-7.806476955158917
15.141517890960081
19.980891824369827
1.5356440807057616
0.866108248777703
-3.1557830894330507
-8.6572281107259
1.2977846931343464
-2.1631427112407877
-7.032329622409485
14.718894876301597
8.339305258610281
-0.2291485175161796
-6.200979298743089
15.863668691510014
2.6459555368267154
9.610990531193142
14.701142645584689
7.817472620928445
-5.0243942027660715
12.14190736024647
15.034412976709739
12.858114569152349
-4.97265856262397
15.147974261129647
1.7427776112353932
10.21221044720033
-11.780003358246622
-0.4187907425174764
6.282981857725808
13.054926807355443
-7.4412803732158075
-18.1543054040864
-7.312247589863814
-15.073390843796268
5.779294901679684
9.83553441036214
3.665210219856604
-18.751197622884842
-6.326389884458457
-8.214495127600582
8.148333090372901
-4.049446361797564
7.678270688379804
10.738213485919395
-15.486009429632466
8.405130560856172
-16.601093757971196
1.04288540715174
0.6124613876597209
12.174332056637489
10.224314845255492
-5.375376565432459
16.404843472389132
6.643277007257478
17.50014133785846
18.913158763605622
-5.159356154200401
-19.558893494769727
-11.512805579052706
15.598920567647909
-11.816734767361439
12.53449180416115
7.592223854559855
-7.216042447602792
2.92444523449506
16.549141457844243
15.770605939852544
14.077750492862876
0.4329569723107731
13.634575267670847
-13.981979414317593
-7.799922104056417
-19.91082613531529
9.148723487148146
-2.5472092389452143
9.00629741678259
-1.3619252677487452
8.446060802798332
19.524712053211367
18.659841103816774
-16.41175645028403
1.8382722228482535
-4.677299055301658
1.06802884882309
11.005359054784648
3.1925231247371926
14.337145225046946
-19.19889074973561
-17.923958924032398
18.063612556652657
-5.8761420576259695
11.372971624986402
13.996510806105931
-10.345916694445926
10.725775535951506
-0.1604753029597994
-14.899013072262907
-10.864129005167214
-19.664675534037677
-0.905623234458723
-16.064622207951
-9.810141749130965
-8.543080198167932
1.9750871322326233
-1.3572992404723436
5.406026475784294
10.931405097139077
5.5739369037338875
14.638152214010944
-11.581737163601353
-16.742554366659217
-13.351095526492237
17.91757161696453
-6.683498027649048
19.427398277248905
15.890988885502374
-4.685435519840633
3.068956274638186
-2.669038776566495
15.49743127093047
-19.78861215346771
5.33811733515947
-1.8371834466663373
2.7874445410012108
-17.96316671294472
-7.560799161125926
4.337096368707517
-7.672529319690895
-8.552299417557215
10.72035468819113
4.5045579830344415
-15.506857264831941
5.603028601554886
17.17241830851301
-11.5955626572017
-12.99534586483178
-1.326970252946058
16.921038408605895
-1.1796060805638966
9.359580294264703
-9.640323775282864
-17.526980669313378
16.92466481339551
-11.095585835799548
-0.7922275681311142
-12.555307504249402
-14.959356565913268
-13.692822932348548
9.11458083332851
-15.092939453831553
2.153094573532268
11.119669001877284
-11.445867922423112
9.608326368522114
3.5973383808989503
7.667749207694211
0.8953190853487989
6.983851658986623
9.650980313387521
-13.58687986432026
4.0887114807648075
5.622038107316758
17.38285358004311
4.112753928887727
15.46932475192748
-5.075471595148109
-12.123757914125214
-10.863862749006188
-16.080289755113625
-4.402641021348334
-0.6885208272547345
-14.248029226558332
-1.0902643641336205
5.504311891331529
-8.859291155230142
-17.299868582313792
-2.3954157460012695
-19.81377441414004
-7.521864723901196
1.9079093143752992
14.678897706396839
-17.067522746009487
-19.366670506576437
2.1829071863481495
-16.448547278623813
-6.954641691927899
17.458479002322697
4.667289706108328
4.802251244887717
12.040335365546987
-4.821440769550298
5.439206693126444
-19.27500622823548
3.7394851374155103
-9.029320886572263
12.497570016425463
-16.883973973389903
0.9876895988252485
6.7203436610003
3.15303736745895
13.589444357743702
13.048988344438321
-5.893602619162547
12.38584698763772
-15.59862124954524
-9.577187150719837
-1.9407416659313839
10.100364179243932
17.25927793561462
18.889626880968613
1.141070853246923
-1.1973520612627162
-8.355582758084243
-14.624212923152227
-14.256709387225218
-6.2635115234084715
3.3395884072177395
5.507841480019447
-18.431528434098713
1.8359552396136714
9.022578854855855
-13.5324524708646
-17.71791159338032
-2.0107306759284036
-6.905083899742333
18.16815019355333
15.796670445987317
-19.22255522452168
-0.03208087710732599
-14.558109452988202
-14.044733039756977
-1.966278106486648
14.10129646908237
-8.07347274517976
-4.579819004752025
-0.7186049425502858
-18.03705417166947
-10.532082798326282
-11.558905118720059
11.489829460172345
7.275522231276067
-11.781295567843358
-16.872137075788647
8.060141732095975
17.583239359853216
2.4346886857783687
-10.059465268402423
-8.09968482179871
17.10894741118232
12.63971839467142
-4.8614003579207665
-8.962707779739354
8.59411785893466
-8.834897026360435
-9.689847397967316
-18.420147970683157
15.439502891055596
-17.538299159835834
1.2991579179020896
10.987766064542196
-19.7250736573141
-18.42204381305489
-19.917826705693308
18.772076477016753
-7.1906819822876535
-16.375038022173435
-19.314614716245035
15.556755778291482
-11.269286262177474
12.599492351445562
-10.400594458777302
15.865289185122876
-0.1203341406280245
-5.151099003307289
2.3830368917684943
15.761704369453042
8.469583580104121
4.283086731145993
10.097696619948525
4.621585923236168
10.08168954882877
-12.665201188880712
-17.250792487194655
-3.1686912443835915
-14.658109156347034
-5.08575638606616
4.779603318600778
-14.572059352895517
18.5316289340942
-1.9795137619404883
4.491096832454289
-15.585162115831812
-2.7802959652122325
-15.623652642952628
-13.471194878545724
-0.5260839825181982
-1.2048139935805864
9.244700143633942
-0.25322272944023183
18.347364586674253
-10.611472039466037
-4.092951330261574
-7.848563606024497
17.031012617859616
-4.626469907127069
7.136874637518709
12.186232433345168
17.12467691974627
9.239403985432311
-17.178762590263567
3.259194468438892
-9.797731091034976
2.139511554678535
-2.494469594336234
9.96145794280432
0.2234898400126042
-1.774318072591356
3.4375921886863026
-2.300800888235848
-9.658112925627416
-8.884475951833291
-10.619953481228826
15.323439317237202
6.681533378992555
-8.974492569031622
7.793934733406289
-5.943312049450956
6.905203060857797
8.18803903791678
16.583489606473428
2.104943236694723
-9.645014739575934
-7.398068166640757
4.79178445169201
-10.663655964491298
7.830671943252128
5.177485041700027
-17.610515030799142
-18.77614764895336
-9.211903836907304
-3.725467352393956
4.37560403850744
-1.648599791000752
2.430089009905039
-2.2072710684233634
-8.842539259805662
18.800410272352536
5.094845804494895
-5.040473151023335
4.001333747773366
-19.11089228327958
19.516688996249037
-13.274994261989793
-12.152058126038394
-18.67161108017351
-1.2144883051974311
6.434781370699454
0.7501354517180019
-13.834455069360448
13.552101769176346
-10.67334612603232
3.249367754655715
10.986699638819104
9.178981446003519
10.185758866403056
6.378010295832585
-9.345906631446486
-15.726261338919247
-13.407692173708071
2.8480768097286138
8.33309563702931
2.034272331443134
15.743223889739937
0.8781228598500235
-17.06881070284245
-18.596078172920407
9.345259050648824
15.574377210454301
18.013891278539212
-14.04440037860191
8.321583168968388
1.023832867309693
-13.907683203432327
2.0767734279441115
15.588653388137615
17.262805611109528
-15.730591683288612
2.7254400528407103
-3.790937505504303
-1.6712572042965377
-10.028881501147042
-6.9317627014650185
10.070387772628212
10.81619356983095
5.677149237805711
-1.0344086938307342
7.445586476205975
-17.093118841865177
9.547161612532133
-17.83603313974473
16.493276246651938
13.137477289149956
-12.452745451759268
5.561522946488893
-18.945473562141963
6.020128023214912
7.57494163212948
-4.435775189354807
19.59562241617131
-0.3590259639675786
-3.540782202378953
4.554071019980807
19.34761040658507
1.149050055251788
14.129136402977977
-13.954120336243419
-15.403365637317904
-1.5152301710181035
4.618904876430992
-7.816517640425431
-18.213672533800334
16.44984465806271
-9.342717990573606
11.277985147503472
-9.966879451766735
-19.864229574802778
13.767633169675292
-9.024375413460737
-5.238311378397281
-17.059184350916254
13.093333990242229
-10.182797821278724
8.865602372834527
19.796065461472352
3.8528901533671167
-19.670484849655054
-5.08971856226816
-17.882741200581126
3.715020569492875
12.406630496894564
-8.323331270989325
-14.834648137354263
3.3854856045232893
-13.578006310877782
-5.733054390786538
4.023724369075772
11.409935493795356
10.61856331368071
16.92612196658208
-14.84819415540844
-9.115284468041986
17.225290081481432
19.25026493302817
-18.52293595781173
-4.1145847333877015
10.445587228054478
-13.094586183799928
14.973998917303625
-7.362656835311597
-1.8687673157634563
18.053645009961762
-11.366501805414586
-8.760743538968017
-15.299430222910937
6.094858481841339
13.770868016892642
14.162737935357328
-10.857085933912728
-19.795517463624016
-0.8324485056018673
-8.95107214318652
-7.5935232938449815
8.524197213844097
18.679839479525718
-14.399853622062055
-7.8425657570160965
17.10444862208203
19.65304341311804
9.816457924271418
2.31538129345655
-17.51207455768835
-8.02730798011677
-10.797993108747335
13.698734600194626
-0.8641424176194548
8.257640633940092
-1.8260772276979225
-11.329819502523346
-6.611569101914835
16.844276324928714
1.3626783155456863
15.684894333651599
0.900811139846649
-2.8148028362369146
3.281928746304459
4.77662468049644
-0.08812369829820454
13.209324441114589
5.161946813913186
-7.741594091245103
-9.305861505356056
3.343723411512304
1.9028197739114674
-11.653819553723409
7.908493775602004
-14.878054783856825
3.95039546793236
-0.3116815148772645
12.524633996642606
5.830077359480828
-3.299506732849423
-11.304620988230777
-0.7338945824696452
8.127747249206571
-15.789843159976066
-2.995180918552819
-15.429546451058677
-7.193554396069075
-6.208999203181648
-9.482453656834156
-17.784363041487264
-10.827101593774122
14.673884200031097
19.664713860880276
-17.536809625217778
13.075392765965866
-4.035308779484094
14.90845193256122
-12.640381656707591
-2.0596538479011492
14.83116144091069
-1.4208891004409132
-12.967867683653287
-12.372762921371901
-18.09131436547693
15.082392825431768
14.359023970902001
1.8762340431083402
9.424919879201337
-14.781069453002953
18.406206449262427
9.982675536089435
14.753634421037141
-12.339682667340583
9.942085820157974
13.141479017381428
-15.098656700224065
8.257914071767289
-5.368469912884404
-11.262953278374477
-5.610802814051375
-15.007830006152446
7.487863063069046
-1.0560410504273854
11.371303008314449
7.573527218543312
18.82359305200668
-19.78414697958527
-2.7394253880220987
5.0998097119474295
-14.265040763836545
8.53761324704471
-4.903343714031951
-4.095936898260884
-8.650873912219804
14.7514749453794
-2.5001658058164793
13.366263317227165
-9.799960165968699
-17.10715884716617
-11.325187019403984
14.479732405488768
1.600263876270546
19.485900343370048
-18.798646201967728
19.886510560823602
15.682658689775437
-7.187901077808792
-0.32270718672423016
18.10929606367845
-11.470596189615442
-1.2673066854210155
11.764756985418352
7.99697199706895
-5.987694482344548
14.023697998645169
6.211194425846983
2.997829003063348
10.207600657861526
0.321594563527011
-16.69727319478712
16.441405576839657
-16.23490325354907
-4.00199966017027
0.9661681067491976
0.45780342332514934
18.999241883183295
15.55368262538601
-8.514326028922587
-7.390973570164338
-15.79874131288216
-2.52744545129417
-11.342557033704214
13.180236172801557
10.123376236386381
-5.48400107505994
18.004808490831266
3.8318311514647547
-6.725350956298843
4.384329507506681
-1.1831593064316728
3.0937810678655744
-11.07180602655809
-4.509264776093126
6.509772913413329
-11.946681602578009
15.346610616171063
5.965933676876194
-10.936248732052519
-3.5744688440408368
-9.25439039606934
-0.6757961772446954
-9.998499446324276
-4.522713710106995
-15.114198477873412
-4.294605771889856
8.42219964180461
5.7779661861944795
18.008788638716965
9.004319448725742
-5.473090599781315
15.553305119440054
9.207340377937307
6.020720438479064
13.118031642831447
-4.825377505599171
5.903012774011618
13.321196712827444
11.417020984741782
14.88837609214373
10.133033468161639
10.389602772153111
16.09283834498796
-6.729656100969596
18.37505413158921
11.06598469917089
11.728960098184725
-0.17350866203663173
1.9935738012143212
-2.0792396210478685
-5.947004979710368
5.105989064887076
19.376992615277196
19.77963390135956
-6.189760823154057
-17.88935065648458
12.110881093141458
10.315647469455186
-9.326900742914056
-15.849563350937261
14.880650010087784
-12.808155572227822
4.211945151441942
15.03915291033909
-4.749788104627207
-9.378915231548408
19.609174128270226
-4.778394210117494
-12.085042186546996
2.065155211939029
13.495633330487848
2.7963983027644765
-5.937674296795382
-16.937888326358834
-1.1972736375968864
7.368603098457697
-11.507047330419562
2.7328866133495033
10.732593779732682
-12.07199552742281
-13.231074798492068
-17.881383940156866
2.988422329130856
-3.8129492535170897
-11.110940268618297
8.521997891881572
18.709618866416527
-9.071093500819734
10.763897620934266
7.549233538973535
-5.772531681164175
6.452732144538118
3.4166366388661515
12.33655909129434
-16.641759015285523
18.794894082973705
19.707516931343314
1.6343634562004716
-18.788312087109365
15.795380243615583
-18.428183793302225
-16.293396744628392
-15.98077404278559
-13.700499735862671
2.3985517285328903
3.1217381707546643
1.088872229388631
19.061198380898297
-15.965222518747723
-4.892170925807694
7.38496455773992
-7.100444606463894
-3.927149696545655
-12.301756470181925
-8.845956402029053
5.768022978130368
6.558025985776091
-17.879759037726927
-17.5879952632155
-10.95745474766765
-18.68112185600236
12.506892702157408
-11.87912567671808
-10.312125815629653
-1.0886335508179315
3.332171802676452
-1.1013516813367765
12.639521988435988
-0.5733189740721301
-17.877497636459285
-17.6753519313693
-2.6305427055815187
7.244320379925959
4.1741138851306445
-16.59278929566873
-10.480280925414199
-15.142056863531943
9.52687304673201
-8.455595376265217
3.7441815215300203
4.340472628367248
-17.89118305810137
11.08841870889578
5.8546967433591774
15.218464452492533
0.14005924217532595
8.972314860969487
4.497044379163704
-8.297455150246499
-13.993253865817671
2.9028578088603467
-5.40089408230112
-11.199688463786464
6.621164758904804
-2.816606801891133
-14.531004724726264
-9.389455557155909
1.4401856778899713
-10.06619597243752
7.665012710305344
11.666795123588805
-0.5797795078611081
-1.0937016368284667
-4.745888148211087
-16.56124535342019
4.625996267524776
5.255168236422115
-19.886967546710338
-3.274916269014504
5.154463078102118
1.1380621631456975
-2.6765367845362533
6.950848326073352
0.2816111052245276
3.2154006082376263
14.655729553516736
3.516382206624165
-2.3506063029685507
-0.01230235428550941
9.501682953725599
-16.476819042365353
-18.97071424369471
-5.989050621478933
-2.3776972695391905
-17.60723216916096
11.452174904221508
-3.3211165754743455
-8.50855033729566
5.754881721428781
13.460420887153646
1.118255229744939
9.20248969482423
-8.37952246507827
10.050183696627414
-9.003054841448112
-1.7586410633271576
5.658036731276045
-7.0552301238554715
13.52885253258308
9.815481215529658
-13.198942899611525
3.6087230990717245
16.801325247066032
-16.605960419982686
-8.496553438193635
9.01709617113319
17.066526354886797
1.1273795211662971
-1.4082293903675414
-12.581485081572566
-11.033731105449313
-14.161996457809206
2.8693292764113956
-4.696337506233208
8.325224380733928
-8.93348531134495
-18.445894038108488
-16.74614376998559
-14.038940654231805
1.1539711344488524
-3.9588010594119396
5.835945141251003
15.831253806589281
-8.168797868196865
-1.0626262439581353
-19.53091721032772
11.619861564830064
-2.3493135391530373
-19.50981438874573
19.1721730356995
0.1706895097922434
-19.165269460496262
-11.89888575150503
16.359972864890075
-5.747075441945174
-13.821359995487207
-12.452246890555628
2.5836976250531087
5.070821928071027
-19.14213406568695
2.6814203439476856
-5.935853116433307
-3.0906228492068877
-11.382034963409255
0.26772226271141975
-13.300390673538782
-10.848652836158026
11.064837024394759
3.6982229902613852
-10.004778793384137
-13.867373174507653
-11.674779437631098
19.49638820864677
-7.5453313204609
16.18114277827474
-7.549027805592878
-8.529893788474027
15.176381309682363
1.9906413882705607
-8.3784147452252
-5.9569781626435425
11.687018115589261
1.1977178820501102
-1.779824250536688
8.69087950368992
12.644984220366176
17.564785008979385
6.358877646242632
-6.25490896670958
-14.60093094766679
4.886897676386766
-19.215270968040915
10.488663777551555
-18.84643752400048
4.785165675337474
-8.577589038701102
12.073156540228489
-4.8490270178215145
17.581488831775587
-1.295888088262295
-8.75167146451107
-8.075918649737122
-6.087563892253041
-10.59850426669643
2.951527026061992
13.461734383241158
12.748307730065676
-3.6847999668582077
14.149669158729509
15.390028915338085
-12.966963614811089
-13.787877542699047
-8.713703678345354
-13.254738358749991
-8.357382869725601
2.9003692351095296
4.341696652538857
-8.819059110373244
1.618764690986719
14.103229277700208
5.396828475064886
-1.644732612291886
-17.426164050236906
-15.913636106751806
0.044235748754282156
19.823983090713774
-14.943082243224758
-3.5415293676269
15.851092773621154
9.34265083053246
15.554243776554003
19.944337383952472
-8.602691020523906
0.36073027327110907
-16.12645244688695
3.362443343492224
17.145751441597056
-4.49422804834866
-9.463032511864835
-3.699055359555807
2.5543560467735347
2.769232514456597
-11.968390321969968
-18.983210529707037
1.22575470090257
-5.49741440677456
1.8592680294069766
-3.0398148773475384
12.830714900327948
-7.499606532066988
19.80525389693402
-1.003718154280083
12.046001854451092
-6.447352435851354
-6.3007568746677745
-7.206952290524725
-3.055920673618484
18.06992562750498
11.83022843241153
9.634583881574216
-1.5903040093894525
-16.626492388263593
-12.377841415216121
-14.586766827359913
17.65848008698587
-9.790019559634588
-10.109748959580728
15.694208553095358
-14.150437912031126
17.617789371015697
2.8540767583709616
-2.4101956091565278
2.717536042391945
-9.507045973568609
-12.520736150987632
13.814878600280771
4.986862644531733
-14.594288678760554
-2.829741900917412
10.514073783509414
-1.1112657231545597
15.197777668409493
9.32386983596804
5.941744313362506
7.0814600894484485
-1.759276097481326
18.22856924288797
-0.707940485892987
11.632461590146114
-17.258153660603842
-10.58639757171687
-14.213366877007987
-6.7134123690326675
-19.402446734461464
3.150949327826794
8.498921311553978
-10.552172287630528
-15.192397524841805
15.404257216302604
18.823075656428735
-15.250507634298893
1.7333632269705888
-9.415825891397391
7.849669382541414
10.163668474504007
13.307446755505794
-1.0853325496792081
1.755465898363589
2.537720516550614
16.102584482411764
5.587986974022364
-6.076202232845439
-12.754842630125243
10.603346008931481
-19.057292737782113
-1.8149819645051757
16.971481135378063
-10.256554731536177
2.460194610591934
3.5272189271397707
1.627364952316487
-0.15074129605518038
-1.094614004102521
10.788710882494751
-1.2942721300356617
-8.682542440587637
-2.328397813219503
-3.162475502963069
-7.886844123926956
11.340453066187386
0.6283908253965755
3.582423114145932
-15.498059486769806
-15.053397287194947
-6.859462763177069
18.87858253612074
2.8241027062796853
16.681667336588774
5.541663061319191
9.316209325488028
-16.98780362672014
-6.835289494054631
-12.667880221461942
-2.830860694310111
-0.3454255003347271
0.21760006366919526
3.3191637643837666
12.267430522316381
-6.229382989705577
-3.7039357342623767
16.39471531658085
-8.739093103325185
17.21884486453171
9.837651205342542
-5.351303070522565
13.639844603574346
-13.79288601658188
14.738440469571515
17.733219538636824
2.8940620553039267
-11.130415960940208
-12.067634277119161
10.888830316530086
2.5576195541463633
11.095441952599572
13.68103310443496
-16.110761188102252
12.514439000699362
-18.57262595723869
6.066752542813852
-1.213382119599899
6.303091720917028
-15.673302515108816
-12.792106595838275
-4.28789524155734
-17.725482906546127
-10.1560808399858
16.828484454333974
-0.5763020461014854
-7.427530913567871
-19.113740108049527
13.145669899597635
-0.0032452974883341312
17.64661437092672
-5.186796360403916
-7.80812910985841
11.608671820170539
14.66776176636185
-13.193061677380452
12.342355292306515
17.50471917666816
-9.496036524797912
-11.834454292445805
-16.174546486707712
-10.085561407655765
9.605211399814316
-8.301673091703293
-11.719177851040898
-18.95135753678489
7.162003525270308
13.431737299487231
19.874943174987727
-17.209822071288517
-6.6781043263175235
-8.281515856440418
19.47411340729402
0.3354229407404752
-7.684399833240349
-7.35366668158365
3.3697121656908138
18.195008865256035
7.066560708057086
2.24967569166429
-15.39705676155533
-0.96182575632794
-19.186916016421016
-11.104614898062653
-7.31419329992217
-5.7721771011642
-11.087545649756429
-8.313167322907557
-2.927767693058424
-15.911250138069706
-11.774392883083014
19.23697641557665
-0.6583925525941865
-3.0499251815624326
2.1914573598796316
0.8590664524571814
12.239052664732924
19.4761961662634
-12.953763641698925
-9.839216534418092
14.894984181064281
-16.186334324779253
0.25812595402076255
-7.66747490633918
8.39673166210991
14.404663990787817
15.448194635409045
15.497614922370516
8.617760685176712
-7.415438796676167
-3.2164745668791497
-18.83762442084486
3.252374608274021
5.373030528625776
-14.892004569563344
4.313735939072924
-17.565725196645126
-11.870561400080266
-0.16779446824980582
-17.64867190707609
2.230248067435685
5.504690208505686
1.6380194807258732
-15.455827569634671
1.532959631150483
14.365912893515315
12.290484414251274
18.326317280872104
-15.906655116107062
12.468024432613461
-7.184862633852042
-8.442129961347419
-2.941799619637976
-16.368273398904265
-8.639483466904302
0.4274562831737363
17.42432623721536
-15.479215676863936
18.16593222214901
8.799997657858455
13.742501189413836
8.984729196396696
-16.017854869126126
10.068200386538642
3.4115386764558977
-0.7479270175077986
15.102018989780007
-10.852410370459843
-2.429942326070492
16.03963105298225
-4.927053964465241
2.3696105706150377
14.82077159836588
15.142009094772384
-1.9019766504000692
8.018307008398281
-18.481849882248078
13.876336817617833
4.714190538537068
-2.0746760409060805
-19.704411416476574
16.93289480313765
6.488117150912171
5.893523496754227
3.3069566412190845
2.5410875888377014
-6.815297263448347
4.950426691356334
6.39015065444557
-17.043771960614514
6.163355845777335
12.939805024078474
13.469795409484384
4.023311680478766
3.253947714391753
-2.5243750634432374
19.109006415041108
10.930511836591169
10.882847067489422
-10.073991530866682
5.992596416168151
-12.311212263978074
-14.257040354931721
-15.476460510929693
-0.7941349059580851
-11.4916910523336
-8.538848860847
-15.692053486557072
11.392065745770402
0.30246496885034446
-11.10238283771487
-5.89904987387162
4.724273258813074
11.718281021472599
-19.764659118816965
-18.15441255338974
-7.046608811036172
-15.999144238096541
6.279744165571145
12.801639791942648
7.221929856963708
-7.694078526637757
19.462788509172753
-9.981456409194372
8.18760209660131
-14.037244447620637
-11.818473548356714
-12.392863830817294
-11.869081749255335
-14.741248700725107
-15.65668268438127
-18.852240952901255
18.132765270856716
18.25517475441948
-6.865387244472503
14.867042336669307
6.764001002821626
17.84390648336192
-9.346284441038017
-18.804669475754864
4.095345052198361
-19.208727647745235
-1.4021966479679548
6.511664576194352
-9.682248146513484
-13.166369847986413
-0.9710640142349476
5.934936123863679
-16.08876529936954
-1.3549845340111943
-6.165144865768042
-9.045842898813401
-9.69102576327936
1.0081098548479446
-8.925708139070299
-11.8921823346469
-12.154122985351158
-1.1810251973501629
1.4901560996410943
-8.809402783415688
15.998723236127816
8.2009476871471
-8.42504732639723
-13.37918725702286
4.863579400978534
-8.568664736391813
12.267401359716146
-18.246884212518978
8.290929833888367
2.1458601489890086
-15.293917593470173
6.484243566443144
6.253303008711917
8.006864456426449
-15.997927535703273
-12.689599924752596
7.095650009559531
10.509662755903367
-4.231508996087765
11.149101510548714
-18.46682473593613
16.612966456125292
-7.865683711864193
-8.108726515823491
3.9037480339670196
4.62096772625857
-9.440168201259675
11.367010737068206
-0.7120378908840976
-8.820778991616628
6.083905313872357
-2.775005120099504
-18.875499832045666
-4.622925933444071
15.904566575374368
18.12459020480395
-10.184365350247235
17.889852849447607
18.3128747098786
-14.078684154935704
-4.120524947834522
-19.010867352931925
-7.948360230861544
17.103758199779968
-1.5266297143533372
4.0706309657922155
7.160032478942313
-11.34090401429438
-19.792099484506608
-16.019519399216637
17.80257243399599
11.382166218550157
10.255149194105144
6.787870259807939
-10.09839574505948
1.0235019686582518
16.94571204869039
-13.589850665031658
-12.05759041243294
-17.573450013338938
-16.506791269231087
-4.15738071147711
-16.640405223158716
18.297131891486657
-17.482537372956642
-3.1536573063409463
2.248913039837813
3.4368469238045947
-0.2597250019207209
-14.714829019678778
7.961330562866905
14.18565005909587
-1.2226404330824678
-15.763327415000115
-7.0053381273586535
-17.169855354635576
-3.9987473814449856
5.603555404379659
-0.940627006846416
-11.167696694609614
8.522739828113327
-16.380972917945513
2.970114123849349
16.55269295474539
-7.866251649460629
-11.50006850445218
-0.9410700890254695
-13.586495885948175
5.4259776281509176
-18.480514420710957
-2.9412945508196984
-4.85917581027261
-1.5326653530739591
6.431286578388324
-19.23846043309713
-9.728187220615197
19.205351988926367
-1.0744962622374743
-11.346960850481969
7.228776630899247
-13.460130884170187
-12.665899453249763
-10.116400722867919
0.7137783968631304
5.1786133018152505
8.698675076429229
-6.246463965674911
14.667183231011336
16.275200083668686
-3.6070852010647094
10.514591569247216
-8.353185687338623
-14.895136162195758
3.0697030921097763
-2.267346606421505
13.42640904554164
0.35906265402607573
-13.450421671668824
-1.4573282321060503
-2.730681034620659
11.77935508768497
14.232653762085064
0.9551914968597615
13.10498240693368
-10.610982273483724
16.340999499498032
11.443310675662147
5.8800538647779454
-9.505090841048386
-13.461908397869657
-17.75010257977503
-10.322319089622066
-6.519082030097788
10.9092063258846
-5.126157449644406
-19.104919633462817
5.858242056349031
12.704687810861152
-6.870638384509951
5.677881630181332
-7.77148539441129
-4.8732842793746745
15.112767801107111
-2.639458824772376
2.0463317380348514
-18.2627411782793
-4.313411119482581
13.908380594573714
1.0267688978717757
16.794406732200052
-7.531338573413269
14.521616285644818
-13.156613683006814
-3.6204735351548756
5.898804457752483
11.356662429892687
4.459308784040317
-19.132780286128114
-9.445650576586612
13.609702678978223
-16.971586183140587
14.598721444335766
11.95748871418532
-1.9616102366397286
-3.1982882329531535
-10.981998380236462
-11.254198771945326
3.7921565686880925
-14.275994872680688
-17.36315428102458
7.44622575848906
1.461573999449456
-1.380344501825725
7.781298232921003
0.25045038688580945
0.4638285516176026
19.732623995883515
-13.18598289537447
8.749031659794554
-15.937028868841768
-17.10982122512565
5.561667195192847
0.8882149327146713
-1.0449603508658356
-17.416962038781815
-0.2593517675175079
18.35694063273033
-6.47857394513062
-5.141834143577807
-4.3901841189984445
12.395258209339268
12.860653063419718
-11.414823704307015
-11.815834295236032
7.493722345746143
-15.150179744716553
-4.8561774086432905
-11.366455019230418
5.8846567627297155
-2.1581982621643974
15.844109715802766
8.125586316488793
14.316017849485824
12.834255784862279
-4.252272237849834
7.591288145108663
-3.9861689836032674
-0.16795131886898318
17.72810352131006
15.93182497870336
16.068779872738105
4.916007117167226
-17.97144216109742
-7.830236233982127
19.665096298622963
-17.360916492858323
-8.987249294956626
4.258044126407473
5.504456395577581
3.1157626323508865
12.251940125613395
-16.424869934031918
4.183205676107981
-19.244422164853447
-14.95809192982236
-19.055647184600417
11.64789794607892
5.557761971106228
-11.67393579968592
8.117376329742175
-9.380323600493057
-14.58083632674235
-3.9738187175361084
-13.822711962078053
-11.708017050202288
-1.7429001885262565
10.418983628453113
-4.995276748064388
14.302679179008123
2.5774824687544076
-12.747715826800947
-4.7616403777816885
-5.6461410902774425
-5.629546475058724
4.391939976694594
-12.490299573265817
13.857792631589703
10.628004072617184
-14.704301887694303
-11.397831289560823
8.527016738523052
-4.353606057871687
-11.173685214746921
-10.752123166077045
-13.004353000073078
-17.25311357520046
6.255475881416007
-19.591198988546257
-8.943068775776943
-19.770615881217182
4.359914054916224
12.538781732404331
19.462540728713826
-14.30649048131138
-3.2108404882744956
5.837230534140424
3.168585646754135
-9.384399951441207
0.6487157277073692
-19.119750770518284
-6.139293128241841
7.524233344808316
8.322886865205383
18.318366326593363
-10.056333506519636
19.849508029421102
-7.170434082922688
-0.5981674316922572
18.820711788940073
4.938523570471265
6.413037724342701
5.290404379459307
2.8521645315669453
13.041329325326629
17.40117092494455
-15.22605552233287
0.5026549212720113
-17.882047678730668
-7.480953169435045
8.551618837873256
1.8736288717788518
-14.216468314320249
11.962697908955601
-3.1779846852496654
0.15005548304838
12.234229714495143
10.830376655535204
10.875925484689084
15.404597618909868
-15.546938590694834
0.3911703240297335
-8.040611223136697
-1.4958459727079187
15.721997250576138
12.048169559366542
15.60213538749511
-9.424500702482312
-18.180753085886558
18.514662953310285
8.092703575744181
4.281542821431611
-8.272751546242647
0.6068439377523944
-9.852890134949913
-8.927191848016104
1.0677624195527002
-18.744799302086864
-13.808296171581574
0.9383087567506365
14.67401665747171
2.436788363254294
6.607682373235594
2.03831352459342
11.11522222561167
-3.871162996397164
-15.706355614311533
6.1453797738928415
-16.306582943564404
11.597587757832109
8.697227426006332
-17.26093131711954
13.522070320374652
17.79425771510497
3.2839789585090955
2.011108842418416
6.064784559839445
-2.149129586546227
19.19209707329445
16.229456928998864
-1.4957925436815387
-6.533064886070354
0.4440066595100056
2.552534783316183
-5.94290481801934
-14.041538478276276
-8.726873909078204
12.062414301888836
13.835650972901938
-19.719972852825993
-19.33009404191392
6.9947916448909595
-12.876064882253555
-8.884035182613044
3.999041975564669
4.394204136231025
-12.811543761526707
19.446027581579855
13.89620995057399
-18.84218128944035
-12.316093032284169
5.61143593943865
-0.8525957215321185
-14.313349157027965
-12.928284266818952
12.553109987439825
11.111622774257945
18.58091995345302
7.497782137495598
11.921058525834528
-18.42311155090774
15.843642500126201
19.664225819496494
-9.77071321919043
3.713266308843366
19.33575116359507
11.744281876574554
12.137831665412378
1.8680991873417163
-16.43831839437049
-13.990002957742508
-5.934892154464189
-17.242869378299325
-14.610706036574431
15.558930463948094
-11.372069843334835
11.50435561072927
-8.110967815459684
6.3632208460324335
-19.726796831702742
-12.087733207644945
-16.83905295033592
-4.5968923162161435
4.2165285400727015
13.37321924524992
-4.261977379972567
5.641353492208957
-4.6339494668007575
14.497604199382224
-13.24903969421511
-8.909978264281193
-14.811481496972103
9.85023979021426
6.939445942959416
15.484903715108693
17.43794363068635
-7.569183258153993
11.90926291776956
16.486820679717866
8.957433008611773
-0.15256322351721607
6.377782632337041
1.9831269040426562
8.687891396479131
-13.775123365934249
5.541923095020444
-2.775573705834816
-1.239588617790126
2.6206734364384374
4.92492369348065
5.633210704532303
3.6507276142164358
16.850202970784757
-9.143727376929341
3.854097641271153
-11.408811617720588
7.244851631206085
-10.388866517678963
10.824747768728326
-4.958177575777629
3.5719154886459563
9.558780017931486
-2.7223744998829247
19.301866738987542
-6.438731733797969
-18.629294210092084
-6.703760021602566
-10.16529535435228
17.56144407550604
3.569992343229785
8.614524778776573
-14.5526151997271
-18.86508331989681
-6.668932723745659
0.5941027204777996
3.438731292957339
-4.850808150571769
19.473450350623423
-13.067552281609665
14.83201609951027
0.8922559597287218
16.60955982572866
-15.571027258506703
15.312673013150466
12.718294308103346
-19.81634483399034
-16.54692413072665
-4.255287813725129
-3.08252921570325
-3.131197593828162
0.8743490840763855
-18.619781467566806
-18.335944558474985
2.2948369934635657
-15.211847619027257
-11.171101939908601
4.525267298853969
14.442727003999167
6.914279494039221
9.08397144497318
-9.852188801323557
-8.922144339959704
-13.448719417143424
12.858268020652936
-17.63065476323328
-2.8931424088711744
16.513019176501103
-18.91994956728236
-0.32776112400048163
8.68806929757659
-3.658962622469879
-3.920254361237948
-13.02656858844308
-15.479554932460239
-15.467313565947386
-16.14796783423148
-1.3861104059374227
-8.769047792549483
0.3081487156587137
17.530033332847097
-15.955879408124321
9.888851126636943
13.391149623935263
14.739597936062985
-4.158378370028366
14.705608296853981
13.132828624717362
-10.905077301553172
-10.970571064462561
-8.152955519591805
18.118067172982506
4.988739227244988
0.10338834082991966
12.30697744872321
-10.712604237607035
-7.830388246583929
-15.026675293681656
-3.616931039358633
10.918280294866566
12.621049857416942
18.01473084052583
16.522204396882984
-3.3220814219703243
-5.0534402462606565
16.095710611951375
-4.130071089964407
-7.766848165703259
-14.138723418716488
5.245467173752218
-13.290489432143428
19.34674125519272
-13.596306613328451
-9.276127837935476
-6.931763545368991
-3.5967859728950984
-19.30994431772384
3.6402673693946923
-12.002349287118768
-17.254821890107795
18.403771698415184
-4.813871011965297
-7.936585013227081
-19.53429404467515
9.127482241516141
-17.417029177802483
-10.541000149473971
4.9039134137324325
14.924438850163547
-10.947493261700911
-2.861505904743005
7.026192382797255
-0.6707887788138436
-5.66531778911048
0.6514265209167363
8.781794597191489
-5.251254078174039
-13.209255197102374
11.585777912572365
-18.398743296585845
-7.879210321149168
9.195311266825819
-1