2.085532792256931
-1.3477360775794835
-13.080923740145817
-18.135493008943826
-19.882760173616187
-12.10834832788982
14.671230206204825
-14.542598134231891
-18.24312717161041
-14.144090119214244
4.227166532369694
-13.221432259012076
-18.64682996192751
17.983243126611434
17.282824307680457
-16.15090622549083
-7.800318924572721
-0.8206602070485971
13.992377166272107
-2.283422106774502
7.535384807959268
11.295852599513168
-4.365981989475518
-2.9646260284858705
11.572304543493708
-6.370682613524021
6.388078480524236
4.24127813430718
7.453192524758521
-4.191675918886633
4.586800832030619
-9.056374089720354
15.773495540195412
8.153720503332039
8.938855649657562
14.85002401622588
4.837975963273138
-16.23127761749245
15.152301867912563
19.60150010733723
2.6177319750440766
-3.9846528993840593
11.004722510382866
14.629357272954472
19.66870540687124
-13.715855628062862
-13.553344332739833
2.740072901626508
17.52042624516981
6.748529845131177
10.586964666651994
15.598586790049197
-6.38445885293795
-19.19765394891245
14.620268438534168
17.245774922451382
-12.399456072783881
-15.643077857913688
-13.642702206580859
-18.70496134552329
-13.173191794778209
-13.063581638718297
-6.341934587349062
-9.302731591334119
-10.752841326347164
14.952651370713049
7.114020651310867
17.336698240677578
-15.872425273439049
13.046679577641342
10.006983719352313
-11.221415047680479
13.691009000314367
-3.0235138863454836
-16.270522948871054
12.116489677149154
-15.19042207035934
5.980158963353695
-4.295722863686713
6.605870291695155
-8.63601171514552
-7.70896162309521
0.44997512133189943
-8.185473700192132
-6.300219464118108
-4.563297681713516
19.71351961528716
-0.4619302895130488
10.192489937849153
17.86312094167024
-14.517654248767586
-0.3261080020966389
13.986479194314931
19.90778371423709
-1.4269485888338131
16.545930590926538
14.137098075515269
-9.668711258196891
7.631223379015481
3.073683252997256
-3.1996535723588266
-1.3632567711054762
-7.598843621724484
-14.224314148649349
4.807875825953317
-7.887864780227748
1.9712328683753597
2.813646013370853
0.8715401147048887
0.22850318250785762
10.618134374534414
13.640717062316916
-5.988095602031173
13.411049344054994
14.285781198536661
-10.8441730134125
8.314851384863701
11.404562376531846
-14.534234220983407
17.518970042236568
-2.131555920544635
13.14268102979431
14.878374554220606
16.096355959370257
-6.3716888810828465
-16.837325502098174
1.667443644894302
-14.865277973968837
-18.79964153022613
19.10472375547488
-2.2969128324854147
-13.243147947620933
-5.055387993800533
-0.9960421990181487
-17.739460540903313
19.99067740827566
12.577034472767693
-17.054040905603117
-19.07082678346282
-0.6058846325757798
14.60303980196403
5.533000060891187
6.170251059923736
2.218589935384607
3.622422627892412
-16.65214134088238
-7.192222808502326
7.227979627686054
-7.683118953962387
-5.801459484377922
0.6529160763693298
-7.604662753891681
3.681901192434445
15.7518998488043
3.36372218446542
15.790519627015541
-3.547629331338463
-14.49110886893886
19.590799128854258
16.122101808577185
0.6531170634076311
-8.736339783233795
7.261195029965574
13.96815174559437
15.71826264870193
4.297470381743786
-9.388156411597045
14.216983095553097
-3.38806604809621
-19.225821754213747
-0.37809645314801443
-4.968563818495699
15.821104408550497
14.494821671126601
12.41681109791513
-4.036338900357723
2.8611225519822803
15.932569183635465
-7.5816765010038765
6.96131326249359
-3.627108875427865
-5.3735614662612505
-19.85067468550759
10.749269916357417
-12.449175284226786
-9.179023498483456
6.187426794630142
-14.38944769669661
-2.4454878647209846
13.74338671433609
10.99624335168351
17.46645200811013
-19.8952975537105
17.33437756933875
1.4408279406087274
-1.6720536074846528
-15.58191983891357
5.95771154408348
-18.116205259058194
-3.5961489268680964
-13.263394129008983
5.338669577504152
4.610159628766386
7.538073106076521
8.103625362023035
7.7016840304663425
12.901147779403487
4.535487671572497
-0.08615537008211405
-14.916662755052998
5.913235712494558
-6.963772191832408
-16.304029945715513
0.8736901434299966
-1.1844705340131192
7.50609642092958
-17.81434470610744
12.560590865433397
-1.2327655288340367
-13.699942977535748
5.179131192099064
-16.929033478735214
-9.949497958497982
-16.129429056122934
-5.942907564558478
-10.925176801049922
6.711871284965191
8.47252527948893
10.382763715241545
19.307470403378474
3.7909851667748313
2.4993216936538545
-14.316789882268687
-0.5768551904607477
-0.6464998492857568
-17.905915045415753
16.22933316123114
8.296902947922199
-5.746119845602248
-14.371086384548635
9.164751261169442
11.582971003600399
-1.867384283313946
-17.984109827963557
-3.4058826161758873
6.866425566934623
4.200777430825546
-11.297094151300705
-10.570674055608965
12.908969015765457
-4.726655628302643
13.254760252705239
-14.608970914184809
-9.993722081138575
-19.527005173508325
-4.557208119303935
-0.8988661148247736
-17.655416778242248
-17.69952272900319
-8.287930303306933
8.900273956481854
-10.881259178422212
-9.936224836845454
-18.37398235631863
0.5529103470157821
10.194709101288502
-18.333924320363554
17.265003439653
-8.135233625799163
-15.81080413814082
-4.968407252643718
1.3692182652989473
2.5306186929192798
18.94714357493092
16.964012316539737
5.109110545806693
17.833371545113195
-17.04333827757298
-9.08500037527212
-12.128437677681084
14.85397890033795
-5.846489509792603
12.285943850664786
-10.96238718998677
-0.16118536106938564
-10.279810721715474
10.191970486026598
-2.379266158889184
10.51725131839384
1.7333548311254958
-6.1660832041192
18.515254026644257
-9.292020551384525
-0.1414798618550286
-18.288300091060492
7.376472987186556
-17.595795576009735
6.759477797217912
-5.138814634910007
3.493196078109232
-19.178990665842186
4.670086043859868
-6.272133394899342
4.4004729648434875
-0.36190545332938484
-17.214278160679584
13.451546507876607
-4.684158389006576
-12.954491517209501
-8.133373902334743
7.45790181992944
-17.82471568002419
-16.455057665775065
-3.461251186173932
-9.541253551065072
-12.549610043654344
-5.871407852877134
18.379102611965344
6.763586826396523
15.062411435043458
0.6126552494945869
8.481974240088263
-5.580694277312968
17.28695151390675
-11.811602371442307
19.007506798723604
-17.814106687065237
1.2692050078524701
-5.094503904761423
19.526220154440097
-14.916062123967762
4.349443235222246
9.380517021740303
-18.895781251899344
-11.837357008740437
-6.510611304133608
14.024941494160835
7.713744915622009
0.5849403202151819
-9.122766213342711
-5.327264551805655
-4.79703885095272
7.703395835092554
-15.685838234072369
-19.37551455332937
-3.8791980746883183
-12.654803857164243
-0.6267954103467055
9.224806689786927
-0.3457143346942395
-17.991331718867997
-17.202662678535788
-14.63488081024812
0.4622742769804624
17.584544148872354
14.144204164188103
-2.839422143000725
10.139511735713743
-11.148500228201272
-16.593682402017023
-12.606073514184821
-2.318195092672383
7.165860624553421
-8.121328936233647
13.302859712866798
-17.281911862061516
14.866027715472526
-8.705475989655174
-15.075214623337555
-0.6428551910551903
-9.750446138082669
11.37742798522051
3.908014780075618
9.43309567429278
6.308397351525766
19.2016810300212
-16.167600036024886
-4.921334730728919
18.568431628143273
11.122692290462215
9.191563655933052
-12.227123163896728
19.730022162591048
-9.530678831908372
-19.056678220639437
1.8944528675327597
14.148373537731224
-11.154112156844587
1.785927435442769
7.0295533917799204
-8.647438853063857
-19.690640217667543
-4.644480576922913
-10.089917313825442
-19.525647660567614
-0.6350485292530692
13.31767015092477
-4.6737569492069575
-13.815102542117144
4.9247657855796945
14.963497100090052
8.95459935436508
12.220756635711425
11.138869619765398
-13.352437928630527
19.817464259123525
-7.359405436046176
3.2823301902051405
10.830527664904427
9.212732634452493
-7.42738123413972
0.5631588750748762
-17.09551247386626
-10.934855093159669
-3.1452181737699476
-0.27287978733223284
3.2478936126575064
9.646344005430421
-2.1838889150515186
-2.557814936939007
6.7804180465756225
17.447655874405783
11.002231540696904
-5.376838104376841
-8.613830590046177
17.4197621976043
10.710023462957743
-9.067503784129652
-7.676421306904206
-18.89633995865085
12.468642802428661
-1.613592253652353
14.93384578952282
-9.215529912234688
-7.717518449766928
17.54245900823897
5.03128744634391
-0.8035795036947313
-1.2066326524070803
-16.337344500200853
-10.453736529454343
7.374134558811377
-7.771774081729731
6.339138164055825
3.199016370728458
-1.047344841594807
-18.014756752184663
-15.263359241746151
16.71390045316499
-17.97377745615251
15.650550753156402
0.3944208664476463
14.717467582806243
6.742073333689582
-7.7752845950926375
6.708872495342256
0.9945027301854346
-3.416027350850932
-9.347958728149797
-0.8457946898666151
-2.7599165819673033
7.901330213206222
15.665514550884026
2.8811827565200474
-10.772406700998364
6.7262134949624155
-8.338185480988415
-1.597535941000782
15.888706823817472
-13.092369856042927
-19.6788611269638
16.195022074305967
-13.076200085694083
9.390867876240847
19.15657790075442
-1.4658687963984107
-15.998868445644337
9.993830847323316
10.734962059890588
16.780048419457017
-17.782726979099728
-8.646866700674384
-15.209863150165667
0.3233609807942237
2.8684881154238866
8.907120017660972
-4.945988416515089
9.632305002787657
19.71753232745096
-0.9140808607062212
-14.846546158973325
-17.898441632946252
15.189104624933961
1.0807392974415428
10.624905809190558
-6.343428591230577
0.9190206703509709
-17.960488736791113
3.9334834670822296
-2.3922910391566674
1.184720699477083
7.930301632416391
3.1504488180216015
12.230665612625259
-2.5929823028046
8.298828003201407
-9.739401829053174
-6.041077397550199
-11.008320726631533
17.28967875520855
-16.202329422133115
17.656285546702918
-11.888246113362193
5.0881985033957235
18.08268708681559
12.472561805100632
-3.247904732488692
-0.4790033652509429
7.542995451487133
-18.063885669953272
-13.908075997642143
3.1654964500371747
8.871708586417459
0.6950714100636617
1.445690216773997
-4.313021041911579
-19.131532254412548
5.037895703939416
-3.2555893350431404
12.598839823095346
-4.861845425465985
17.00408539546447
-16.003516135322748
18.558771645293916
-11.26359407933364
-19.47978375533117
-15.007937441547131
-13.027860270657872
-1.387927109754095
2.16383336155943
-13.529988737706503
4.8072063840570145
-9.255253834211064
4.740796729333123
17.272347345930598
-15.697536798730658
18.144259256847064
4.583207258484556
-0.37787386733998574
11.949994706215271
-9.307758361247851
14.872304811173052
4.9927594078369
13.849284144623041
-10.846933130196783
-17.665212977441943
-16.307698558291456
9.515415922816874
-18.69568660624127
-17.568789313215802
19.18843400553284
5.542554544435152
5.647745319938267
8.58659717468943
-11.829751588338802
-3.4033762362836555
8.243760037595745
12.620989218508328
12.099006787204154
-13.177013764063691
-19.37028463696699
10.834222571442432
-2.0512594356856297
-19.6656060470005
12.55449654647596
14.124932890151683
-9.745687137695667
-16.853883281103982
-9.495926685204378
15.330447314722704
8.207511807418044
-0.5358419844807116
-1.5339317779034936
-16.726133172015672
8.400567178961754
14.33459961050714
18.692253485143603
11.083835752864953
-18.196264763481025
8.23522572195624
-17.41932045635285
-9.511883549637098
5.0268926237904346
13.65358825014632
-13.164734187168698
2.9773356263263366
-10.282200101600356
-14.025761023657655
-7.0723572209450545
6.31168850973588
5.756727696208316
2.816712053029793
-6.928928556492524
-18.282089465712904
-8.811148256530878
4.206501577835674
11.555881190565671
12.888641917758463
3.0133954541727626
4.43157615610837
5.979263657928229
-19.956857911469477
4.682134994453364
8.77371675158652
12.059592888326534
11.83967920928957
9.685312586720976
3.497098707062868
-4.289919629652426
0.4448325908437276
4.152423259419471
-18.04555643250881
2.563133391384369
-4.6155367131147464
-16.284801420779488
1.7883399031297031
12.169637165231414
-7.097059365412669
0.7288276066143276
-1.7614015954446174
15.399335990156501
-4.762185874983151
19.648815860383415
2.2994647330830986
-11.113761068784601
-9.292243808464162
-12.353152653359691
-6.41587825964962
14.016372930516113
-10.329052100306754
1.697233045412414
2.5516236313734844
19.00575329430331
9.341540375514306
-2.849186029732028
19.144765219542087
8.216116513142431
9.519937405140602
19.426336679365384
-10.117970081606131
17.985081459026077
-13.001761512057652
-19.66082488571248
-0.44469410696377665
-4.871137438955868
-3.928754996185326
-14.319189621158115
-16.121251367377187
13.089358101150317
13.73320529091113
18.286931398346162
12.212796268266118
-5.946054752386036
19.492976872029942
-2.718664900003411
1.7808761714786634
17.37793468670891
17.373618459330757
11.172528307191726
-10.71905942598088
12.399702511533263
5.942643862070209
16.049916325453232
13.869950064994264
-12.369190670085782
-14.631198787624964
6.1865456976963
11.90545274755739
2.7055329428227246
11.750267630780598
-0.8771855347817201
-15.790114123464525
-16.291205399097613
-13.01103058844383
18.76339544661269
3.2637778420130488
12.959534061237726
7.414404507893234
-10.010160267053166
2.34961934590568
18.743495774574114
14.20854992263272
-2.636788044040628
-17.279941359052657
-7.451406758463799
9.775618903434008
10.78115810495525
7.328531967973198
16.174929210628633
-16.293409906784063
5.780471419029716
11.754481688284798
-17.249769916979144
14.135644722516567
-3.4783940446080344
-9.440628563845772
-4.8553312782268385
2.0107348050103724
-14.898227587914965
9.475075966908257
3.0453978321862216
11.330141323917285
2.226700350072825
-13.8306366956372
-7.784246603725329
11.097220898111075
-11.207444438500351
-12.903056983677121
-19.97770188668797
-17.024465803626818
15.894511736593564
-13.658651579359034
-1.1959388695783133
-0.6357734190628719
5.304638550583899
-14.538702155324646
-7.938875109907828
17.025184813806632
14.949053107336134
4.091237399823235
18.361025696796936
1.1054169020026663
-3.43543502170791
0.8046458999675288
15.473460855485463
6.799557807335269
-19.891276204212083
-12.706369786187581
19.248308210247586
4.229947785182013
3.330494518168422
-13.5873408669885
2.1986584860963596
18.18409692061823
-9.036502195302463
11.029965465336208
-7.481280860857291
3.8925874052743055
-6.8808835274576285
-13.235127005934215
3.051284601143198
-13.510212142002382
-13.475710509345546
-3.3754654439082543
-5.068806511989576
8.653098470883354
-4.221697465229868
16.971795349982827
15.621617311791013
-12.37059185545641
14.625108263072676
-0.49567698666550086
10.095247077999595
-2.947292989646524
-5.6096324422311525
16.994264898723607
4.5561838911057535
-6.487294562587698
-1.546561039706397
-18.27373163255444
2.9433047613815653
15.12836474448509
1.65563852930282
-8.30689435407939
-8.623203429463576
5.796378750709593
-9.417864450388809
-8.22466349763019
7.799768419988986
3.4264558615354943
-8.544642007869388
-12.997844939293252
16.824979530105068
16.610136185003398
8.55243076952727
-16.66163783753255
-14.502970723434863
8.923257501133929
10.921127820729616
19.654925034603913
13.86598041955343
16.466343387854714
-4.358129867637164
9.826717450506916
-9.012773444557457
1.3850706670238964
11.814310841256606
14.402649311045735
5.2017528112017395
-12.566174566344031
0.8971168585800307
18.251005717322947
16.23460639515205
5.921613495823554
2.7750346851616072
1.4207740724505236
-16.95846273588648
-17.554960558560584
14.206868133170069
4.402335916415247
14.725309936867006
9.606417151431799
-14.744725885822287
1.3506869725525092
-2.227156068300552
19.370145611372543
1.6566279737019727
-11.518175325279714
-6.181510887415733
7.861899777285881
17.734359575959083
-0.2553384761491806
-17.718931649471095
8.335588954375122
-3.7327468297441726
-5.347883596925666
18.807122158643594
-1.032088295095683
4.038153431194296
-8.001965095399846
-9.957531206743733
10.34550262452315
-18.50348833248034
17.863154020577937
6.5752957073467115
16.355730963101195
13.721917645375676
13.965219976651511
-1.255669059315899
12.85355450119225
-12.471679862035444
0.12439705175570026
-6.850181657537551
-13.166191489411524
-12.914266193389787
1.8038675777670505
-13.787951551067676
-11.06725196431876
-15.326856055839531
-13.82465970795716
-13.443882704385612
14.756240992800237
-2.403965606295966
-15.274722664404607
10.511510424903069
-4.195752890452567
-17.61971800242188
-5.321178047675431
2.4343743956909023
-15.619807193827153
-13.051915950762591
4.034638381202811
-7.289617018678825
-13.13020362332239
6.677142713791881
-15.520886328095642
11.851242442766448
-5.470037963983865
-5.903390400594134
-10.012555626539882
17.092835114947206
-8.806824843929313
5.369420818556602
-2.3266355544752955
-13.343459654824418
-17.874218723371023
3.2058644699055066
-19.866131839275933
-1.5202920714571064
18.7809441187538
-17.74528610280964
13.981978482091066
-18.307170188500706
19.617403135149118
-14.689474412530124
2.2689087679237296
-18.041949465745706
-7.919607833167831
-17.82567162305204
0.9400296578495002
2.962383675707155
-10.052137959103762
-19.708658369244482
-14.870310116583658
13.738877631477521
-8.180277147767816
-17.59698215438518
-9.490318602999936
3.8262001261940206
6.281883790308193
11.83998262739214
-7.0868769160709135
-0.030579815283534373
12.155735307335227
3.8165276612111576
-17.943022738289702
18.27983875864129
-9.52045878110907
-12.223316848826151
-10.930007440407309
10.332164613445048
9.992951541566558
-8.649114520323252
1.737305253228488
-2.9611688823540447
-3.8181386367812706
10.692321046531667
18.38622161026654
6.081116246853732
17.77729228603743
-1.9828204563881968
-19.733031732224834
-1.3496350473752656
17.717059271247926
10.96313262800891
11.693833129939332
15.112674310647598
4.367913692138753
-1.71698412954456
4.741264737310139
1.2813427135499786
-3.3736051088040178
-17.109015944803822
-12.136811574624513
6.485420334019196
17.095677100738023
-7.884293392663979
8.351153864286566
14.332414503830499
-13.60541484714914
-19.856855994874408
-9.338015791391197
-0.5628666359242729
18.31703146492417
-13.16494761115543
19.91629304296594
15.85085057767786
-11.155030316523206
7.992987772882145
8.946472375702953
10.099530176833397
12.080967226365594
18.83910803219279
4.456541549471726
-4.816918064736239
-9.873666600766619
9.713346210987144
2.4150828969695937
-5.58752588396473
-11.621921535314051
5.135672409971722
-1.8789229270467054
-5.450269999690498
-4.722287644202163
7.4762721080202965
15.886312430668411
-13.85108742673561
3.214485485125117
14.282869860130212
15.586209591403104
16.136439410365433
10.84353665086859
7.032163319967996
15.805187981727286
-4.888387690442407
-9.034564399791165
-2.542022612004832
10.041146509723951
6.354434109862538
9.985787259784988
2.1608583793919323
-11.025712587561074
0.6046699637525492
7.605101206203123
12.64154305243013
3.6513339612796827
-1.3428866807218611
-7.5087048828747385
19.076425521836548
-15.834444833477978
5.31738673477652
-5.47458732175507
15.481696156286667
-12.216861140415126
19.146251659546387
9.058325075481864
10.251332173776579
-14.075930659769678
16.76948624270711
0.03453328179534765
12.223253206361747
-14.292000648257833
-16.585528054678576
8.878704682890248
-1.8027672715525895
-7.276994281266202
1.549819602670727
17.16112113447864
4.943533956742094
-2.9245060865966295
0.1513182628683687
9.676270790471055
15.886246143539118
3.5640111597310735
-7.99655849749637
10.82736214185795
-3.871382048223847
5.4190301066953275
-1.5056928280632533
-2.377812765369427
-11.440019289469703
17.95306483257695
16.017703756100367
3.102351699298019
5.295025931953017
4.288022679693331
-10.358577850036363
0.15592910430625295
17.237185632744698
-16.012634754415487
7.173832206876991
-10.642241326758493
15.673398327422014
-14.392557399228663
-16.16420558345623
-0.42090439040130434
10.445792140660537
-12.42296835546016
8.96061577363482
14.405028071559698
-11.652294837511107
2.189371267691058
3.5834256639762785
19.969975585621967
-10.4102693261455
19.968833646087923
18.122172494932094
-16.63029450417854
1.7551282109964745
-5.9556167868987675
2.8675702077668035
-9.717371330449787
8.720835063726653
-6.14126676367059
9.124573576284519
-6.681839581413286
-10.832825113175947
-3.8440014519998016
-7.246108148372974
-14.831005107486245
-6.972648125994226
-2.441611335016578
-14.638285173912182
-18.057794242926278
-7.239207834626908
6.352956126345511
-7.059282169905758
-14.407189714343428
10.99546274704041
-19.266390460400345
13.56038848593591
-13.660710235059415
14.013054845490117
16.074839888149356
10.71539296848584
7.701521600316305
11.844567112205517
-8.207197863702426
-3.1342700852446512
6.060824998287345
-15.12664268684938
10.330360862634514
15.907809888320813
15.229510260244375
-16.17525683401958
-15.695331882683853
-14.786409260662797
4.791833785377193
-18.141260808451797
-17.861441454165522
8.083826344783333
19.336613297076674
11.323843416273501
-4.637173009234887
14.271863817332516
-4.741425144655874
2.0494149873437486
14.08023264142556
12.32658590162562
-14.628968665206044
6.605427443171095
5.632179944218475
-16.784460827590898
-6.616508855470684
9.447557034815482
-14.955057845591373
1.780953685990447
3.011694646612387
-15.14724861620158
-16.383334362250523
-18.396796469768564
-9.913404064856874
14.021540535718145
1.3547213546326162
-9.436799530272992
-12.174045421067735
7.851493889817483
3.050053487283485
-1.6264276087383998
4.8432300241726445
14.697877672951378
12.87495649847213
10.449751969528126
-15.932271943843066
-13.206899368151008
-19.068316628297577
-3.6221068814182367
-16.442899588135194
-5.7230456294370935
3.998691624068318
16.818589744246204
-17.377761192736845
19.876918179396178
-1.0603591510141719
-4.129257962875421
-8.807834497725393
-0.4641756246846498
-19.48112465320614
-8.935302618198143
9.701501220232792
7.170116375657017
-17.76666492941747
14.384121598740599
-19.90711782338679
-6.192026395108803
7.864097747799391
-2.173583417640902
5.509400551579237
-17.936110822518184
-0.2090094543708112
19.956977521065554
-19.875284782928645
3.931933262702959
8.791266223711602
13.88125539788394
-2.335872421278623
-9.797809959865628
-5.299892909812245
5.66429577278852
14.645639230829836
-13.159845659670637
-14.813038733103564
12.84405890255259
-11.92058846586336
-10.834169323812137
-2.9448449265310757
-5.884737400695199
-0.9191348969272148
3.742293245301763
-1.4981725249941356
-11.58265655898514
-13.544573176865855
1.9145040236165158
-7.881712081210157
-14.784296481317236
-17.86053694540317
6.443539394293619
-15.565887158087657
-13.455707639732175
-18.943319432010703
1.5679078961981041
11.920288047591846
-17.588144320302273
7.565204039708419
19.25494696271705
-7.78678605602812
11.977894542358165
6.394985775581038
-3.33031122037913
14.084654306520783
-15.74136222791191
-19.2956368160049
0.8378840549945785
9.219712230373041
1.957256832988552
-18.564178589517823
2.3190769883422817
-5.6642513351748836
-18.552570496545048
0.49377631596945193
3.5387982488303713
-3.814243582889844
5.868707288674294
4.998300438433617
-10.378416629754685
11.658592539264948
-14.83259852815273
3.091039629186511
-18.75232139643925
7.363901413572201
-0.9569936355458566
-9.801154999081954
11.30108156557057
19.722255313552004
-14.676532281567027
-0.04280236697142925
-1.3247478151671501
17.182021838855967
-5.470193451242849
17.534160718998052
-19.105957659079245
-4.808282594639138
-15.25209340885815
4.085873519378545
-18.09768598134518
-0.7414091351973262
8.815507333218015
7.398719191622366
11.97660764066132
19.9632413856446
2.4269481871096765
-6.8678977777752195
-9.704387287109576
16.47235821850787
-12.71211839909482
12.275549445407101
-12.751255838475458
-12.255291561309534
11.139017345787767
19.84364732346053
12.054883285359999
15.438865525245994
5.389609512981433
16.60980760278931
8.42341350984682
-17.880656388771623
2.971795888882319
5.846977306875726
-0.6490159774016817
15.51387925758469
9.341425059901823
7.48637742622482
11.018074776647978
-9.957539947986188
6.003099776778676
13.24380540527845
8.184810253331378
-7.748847423634144
10.378596555269457
15.661917878025392
-10.49110695096461
-6.015413179844465
11.021113252279822
-17.708983601071317
-3.38667865167967
-13.107922724644933
-11.139422546733147
13.063029200885524
-16.75834346018926
5.6003440391091495
-5.147915152764826
-2.503670485982994
-17.870457835689322
-7.664137761447929
13.871036712544004
-8.308626385562796
-8.712765814027833
7.0136414103174545
16.03703451596688
-2.6456248520111494
-19.495167621249504
-12.75677043131083
-1.822984728386139
-16.897111892113333
18.231958810914378
-7.766087952438774
2.556533381339051
17.19852665487653
-6.962634717598375
-2.4337220643386495
12.543736644427234
-9.383214599686314
19.431481075143687
-4.52772613137228
-16.672921464303986
-1.686378016136267
-5.790072406517982
-17.830563071212183
2.948583425314453
-6.317143134701064
19.91007134963997
-5.06646395902434
-14.184954559235416
14.316789055673986
1.6002785020115518
-13.798920011981402
-7.148914742455137
14.47752481554263
13.393234975498238
-17.724245734894026
-17.643400647785526
-14.15538291907204
18.407843083995033
17.262036579014392
-14.435344004668615
-1.632036102350792
2.1477848206468977
-3.818664617018456
-6.878406103541979
18.315854564385738
6.954209776666566
-18.111787298646135
4.023905507121832
10.617701957590747
11.930758306198427
14.772881433564955
-8.52337963110327
17.78624978474395
-15.105776299634023
-15.264921390255184
-15.240266253839657
-0.23755873265157135
-8.097442693748832
-11.928074932238918
-12.944901631445571
-11.521317724646885
5.388099831091143
-13.751551716277346
13.299162563523012
11.913680101015697
-2.528660193812854
-11.010251568565481
-8.178215291999201
-0.9164217825339058
18.729199192158966
16.376137858091433
-10.071317500929808
13.017779306275344
9.28698455612977
-9.838603831001818
-16.799690964405592
7.980384958560464
6.092424313790929
-14.400332539629893
14.830336318272309
11.823770389307874
2.359213967489726
12.559913168933349
10.53125601977105
-14.15373092489041
15.013292481323603
-18.94562308331365
-19.18284353003272
-19.265052075694626
-15.161490517733128
15.884433392861041
-12.001791848809628
9.546356873855679
-0.9471157666962817
-10.445577270620813
-6.636818516487342
12.257687277598045
5.59961454053294
2.466809372516682
17.322656656490956
17.7353140510274
6.6904740560225235
-18.158037149653037
-3.5885794954083465
10.221522764428336
-2.343588804470752
19.283824821420474
-17.16340386789966
-1.7902203251900701
16.227357735979012
-12.862070093089315
-16.7425278307207
12.040063815361236
-17.33982103763303
-0.8907339144753408
-1.0609590146795647
18.898573389505344
-3.7978771607077917
-12.547143114356057
19.934477294682416
7.608058535360556
16.677075656793754
-1.2555669649067127
-11.18601528803351
-18.791633248597602
-19.08234767862352
-3.26893160635327
-3.7580605963825064
4.484788101380385
7.121775445699704
-6.66497997463134
13.823665056321126
-10.244483883409142
-4.817057497659828
-16.020205543101728
-6.383111536331128
-11.780119694271693
9.008605736296118
2.245355359923984
5.084445001331076
4.316312472162579
8.64040532059073
9.614087999013702
-12.419175779662126
14.745636391594104
5.689386095544599
-9.50365383519269
-10.479858468496165
-8.840925834228512
-19.417471123904516
14.228717225041272
-14.520917878045537
-17.583136031393664
14.83544824738344
-19.562545324034343
-10.596178100878317
-13.50109627638233
-17.025649732833674
-7.596275301358656
-1.1093313594322964
-9.978433849087356
-4.5673691071812925
-10.65830212007111
-2.659097888427631
-14.473303599278328
-10.931773392216622
11.39954253194044
-7.732863519371271
-9.628591748343398
-0.8120049564478506
-3.932748299493042
-11.84354762773555
-2.3766133091844956
-7.4450259872309665
-3.8565718665827085
-0.573954537184246
-4.653066512941804
16.96815741082704
-1.7622250677814044
3.05402711552815
-5.908855836459299
-9.813938580253666
-18.964766941326744
0.2659649342676751
-17.81459499120805
5.676664500102643
9.501688786519455
7.647518172416937
-4.576263375393577
13.494803320186094
14.103620933933755
-12.88780551423267
19.445758696333
-14.889856366665711
14.43438492402624
11.255380549659666
6.754669123838454
-19.27229033169398
-15.147957164340387
7.737276897886424
-6.857366682308715
12.43789725515596
17.066392141012372
6.784860968788124
9.16327530441422
17.924722848754563
14.86219781689023
4.47677236591089
7.901554729783761
-0.6249713481059587
16.50245557617523
-4.066553715207419
-7.550619842002959
17.364916219815598
14.146386681196546
-8.530275290156482
-11.576157186949828
-19.303607004654562
-7.4774820752170115
-13.848155437741006
6.229780407860595
6.163524995010299
-18.392560780922537
-8.456503656920159
3.118122458220263
10.40247361876861
16.41534224844162
-5.165583989973488
7.135010863404627
-16.503672638521493
-19.038107853599012
-7.693206531442964
-0.8487922565207171
-17.142371865205675
9.730812987436636
-16.235985907969003
18.618878956903224
-11.84115453980378
-9.004144961180124
-2.7224545065935324
14.55952535296963
-3.679716417133889
-17.77026421404154
-7.183582035722203
9.781634554216623
-6.511425823731546
15.767200599858747
17.813388514911267
16.12632225044829
-18.825022419681638
-6.460110159249313
-19.732319096542646
-1.9346116646424392
1.8663585465414556
9.616454563510946
8.117700001542062
-7.492914732922241
-2.444345774086866
16.04771045528483
-4.383200167087402
-9.06384014489118
19.177030377749062
-8.285930483595454
7.403547850326984
-19.12635653637774
-3.5413037020047646
-8.05708915669979
-5.017508932071326
-7.693901707673142
-14.020529071114742
4.029202396963953
6.390982982031179
18.60007141200721
-17.235266231214055
6.453167041555012
2.690083111063842
-10.41730922120295
-17.101880951771985
15.815482076870737
-8.044012732330398
-12.05671520518468
8.958894893046114
6.570717497005575
-17.791055147502675
5.465772223388399
1.2578221781295724
10.799312648793851
-17.501368277235176
12.234913140227604
-6.32536289959674
-3.4788660484578102
1.357915103558529
-8.45199914915003
-11.651997758523237
7.147883663486443
-0.9391210908717085
-17.839400526495535
-5.033662822666237
12.843559340041075
-8.254304227855847
-12.736411233675803
17.664082205947132
-12.328098967144125
8.271934794203485
0.7438107487399321
-11.104976166204752
-4.787048977278268
-4.09816155097829
-0.4319827314148874
9.682462974805507
6.900608990924262
1.2684765298131886
-10.171484043209965
11.819792864449944
16.796339928328052
14.422174710344919
-17.5584303931238
7.283412318059348
14.61103484242279
6.840832896473685
-11.248130562850491
-5.129357273645487
17.25773788283697
14.222810765279611
14.571660891998384
15.896847885034319
13.611266192971684
0.961495031304537
-1.2623444400212271
-15.202975951599695
7.175416855471038
-13.804032260945549
-3.915216104310275
2.42206163205703
-0.855382126934682
-14.16935113755532
18.412210550970286
-6.782476810523335
13.16889830220751
11.952462785646034
-11.592082457434923
-16.658581538378083
-7.311364073738851
-15.335113165278504
-18.342447418954304
-3.749384244374788
-13.35407056054748
-6.655912942937636
-4.249264405708129
-16.889817795430137
19.102121405829465
-6.298833006989639
-2.9481877632824407
8.512085540516718
8.420581496609994
8.890131912503286
-0.3997365813811591
12.878025457044117
-7.1935018528424735
-10.940527622366956
-6.293019708032897
-11.90652642777422
3.877335944439693
4.567962700887239
15.512485166214148
-8.407237617465766
17.225464037501823
-5.15184025472875
-9.508447100993752
17.109737149166953
8.713487233111831
-18.335947079872177
-6.416608256746411
8.738530218461058
-18.189338527061047
16.91620707735322
-5.5234352286261945
5.159808136806973
-13.260044255738496
-3.8566228915727763
-7.252442306714645
-10.762611576776404
14.979627237738022
14.397161741471024
12.468035948404683
-15.90048797645271
15.217360558848227
18.011975893277935
-8.001568830361009
14.808147143704659
19.434824806588118
0.7032246751368056
-1.6725446312320145
8.514181881420217
-7.02849942844419
3.3090620561679707
-8.096027567280156
12.866210153716281
13.42712503525022
4.690030494289559
11.62440626293482
18.78368310315699
19.993361296934403
8.896437922247081
-7.406422837282761
-17.61669416527436
10.661808724966598
1.765596101442462
1.6445989612489562
6.855536777457402
-2.0914955451261292
-16.760257020655956
0.5367116427354333
0.20783598549875748
14.558209774776337
-16.84563867187726
-1.017831559147389
14.937925042154404
18.565168964057143
12.030957224921423
12.310116035999457
3.9230512710304453
5.418665811599283
-14.146445441550766
5.363188270893158
-9.650344431642344
-1.6410844493125651
2.3425157400358216
0.671681371797245
-17.541888385418453
-17.343961773904258
-13.129015517613801
-16.190482314801244
0.7545159626081208
-17.091784170849774
-2.2881320444108013
-4.286891697459168
7.797317479092367
18.398324698296598
-9.749996618746799
-3.6497585715882686
13.615005109313358
16.1890234490591
10.015006021485068
11.351723702141605
14.804333883619456
-0.8633300840270941
-4.071224176951205
10.171574502308545
-19.096171730677078
19.254639444393725
-3.6533821808139635
-12.536599104665683
-16.003848290743335
19.30839732484526
4.355496739500438
13.910451291809487
-12.804792858152766
16.572998775738505
-11.743919736675995
-6.3679812249438505
18.866125745644688
-7.451191188447961
-17.013817883748537
-8.567019962925464
-14.255704707045108
-7.6419434553833465
15.37917342177559
-6.865780547214353
-16.035274074133614
-16.195360009999465
13.801019037216932
-5.087660151149777
6.434082110977904
19.095790327155754
-9.967001309010875
-11.753177857155723
-13.843603006251195
8.315959528518274
-12.119543851652047
4.553386339389785
-18.265545175362917
5.20077109718919
9.993545372148592
-2.9982697636938163
-3.505362765407888
-10.331047183106005
11.522477291122964
11.319881568927094
16.10912651194399
-7.457441116898465
2.3071005556138076
3.3137498659116957
6.819182139683303
-7.656783723812648
13.283084103104741
-18.39021816515549
5.206836365420315
19.653608598964233
7.888445154048853
-2.6963672504553173
0.06422824141520778
-0.9768854546619963
-4.965243734382941
6.897944924790131
12.138066195558508
4.610320315831888
-19.605035640894805
-15.688681344958816
2.317821990948609
-6.608334486460894
3.5028716387204284
-14.065348986281272
10.274677550040636
13.033274558719533
18.72425263506932
-15.855501679967752
-4.358295048349618
6.7281102363697265
-13.609377884199292
-8.61907292132216
-9.460477840088771
11.36996314445775
-16.744990408841392
18.119396390640546
18.241332974591586
-17.119930965889424
8.294406749247237
-14.126831704733585
-19.17472963995795
9.156008696049472
1.4581434711930612
4.836603281283448
-0.6351330703527225
-11.861661939273237
0.13058433867394115
9.543967362868738
8.124774922289927
-15.808288656027326
2.423652566516953
14.215904214648553
-0.738483364116739
-19.52390625265216
-2.4730038406449992
-7.813855112122226
15.605791717127417
4.432425781856516
-19.496331289661057
15.413496771919533
-13.62251770058732
8.256775277402753
12.482847801138512
-0.4037154581332594
-14.595044993939052
0.4812788302271116
15.72870604310927
3.150288772367176
-18.92582360158937
4.086858089210672
-17.89548210996294
13.894580019704172
16.400786985889425
-14.511916446794055
16.07153402216189
3.8024598600956665
-11.356636207005192
-16.10237060702169
-1.1630830187936922
-9.49839202695724
15.964637330810817
12.746763886618375
-19.90071402647759
-15.936828222530206
1.2066931776398135
15.85873450660825
-4.425268725097865
-6.277256330570742
-3.341001362714117
6.867338549934281
-17.01406882958529
16.16922642620598
-3.7921942676322615
-11.486673863636447
18.03752969192108
-7.2431677461914035
19.066281982962877
8.347367339256987
8.803216615812623
9.995564119692844
-7.796023707137593
-13.265394430431456
-18.265314244218686
14.468977880438985
13.653819446692879
-13.343506975301672
-6.44927013310221
15.924531156413366
15.189670348710777
-6.228579135606891
5.793197089881474
-10.849250754484249
11.00095063959435
-15.754095808460162
-0.889431533515264
15.37121560339395
-12.25117964860219
16.414374917307875
15.956367864820855
7.514419334971127
-15.918233258906366
1.7620005330436186
-16.594854654187095
-19.343958611955436
16.104362054188876
-16.715530278797637
-12.45398635463494
14.061820253662717
3.4863002097877036
8.381598995111691
16.66334723226209
-3.923525960931972
-3.9554175302466064
-16.065807046397428
-6.12328723979072
10.901112333630909
19.617194512807067
-8.52597232348181
-19.1615203099226
7.719723971505623
7.774222614207492
1.5070932377147699
17.856943944471737
19.711487483889826
12.11266349416988
-16.834180250235416
3.2686540323573396
3.042824512781962
-9.712804659775784
-17.216796975880584
-0.7211552844344311
9.940671331522111
-19.182422326178195
18.03386169978709
-11.139965577059034
7.759799738055758
12.933278042313752
-0.18407524731264147
-12.935866646549892
-1.0084860098439776
-2.061154731620192
-9.065855779408047
-18.32045535447154
6.899614607001428
-4.266280903517895
14.554878018636622
15.137871599273495
10.204682186179632
-2.4040818716599652
-9.607431316711462
-0.1643428852598916
-7.665556791975652
16.275683400379158
5.384347753610349
-1.6675941039928333
-14.06677253459025
18.17469751874281
-18.563891283030944
6.827917787509744
16.24399149034972
-6.7477586101125695
14.411714149845572
7.30742480932998
-2.7805204311772656
2.805862604125533
0.36382808753673146
-4.268551667191733
5.068317234333335
0.9896267748767329
-15.221330765456734
-15.723886376108446
14.209021089980396
-3.177264188938299
8.021626310908047
-5.136012870360037
10.92867504566852
6.963521082914834
0.2251134877249399
16.798782989604618
15.587524345441054
-2.8905301089561597
-15.048747022702603
1.4035737777716442
-11.587466471551796
-12.64612364882324
14.580942860504564
-2.602950642702595
-1.6693850419718856
-10.954365952044514
12.162137758979398
-0.5749624144915586
10.913482244872124
4.566933500219278
-18.88666779921838
-12.778075634322494
-0.22625740321623056
19.491205440859325
11.921748671283432
10.471830408577318
-5.38883857922189
-2.276627322902222
-12.202803677812106
-6.93508930566245
-15.371169691745958
2.8000872906420007
0.7386491386200049
-15.93849540328884
7.542910942337752
-9.44711927173925
-1.6106015241470395
13.99713324605733
16.49610875570361
18.85366027418533
15.079192395717968
1.701047043326188
-11.385520287686779
-12.45452676750213
-2.1018654259484073
19.942602708485367
-11.596667235510626
-18.4414261363373
19.090012318495326
4.936492527169655
14.87397882408591
-16.94235705100388
3.787985611112113
-5.576268056135287
-16.428770722039502
13.00680475577473
-6.099555610618719
19.578910812704436
-0.4925276108956531
-0.5901575532923395
16.79885557030198
-3.6599504938176928
13.34985794592464
-18.765499789299376
-6.241343795551133
14.033326666262717
7.171547395701523
16.193637802247792
13.368723266051575
-14.564531308162895
-14.385880032859513
-14.665997506838128
-3.567835165599039
19.88184799149642
3.2757132846476793
11.568100797474049
-16.689953391204643
0.7756081509900561
6.598288953561635
10.33884635527276
-8.532928585831625
-11.601513425941189
-14.432425144268146
11.100039251074353
1.2821169739908669
-12.02543242171493
-3.2031764516504424
14.311206086102708
-8.745749173092747
15.205889608105188
12.864437489150674
7.5548437491157046
15.748992194242312
13.400644307283088
-18.53138798457085
9.106294237386422
-6.082794665439387
-2.8323020597557687
-14.273352730039615
-14.454202603737855
-13.57826521488903
-6.507721522675292
4.310303561461936
-14.352051178423043
-18.147547005881727
-1.872609420292875
8.835195601815936
-6.375205706527645
19.610623302856915
7.839460555578217
-19.494600413533828
7.022460556747667
-6.725953670192869
-2.629241745604851
-19.58660329180036
8.541495977669136
3.0694932303860867
7.8966566484181016
18.114370045907705
15.08235878443977
-3.028250431044466
1.2002745024368444
12.426664329468295
19.498613860119434
14.964367971913944
16.124266231049745
0.9705053455362567
-13.605766421479505
7.066364576703322
17.27074796479289
-17.70924394707148
11.20430867683925
-14.30351275795096
1.0846968556379757
7.105613629374552
-1.8331619685232354
10.56542807879321
3.0680473541578195
6.3426364851335
-2.8604117631785684
-7.656747758786171
5.786454544448279
-7.652236113764555
-1.7034969416651862
0.05647218811398602
-11.284063728601147
-8.303469428049013
5.504876336641207
16.690695009953245
19.828446489743982
2.1513724683718323
7.9167224471731465
16.709438584948224
5.98813338648641
-6.412605725195064
-2.0022348373356955
-6.792219787242821
-9.713620208714309
-15.103170513031841
17.117542003585683
11.065706705221587
19.464407687587382
18.08566848983243
-8.835053676459284
-0.5398849831309782
-10.873317632627494
4.950281409177318
8.74753926813515
3.422504765482735
2.8720811747679065
-14.976002292886443
-16.897309155016792
2.393984817086899
-18.579652436351594
-13.13958743500688
17.768211722180013
3.164401490846288
18.07886670031226
1.2397356355364337
0.5264265275931521
5.160268178952563
-3.002139242470534
-19.224092242764325
-4.7753732276569405
-13.980252930022555
-6.585117201616288
13.59668526497223
14.64415552006269
4.272256296371463
-18.846539491869002
-17.939480930452586
18.927223657734743
3.787890803908361
-19.014750709141055
17.812365609205642
-16.226897790617997
-10.567346207986095
-6.804497813552942
-13.438195643290957
9.107465594055903
-5.424957933857883
-6.168036007262936
6.651413557579829
-0.6240941171002667
-5.139252294652664
-9.913066433109726
5.750588564335601
-1.8329323667094926
-3.9527708453592716
-13.232046355361561
0.2810817571196651
-9.480815896612182
18.08377876560438
4.6705647909687045
-4.24008418716749
-17.741735996099685
3.7299561530192165
7.473682394897189
-8.267794521953684
-7.582931779187492
13.877364394187289
-12.4036856830771
13.846197801952009
7.6657161902192605
11.53927232022783
-11.575617242614129
-13.170545654315573
-14.137260874082074
19.821246787208267
13.289862528185246
0.2620025419901886
-15.520458656952414
15.917140130463679
11.78382065658548
-0.7705434089628653
12.566147862501786
-12.265192515471366
18.102615343397673
2.6200153245859497
-15.95504000955803
-10.316205100848679
18.634290679941834
17.070673142299412
16.22676318652654
0.7449399316856606
7.040227281920789
-14.181315726859292
-4.653070823344594
10.009585423863072
9.676174873239969
-12.57279228673729
5.054815752942968
-11.400599319876674
-16.110987659123456
10.942095999985796
7.933722731705881
-10.53096207377514
-15.545746630757534
-4.537591451361536
-12.891129930709674
-1.859555726030237
14.12273091190383
-18.65019830216973
-9.940415350560286
-8.039938457516405
13.02245155733462
-18.725112842966638
-17.004637571918053
15.747391095912363
-16.300379122155366
-16.077630894602073
-16.681471292282314
0.5769446947621333
7.2188413925093755
-1.919307033873487
3.043020060584073
-12.227321099932698
13.01597498673538
-4.949654480982918
14.650748096050478
-7.652760116851134
13.046432877461186
4.607550403423005
-10.389614593170489
17.19770255160131
11.135020940140855
-11.413668976848449
-6.279351475415247
-12.616705572578342
7.341935105474011
14.437758538808716
-3.1002631328718735
-10.860361486141908
18.018942269548262
-2.761461868490258
17.857626028708992
15.904541275811212
-8.429026345834156
-14.849476127973489
-1.6041178038808965
14.075639156301676
-7.0242627655979675
-11.143587535493538
1.6403612213283267
-12.99981311203053
-5.121869072205371
-19.093312436761245
-18.588059114041812
-8.734044940819228
7.440059582016751
-15.517882430074472
-16.072475359402844
0.11020841534533332
-2.670809147306194
-19.18170735899581
9.10948538825799
-4.911060860924916
-16.87548076448387
-12.265205561405828
-0.6823068015889753
8.806640812915902
0.8962627687702671
-12.515556780744351
9.09813518334677
-9.905210724574696
-15.471959958286066
-18.343343319398503
13.261695617566374
8.438840631826054
16.034806686837193
6.236662898157483
-14.527736057246168
-4.866148816935013
-4.98176133540181
-15.691604286964234
-19.203202714825615
1.2212053668120006
-4.392075446142298
4.363376870038632
-14.541482342742778
0.20961759367386534
-15.722878284427523
17.377579774668426
-6.22538201863116
1.5507029739677876
-10.664142073768597
16.169399982246475
1.9860486596516083
-0.5639429364106476
0.9724861674561502
3.426041898688318
19.936617076602268
-13.749984944877248
1.5124725284345466
-6.130375927854711
-19.939689670061078
-3.0702416104072796
16.66747940394105
-16.396784089070465
-9.046255970219569
-2.24216704830226
7.9835631224371255
13.209188312828424
1.0558969550756316
-6.130348251165536
-5.965184174976578
-13.391154430429992
-1.527842170903245
-3.369160825616074
4.669907299173399
8.565872588661403
-10.088877268078766
-0.14177009511027094
-7.980487765288583
-10.711843773571935
16.347704590473825
7.5247934244280685
1.789950313163267
16.062243290580383
-2.0809822071054995
-9.390557586795056
-15.011680489274566
13.429253251527243
11.620973668626064
-9.679870316377372
10.870663958767178
13.473745870936952
-6.80131746799308
-13.16736891427123
-8.078952279006465
1.575070740896539
11.118246528594959
-17.53490340364913
-2.375218142897211
9.375785717090757
-7.90566505739195
4.9100843107580125
-13.018268451644968
-1.6925484255171384
7.947112840071714
4.898148208996286
-7.035788118140491
-17.00525880080869
-0.8799231223091333
-10.209751264883966
-10.814541412132087
-11.094332269350144
14.273662003739261
15.878423977357016
-5.594280534883387
12.46078194159589
-8.369867251377002
9.098465533431217
6.163756545421876
-12.218024313070238
-13.79232281162512
10.462341620627086
18.81241417828611
4.708006077586475
-14.185283905265775
-15.661422735584711
19.080378458882294
7.362728444617726
0.2787462905509699
-19.48631355258254
-19.471954304332364
1.1480908753751429
-7.298209059263886
-11.568189944206297
-7.493830919497393
8.593500522093997
1.9863791254060033
-15.592154958665066
-19.53954484025711
0.6992431144489331
-12.836230434235812
5.069068655213247
-7.37359314523005
-19.475308749068656
15.027747940171096
16.958054421953584
18.477660340793896
-13.871719992876109
-2.7533513171739017
5.307365562781779
18.291160774744057
7.331885499474357
16.206635703593747
-4.032959571353722
16.88668314135829
1.419459000586425
14.591674722459679
-11.20579618426416
8.779576743169848
-9.848334079297715
1.8304995716145065
1.348501614932772
-2.9815668888682794
17.341917871249095
18.6659123263438
-6.661114349443826
-3.4213390958014003
3.6814213238842086
-14.261240888920614
-19.867709069780865
-10.425501081822155
-3.29688460207748
2.884102862483246
10.294712448703066
-15.735251785907462
10.846119778410252
4.571792971213476
14.353326027050933
12.496868690419277
-3.2899989701299575
0.058403657570565315
-7.0904256379949295
-0.9077167806490571
-2.273391177394295
1.8319669393043228
-16.833555286459156
-1.8429846575871132
-10.72852651707156
3.179451485181019
10.65492259009432
19.66875115454515
14.14597696012487
16.1546125179826
-11.14191483822681
16.320486828564256
9.58362569708203
-4.317909726363226
3.7581094669926394
-0.37418501166301965
-12.378871968756972
0.08625984129664843
8.346433845772523
8.430446800620807
-9.680044152117189
-2.9836830857629053
-8.754051816351298
-3.6124559238211376
11.110932334943424
-7.703568660638211
12.770715546723459
8.331204285611776
-0.4168696960755902
-18.6697404729384
-3.4599427828330462
-1.401078091103546
7.117384277790734
-18.53202132622616
-12.718715633455059
-11.487474470188204
8.860446376496355
16.993102631576136
11.783911894748798
7.6683790783425465
-12.062037623101226
6.323480137265868
-3.7180948741189894
18.187360097156223
19.53490139601206
-17.6030309535236
-0.8928874834197842
-18.68294329807115
19.721644453652317
16.97648275974816
0.8971184255245461
13.482191909972478
-8.436484430470577
-0.7811372271680384
11.578081627412054
17.567193357811057
0.08569664514020658
-11.80896171900839
-17.82716209078177
-7.849379229620194
-7.313405121499459
0.8145766852177552
2.475618276279995
-4.204707482519211
-15.046960560821368
7.297462588237586
-16.39491660128954
-12.789723678481542
-16.138368850180612
-3.331466830509516
-7.128032046787464
-10.974957804732504
16.15862538218874
15.881172327477778
5.918408237036342
-17.060136030053663
-17.040579189074453
-2.6215074107056715
9.77651428932041
-8.423207470120184
-6.629076865628555
16.814795213092005
-9.052116470330457
15.397639335425723
-7.98974046477257
-9.614988697906291
5.815693064664202
4.771170771682915
2.887823837473853
8.44933275086472
16.16296565583336
-1.9843286562864328
19.207290885387522
1.0905146599898643
-16.608828269254808
12.418853221431839
16.30860097107484
-15.51809657925948
8.5177884541894
18.86181829494405
5.333330243509188
18.790589982739107
-19.56721641001422
4.983771734094546
-15.889068081420717
-4.506135522599601
10.450196952100384
-9.783586054588657
8.606236043945685
15.40745838146006
15.789216925245832
-14.9962332094284
13.371922926352447
-6.213608388468298
2.397446198936084
6.765112676563017
4.10089184982224
-7.055988940017928
17.393316825109935
3.036993811704079
9.670120632822304
10.015696002487907
19.53910998497286
-13.30501831316421
14.521744468315177
-14.191233689904132
-0.9067263448860494
0.22689811709541985
-6.633759992313513
-6.004890245631627
-11.731230760801502
-10.212517474532188
-13.35207538876649
-2.331685656718008
12.712310836196963
-1.3708998741072662
-10.411832132860471
1.8908976781835598
-9.773978310019565
-11.597913948910037
1.255627579321473
-13.503082784911813
8.741692200898562
-1.2307573599250077
11.941896064230786
-9.752960872161086
-1.4328853274660176
16.101771284854387
-1.4694201847989952
10.665880022559694
19.689357888125926
17.06832635410457
5.812305901674716
12.953755829417318
-6.463640373857039
-15.805019888586997
-7.283699488642522
-1.2810698111316086
-14.11761596358569
-15.27754455784645
19.286203473045603
-13.08571766248885
-4.237584522886916
-4.563958923158783
-14.836309137851513
-0.7773650284688642
-13.034424386926426
-19.867129692470606
-8.031597633110605
8.520312902051582
-1.0393433175815048
-12.514473976220092
-10.737524889262291
11.229681387068752
18.275350419735844
19.82908564736229
-16.79639256214432
16.04071650980334
-5.517745127630501
4.34187621760854
-6.46946561729421
-8.782939173445584
-8.697654945954717
-10.618335758077414
-2.838832840359295
-8.920174703143084
-17.42217021571293
-11.86080200601431
-15.056383931972444
-13.884998844007672
-12.951040797798758
1.822480506512818
-2.7953079388143642
-15.918340281934276
-8.18636847406108
18.212282316445886
-5.673181497943972
14.516766468351143
7.626867228850234
-0.25125012749268905
-6.858527507326064
2.551760807076416
-12.004394237644128
4.853981065218676
-0.3653576607202105
-13.273738700641665
16.615396808951047
-9.454821743310976
13.063799001105338
-16.395653038718336
-10.890773076570257
-13.974945090321391
-18.61765346710916
-12.669001132051235
-13.33178149749584
6.5606058278216715
18.183719951209838
10.736846318211029
-5.467661043437847
-8.18224352327702
9.240089995788352
17.834048950272056
-18.686329902797006
-1.6139329321487317
3.3121226816812666
-11.800970293368422
-2.982818353104907
14.127860071728989
-14.542193761305239
7.0400789844545955
8.73629909166199
19.648556414919106
9.202446630902688
7.412138562661447
-2.8066200751218595
13.913531441448164
-19.919999064936263
10.350087920143949
3.128438867432081
2.6475062054993224
-16.833478631869212
18.082163830307394
-19.28562441156265
-18.787580163914463
18.274766777241453
-9.086101112082812
-6.172065330292309
-14.611609957728579
-10.746594076480758
9.823677093819093
6.845587514574962
7.169867691423917
14.70353964729538
-18.084363515292388
-1.7153157171717268
-13.349073235047001
-17.310728363885758
-14.814953982124518
-12.486042957399924
19.70692373985961
-8.825192542536309
3.0566009902765714
16.695631376432793
-8.15810209660853
-18.905957019375833
-3.8279295976073477
3.7054067358668874
-14.756618338552414
10.188175378770087
17.507387305597824
16.97839424049939
-18.015740865336408
-2.0134659247084628
-12.245610697279346
0.8789938493067808
-4.4738542448067875
-4.3739252548385785
-3.3476352076716083
16.87788892315354
18.25515287321035
10.391199880590122
-2.8353996956723613
1.2790065978904863
8.987634540639156
0.16634130076792175
2.254775945790108
9.497305055617854
-10.985090611749087
12.03659109632573
2.212326174019445
-12.35307976615653
18.944078493738957
1.0405747904731975
7.410939500712139
-12.78035890330151
14.806883567244505
17.861415869021265
2.2490269227059443
8.52578377679172
13.739040551476805
-4.4779594061429595
-14.464636141781577
5.9677730942081695
5.942747483947048
-19.571544730564177
-18.744941432655374
13.522351827839593
16.566046641695948
5.988139121494864
-2.4352631416427037
1.628246058709454
9.408885153073435
-19.54001137491714
17.53899537372331
9.851710696883572
5.428679886497289
-8.88994694043304
-2.1929175541182353
-7.205880230422842
9.338642607343921
-19.985135159667074
16.449845392004946
-11.21660306035221
-14.352327336786415
-8.998722717748056
5.832979156302656
3.0648689469045287
-13.92920244054077
1.6700089081783247
-1.8122869754660975
-4.8328884875909885
-8.39487215994431
-15.775464814100687
15.455518251764516
-16.959187321037653
-11.01918383338183
-6.939199359380005
-12.472761779340512
-2.8023968366083096
-0.08987411642745968
3.3093416287348596
-3.9821935333059884
19.694821111957935
17.842680709088967
-0.45081986947553077
-9.78326159347227
-9.622310258085944
17.8701716382177
18.22170490021542
-7.710547290661406
0.873080957086291
4.033787418295596
-12.152330525520835
8.686536452168973
-7.010995633227042
5.995498297455434
10.29861225537815
-14.545335398828625
-18.421601898105756
1.1811505879636996
-19.97380380078896
-12.2272274215833
-10.653424794503753
6.455530724906993
4.660393022517617
-0.09189297456590495
12.584909028235025
-3.3723795388901934
-8.532392596411347
-4.93635038179816
13.834254585067654
-12.666264137468222
16.001935437231204
-2.150926165458536
-12.071731518453817
-16.617939177509694
-7.507579218061565
9.277022219682252
-2.2104910919856025
3.6644128008393295
-14.772261389198714
11.63520901621078
-7.6369130426191045
17.336120655877984
16.314331273672032
14.544533810850034
-3.291529912767821
-8.0315586563867
-7.921555941058841
-8.35217349093757
1.123840742457034
-2.5445001196810964
-11.404878989206857
-4.469765523081822
-6.35423257813272
5.581648639409778
-19.626282055429378
-2.740188884831376
-7.0205992516306726
16.888312291825464
-0.5475995567542853
-11.482953956148103
-6.211934083498324
-11.384712693406911
-11.276018368038319
-13.844324828012331
8.373271110985353
18.756249475805134
-6.683823291412141
1.362595279351531
17.150290413334098
-19.21798320575308
5.982193906321868
9.975880637567553
-2.592415973072036
5.257420584364375
-18.487017534375482
7.988428892255307
-19.500176614706653
11.696819115830511
14.847415688501627
-6.691575644441592
-5.491342231388728
-0.40270404272158444
-14.184454691892107
-17.63252313921226
2.0268493892355046
1.2960961677147829
9.558696729411672
19.46025944585419
-12.513765281890112
10.896269794572433
-2.321479633782957
-11.145065605810803
11.041771837537343
-18.43449046889461
10.682054717342435
6.190991648071989
12.187483220252304
16.930115308350196
-10.904105698837053
-11.988966131764286
-17.821041739069877
7.908445461584165
11.874589667627852
12.083322294058767
6.828121624407242
-0.19974759558699517
19.523089679838435
-5.946483741057493
16.68452676778555
-3.833260756676271
-11.515297194443725
19.83749771647628
-4.110848973120667
-7.668839121740367
16.843609849119282
-5.8384430156030085
5.448625296463611
12.681140035044315
-14.143126198248437
-10.523576701730178
-14.876637116757884
-16.772328091089157
-9.982486814049762
-0.7619984464592093
-3.404516352516577
-19.892440722350514
13.810648747369235
5.636230117907456
11.299529603471761
15.848151081536443
-5.011821228888769
-7.910215938627886
-17.120106394513158
-0.751364754977665
2.244432700888062
17.147243526116526
-15.898903912411138
-4.57891885205969
7.205287488155662
-0.5143512741026832
11.182241386688819
5.302428578962935
18.755757169524465
4.449950067311953
-4.002444223147336
-18.39828306964863
-0.3119312201634692
-13.603471299067792
-15.755852357443988
-12.874921950269286
-15.023383003616214
-8.46368747327971
-10.375515317654308
-12.368391092644178
13.997901832450268
-2.7257444007574065
-6.092797589925745
-13.586227535628318
3.23525246814242
12.127838214324093
19.07674300906921
-3.2282784772838085
-1.4674549289305006
14.837332806925211
-5.3659071271068015
-12.028691480220605
-11.495079264486755
4.802594311779874
17.758785247073632
8.284033357410582
-7.7721503454007035
-11.462009717255487
-16.985324682263926
-16.783494595995137
-6.197282637583275
10.580345698292398
12.042784599250666
11.525831548204216
9.746156903988506
15.779142238944353
-17.93109205157906
-1.1594405891732116
14.058896243099078
-0.28507169762026763
-17.428334875978614
-12.83442461310765
4.862613520992596
-0.3768167229198127
7.725385483108305
-1.8431493943403332
-9.905446067087862
-6.297155327515934
-4.536393053541623
-15.069433597903243
0.7623998029448877
17.407718011492967
-2.4262139519154076
-16.77087314973249
5.087467087677201
12.562752602909889
-9.262011827115813
-18.16094056091889
15.926507551976918
10.42442811715004
-3.7464176463918335
19.019713070550374
12.915325970638712
-16.945006864966544
9.226904980717613
-4.30660349026339
-13.319209802045329
-10.53950329878132
-4.039587845053552
8.250760359939182
12.351766172295456
9.964104757552338
12.629680803881257
17.297343017519204
-14.833882276406314
2.556455373989156
16.508711192515648
-19.60032730540786
10.285624396411265
7.155506587233823
5.189099423523537
-19.880555778892585
19.209262998848885
12.772463079770311
-10.37374018752718
9.517493414298656
-15.054801551802207
11.404329959120865
-18.54970929282573
19.462812930852202
-16.09677305808298
-9.499978760706478
2.9843450704593124
13.073652975097843
15.15604735210524
-3.5828523202985316
16.85917086504579
-19.54948528470188
-0.5970281868198555
4.268748051632954
0.4825854401979477
-15.620398329021054
-12.091395740118639
-4.342061950451193
2.1919539230014387
11.323095195264802
2.7154116739619525
1.6323257380759202
4.174401345572868
-12.554475825399134
10.860856015432994
-0.2228059754261409
-0.706142964282499
-15.60420291206702
14.898556917717741
12.78088231877198
-18.724014460809215
14.719358777546518
17.328440915474516
3.2346937577238393
8.700789956259172
4.877704535706492
-12.317597334359046
7.165476606118876
6.93888810016707
7.5627874509297115
1.409616729428432
2.2733634484866805
4.052746169307223
4.545525120404093
-5.754349845350308
-15.357176841987856
-15.739395662050676
-6.575686247424027
-2.1337821384251683
9.707219652978853
-17.000364848485813
-1.491091011151525
-4.132212264377028
-4.039853256229421
-13.964297730102606
17.23534208651455
12.711514835247051
-15.996717847228688
-10.759945868833158
1.5505300574320522
0.8018973536265008
2.9816783244897778
-14.60614316676359
-10.745274637806727
16.681757242536086
9.475505909642898
7.998198529896101
-16.792999203813896
-2.2010901983914124
-8.622952240430433
-17.27772889427479
17.40933486152199
0.4636700433511578
-10.104317894565341
-19.78951433326888
10.319500090036758
9.384458802288464
-0.3814130248977108
-16.77107367996601
14.630117428967992
4.860153469417774
-16.419869101718003
4.878490426303308
-5.0358853983019
1.1959813760480813
13.152656411104672
-10.14520695241439
-3.617371623562512
-18.625489978418916
4.19432651724064
12.11450389006665
18.49014715015928
9.691068218776614
-5.400354798016993
-4.52992120823874
1.1365462782191926
-15.789828319141868
16.69630557647872
19.331476568340854
15.725725658837483
-5.81466770947447
-11.74469136720873
-3.739532456496235
-15.118816599874517
-15.143341340934935
-10.385246430085733
-5.9821985316715995
-13.71970311622924
-13.73019716319571
15.745947085234512
-10.01583750656286
-9.10560841472742
15.658906925394888
-12.475522492789356
11.12497118799697
-18.646457589243163
-18.037064096863638
13.732946879074781
6.650148389304654
-4.408263344715465
-17.64687218431971
-18.70545767831735
13.18874683943828
-2.761304391233452
-17.87402531175062
-14.144076198185518
-16.881881728945466
-16.16866055198216
-3.593308009352043
-8.946296283656796
8.019381942247573
15.588022297377869
8.893727888656315
4.19909451179571
-12.20376268355646
-5.456250865319463
3.8672265393794625
-13.513592385755548
12.452659444407047
15.29414624248328
18.59408873303836
10.568182155141315
5.311558202220855
-10.683998935703594
0.7574016494454305
-17.30535501284261
-5.67226294565922
13.80777370887838
-7.68508063327015
-15.168259369150615
-17.396814262369517
-1.5087979418842536
9.453470318808144
12.835238400306238
-18.105948718540024
1.1180362894473603
-9.170722807226328
-2.8945038297928214
-9.825953522712085
17.15393785992906
-16.10294131691877
1.7679398094090324
-5.9303667785725125
7.4384038850595715
-14.61026406440614
8.468958161228212
-6.353445545122334
-6.758314367656446
15.726959163725638
19.39838754271164
-4.56603412536467
-17.513321961596013
-9.413518153220966
4.757610611885429
-4.060732731412893
7.169931687218085
-16.128368684448
7.749916673845554
11.31909603423788
-1.7395964594950577
-6.647024888685067
-13.15323750174362
-2.0026843963886556
6.90153365889654
7.016867390297776
-12.615253958639162
4.713987085191924
-13.102078827517406
-14.190258379945085
-4.802853969234405
-10.756274813510931
7.270892044618101
-1.4946446594648286
6.875841473333246
-4.99787623295016
-16.65380578463361
4.970094171160508
4.815069718946219
2.139066878259591
-11.333989947351393
4.202637921444055
-14.159811092924306
15.162464850581031
-13.245246201857963
-10.571406717737402
0.9430740197909024
0.4206303161407874
2.95705322221486
9.990464028823602
-8.183589718451948
11.914713125702171
-10.695155047521014
13.814960722418519
15.599377860105605
4.470980119244121
7.754604500700474
11.136429594511505
-9.998274312906386
11.138456685076697
4.9378614142048285
13.860967607915711
0.3137361826950098
-2.6475808063343074
-18.610233990410073
-13.541202218947861
-10.022863495597992
19.66138788340941
-5.094889518954444
13.823823547445926
-10.67656107073882
-11.089671705523166
12.317501485817466
-12.555939692998376
4.60778395448277
-19.659525406348124
-16.71437770978421
-19.911139897023943
-18.342667789356284
13.456317239819818
-1.2424946712000953
19.09076640228424
16.665973456950134
-7.970838633018268
6.62992615782921
15.271316163207722
-7.655556494759011
11.10031692050115
-4.703229343664518
7.45124679065237
-17.96791158107549
17.196539775667063
10.102511311396668
-2.2898963471718794
-3.435347968795295
16.067956740007
16.991176026995575
1.4444191414811094
13.90440772841908
19.821585113593663
-1.621682835037305
-13.996006881979577
6.927388949323266
11.288699964608028
17.419972512319724
17.584497747348614
-12.620726750586243
18.47817828023343
6.75342577116643
-11.557674821903635
-12.629639737245558
17.564993113472525
19.64231588179294
8.712182216796968
-3.619348109307161
7.242542650452091
17.42962736801094
-2.181994734911701
14.137552901027966
-8.365895676715649
15.615749309881878
-5.20992766772849
19.643790468772096
-8.073903043990928
16.289329455818617
1.6480291798602096
4.455035089795757
-3.1978470558114758
-10.897566152872947
-9.213636962932226
9.05510973093961
9.80792777150722
7.642109491446657
-15.008973735553397
5.281009941597258
-8.988088385272114
-7.3311519431217995
-4.849547014070218
1.1992844386738923
14.070680607532651
-3.11896869781782
3.5105735589270672
-2.7694129743442844
-13.352865821238149
2.070680753748512
-7.615199148654334
16.528395008566967
8.020195766445465
10.20452120834858
-7.275947075094088
-9.676036814223416
3.64436019686962
8.887520211916943
1.4821278843313905
-0.008375611276090211
-10.424457643421597
-18.63441580081798
-15.850752718679963
-18.749052733684923
-13.549706763542954
12.35875139535149
8.613227253721298
-18.33937552270269
-19.702086226242415
-3.8666777099072327
-11.952479539875904
18.806926392401664
-12.047976157765712
-4.659020696059875
-10.566750795061921
12.113494314520068
-3.8355318444487096
-10.672574190602614
-17.919715112549632
-9.627595512377315
2.1057464273990014
-12.839035883051007
7.975918089400832
11.120291974245134
-15.154452531711659
8.229609241724283
8.686579486143206
-2.1479707269053065
10.67150475702239
1.702861642728692
-19.09899274687451
6.347800367650308
2.7606653098924454
12.710130626112289
13.970104196804186
-3.8902000303833226
-4.556756251131713
-12.4735958927623
-6.604718412298144
13.73473861607426
13.479337843272468
-1.4079516665914547
10.930387294408447
-12.079308350685887
-7.66346732609315
-10.057373788937394
-4.500402004559776
-18.40149707385768
11.934329449443908
5.533498674600441
5.784963529033359
-8.404980711819011
5.959067195583639
-13.147482538265844
18.83115150979559
10.844222915584911
3.1405738940675967
-18.285590269216826
13.149678572067934
-3.9271230199845846
-15.87923175728192
-5.45368825369717
-7.715408165011413
-8.82778007727422
16.072594936479078
11.634703332524325
18.991462471323707
3.7876785235147317
-5.545936320074066
8.536482569206978
5.077216543920066
9.5800931169255
14.810852462568235
7.609547268130079
-0.05632729726175256
6.0192655883281105
13.211091728246132
-15.083247230188617
5.8446308584845
-13.148128111044874
-11.283075157836837
-16.87174167006729
3.4607582582536764
9.815238783485238
-16.9980463119184
-14.375257070179579
-12.795195984509565
-15.295395256575098
8.263211273042181
-1.2692075165834353
15.282835754397055
2.3803255698682904
11.782587209795548
-19.531172391333843
-6.157417661353124
17.238372383656966
-15.364690333511257
-9.731093204949218
-7.885759768714987
8.758352412788991
-19.461878741902602
12.936237769888074
-16.74888197695428
11.081038857865948
8.72760574570718
-8.528408452297963
9.997443998271379
-18.392927872565178
9.676582762749455
-8.446082485324279
-1.0230974418349632
-6.297773649298751
8.362028862530902
1.2748901936956685
4.529869195262041
-9.580019005062045
-16.924655008095165
-3.611492549888471
3.767920651763667
-14.866849648849122
-1.1932546131598798
-8.319508772413595
7.785818846884716
2.294859190246008
13.988568276776626
-1.1702078816871833
5.020381599050566
19.383789824856628
-8.564855146439822
16.063120825758162
2.570078556496071
4.857587314208711
18.505311005010817
-4.606482500007294
19.130012236349415
-6.036895223634545
14.134893230965773
12.065963159831696
12.924604774966369
-17.78731214765102
-8.805090451397731
-16.360082928132712
-2.2369755892815526
5.308675300516306
-18.513532958994702
12.49492089577545
-17.55326481795372
-14.012425548089272
-9.809071238301886
12.869544745871181
-11.621261438911063
-15.75158686948894
-8.843408357405922
15.216766539015325
4.966918553909885
-19.564984189857956
-0.980205661610448
12.14320670970632
-2.777178456122215
12.981606285602844
17.81213429697455
3.6688005840465685
12.31063539468802
-0.23131254042824878
-9.683338195218397
1.8145176383142996
13.655321520921142
9.912680958806991
-7.457275616233119
16.611825905350948
-15.970607493303994
8.036453660375184
9.839479899992114
9.350232869876464
10.750319045189727
4.751938321429485
0.5072725302376995
3.0699241297825566
-13.192785392264597
11.02486738559676
-10.748031123069342
7.149058696433226
19.380477575433517
16.168938308858507
-19.659661357281845
7.832385851677515
18.93294320026539
-2.3537113829935628
3.8749400559852987
-7.4316314054121335
-7.240996011301505
11.989986139286898
-8.235996677683758
5.933580655872149
9.825922364925866
-17.90252421020126
0.025392090270663914
16.144714876976494
-18.033481533359126
-11.465295830718624
-0.5503797782240625
2.083335099249396
16.26764936727669
-6.282231588481846
-7.024403560874539
15.05459627545153
-5.302594691673836
8.674214408828998
3.392606143510001
17.103162659099667
-15.395381368383676
8.114310960816326
9.914124500118263
0.3813075733506608
-6.9020685298506415
10.184954849006488
-11.466700367135495
5.926235916898833
-2.3527232672558362
-5.260663259966471
6.936120780621856
19.985295422715666
-12.111060606650842
-17.061444498749736
3.2931741836422326
11.92860722578363
15.746687335526978
7.375274727692094
6.428196659112203
10.530835341849738
0.8344967056186938
-11.373056008340221
19.833669838394805
3.630988246829162
-2.0948382459024693
-2.2262981489847036
-18.06094487039189
-19.45034001612462
2.6506681338660556
-11.20410573574767
-2.8624079143409205
-17.040603816657217
-18.938296017963843
-17.94580859130432
7.183514363140251
-16.63560719090345
17.36638918935273
-17.703711411636007
-9.731633047883491
-2.052516107893826
-11.40941836833495
-4.581721241167248
-15.542832663042802
-5.468482400903611
-11.526666758242765
18.538606963092562
-5.126166143509948
7.296089350751743
-2.3754053422882606
-2.4465351168258493
-7.096521158333587
6.132199875821431
-13.042398815966049
7.065600687374271
-6.879553457518654
-11.17047167138827
7.037633189317045
-14.703174471968401
10.343102184643023
-1.9929870128102678
-6.799133918073217
19.05906460012293
-12.740086708423316
-2.3397957414250143
-0.9836327138304348
-19.39946161228542
3.31482957944111
-2.29443651914022
6.54506645326272
18.188906198225816
19.29310556059057
-15.654173054915695
-6.776960863115708
1.45000971141895
10.599649974950836
-7.165360880034864
3.3398784754499005
-13.831217361268582
-5.481655799103816
-15.170290171650397
12.807413321290198
-13.760727594287175
13.032755654165634
2.953730372212764
-11.531955834460689
-12.5443411055832
7.032947459617663
3.131681100554946
-16.603467199074426
13.7496688070797
-18.789019650402253
19.530274702620922
-4.51980720239693
-8.625420851577822
7.166702505245869
-3.703067014244226
-5.979233150635807
8.943680950707837
-4.885933743662978
3.2961923415795304
17.270810475124044
-17.575506764055476
-13.285191303651462
2.9075568073119804
12.710407194768642
17.634948079737015
-17.624203947770102
-16.109555433448794
15.683412936022727
4.349708092158529
8.084950059971408
6.186908199568801
1.641683642916128
5.239533010356546
-4.784722603459105
-4.193934912287368
-13.641475397210963
-0.7521939713942984
0.5460611883470463
16.960134539544526
-5.942250590933661
-5.665486109729777
17.88879803613898
-14.467089783613902
13.954773469597995
-3.175059621476745
-1.3900393108463014
14.652555471481762
18.681534634977567
19.422906422608108
19.64360789193146
9.653133017426502
6.692358316915339
8.404429737171682
7.091799572751224
5.24320692603332
-2.7145549322927636
15.987095684161005
7.016394545797301
-2.644066745415188
-16.170719819967108
-5.459211995420489
3.492474363302101
-0.6923856616253019
8.307001119338338
-3.3739203391847
-10.56423168828549
-4.645713952082993
-3.671736823009301
-10.868600356055635
18.225385893821702
-4.022132368519632
3.4872408298687994
-13.637705893068773
1.3898024312336297
5.073614048014274
-17.607125537304743
1.0492387174757312
9.820486829494747
0.9358097141852149
-0.448226214149404
-3.5242815301999855
13.86655630276205
2.002558574870143
-9.177926558195178
-4.498088060629332
-15.967624142864981
14.332467916298619
-8.551586488088926
3.234399179872817
15.730942717728183
3.8303127775354255
4.663266161910961
-9.714505902299209
-17.39728173877353
-18.16004873768708
3.216860461578964
6.143468837818176
-6.3153200442821955
-16.626113092711634
16.267906412397267
0.38185969899608807
-16.368599141751005
6.037382330357289
-5.893287436440486
10.700670058596646
15.767882762727922
-10.25926562219341
-4.461841542488138
-6.3564022570607825
-3.584075750757094
-18.914890813553026
16.109388538958086
-3.8412336669618163
-1.9911711991389147
-0.6165317857068473
-0.6011352265483403
19.880097709998942
0.5864226161268462
8.721356384946404
-9.47699138051199
-14.423004103229076
-2.166839217115779
-13.153383705682145
-0.9977887373154743
-9.269764192224681
11.219239716937437
-1.6315351401382294
4.279887798580052
-11.844408026610814
-19.96756820000911
0.7696249136948481
-6.955634135678309
1.313628410583675
-15.241142939895372
-9.413464591758189
14.040823033804926
8.416944076143228
0.026156437399404098
8.03925459214527
6.680917286091525
-12.081681842503688
1.2805636774584706
5.307090404847344
-5.029050659653983
-0.8069842422548312
-13.438972025235266
-4.79821842444351
19.7139178743259
-14.917935740419615
-8.302424145899682
11.302488142674015
19.611253061570487
-6.429010059105513
-0.06251069986039681
-6.724402412952561
12.463919546803957
-6.484908075179895
-14.800353878624417
4.592923196726005
14.520551603781058
1.007905891462876
-7.648291729668703
-16.09876300898625
11.915666722842289
-17.670909997695375
6.430420747021664
-2.6448898225483433
17.123983249417634
6.179221873757761
-17.61670955124699
7.911638257748574
-17.982961895671778
-17.82287921282297
-10.85133451737958
-7.310292035907011
-17.263700544455038
-13.695455824033695
-8.52648905775807
14.78800188653986
-9.16348532465201
-0.06723899835005653
-2.505759256317255
14.039678040793937
-13.05642921286978
7.667152991557401
18.06467819771226
-8.59652694028827
17.203619684536385
13.79114844483992
-4.165668723497662
-17.5653688988149
-10.350993530433854
-3.147888984909901
-16.798656318227682
-4.335146731678803
5.350890042599303
-8.132108279915089
-7.718495490196693
14.781327212574595
-2.7144542990854603
14.540549858948836
4.479356293122446
17.581596037749996
-12.416338674900826
14.741195905364165
11.146548880949567
14.369749165114321
19.19681210697675
19.676565939223934
13.277797953428305
-4.705763476425258
-10.767342645292226
17.395721355772352
-4.994058417554346
6.629877708952247
1.8003877547274527
-4.124154342639542
2.6489922356996303
4.440960022763356
8.949982798405948
13.44802324287437
-10.427030820381189
-2.979655492816292
-4.62668832524615
12.246965930608354
1.7008709127320571
-6.374771209952975
10.923050008551126
-3.9343635024053043
-15.051087677857646
18.316646523471356
-9.577349722279912
15.02088591611195
3.843265589057644
-4.579876761136612
2.6213015733688465
7.087577678394862
7.973611400690363
-14.504176426596223
15.514708730105006
-9.232569445618886
18.496347058184426
4.918870816150882
0.34430104319703503
10.487169539067157
-15.050403383563822
15.172518915921763
-17.73893637548898
-0.4530090855061566
-1.9993606842534533
-19.0734355392145
18.171110398806235
-0.6347731569115993
-2.3922334122743507
-11.8054061988299
2.183312390055928
-6.531590610073632
-4.408857162045363
-12.99336736903905
7.43225143332333
1.5338045667312343
4.230781894528107
10.652503470130114
3.216004069706237
11.004498409277346
10.126788324093102
0.02607747357384227
-18.40718389221979
-12.968685782768938
-16.700017043010806
19.212221187631478
-4.547044950945178
-18.667188866137057
-6.523293775206675
7.5522654891462935
-14.824206853957659
-17.401629142592228
-12.954802016134312
-17.898318538725057
-9.658330092579908
-19.134797805779534
3.489975078843024
-3.0962989062707926
14.554595321222905
-3.563006045472253
7.595610663915615
9.059360586583082
-12.931283155408654
1.579016413310935
-1.2522921370580384
-19.9967766402034
-12.032571042937082
10.203533667329765
11.801965746723386
-3.3161504160680764
16.142483012712653
-2.833324924329755
-8.055368435173706
5.297203919833272
18.274862674902373
15.636231818593174
10.466986080541261
-12.264153647733185
8.414783829756015
-17.527947434753347
-8.931771027310699
-13.281764776785705
-19.912036523825538
-12.456686095656542
-5.689002089708692
-5.026300627545979
19.056385140772647
16.008384293674183
-18.788513109963848
-3.438912124003455
9.001551832087301
9.207409426105908
-6.235030834763835
2.8529963941999483
0.3466374265354588
4.953585047434672
7.839650031537019
-19.029697595976902
-0.2763320075888096
-18.0534411345738
-12.85276049957913
0.6155582061056535
-13.976896336919268
0.8550191027039666
-4.854487471304264
-3.3392212685973206
-8.770884329353311
7.228091644553135
14.556003576451566
-12.955611465148502
-19.568555727396397
-16.950416042268447
-7.940911215131866
15.295946304240758
-1.788739188588746
4.887513947132582
-5.7195309677438555
-5.169495127041159
2.0288096663777075
13.194453664564527
0.4650166142197101
-7.550965243760457
19.824657761890506
-4.007986050263291
3.9880760988347603
-8.663482050482255
-3.605727101580271
13.464811833981408
-16.17827788742619
10.67059762823035
-13.563228082757202
-16.520128910571607
18.59828776689166
6.217781300162496
-1.657763963668252
-15.618348631062592
17.888726629156743
15.221347745902797
-4.854342018178709
14.004159723344557
3.661495615330548
-17.092729821638855
19.75085197085796
-1.3520192352988438
-18.50967172382077
15.636206621542257
18.448544141495283
5.168330881180665
-10.200936667672593
2.431773172089386
-2.909439343390332
13.507292247848937
17.931568910986073
19.073380001024553
3.8719919101072833
-2.8703962061739503
-6.666909724919696
-1.6848356387933485
-0.21400466905478055
8.817672374354867
12.103619647927083
-18.197699875537584
-4.766231321344648
12.318990680464644
13.50068008979924
0.17670878842679727
-1.324757676935704
15.151717004214326
-16.210100511649614
-0.824742505402682
5.714630937340594
2.2319606895703075
3.3817710216140924
17.725553719949538
18.336247324980697
-14.637343687355152
-16.723893489551568
0.9869149793451442
-14.37916765977047
13.39454531047258
-0.6793628023412381
-7.402189270259832
1.7288224121850533
18.875637954479103
13.20986299498933
11.666836619100781
7.568551541783485
15.509064419008276
14.575062295168792
1.1131384461667118
-12.176403967107102
-12.935883058870349
0.5484681327076188
-11.844930895304348
-7.525790604028906
0.7910398956011235
-14.989848863480496
8.27806231625004
-12.7404496615484
7.331297984276247
-4.239441574277523
-7.298641489911519
5.160986794398525
17.89779476504583
7.42173147746286
-15.870539200282533
2.9691979655179033
-8.875005282983434
-13.146155566897448
-6.7523421722723995
-13.630401610292523
11.90306462509987
-18.64758547757593
-10.743941785923798
-6.564083367291689
-5.401897892127456
11.71255690821912
5.653593440803238
10.244536321866118
16.95043064247922
-1.135950553788426
-12.97727686799377
-17.352443536666865
11.989857625519214
-6.563456983901062
16.249645787770717
11.116583482529599
16.501437354638867
-18.885553462512004
2.6591570739197437
-10.58705270788559
5.542410807757733
2.2518000803936644
5.0076109354687794
-9.718067728142046
-8.339256545759351
-6.432398829942546
3.852593303100896
-0.7610415396054506
-7.044319895133908
-13.617741718461156
-11.325124417569384
13.433563476007777
7.43795458751341
9.239234622046155
-10.4678355206892
5.091431576303002
-12.744278306005366
13.283804254776129
-9.789248747722743
8.366063602851646
5.903060376535208
3.275846482633394
-12.092259008716217
15.025616473421678
10.145418981662878
-9.121269288158004
-19.929582495026693
10.824854169492859
6.911508979173028
3.2996069898388
-7.539845668578469
14.017578440080143
-0.24802594030852632
-11.339724411365077
-11.969469580559462
-12.090433802516426
12.063701204544039
15.434156171918445
-8.846121662983698
-5.56601680594099
-0.055953132838052255
5.802438686950122
-2.9385481620107043
9.247258570957683
-7.426217530646525
-10.048184687785117
0.40715289231855323
13.827118071736251
-8.506171994322216
18.881458898652454
-17.74767896381117
-16.225011175843758
10.194485392271659
-13.253311324611747
-5.007374051671887
3.824281711632107
6.206751527245849
-18.22761786245239
-8.246766973051777
3.5525837111732237
7.314416033802111
-12.4632073655797
3.012792298084488
-3.674533360005011
-10.410945840911733
15.857107016861676
6.392684825499607
3.8523751069377674
13.959787415446485
-16.208051883514294
-14.97510623290697
-1.9308408662655268
19.61081947366354
13.377170760796766
-18.697716640801687
-14.470492294573623
-5.445217762073234
13.073901131941113
-3.2024601113971087
-4.172195728591959
-19.565726058023174
16.843451743795796
10.79410100614881
-4.220346911742428
7.938565907819793
9.545009255053586
-6.1235723169025125
2.9238853677836545
18.088006730009063
19.834585306581893
14.12556372728524
7.814706603425805
2.437777502180751
10.299785421425671
-1.7384913291212243
-19.316372680955748
16.60442426332098
-14.140414207754803
-10.44287689535289
-15.504004507096202
-11.800538251761864
18.83570289720508
-14.243366148468528
17.125121844696892
19.601884711631165
-13.029002117961541
-18.705092432943285
6.979237920048234
12.688501462313397
-18.792972260212473
-15.762991431076237
-8.20264061923793
-13.221739276872038
17.484446804240946
-8.118406058798149
12.794663624785954
7.774174957363851
11.938470073183783
-18.69011474969126
-2.221404079908268
-7.402433287508234
-10.397991372766837
10.7315137681314
-10.78670710215424
-7.843088667368988
11.645824394477767
8.752841924201235
-2.357009587849088
15.428324382639488
-10.514722478788645
-0.45842058088303617
13.147526790230955
11.761147920801164
-0.7798034017932665
-1.982758022585756
15.114052969461767
-4.282262518222183
5.6238652972200285
4.330986000347185
-10.40009419502287
11.253797985008372
-18.567851303388345
-16.246791919298026
14.03247594145273
-7.087268195836431
19.94046590512737
-16.624794254215193
-15.664654889881312
12.848185414232994
-17.44800991073079
19.258239443418894
0.964745035282661
-5.243111723079759
-1.9285846133208118
12.586379522295033
-18.580500793511533
-6.2978392646837165
-18.80693825181541
16.263840804732823
19.138025909398905
-12.618501527835297
-19.9453431801717
9.691801716271208
12.756362656190355
-15.789920774490302
-12.633251013237313
-17.230847351295022
-15.788203593091197
-6.568057287055108
5.705790411150634
-9.580509090384165
-12.91605464382355
-15.788637470471967
-15.495077502730673
10.664491192230585
0.410224292498679
16.149481902809917
0.5901778664884425
19.307430112524003
14.783559982458783
0.12655079308187567
10.913203614827584
13.59282020881637
2.571122621637926
-17.620630704025118
-10.23471718269954
-1.7694615694904812
3.5489788529335407
-18.973146807687908
-19.81975728834002
6.4388440717463595
-13.36335552959329
-8.818661953030361
-4.897504164815087
-17.433142336426364
1.1665171394949247
-19.525886886656117
7.171792315370698
11.473853186568256
-14.132247830955134
16.057355756573685
19.344353449597953
19.122817442207484
-9.81003800822959
-12.514283930304009
18.219479051126328
13.312182387340144
5.959549070167714
8.532593470279672
-6.431349566675685
6.466684265181225
3.6541142665359807
-18.399865575057696
-17.36671132802346
11.895051166167505
4.791835241244922
5.778379848364821
-18.837224311318607
9.671675191841793
-6.650115414880013
-18.095228205061037
-16.394373749888622
10.467059624017452
11.788429023437097
6.272577564208532
9.147414924924412
17.317481728696308
10.798019462889563
-9.850673610430949
13.091851756379832
3.2722751966050296
12.6822321987717
-3.9160419009191507
13.664673600732733
-10.645832729225472
14.039825409384775
-11.172940801802831
15.725458418915743
-3.030598618323843
16.88101437737602
7.967829586454659
-18.767140470169533
-4.9088