16.9546880840305
-19.826486438890306
-3.0500610844828273
-8.288865414791747
-4.165585157406939
4.865497359213489
-8.734222049732443
-7.898575137393387
-17.395621132919615
-7.231109472420979
-9.63616886537562
-9.842487461388005
10.786428207750802
10.512774710284795
-14.34963929473177
12.705608877646462
-9.470284314760939
-12.475483268429626
-18.651794662540432
19.52006474493904
-19.50441969476668
1.8960778184150229
-10.255157708685548
5.598001854769613
2.1822511037841927
1.8028331932756458
1.0778967860437128
-9.638952744563781
-6.05914996804071
12.81672853848763
6.720143471682725
-7.981213384684072
-12.185608916771216
-12.783635602993805
17.191541197880525
-19.631537590034295
-14.527344149976557
-15.744226392735676
-7.479195951251834
2.215943062256038
-5.619041135146393
-12.075358763620248
-14.276914739546868
-0.18771799806988199
-14.275344754655816
-5.731025315108642
19.30010736996386
16.39130510922078
-1.774430245544405
-4.046218828708303
5.144474603584513
3.89868544184926
-16.55341831918802
4.0709872020986
-4.2566254133246915
8.529609239844262
7.392021933982512
12.663421185447447
11.818486582844436
2.1642999244949195
-15.14038747510197
3.020794293398037
-0.9532725144748184
-13.364106654512584
-17.651916391525084
7.884822689744148
6.547774764918614
6.280155485148274
1.6049551612312172
-6.69509075831213
14.21170823814996
-2.0326898863651444
-3.5336779532404385
-19.69135973367131
-9.119800857594939
-12.661261742072728
1.5431163172236317
1.3464411151541427
-14.590766209028816
-17.457768659723833
1.7089355601986185
10.982082956149185
-19.974356320035408
13.376250152787065
-3.3353783898688434
13.431956511355793
13.718676877104507
-0.9975001494644147
-9.986316908470672
-9.637843954212046
-16.753789682352483
-12.479580582711002
-1.400493073007997
1.4315938636064942
-4.6575754415068005
0.6753608795039376
6.6405557122631755
2.925262434281585
15.355766081775045
-8.407190292442595
-17.100826316370714
-15.445928167478794
5.141482559810857
-5.989518485568336
11.616656094038568
-4.82679977414254
17.694044293589442
15.87790514319245
7.6358451361896655
-17.311634316798028
2.0350338210811145
7.117209177776729
19.918948911260813
-12.710589902554874
0.48392302040227264
14.954058762292497
-3.343448456885824
18.129561617020066
-16.065002129301163
-18.757856307024085
11.934789229672095
-7.257661563156784
-1.6832610250937776
19.2620223939699
-4.231076281950701
-3.6231208196816027
-3.70492070745566
8.722602995204852
15.696314326678241
-7.190779013492783
6.828373336977457
-7.744292581626686
7.013587101426985
-12.385666157750567
6.559581911472996
14.929033121142773
-6.518987460316513
16.505550315524246
-17.52930823947127
5.342077287388882
7.046546552355231
-15.227241957927564
-13.548693214740073
-0.394626358741192
3.869216791947764
-12.301017953002646
8.907223595376497
-12.407742037149214
-19.01592682344452
19.52256608414404
1.0695067025701803
-2.5689273625933
-19.36458277741692
-17.300580265147957
-14.824680213872155
6.138083820766838
-18.64280270495688
-9.068882665790564
12.829170431858827
16.12229442534688
-19.928472001837445
2.5722557513140707
-18.112732746142008
2.386736986021983
10.256006465166507
18.033389901112088
-0.7565042456015618
-17.40599773955998
-10.018806287474412
-5.53356401243644
-5.669596925124708
15.630731161933824
19.331480554814185
-2.7423655892684025
-10.542156941132417
9.942618907644928
-15.301880290521947
-13.626833923328796
15.53250294216896
-19.956003226626468
-18.69705747340127
-11.712538443826585
-15.673533782828684
0.21159519196412901
-7.307201477256635
13.368506230313699
4.986578347347649
-17.696397929949388
-9.167400595872621
-2.718598625122226
0.9745873219613941
-16.081067002616585
14.10139306152228
-7.76715133610416
7.296887071591055
12.787393620411656
13.443577222180608
-19.719467464332507
-3.2325179681768006
-15.519641585202347
-4.817682834404611
9.464841289923847
-6.291541442649686
-3.227437775224111
16.37745723774738
-1.9889514305081981
18.64602048812354
-6.930305840417589
-18.489652774642696
19.67599741123746
-16.59546784616641
18.337390033779556
17.05695724571347
17.933182777143116
14.076281494599364
-19.298397236091454
-17.950331731543663
18.635521477552402
-6.7331807011762645
2.4809426511180206
16.77171530739507
7.568443623417149
0.12986160554033432
-18.925978499198166
-3.8357264085410847
-9.682970492073801
-1.1161629037226959
3.178436552898116
4.548560914590713
-7.877767748873531
2.4089552356184853
-18.240842654001092
12.770328382181695
-3.603749706378977
16.18893795662357
-0.6591415792256363
-8.639584374351625
-7.2264207847171456
-14.580897172730335
-2.256932930778248
15.969579259970331
6.4845586351011235
-0.2415358096623308
-2.5611664660719597
2.436428300476585
-17.986539854649557
-9.308730932355754
-19.978843281991836
-15.420077480673973
-17.35172895990143
12.740561113390775
-19.445901707445373
-16.32393434770952
17.365336008792852
-14.092877949049054
-16.868374295219613
19.974580065011608
-11.568016287893336
8.990753482547959
6.625619644980372
-18.3144848248212
3.748418488227191
0.9785547340353631
3.2317519164027146
-8.878258318696544
3.1942078961022204
-8.01459877873619
-3.8753845453536506
-2.2318300731644527
-19.079612411133773
-16.515438183545463
12.55872810650903
-13.16277715936355
-11.506015905521911
-4.0905478178408785
8.608315898357958
14.469308482351828
10.0529945668289
5.518141590654444
-7.639223593054041
18.158567992308782
-9.073753738449287
-2.4994389330773714
8.083577621621288
-7.308303483216211
2.256859739795143
13.725572856329052
-17.43822851941556
12.555757212995779
-0.8631497118141631
18.66995061061065
3.164039404732989
-12.67670254643165
7.279399640320342
-7.166127087494258
4.238012345805192
0.8735542153766644
18.535210929459048
3.3280614579249317
10.053139702731372
16.143815002989427
-16.57320995044314
-1.074254541518215
-8.794388070706063
3.3161572412668647
-15.304627074847645
4.784280797664557
8.183570492274853
3.916182695867306
11.376330013452435
15.311561615271586
0.34567475202323195
-15.914868563357185
-7.080271296806329
-13.492657235801326
-1.877506017647196
18.933521784024485
-13.50910265407077
19.384287791810245
-13.897437809041024
-13.375356908346344
7.252961157484187
16.535114319248322
-2.053868223859329
-3.434679803783496
11.151868474457544
5.080418536996156
12.432959313704842
18.289990033201377
19.342925963511263
17.30273579425849
-1.9936277567652247
19.818827501637372
-5.055919090840181
-0.8677588323080556
5.526103959970392
19.967179028433748
-18.173927742851127
6.392817657476861
-5.244402854595638
2.2584908599860576
19.260029456555074
1.0397637295401054
10.350903799435393
18.160900175335343
-8.08780064876264
-7.184364742730885
5.443065041107541
16.527413991603936
-7.344545730218055
-15.56418594805422
9.104056270308554
-17.71928186822352
4.224019689904182
-7.13380183292613
8.685797570239778
1.409545714985935
9.736862470870918
-15.17975372658762
4.7351991800556625
18.800696993620683
-19.379414198656345
-8.368076829543769
-16.494534675542397
-0.8360439709748988
6.1427161844563045
-7.243941527605546
-2.7449251031976765
1.329886413654087
17.3332505828786
1.882506903689027
-0.7809699351992272
1.2675911611085269
-9.121567729435377
-16.056377305503272
1.6900102626560738
13.38865608948656
-18.50442248370363
-16.247150495986343
17.71866365682086
-2.0462604181750486
6.08852475476268
17.05987373916487
16.118210504170747
-19.33637462423006
-13.974953017902362
12.414651920385687
-15.865674437645932
-16.151990838321662
9.518619412514244
-14.03915212482688
-7.595535165722627
-16.93828484220542
9.061308437996946
-14.613983180410983
-9.13156158039997
-8.437793453072352
-4.281932605232765
4.280801175008708
13.661761783688029
-1.6031440056158317
-16.392373493664604
9.015194422134503
-4.469181526397028
-15.963318445253503
9.309375550724113
-13.8826070909845
-18.191992603694565
-0.30337787784647574
18.527338986752447
-10.176379282843268
-4.153900296189139
16.03021856728511
-15.052040250608147
-16.729597113561205
-10.757438732173728
2.322899480074007
-10.052924632923563
3.2759976387952605
16.931484435053463
5.054193675302887
-8.970549949183342
9.763693855150876
-4.726818050000304
-7.278649541087718
-6.616339796299213
14.772971153340436
-19.5112213346226
17.08058268724939
-10.507833342213516
18.456367306637034
10.159783619947117
2.7934351198104963
-1.3956276626024042
3.628891696280313
12.91308285933588
19.742695956266594
-2.9193338161261906
-10.00254057176341
-11.243698139567012
-13.225110719085386
2.3787980123467776
-2.6404167636482185
-6.3235522691276245
-16.239262998359806
-4.063304911991583
17.503699639079258
14.201591556545388
-16.15886974793853
0.23771021017971705
-1.0464562200332992
15.204923356407903
-6.784740037718247
17.294548625126886
-4.176755980313844
8.71571011325901
18.018596222131947
-4.619156783646311
-2.0963754042172553
8.17607590932813
-2.363657265082253
-15.656026078339265
-8.49554630783179
-4.829311588167183
8.889747577385535
-7.705556354121219
13.238943573651632
5.996081957710576
-3.0519375028066023
-1.3710900021336698
-0.9189157870033
-19.76594763999386
-7.922281641400367
-17.552948263385375
2.510746791568973
-15.531422166063503
-9.478646186396759
5.288740524110743
18.30418190904072
5.526698989042664
18.977988363129228
-5.366082976340362
5.7912425817376985
-9.617546724727113
-12.492539696068805
8.42832243630744
16.879109783875684
12.430776143172025
-10.19067582396044
-19.432290385405047
1.6744483356078241
6.165848105025717
13.738297314702692
-5.363507585189883
-5.2558260485016195
9.939216566411343
-4.0065883769163655
-6.225612277491127
-18.94425659803606
10.828613039040349
-16.570059994879152
12.442209492520256
-10.989750098718893
-10.076997303179347
12.490611782365
8.463590726074791
1.793716273085849
-7.060350216280028
-15.074429926722352
-2.1220831500619077
-7.8212919751557095
-9.902280303868288
18.025448929903135
13.144305691764885
-14.231099671496352
8.236606834983174
-11.356338180502675
-12.536306616119056
8.32385382133917
5.783083658994702
-5.084064779539098
-2.5907966576815546
12.432164026935006
7.163607376483387
-18.109227037983683
-13.369334235028528
13.420922884003382
18.711480816932806
-11.44666820451996
-12.22517032942819
-3.6841862970690364
7.413199883009828
12.637553675210512
16.590787640752367
12.896199505285885
-18.47036082704217
-5.861963918806348
-4.404387030162198
-18.487625315965165
-19.891186151842632
2.8734061986035506
4.980423492151957
-11.74416954118409
-7.404718399851697
0.2830847626879027
0.6632949243842958
-6.958044991740362
7.312061895846579
7.832351081585934
-9.283211099341916
13.178580915917046
16.880506940053998
12.918710239627067
-15.222834668427826
-12.437328101888824
19.53075768177309
5.805327806816834
14.264865742280982
7.195409757607159
-12.846914868773101
13.160811073349578
-9.934997959415778
5.914010192481886
10.404688870759564
-7.217865143365266
-7.485741006659698
3.743209711420775
-11.463653044997804
-10.763683629482706
-17.462170182469915
-6.9630812944216025
-17.071960773282605
17.686177499868457
-19.533799828006686
1.6172449265239628
8.125836003153712
16.427662570112098
13.925683837329224
19.702435943205188
5.070913784686116
-4.79506209102456
17.932576418019657
12.111188978019499
-19.73767242540307
-12.207442638678984
-6.434036372297918
-1.7842313745315828
8.823225053089956
-8.604142815135889
1.8831435931527167
16.58329468103001
-9.07040292376771
14.896784960624466
3.712259536502888
-14.510532510230334
7.137056988799593
8.148803639759308
8.150126418220388
3.4467737879138127
-15.792047470516
-10.636396474518728
-13.199908621770122
-12.252677431509902
4.529518216183966
-2.812409918490335
-3.1381725591604592
-15.377183890542554
9.508732005109493
-8.247766799781942
-13.850559952554322
-5.956778146028526
-9.76659430440062
-19.84412109893553
-12.35761038188414
-13.391895290169057
-0.35183097803272645
1.814461580745391
-7.8467595677234225
-0.8322245622825264
18.08786755173452
17.413155538262245
2.8267889632790997
11.334536682970274
7.776536962940682
4.839507082623559
-4.334577824462729
13.025538372951111
-10.53152179201824
6.768664404004426
2.8488882600378034
10.929836409467761
-12.842097431448822
0.24136573657463245
-6.761738348859311
-7.633368303382415
-19.313564116531158
-17.966055274600144
12.699652578633533
2.2282603357152873
-18.78033362189238
7.984279991513215
1.3192014286502207
-18.29170902194027
16.49720855648141
11.047139457990657
-17.954400215147672
1.4522093387330095
-15.688103101807762
-5.129317149867774
0.12068937281924974
14.899997845990072
-3.8180563644185064
3.524371886755489
16.08566538471235
6.219747018573308
3.1326600687410178
9.788228198960873
-9.772711367544975
19.266255588436195
3.5685964944340967
4.421994270380019
3.363184449540757
2.0708135559006493
7.2347451836840335
-3.13862988727605
4.324111723756641
16.497248493434263
-4.266801115715175
18.680940296777287
10.974830799229089
14.003817442863564
-13.801127749731492
-11.446001637960004
18.803375180141174
-18.53572455245491
-12.79781743449389
7.8625868383842565
-1.4351593858288467
-16.326390407442382
16.90557964851112
6.034882061010286
-10.272030009604283
8.01083030377022
-15.846400735613283
16.413225392825936
-6.407140644392534
16.786806657566878
-2.930555921021881
6.212144641178263
-10.558843623968004
1.9575264052288688
8.20603514461553
-0.8476381411433991
17.235415710956744
5.28695539905172
-2.359438833066001
1.9513398923993392
-16.732888742070593
7.190275882578145
13.742574922848235
-19.827867812885085
-18.823837261037074
-7.770411282025197
9.762644194706528
12.620355566489664
-12.496699801940508
8.19363618875336
9.069791895588104
-3.632995041353645
-3.8084263956943616
-15.248542125191031
-6.883065453334357
3.748017990107151
7.128536386921237
-10.214533592092327
-10.774167697214851
8.945252696220333
14.975235572595189
-18.362024347773943
-12.930897386337072
13.48155492850718
-3.0031220353737353
-11.05642992445945
7.055848982739409
-18.22437959859991
-4.479679553296023
5.054238030261562
12.009821676736536
2.2835381370878594
17.678740506136364
-0.05798296124223157
14.376716305089268
6.551886114979709
12.619747266499516
-4.530276815877286
-9.34335520719236
-4.278267900372846
16.96834674650377
7.15119856124381
-5.5448844683689025
-13.839646585165859
-7.464999628604637
-17.651816791521007
15.579943070801143
-7.7576997190292385
-14.886054885751832
14.685272090678552
-5.114380949619557
-7.8635167457698785
-18.082995316691267
-10.988139035227341
8.810291700225832
5.6844707031104775
-17.635241133064238
1.607409438784341
5.785605155198269
-16.558356812256683
10.401063475282616
-0.6284114758946622
2.6990526376095367
7.208333097895924
9.714699824134069
12.419248229153673
8.038006360943918
13.937858030929718
15.514069915151907
-8.364632842594455
6.553041679244256
-10.579745615440054
2.4987139482126537
-4.472758738911335
0.676342181437029
-19.933887397392965
-3.5360546795154306
6.5964400210027705
3.4494773788715882
-14.142482366665611
8.73337461776924
11.60567821373784
10.11487997885245
-2.8423634298463476
7.365439176396151
19.508545864785575
-14.692854762214678
-18.589286923350613
8.050342102470516
-7.32339130600443
-18.63154898168563
-17.244807534351416
-2.73530383709587
14.046254491090579
12.721111159430805
6.033864941983325
-9.525564116751246
-16.90784484745351
2.270560542469596
-14.82952874997087
6.918992075033739
9.444874125448553
17.390628298806348
-13.529137571736598
3.5787561754395156
-19.264868177798157
-8.34688638641504
-12.41271488714101
-3.437951497510106
2.3784463744180044
14.22935478956019
-5.8602887222983036
-10.69316310751708
10.415559690724269
-18.452950419563443
-15.510403037301103
-5.442856572371163
-6.286152456925333
14.123970060778532
-10.895162936355224
-2.472452417786087
14.554671198099314
6.163257601158968
19.905524867702823
18.20056499920468
5.622484166751654
-14.076550446676933
10.609505441499959
-14.12001224736228
-14.192231331840768
-18.592850264320266
-14.444719121020984
14.920623721556517
-8.4587015964423
5.908901840799096
-5.86541693003535
3.8866117824977344
4.838706825803484
-16.305180909518313
-9.637355243202936
-13.75843087482191
6.257326372642915
4.531452339635607
-3.882124641541985
-17.175986713309143
13.454968213962644
-6.327809261106548
-13.890589038055477
18.94317640097006
-19.617512407884995
-8.391842848301078
-5.3986945551928365
7.364524466394595
-1.9721495667852764
2.454492227431725
18.756636470701515
-19.298977848453518
7.337055784657316
-15.415484214545042
7.811387003946383
18.107177915949634
9.929502903964895
13.765868896987627
-8.988171504160958
-8.145903121655325
-16.793965459127058
19.251299597583483
-14.725335645867519
-3.0633129731615014
-1.6048097673657438
-1.0524204611600965
-5.4527257071602655
-8.199916769339755
10.295260474344108
-5.058337444207112
19.115501181688394
16.474947161461415
-19.597943701754673
16.80377435897077
6.800435004620688
12.739445373176913
13.278612160162993
5.61585072362557
-12.18650991661776
-4.454666137976506
4.459929000527257
-4.7259408904525735
3.215372974570407
-18.60522373235291
12.555028628201555
-7.79045014337429
13.07850372683572
-14.11295364391095
3.978541551606753
-1.5919463363699933
-7.443767558561696
6.879718893117733
15.136604980610343
4.008002447438656
-17.29793523439623
-11.682515668019358
-9.782245382020447
16.931563941042917
11.943639104911394
-4.787022993381278
-13.490802586625081
-8.4475345703367
-9.113754600757664
-2.569556240858411
17.98681927809556
12.652452424019891
-18.823466907763628
-17.915562597735967
9.18697406366568
-17.84728219134774
-17.131241551010117
11.766393205104656
3.3773845521397163
18.44616595482283
10.888315581448897
-11.42718586007003
9.806790816855408
14.863164672634888
-10.642610530414656
-10.143221209882999
6.5982400041635
1.3595379948304966
-6.190012784157437
14.08367329680545
4.141115461881604
14.354165142448075
-14.571158073749908
-12.5674980797411
-18.489055592670276
-2.6163200150385215
-6.899751237017707
15.538619973968238
13.571001904055642
-3.1901348100021636
-4.678032424019175
-19.724821613477637
18.30935253823735
13.814179085891027
-15.808363915848647
-9.198759618621848
15.673971465433958
8.658326509340867
-10.556331583619517
-10.36732421652459
-16.656424575939496
13.14705878126481
0.7743643164705496
-2.1290623371922877
8.289307733176248
-7.27857510461282
-7.1440180776849616
10.881672141892373
6.295336959799641
-16.402390142789578
14.499433618003593
0.39997561623110656
-19.748600067927946
-6.158379878215587
16.570601610920797
9.397229140484097
1.1305379887288396
7.00008419759234
18.43284244126054
-13.247125928309025
18.568213906271033
3.366937566259729
5.719927488962028
13.260567127417033
-2.7307863053304757
-19.354141963356128
-10.694025224947637
-0.8412595683547544
-9.885666709394725
-19.369683455553115
-6.04567002175977
-14.256631073098522
11.290512125104861
10.400917354621107
-6.7818225268483
13.537283964663686
-5.728744020789666
12.847099885113266
16.053915735578435
14.576858845217998
1.7041278170280947
15.32856533107833
-19.618446633460813
-3.5783863544133823
3.1541979244972893
-14.799002286023955
19.571129401815817
7.059391103543831
-17.335610988490163
-9.968755952071714
1.2749688111564517
17.928662437603748
3.419845354377692
-0.27272649429111695
-15.222679450777807
3.6138842493975964
-11.83410178752721
19.051562372249272
9.613312097787158
-17.181533439507398
-16.266326791594622
-12.705093123235
-19.282041073178007
14.110917495008493
19.852491076832266
-12.307275714184808
3.0368112009668096
16.99758799364333
7.238231003493478
12.905288299007708
-15.819011732206718
10.528269994962095
-7.265100793485528
14.562778699493983
-7.34762386412414
10.178177277270095
6.111967982863074
13.584558398625859
15.31728738500312
-10.375260671486766
2.629894543213652
-19.917162002374877
9.72166631803422
2.714058721092414
17.885719706273598
15.68364780673884
13.093214853832379
-4.475137922185567
-8.342968210054229
-5.564760480827999
0.919195930407156
-8.909580861931818
-5.2695904402621565
-13.818387085087496
-9.806144256929032
-16.21265231438276
11.864320454176106
3.0660013201875387
-3.6119325488744565
-4.823585570993201
10.719618104897837
15.063489239036059
0.3096626919168415
-18.02920602583074
8.295513312110913
16.55713489923191
-3.4554170830483564
6.467378229279021
14.678619106898516
-19.840479521709383
-16.82992020192692
-8.71585685482836
-3.736463090665808
-11.76897814848656
-18.40286953048995
-0.5579810451275655
-9.229163236849164
0.6277053475254277
-12.94131815646522
3.6361711779997847
-17.889760642747362
12.571520354936851
-1.6260456227324838
-13.57556131763516
-8.794397913954658
1.9969942737966946
-13.981274477675484
-5.011239932328815
9.023476870451866
-0.804325473287296
18.289472192298568
7.608868804630291
-10.460101017660186
18.528279411553335
-19.191031212047214
19.496035522275122
-16.66649514679954
-17.773469147824727
-18.55998641483758
8.625900123639404
10.423514929399648
6.633254674704933
-13.806595368340995
17.213874204578957
2.697946815382636
16.427779429048698
-6.4534031557602045
-4.451927648821945
-16.675120354736066
9.499073673983869
15.543838916075316
18.461280282769494
-12.848293725885839
-1.5908902193209613
-11.06624890295906
1.8886258316930125
18.3492595919015
9.30653213642207
-13.870462718006369
0.31668723657905673
-8.091351793604158
-5.745644797966838
-11.82380646897386
-19.549920221195336
4.353379887638496
10.27393968683393
-10.370383140164655
-5.734682991175344
11.945519448652075
13.064500365664877
-18.728777929336328
-14.422314519556544
-15.607537328779365
6.703588638446021
-0.03639701403193385
14.57465836207146
19.235723110492714
-12.027304899338787
-14.049936713626
2.037705049633299
-0.2289824536396452
16.553998205855144
-16.909202070047023
-16.052501019944355
-7.0344450531470635
15.616610921434948
5.574719658144481
-4.048165162297908
-18.518101164710576
-14.149722070198418
-12.26384755293334
16.277620456755187
-3.319873000852507
3.9517804213831873
19.410676363325365
6.153294660330417
17.818277750161393
7.496796059611036
-2.3636612088838547
0.24998498802646196
18.299253540752105
11.416517234433044
1.169482514836858
19.584755489900644
-5.59339050165876
-16.148249227597624
-6.580591726160465
16.20966310124927
18.46465116531941
2.6076011939536023
15.309987402006946
-0.20248810988869081
6.546044258808841
15.22877229232327
-3.5825343728463253
-17.659152762620174
-10.678256456549864
0.1529655999808135
-15.605660258695062
-0.5570350064332885
-9.567020164945426
10.887831341188338
19.299780489179213
16.441367965590985
1.4149487044271822
-3.3399989208825858
-4.430689294547857
3.844834355648974
10.305669418234512
-0.37218891103918494
-6.4027817429680844
19.0140051749311
-1.910192268441186
19.160130721875518
8.167312794401283
-12.646024461126167
-5.431375122986344
11.435289350603313
5.338602427764222
-14.579981807707384
1.3187220883619766
-15.589611421706536
-16.810458012030416
-16.91263093564244
12.823661172169594
-14.847499171192524
4.455922828752129
5.799038599319651
-8.785983048049433
19.724034916934883
11.768758018032774
5.2862678905330185
17.742425528314897
8.313548094974248
5.148094151504026
6.276939756528989
11.197434686484442
8.162512171598895
-10.063914712308883
-3.307248070267338
-11.284005677314873
0.815574999760166
17.101199917523843
4.065976203188203
10.716236055246846
8.00540862800979
17.056326387980754
-7.212477074494267
-0.12737808367382897
-12.121922112911117
-1.260030839246408
-4.464377777074592
-2.3286210658828033
-14.14794921975378
2.633550366881721
7.08470103310718
8.59254513164435
-10.716118530572931
-5.590647176538832
19.03923696435178
-18.18721875790444
-17.878279087359758
16.3194467056694
10.979608281804538
-9.047947334314163
-5.8135791302381
-11.98308298783025
13.027505342570663
9.531333544096178
-13.754573070846941
-0.9303632227692589
15.376512137362795
19.423058525268516
11.276026807724197
6.64241526948944
5.591805407158041
3.761486042797614
1.9877555093324943
-13.059370444879189
15.563648455084042
-6.965384338909541
-15.713003545912795
12.515876226492807
14.0449540354659
-16.81683318419738
-15.035674879228132
5.25713918990899
6.209901711509392
4.548809510712633
9.474317753372627
-18.524397498362887
-17.851530090110018
-13.598002839467709
16.376130441169174
-5.7337150148616
15.554369394554797
-2.8132767747576892
5.892047467925451
-9.627028386323374
11.938774254718151
15.154437849601933
-15.535706808288872
8.598921310123625
13.976184120890665
-18.86523415000831
9.653582677504854
-18.730949862747952
4.046601361972094
-0.5211011545080808
10.86183001840687
-18.052578040606836
-1.2449069129703787
-16.581383515641647
-14.002497505231242
14.087854254707246
-16.753336063215563
18.07610887020151
1.468860058769053
8.438690662101976
-8.145188357629664
-2.764468881257617
8.767740837770063
-2.280588124604151
12.220884638847366
2.712824127852727
-0.9951287460076053
10.099851613663454
-7.594041435924526
-5.728654429242583
-3.9775429386533325
12.042872273469733
-17.446913146504595
15.178266824145439
-14.236609583429779
9.399181060219348
5.433516381312316
17.265822473607194
10.447038027148984
11.549103570328718
-3.696296213627278
-4.481457061539519
-9.412922836031466
-9.182164249193864
-1.7149489223978733
-13.460807194291483
-15.571634899754013
-4.058245304753854
-0.08872929042410505
10.429713142895881
19.763634187391588
-2.414244677456601
-6.140437491682302
12.621646559114474
-5.6969827459382
2.8991149614948775
14.313807545502385
1.4436354480405456
-17.59967497961437
12.555333605970645
15.613894332761937
1.8602089143455949
-16.319075221319522
-2.525454404996374
19.619274366940985
4.772390375380851
11.155799626738236
18.884011095673323
-17.55734387464819
7.391888615594631
-5.30934383708399
-14.354363100548188
-18.47931386076486
-3.6472900426936796
-3.8479122302601496
-12.65219732544454
17.81790045314638
12.663904384337826
6.881762097790379
-3.7797905481584877
0.631067195395552
2.3165344480102164
-10.076934268532835
1.0659491409918473
11.581846312290544
-17.816781057711083
17.08445223348206
-8.824029465757226
8.58688579177683
-9.189458028337185
3.3440001282537857
-15.876907277140448
-2.6979763575673914
12.415825667973415
-13.7314715623828
-18.29102859322323
-16.055073761584925
-9.226904793532814
-2.4682368000398753
1.7730304641693309
4.138992796639801
5.565250974409754
5.569081687314789
-16.24088728299374
1.0109634644016197
18.60798181315991
0.5216106465885417
18.25022128744837
-10.488833903849706
17.476920980235377
-0.8664471232915574
17.235461254282626
-9.578442101177881
7.5241336410244415
-16.146734746013184
7.582089320072992
1.9383611296344796
-0.33960119619610296
-14.534805090076102
16.324735038085144
19.686620860924023
13.757439761189758
-1.5253933104861837
8.717378211410931
-9.92571166445195
13.142270740630138
-11.408811302916902
0.5500727216639909
-13.873209505873811
3.222752024000531
-9.926896778073374
-9.26252297083411
-2.1413813746187706
3.4416827220267336
0.19785862485886696
15.598320469043692
-9.048155077619935
6.172640251536233
-17.698204908449053
2.2686105408903288
2.925132590516327
-2.927504358541615
-7.979700267248052
19.23740308150387
-17.839819494769426
4.991176918173103
-19.98883752587723
-3.140404445011228
-17.826781953403973
9.15649445951583
8.200798943514407
-2.5613357461523094
6.20649742277099
-8.404628181337443
18.981743616183564
-4.456357500389441
3.0848752958169996
-11.89575735829366
10.16332905933772
10.735167759326302
18.980446645300205
5.293166306504208
-17.21440763070928
-5.223290368145829
-17.24910069859932
-9.370251479375868
-2.367688252414311
-6.035273102340813
14.19412622086221
-1.6085280062023557
-16.210135873620285
9.486393440863065
-10.909711225500676
2.0183511658387268
2.0513245865003427
-13.034127765191146
-2.330930833854964
-13.910755292766614
-14.57090572639319
-9.26319107068653
-9.494576009844016
5.386282888414971
14.353945220792383
-11.684623961815115
7.832443509634292
8.657006140850669
7.2626090316505625
-8.655817085633007
-7.477207472652578
-14.304351151585228
19.965081405250302
-9.04041716959513
-7.3257928468141245
11.933644836657692
12.778957414479358
-10.797310309540249
-14.937151641120852
-16.351518562573535
7.764938210721546
-16.592738718680092
0.8724811008725979
-2.7904500693056313
-2.3552038240246915
-17.439693354564277
1.80701290331152
0.05022098421205712
-9.707693304287481
9.508950963297629
-14.427924246897806
7.48570258062308
7.292132052108773
6.839836234741121
-19.938549018775085
-3.367672368770201
-8.291764414357443
-10.132914775794193
-13.59681302906334
-3.960795979120636
-14.771028257759404
4.669073632416897
-11.184988427955659
0.6101559692338618
-16.231872862188887
3.9825187926902608
15.068221867634925
-10.686142485004986
14.336899414989858
10.477902423584343
16.835924342788076
-15.156893479705303
-16.748622433389897
10.09411681231012
16.33170114101739
-2.7557620333390354
-19.34006180656606
-6.340062827343127
18.416325139374536
-9.682452612309941
-15.225795087026185
6.389257362865884
12.227996984008541
-4.388807893534544
4.360059961327384
-1.1373610539803707
13.014807925659312
-13.539264925793661
-1.5374874126983187
-13.43346085885273
-1.753874657709197
-6.815057454110942
-16.344952811904587
-6.4129035233158795
8.445416088082581
0.2944390082718087
3.5567573505517025
-17.543684902654107
16.794512984834803
-7.73532608381867
-14.068184149446118
-11.00794080900609
-18.70023361666523
6.604250374654363
-19.56494276543338
7.4510590139906405
-1.6491441631252712
-19.262512982768957
-9.604387885386618
2.4998443423034544
-7.080157246367298
-10.271336807590593
-10.510627737735536
16.66647607124773
15.316928998349965
-10.402062083170005
12.384257267437434
-11.053833509965862
-14.805693830001893
-17.684970230387826
9.131923884920642
5.592208260258701
-3.3590086935680503
3.8344441256411628
-1.2863510962378868
14.075479532561957
-13.713854198820652
-12.584853633749873
8.519056119682432
-16.737553372035478
5.985306163106593
-16.449102479704898
-12.398750428977277
-14.938747453131294
-8.551908038155482
12.521044519312177
7.581341674201312
-4.741143820576529
-15.957031014018508
-1.967934263881567
-18.63575916813413
17.8335028636415
-9.892696691632498
6.561917808840931
17.585259303995805
-5.298773710186859
-18.55798912503104
7.272194474493581
3.731390047205938
18.682439128437835
0.8143018011276304
-6.998773343289457
19.712015032025263
-4.731000510678335
-19.96142385420164
5.698221142899978
-1.4225247326420565
-7.534206450042884
-17.40233688641193
13.095167516761876
-8.548915592447743
18.21422773683917
7.573018587170939
14.416718628107958
-0.17820803036141086
8.753767656338795
15.40046602912468
-2.9756994758531583
4.55094609485862
-17.575076751893835
17.745243875548994
16.95601648421613
-5.397186175512282
6.745623847212585
2.5409629152020905
-8.51255199240747
-8.174773396421102
-12.766088984367414
7.603545819017263
19.690250787045706
-12.537701404864716
-2.9975063680240837
-18.218667251378488
3.94682456684766
-10.683544865701071
-1.9447892411957426
-17.050159206765095
11.857811645729797
-5.711660141906991
-5.257774605722631
9.79409965548459
10.060294981420451
17.534588268982382
9.38652846131847
12.589558406305386
6.282363506952137
10.577519156444982
4.388836162332787
0.2517548524488191
-14.94441113763456
-8.614450924194607
13.283950091353411
-12.48649404158205
3.870165250835811
0.7566460230510508
12.898763251665883
16.73939941936115
1.319886519404264
-18.802814502953204
13.66694742303818
-14.43920042354935
-17.558365633072754
13.844543399404174
-7.302883873928781
-8.655845403467119
-11.451948865892426
2.8606455388170104
-10.316842143977016
19.82654253673889
-9.726550951878972
10.012648784466872
14.747393154693548
-14.065192803900075
-14.999348949916179
14.734850857933225
-6.8663774726890345
-13.048128324999544
-2.625833751440247
-8.366167680088964
-19.08547622184868
-6.601061562420325
-10.150877575711599
0.7867917404931681
-6.337750466453894
-6.6406174937093265
-18.295320961931697
6.624986753954374
-15.427238606868228
-17.011726044569542
-14.55446409221667
-9.050457060226332
17.587478646376447
-4.296363572853119
-18.937816358651617
12.413335837516556
19.89811708704606
13.975871891753684
13.545337187024003
-16.667567435815087
-14.147658690964082
-5.255680664530242
17.819488066575893
1.226847530530641
0.6263574431544647
8.648846427852845
1.0456611858358826
-13.365577774126006
8.281971625932837
1.0457680125658086
15.384658509877042
3.7675021471381207
1.5301101230105658
-15.69358205985868
1.4396899829768728
-11.286412931875493
-5.963049479121803
12.523134015183402
-0.11251886543701062
8.782174284624006
1.9540012462037346
15.829958617850046
-9.30229906460152
-12.3016648228691
18.85761961628836
2.00391285600379
-6.663139375263331
-6.013097237245386
-5.749787708471917
17.57477586686153
2.207635091342258
-4.040567039125751
1.5047927012992126
2.7901965160809468
-14.319863014819717
-11.35564156916329
7.872460656791603
-19.74620024484816
2.7581040855142973
-9.790028135723254
-11.524349288081694
-8.442076693206296
-19.411351470102147
12.961003301752243
11.29525926367787
5.605751492373511
-8.592106436347592
-10.600517400531938
14.97184871979367
19.596908318234277
-12.362436213564166
-2.348797573007996
1.9081035426545228
-10.722865653067434
16.659677512560137
6.499777435586921
-16.060944028815726
7.327445766063221
-16.66584676976596
18.826156438471592
0.23416939721296615
-2.8017643367125302
-1.8361181346228932
6.635843650811463
-8.245004753894714
5.613311844554826
-4.830233269654624
-2.6978731604180766
-2.415764411130251
-19.621769247563957
3.5900997180175054
19.837006538680086
-19.79780777669872
-8.502538091813175
11.624589258642782
0.3522895042584011
14.723013100448568
10.308221804544079
17.067597587652003
12.918693187016203
12.484112720275988
-6.11943754739638
10.732788388623074
7.439956540788888
17.846011031995282
8.151679498870898
15.15451039204899
-12.278510104861144
8.019290482725054
6.667873955716956
-2.743753310964536
5.8276098953611175
13.037235307632628
-13.318393115827485
3.584449506791273
15.755317508013256
-0.014681098739075082
-9.533235343179935
6.213296687224489
-11.562934261499546
5.14941314358304
-15.541553476705197
3.340573201150029
17.017245681448188
2.8049058270976133
4.070091451285233
-6.673927373242385
-12.297814814124832
18.539216826416904
7.941919774732469
12.677746792476277
-5.878796460745818
16.56698246502841
-2.9257991527646965
-4.908373051802659
9.888090972981978
1.566821295886971
-11.747088843671945
10.990425210768372
-18.866749693894995
-17.91460782374928
15.010149103389367
5.929409865475389
3.265631533407994
13.84708943733694
-9.025396972314837
12.88593862308683
-11.067812904860483
-19.580152368387882
-8.720324374790458
13.92020091862291
7.513042180098086
9.121141356003129
-15.909552182392805
17.28153716063337
19.86732479197628
-1.797348718675913
14.333634331475785
-9.979502861693925
-11.670438848985771
-7.325428168529996
11.595884984205107
-2.2138194603111394
-9.724594871038864
15.857614393757451
-7.884015248249575
-16.620000873568117
15.77962400385205
-18.175329882102123
15.674812171502516
-18.60210815151479
-14.374771915709657
16.83972677775435
-14.699447402466067
10.347537933951621
18.313734311435383
-2.501069381154764
10.320214881730184
-18.32754382409982
-3.868510307703662
-16.70580513928954
19.057109367165268
13.736005943978597
-12.088222275560515
-16.983964324945283
5.773120628636033
-2.1146858451488306
0.8946927308440706
9.299468331618591
18.93974436623352
-16.340123800165568
7.820092101707495
19.505612325448844
3.125633693022852
-6.559464310731013
-10.191169971621612
18.841542482812095
-5.2593775243528995
8.304266444335454
-8.727219346346939
-12.796586625685492
18.353139047371762
-8.519260337357064
9.193524623303087
-5.398700830698932
4.987737723971165
6.580783098547801
16.42827659723951
17.734619854733197
14.046020181355843
17.809960677564924
16.067384295083876
-15.049178847959258
2.588489926726133
15.49893183336684
9.444999950721016
-2.1857471604672725
-14.208523862379963
-7.037892564233372
-16.13515568183217
14.359411247128484
-15.675093018132884
-5.337214670959799
2.6185024021566505
0.47771229562422235
9.470046625797078
-5.590882680423581
-0.9341378236241695
2.4643922864714476
-0.1975497823146064
6.885044999302966
1.9487420497057073
-5.448576173186414
-12.813974382917305
2.9965735369225683
-11.014903644182251
-2.678117885933812
-15.539274041497993
9.824095021623375
16.623562511914358
7.738304685137823
16.43807506827214
-6.7347823490401595
-8.026124569243551
-18.748411979025065
8.153403720307626
-1.0598493656375787
1.381842826290086
-2.7264607912583614
17.071621172463317
-16.280975510903076
18.24278747084533
11.158624094664681
-15.142588450562249
-11.043997942666097
9.319572459151736
-12.136520541610057
9.59722060377246
10.41595375700836
4.499092777673383
1.3206394086070539
12.534247498249506
3.542746215950359
5.379590632861749
-18.47332888665202
-1.1850209423737965
16.102154954643225
17.3434042690357
-4.648015404430602
-5.106094598524468
-2.3105147749755375
-17.61234836488574
-1.739193817166118
8.010457380938373
-1.1902289287345198
-14.21497088489286
-9.66723196269709
12.57107103215872
-9.918339568456688
-4.363119882777106
-6.696549404276855
11.962278882073164
-19.662791239881
1.0781378671881967
-7.43653156985879
-19.086474534740038
6.991324409721816
-5.7958784085142625
-4.515392643695101
-17.67918526516449
17.77980446378026
14.338001318641815
2.418226262575452
6.1104643820814
-6.329394402818821
13.195642877115986
18.64352574233365
9.9012264649981
-5.503743353998338
-12.914530458132232
-16.966810027794402
-8.978592716822039
13.575823886759586
6.886005165911499
7.704579630192512
-12.179645718328187
13.56213288355682
2.912198451410184
6.212525882930379
17.188205537051417
7.995794615419566
-1.4721787927418433
9.733923484243682
2.0085302643963665
-8.6354792067638
-12.442329604759163
-12.617275298457159
7.819708976295438
18.89250204541392
7.791236802119791
-8.3945604566469
-6.647417279533791
1.474385811668796
9.09479268031333
1.368786545271501
-14.801606121918951
-2.5930289408937632
15.808297198087047
0.5041091527546548
8.286476292589455
3.409749922564327
-0.6125630461637535
-4.367878203937089
15.655932552850274
-9.899257326511126
-5.785626813810865
7.591534978987472
8.46789543807757
-1.3444025580125576
-5.1297025460643155
18.596945139459827
-13.627387614896422
0.9761259499098465
-6.51267083306886
4.564884479905672
-10.246838666487704
-2.7008017820551053
-6.090673909720184
-1.045739189618974
10.419343608750996
-13.49087367400533
1.371993925675838
-18.231671909986797
-16.464320036998146
-12.364304678788214
11.612602135250597
-8.004375027844205
-1.1981596065512967
14.404387087142489
9.528361312962144
3.186860792996228
5.710391379820589
17.51160858726182
7.517192228434769
-9.072350488058266
-7.8058530260002
11.289424417232198
11.378801186794472
4.523923408142785
-0.3989405381847
-4.0929261628729385
-13.634312856256624
11.956411638262079
5.204494185958456
-2.972991924667447
-19.931390199127645
-0.6154765707273846
19.473287028853818
8.69335253817355
1.810172508024035
14.994369657094062
-8.682675388792035
-5.966529470839843
-5.340682773099017
1.1514353465018417
11.723241327912103
11.316076315105214
-18.348175928989427
-9.194479999640222
-3.667293399471969
-11.381956024270782
7.819295700235074
2.2563541557518185
-14.58309259190996
-7.250558962071745
18.86344664126431
-1.0072039537200403
-14.96634592404507
-2.3441330773963145
-9.635728754270776
-7.729457513970015
-8.367057460856614
-16.418919212967992
-15.273554656276914
12.164453657837953
11.108398471413782
0.7090603734736263
-3.3303026851968234
-19.13232888998916
-6.864520417620739
-3.8237799984809513
-3.16361872670079
-14.060030843070056
3.4957802427492766
-1.6830001465368696
5.305240584104027
-14.51730364587075
5.8375560057356495
-16.918507837393193
10.882241510311488
2.6523205193428723
-3.802679760112248
-9.74402852515551
14.301214517262856
0.303524662979612
19.39182021812512
9.531309813307477
-3.881510918184322
11.867633667639083
-15.925122914990716
5.139009805562331
-15.52551336508262
11.501449605492358
-17.963445989293895
16.666972832622918
10.756315698693435
2.779268011076148
2.0899020191799167
11.802647025724944
13.812309682103503
5.826980946207904
-12.195148158947454
-18.57575481442796
8.578937356200186
-6.037138248425062
-15.925847462583139
-19.42396478271167
-13.14358244681757
-19.475746194270368
-13.72090619253315
19.51324843492764
-19.103332442860715
0.813033081845127
13.045139071865577
7.316959458184993
13.518542026881718
-4.117774850968621
2.347479582234641
8.261980236464868
-19.395274347737512
18.755808274204554
10.974333383064845
-12.939214204549877
-5.486982413999343
-0.23213983225108237
0.49045963596869413
-11.220764614639634
18.568954610634066
19.751150214075942
-5.035336159737437
19.522270689713572
-19.79686517593644
-9.096479135764186
-16.26923704269647
-3.9034071216710373
-13.115660739187325
12.120023469336964
6.211871457767458
8.81751317984969
-16.2657783958509
-12.7812433108882
15.042660400449464
-19.068537762392864
-7.380100791558508
-9.839579868395795
-17.597945576373853
8.093994607371457
-14.180227332106101
-15.175111576394475
0.8861043733768952
-9.703625806385535
18.705768740595673
-19.107109064791707
-16.583098132790678
-12.015630718148373
-5.8127639108027385
8.822399037700318
-2.451131712213126
14.279818639157028
13.938858781517801
-16.75614019930585
3.054130862904408
9.772689344982318
5.521967893970565
-19.604646773827383
2.3192482276530697
-7.530770770539551
-19.230432071146023
2.022333028172806
18.379351179598757
8.59539583977761
3.9222072928342087
0.04909931282984914
-10.761304751054176
-16.235218942239467
-16.06950312796424
0.4725785898868935
8.871973948091409
-13.592149055600782
-11.842654270883388
-8.575163665594037
-11.627740790153712
-7.732841363942926
-15.511531093712367
14.645697265882859
2.78095849628334
4.302761065367974
-7.334834061011545
0.4957455624321554
-7.1149415321237175
6.759957911081415
-2.365349017678355
-13.29225818423125
-0.8453268406020058
-16.374085954269525
-4.447821419154426
11.67755894619999
16.078579233101166
14.957105731180704
-2.0643728822965173
4.947534552462997
19.707046579230493
-13.624912366918913
-13.794720684833571
15.641968058730683
-14.898353948885417
2.5634985971903426
17.078091256916665
-8.368863177386356
17.99407719222389
11.868347156660981
8.22989023425697
0.8496456518881104
8.931800054401336
17.05232388196329
15.097328594863946
-12.360173121564856
0.8384557477985801
-2.2373991842463354
8.289863775025687
17.867389330853257
8.183410935073134
-3.1189557597184994
10.812037499755323
-18.727072730791306
17.585350014326856
-3.877112208794877
4.133806871359926
15.224292578170818
11.235363963480207
9.650506239916588
-7.744636465523769
-2.6252267995246754
-15.462090358609455
-3.1261067477558626
-2.048641180723557
10.227059316589422
-7.261943796963827
-10.909157625865697
19.283142753430532
0.48681968252045493
13.304497412451148
17.448009110268238
4.810344807019359
-1.2407590129618775
1.2336534558735863
-8.570783084472113
-14.395028884466008
11.915623015777488
-10.350516431359495
4.793949252433599
1.60479239352059
16.576574394449644
5.411356310758599
-12.074998573117774
10.473577780719545
11.997940474138275
13.155788789298967
11.269571754393816
-19.369351361267782
14.298359006288202
-10.7496220994389
-16.18334973546718
19.832310399379537
8.309754266113245
3.1731841672801693
-8.98322763920321
-18.390862183982737
-6.454332304071787
-5.534280464091035
5.649348190025741
13.315829127856645
-14.754716022190069
9.747188016987277
5.24910943835016
-11.29565662611769
4.5040028285114175
-18.242816070186908
15.514159151207984
-5.018678764441876
-4.270319522511548
-8.97750878482697
-14.619385169766659
6.784722017697582
13.337801508009306
15.83150043489593
-4.970328556026363
1.2159670171176238
13.928195715476491
18.42156869113471
9.451378313051858
-11.330834504382338
-10.622341351058772
4.300391861861023
1.5402722529970703
-3.7569700681951232
10.733846921686968
-14.340701563702787
-16.672142924632443
1.2050807177234937
-17.58810633857412
-8.00040456169926
15.631078557969758
10.093311375815219
-2.1714434329309604
1.646824932999273
-0.8046988613848782
19.49284320195703
-2.505509313117468
-8.632396058423787
3.748170877894136
11.829307861941682
-10.736442938460629
-3.172298483426843
-7.075564184633944
-12.431227765166124
3.068937143819287
19.062092770904762
8.730290470101583
-2.6618466549678423
12.915639221963524
-1.83995924266409
-13.676955141913645
-0.7701792555596256
17.504486490739893
19.14258497266419
-12.128448463030267
-17.290589116014775
-16.714676628141593
17.957004945255996
13.713052339469023
-12.736439542049647
-0.23555261809350725
7.7805792113972885
10.40662547550766
-0.5699513089349004
7.977773749234398
-16.656827054344316
15.629155027415322
17.891352974066344
9.323778163642992
-8.138217100564056
-6.739155120284153
5.004163642146754
12.718464619402894
-8.232288320995288
4.457916344984724
-18.398818625391065
8.78731286512523
-7.711163780108695
-8.588755377109841
-8.245122778334068
14.346617333312835
13.914181565045908
-6.5816030598813136
-0.6076886884725567
-14.77441841103932
1.1077448384882516
10.018125472750604
10.31270226324683
-8.903361578610971
8.812455983565496
-1.519312021045451
-15.923089554923093
-4.6216371635286
13.550054435400916
-15.058162159607718
10.201082678660672
12.195269701787794
2.7414882778335965
-8.048290182033924
1.9752724365039462
-9.41996625812707
6.245964780066188
11.711348555850222
-8.76660206841465
0.864032458130648
-14.117935353708418
14.155530663982347
-8.82794608985301
-13.6279331067689
13.538326377646456
-18.082197802657973
4.25380189145573
-7.881934489410241
-5.088356100505038
5.381428448967647
15.175681582543334
6.984614551487102
-10.796725337547283
-4.713954313101514
-19.389496618501845
-3.3203022349042115
5.278191962280765
17.398211845611726
0.47328151860167367
17.532514782165705
4.193834479468602
8.821623044529954
-5.431218504288404
12.644245218123139
-15.893570437271553
13.71759963041876
-8.94572175141223
-10.345082744721847
9.698075884629404
-11.405764624858804
-5.483283773103803
-7.665145102200896
6.528043449560236
-18.905100529855705
-4.783592358073809
6.784273300830318
-2.3660494914319408
-19.584110574669428
-10.773488535968152
-7.525464596651851
0.5840890814544863
-13.087364179716857
13.128810234271093
1.206774866090754
6.3961330708600705
-9.633276016873182
7.183754557089625
-5.51516254081192
3.3288928064067136
-2.4103959229397347
3.025749774130322
-9.234730975891608
17.685190109872075
4.682379492863234
6.5567023452127415
-14.326269228314409
-1.9635111548036654
2.554143295098797
-8.196155035797691
0.006026260654955706
-10.319204107541688
19.929123184368557
18.78185288889774
0.7915050857722115
-7.951698767573534
12.462104686891522
-4.081429306693792
-0.3630080268756899
-11.6621319194768
-8.063243029355638
17.11340912877221
11.629156179346097
2.142554817735764
3.59977456570693
-10.706012043057612
-19.3043400423652
-10.96853332332925
14.97578372977874
2.9989055692450073
3.796109742362006
-19.411285105143754
10.218512403200837
-13.653022142919923
-8.433959572866607
14.869555713438068
4.070743016310683
1.3362076377903733
10.525859478238687
-12.12500945418352
2.9385855937713643
-14.590445494197848
-16.009315034833456
-14.307969461648309
-15.72056753932812
-16.18533974765716
9.476316953774301
14.787236336663824
16.96148393329522
-13.49517737408268
-1.8826870613346678
6.721582714504365
2.0891518293215583
14.123609881320021
-9.493692332626754
0.4226251542513282
-12.887277313054856
-17.730919702282897
-7.174863318972612
3.5404432757054636
4.8222047853425245
-5.4857269991995885
-12.854585510752386
19.135553822988307
-4.518823693700952
2.3632479495077483
-1.1378604445600118
-16.028007466713483
2.166451485753946
16.19988849340961
16.7055174940904
0.5092072887135011
13.262560132001326
8.975760034761791
-11.50589917285414
6.7110042718129215
8.060440650920924
10.674636614105907
15.663101936537132
10.590073534697503
-15.339683861855082
12.54378247862362
13.11697634660866
-17.99219455233073
2.133095784740018
18.603327353622177
-17.78266042397668
9.912166870189331
4.645752379965412
5.584566884567856
-9.070764532359714
-2.4752301042729705
5.599156611579126
-0.9222208030976233
-14.220384824503181
-0.004454849639575542
-1.8578015453009478
18.370376287841815
-0.39820936879591073
5.098417417268813
-19.145296397742122
-5.992250749694929
18.472314032627054
-2.9366450038428837
19.24873112581188
-8.910243895549295
-3.24772379127851
-16.24817931036105
16.402810628940053
-2.7290619755198087
13.788094250161755
-12.343720214464025
19.4649592037647
-17.717192911911027
-16.72469338386634
-14.77244278852675
1.3979710699434946
15.33268511481139
-0.36678445967710616
2.5103142759004555
7.126337460811282
19.13521420109972
10.952083342050628
17.290032277267017
9.951830591044114
17.115903291712932
-6.952689914841166
13.541299131602159
16.426916032054415
18.479750937943393
-12.658855045191508
-15.058873303768694
6.76523625591512
-16.70193288485653
-19.801345336977846
16.223962336613397
14.211756079445564
12.799156479911524
-10.158528880785553
-17.22736684847973
8.848021504057652
-8.66729046113791
-7.775596263188781
15.969530783433264
2.6784176298777673
-16.103302563206825
-13.199745206025728
-4.291541637400158
4.921789295064144
1.7790162283243234
-8.90883397269381
-2.315996803844662
-0.47716680089343555
0.41635967835985355
17.154162737479467
-9.353473590083885
18.09116529656913
13.075118392858386
-4.635207975980634
-15.15219690116847
-12.456952812776198
-18.198064084281818
-15.913146564130564
-13.041963995024206
-5.79352134210529
-19.410084621732988
-17.70787430031866
-16.73903395587676
-16.63501395854597
-3.7296823948915687
-1.2313815248200584
-3.5967348866540902
15.223339490450165
6.612836800459672
-11.766867558069007
-15.797848989520787
0.18941020930076746
-19.002952050651754
-18.046349644034816
10.862676459870166
9.707952393268915
-15.213512665764881
10.569732385981322
5.875295559354498
-7.660404246566316
-8.477766630187693
15.556859868656126
-5.2439937781328805
-2.042070991921431
3.0247978804680002
2.04713864333236
-7.807038728702466
-4.092939738354815
17.56263204168252
4.002073737156465
-12.36910589168184
-15.659429084222069
-2.984187640802194
-15.845648249013117
-17.309986225575358
-6.7695442912126005
-12.860488153122759
-10.04129277515692
10.593645340649637
1.9181466675812189
-1.040169986275565
-13.477672575918076
-9.667969869478528
1.211490775169235
13.041884599734658
-6.845687672414606
14.765259266744337
-0.16584745984018667
-10.495326529828311
-7.291252420999893
13.210563495382203
12.51307293438883
-1.6566856519040556
-7.773122396810489
-10.886001997130649
-8.241677587215012
-12.191470745442503
-14.585366654333747
-15.924820905800345
-5.8056492448923755
-13.397728358870316
0.5557412226498855
5.243513901991477
-15.93909902440323
0.012008805814403445
6.1037737467806785
-6.81726304880684
3.405916590979274
-12.85110242816225
-9.468488734922964
10.24780560989739
-15.749289695917552
10.827625485795224
11.174198716132729
-9.980770883162688
7.26814966363019
-2.074755188040065
-18.308639529211817
6.899414266038448
0.2728211440749533
-17.047685663815653
-14.387669591231834
-4.190153543714924
2.596306184073349
-4.015776895704285
-10.71969325058224
11.807080980458949
3.5160440287155907
2.816034207668693
9.71619891844352
6.952546595319479
-10.976304490934083
-1.4715743708605658
9.880982336762635
19.986977100710213
17.403995024374183
-18.07904980546274
11.20375617672076
8.06102313070701
7.520709370930007
2.4096643638957183
16.476254338754742
-7.381983439025062
2.386287013868312
-9.914529992661038
-3.6301594796589
5.104753765696842
17.465105219954502
-13.132799683123153
14.528291881466131
-16.238172028548114
8.891843246786316
-3.487678273863107
-17.902656258581082
18.49642978697738
-1.2458439887224948
-14.732015412239292
-14.34476733238457
12.501731521679822
8.412418196735342
11.473723563591864
11.322372289089813
12.91105765613581
-4.039332949607948
-11.740009726583779
2.1780767485935684
-12.720464425960003
-16.70673239716645
-5.551103826839242
11.548421538832674
3.280973555331709
-2.76041312826365
-14.343035739562172
-11.344190595780042
13.638884459464478
6.117602965178939
-1.0508447013745013
13.376103510819142
0.05777503742021395
8.933144660711307
19.53370202076694
-17.351752471316324
-16.546834422431395
-13.724836500476556
2.329135705673174
10.220451597197645
19.453585732158878
2.1917390751818644
-1.6626050152583396
17.99924567740424
-3.9838254714289825
-14.083624304299306
-10.154108385848817
-7.607181294925809
-8.056624875676599
0.8119316362911988
-19.68950342605014
-9.033995128269483
15.722781709110954
-16.94436637015164
-16.79939066958294
-3.889578200425774
0.00437615988632345
7.546347324995359
-19.41949606277006
8.917818438107549
0.17917043524651888
-13.455749523532301
-4.042834409999042
16.961848637994436
-11.435468660863467
-18.372096106894183
-15.885140211867338
8.857319899887052
-16.620824328812382
6.1602153535067
7.8777919569047015
-10.139214737247709
-17.857818777488617
17.105960623585254
5.586072558336671
-8.745493266525898
17.658521875383684
-16.685229058174524
8.210580240197167
-3.140821130122717
-5.482380937447733
-0.9026926591584328
18.487996570479154
4.0131241924591095
18.40489924026773
-2.7454776182776044
-1.832008080931388
17.828568246242497
-8.334338730857894
19.078234579857856
-19.535537926316444
-16.063135327637212
-13.368909991796961
-18.554188687378407
-0.13876753921372398
-5.565959730960515
-10.930111787599547
0.5829720793356366
15.15192625510656
6.9986454746009805
-0.8040094500838322
4.376449688826128
-0.7666688251354437
13.040716463074375
12.933561442108086
18.461777888079183
-9.189993166525054
-3.8237741334217716
10.379468452943009
15.897601095373872
-13.108190087818041
14.016433826059561
11.374222263520931
11.675201379222603
18.38094680708828
17.346970718219623
-3.896708602265271
14.261665230534796
-10.254928103028607
12.430560591556997
18.95692299115302
-17.57717686644436
7.713531613538727
-14.794160580525396
17.236801023807395
11.373629670393328
-1.0193867175256273
-16.134842252207015
0.030607992144485507
18.68449900012731
-1.8838332227457855
-10.16717320593727
-4.327990207244174
0.20917191229996135
-11.295567854705988
-4.124803158851083
17.22966583173516
-2.9839090986967953
9.61827316070416
12.905277066703952
-9.234511811230055
-9.671549106429737
-5.279526030489405
-10.933905927217191
-5.268162115542054
6.31234284828146
-13.37501862960469
-16.88105080508837
-0.6474353425736723
-10.800697007934502
-12.421075541460693
1.763175789492447
-9.219941709827095
16.140077569070613
-5.13567813669512
17.50373408251263
-3.8774076800682806
-19.48765934548858
14.232795496228853
-15.151926030227273
-11.653945429048598
-4.5012018044601465
-10.052648965241865
-9.857111139157153
1.6573568252932382
3.6384621063678466
-14.970477035656696
-12.224021676867523
-9.96279825202568
-3.6393101094426683
2.8331980221991095
-7.073563990485635
16.131203059719986
-16.71417597404297
18.161304006408066
16.393401674818413
-9.898435877870257
-5.333998872488941
4.1605270540769155
0.7537823381123019
-16.3373425236979
-4.685185753626669
-10.705288801516236
-17.182854114674292
-1.0421342309229402
-11.659437348006328
14.346524908767712
7.74727224306239
-14.16442552433022
14.504133616829186
14.860403124194043
9.579638861485009
12.357567386169563
-2.4672762875391356
7.628133465206346
16.707384890778705
-12.323807276089248
11.256373445794196
-10.043420049626231
9.953268189299553
2.267381815604061
-9.569222119389753
-8.326225634169848
18.892549041053776
5.137253711955228
-8.047982418896634
-15.589971430280482
-19.168531946009534
0.364856458127953
-18.42088535925666
13.82398353023541
-5.353519556370902
0.7119030682419272
4.64937534123473
-1.3491662801565987
1.9880406024115551
6.541662917421057
1.7069652577886174
8.804852176323834
17.859316218185995
-9.174310012083161
-8.148979155708954
6.325448116229833
-13.596726889576797
-1.4838583077716159
19.83785019251514
7.600849056510487
9.165395010225499
4.977295595201198
3.174053926686433
-18.607691068749084
-8.082980171617908
4.6401928029315265
-13.352386752790363
-19.174058849983872
-2.313331506770485
7.312994396868149
5.156385872502412
5.446235156414488
-15.019265588092958
5.341618135937605
2.88024696986362
19.652207967372853
4.4732682966676585
14.188589263491885
-2.192187269049274
14.216721153355138
-4.888515540265557
-2.8140487683091635
-10.119359806807786
-10.731278186506493
8.090190506655293
6.338726531678173
-16.342477699482313
-12.648812013098114
19.503056651400463
-11.920732222435708
1.2979161991223442
15.921917211358348
-13.51909181717426
2.551383692645377
-6.6578857940242475
19.764591218373816
-14.049678139048565
-8.36710133033742
-0.8848421051821092
13.471251106321006
15.585370527522514
10.381099089006128
-18.289102833210165
1.6933709169255522
-13.9624445351877
4.839846080259814
-11.133821954312776
1.726053594082451
-8.047995197412758
19.1576849206891
17.250632372597046
-19.74976895333688
-14.636602559152712
-19.540931703695374
1.1089206966879495
-18.880066517986368
3.5282446655416813
-2.388478301592528
6.400940353100296
-17.165373845306302
-7.716892669059794
19.539812837169492
10.276465890223353
1.1069998766549674
15.60957836598903
14.285092887681593
8.58423685007731
11.278027669153342
-17.742465153614123
-16.136282004520424
-8.325378416106549
-11.966258869338912
13.312252403975727
-10.93563317936697
-7.649340072122959
-9.582244290066356
-1.3119764009225463
-5.014838610262679
11.12177890711747
-6.14692432719548
12.657613556868405
-13.336339825542197
-7.934971943956054
-11.392442757757495
-8.3221281671928
14.710168332556279
-1.8827751407423854
-7.073766610227334
5.452606336468946
9.948005650213204
9.70760090646018
2.1120753930967098
-1.0167685185575124
6.410831501127898
0.6581644371772128
-10.829225781174504
13.693900047599854
1.5346837417521755
2.810964397798724
-18.260842115266666
-5.539575517758987
-6.368399912067941
12.409106177753472
9.093409202011774
10.763128299127501
14.23138192069429
13.443995040648772
4.927341734957203
0.5290231654511572
4.094384751174417
2.0302766281248097
-0.6424588256699053
-18.375172651058822
12.98431369906745
9.29463052383371
-17.648423729902
4.643562914768896
16.718141051518487
-4.197870704574722
-4.717291387841103
9.979386834595331
19.913566732291855
-12.8135002233339
-6.223302875586665
13.978896566338278
13.178371734407307
-2.4121263506067834
-3.9920622704936406
-5.16205524347666
16.065924058937327
0.5248688031694861
6.655696122204699
-1.236796611804781
-2.874072052409904
7.154609359859766
5.583713145656102
-10.55660111526047
6.187503917253544
-5.6784324955875665
13.30084636498541
4.1045618568595685
-2.8699575098389083
-17.415495956519255
14.345231750121876
-15.012352125559403
-2.798031182493542
3.9327776034245367
-14.012865493553619
-14.469757191707009
6.069179492275207
17.506004230188957
1.8589021172934785
-16.918109589577032
-7.256764971734032
-17.448661551271975
-13.704921584292293
0.5318212315448463
0.6718266898406746
-14.049470724522513
-15.953163025304725
13.591177572547892
1.1414400828502238
8.410562711327394
-6.186907818505567
-3.5654321918889025
3.5154345017454744
9.06369852942057
-5.806999156273456
15.880157129912398
19.79251103818428
-3.7520687585998473
14.343494228519916
17.44723368578888
13.053150086471689
-2.857338022600409
19.956255202237564
-14.28392644352192
9.29525604870458
-17.483586004953608
6.721142806354813
17.094587784301588
-14.992975003729029
12.759803811062781
-14.43722413587107
18.005502465961023
0.5142791783048679
0.513371944955793
6.416903370302329
-11.205086648418071
-7.75337516805668
-13.552506337793586
-6.256525272506819
-10.05301140740746
16.564675395630744
-12.200408596121125
10.902880556908432
6.1731297660446245
-5.371038430916343
-6.304190715549209
-5.167402790091465
-18.91044597928497
-3.0419202687581226
19.16763842120549
5.367927568278414
-3.749224713107587
-13.08498443021628
2.885128211843174
2.289306294453219
15.115037910532138
-4.371663958329094
4.974500783739298
5.569382081975004
14.121330465101785
-9.949377394240898
12.99549313422898
-2.2376089817109843
-1.7495926751830062
-13.039380856081685
18.87702409505576
-12.411522289222873
-10.558459317336176
13.108375908374185
-10.814971095054426
-13.274367562186352
-14.355628658301232
-11.069617013373003
-3.347833623951235
10.639609654491014
3.679104374281188
9.469262128944052
7.18419219857466
12.137931354382935
-7.26759756057799
-10.461847946025618
-0.825060380706276
3.814188716438302
-19.500658434212987
-19.879444908465906
3.814925789236689
-3.022687816595628
-19.362077998606985
-14.40363147059271
13.812013847483087
-3.1115836072014105
15.779224462289243
3.7206382968945704
11.031605835071264
0.624280662510472
-10.103059988622945
-8.64531564653754
16.683502868028334
-5.70637626568403
5.330945952852733
-14.434861413757893
10.395448806229311
-16.98396184266479
-6.960158770818378
12.00243387654102
5.580302922569906
2.8836174368198364
-14.700379971856616
11.086358581168394
-4.319842538686176
-13.263947726976571
14.070667397594782
-6.49061010614278
14.14423869859234
-11.366111610701676
6.357843046331141
-10.221355848213761
-7.913800104183014
-6.9711369476177065
-0.29348807408186417
-14.253658979404186
3.799839684325267
-19.738172124813715
2.042115124079544
15.183301714020857
-6.7031530272798925
-13.175866600132423
-5.46630059366597
-19.678179137564307
12.08821403791552
9.186176921026185
19.13601744487226
15.43166805945269
13.200076293150211
-1.1606314947857967
-17.828830282883956
5.652236920125588
6.455552970712091
19.79512616769776
9.307255728264398
-13.52791345327455
14.545593042347747
-5.984016412527691
10.809253222044642
-19.89393614548083
-6.495516602737673
3.021216732386563
-2.29627788784914
17.192591679375944
-0.4898233147398656
-14.042808052336886
2.836110611807552
-18.861291235158696
2.8199153845549283
0.4983512287588532
-18.768470238051776
19.127238687366813
-7.249131901180892
-14.680329282497354
-2.24891575925081
1.932965515904101
-2.043062349611194
-15.209539027868328
-18.173801649212585
5.965030073793205
-17.936122538432734
-12.178968627292175
13.732495337637019
19.399697926121455
6.2521210919412304
-18.679181602766096
-14.306100270068537
17.59361922966076
3.6849415120068443
-10.52417587362697
5.956479624007297
15.018855409949367
2.0873878011208618
4.375274242480987
-4.574186693293743
3.7593273728236944
-6.268776284563199
12.375467100893815
6.590941238336644
12.0922561292261
-13.05966058207277
-12.981639437153142
-0.4106249465379008
1.8573448030099655
-6.603896174054045
16.344378565675868
-19.195682130574035
15.016336287382941
5.254022870139767
18.15149707563777
-5.0790786269278865
-16.720582712063106
16.02265558663153
-18.034095663980686
6.59707242539514
6.125385734562077
4.521958693081302
-6.478788097857603
-10.138582441418414
-11.78173817453315
-2.558140707750553
16.34377646002787
18.4867325549044
8.93667489943617
-1.4476382530861258
4.107939677451192
7.263722220401792
1.9719565159565313
-14.674656274088015
0.8286359213679049
5.033542936528775
-12.588459871844893
9.442425378736317
18.540610051310303
-17.989704248851393
-18.07915959642964
-1.0530335694972948
-1.3877341091290631
-7.417592407229158
1.8432711160128221
-1.8015125291268035
-14.24248499604376
11.203573422780519
-14.512520396397868
-7.975493193746125
19.333190780475235
-14.173813350793875
11.206731957678326
-8.839333030958807
0.3974051005513388
13.893773310062834
17.460867250671022
14.748277404112564
0.15475432925715893
3.393540036045245
11.99897468897062
-4.9614989223418515
6.272923541463147
-18.463421489168553
-8.908214168549726
-17.673292306284367
9.553133150022788
-16.813838497677697
-4.704929139079287
15.979201342761932
-4.345746930708758
-12.012336057814972
-19.86053506917463
14.763880046037976
16.9856872366532
-5.736757313540984
8.364082101079195
-6.420751718372237
-7.699563345171185
8.253835327358235
-1.931015759546657
-3.219445633599282
2.61138348064355
5.248296810484394
-14.160197497331604
-4.062997735897866
-7.301502263826642
14.285013829423256
-2.700876241901806
-15.161749082674149
18.61015274678749
-8.389979622199766
-6.0746703907956565
0.1623492078421762
19.974118265837426
-11.546367775421409
0.6716596464020164
19.025010099789796
8.968654003020397
17.167033785677873
-13.798715954550001
5.57735353619778
-8.684152415905086
5.453156521302507
-17.39338841962782
-15.409808500808344
-5.98225820624255
16.7531725170103
4.885918876110797
-14.265579592376408
-9.655360485106485
-0.5566316493606323
-16.682851041922557
7.508934009256855
-10.066069346135675
4.408568907184147
-19.74356873805143
19.588745230844758
7.491095950372916
-18.941597508049938
-17.40079182638698
4.225524193097748
16.704106501688088
0.91807866633118
5.305610432315863
-3.943649630994255
-13.54330365658603
-12.06284027853087
3.9289529137931467
6.629479008830966
-15.725579289631245
-8.325779482842709
13.22059532225638
-7.10601456695616
13.12045372023114
9.317001667448803
3.6451921547455193
9.008490936130396
14.049068334809213
8.989237496370187
3.3052236458035935
-13.282579326388927
-15.43098831236794
-17.51458582080863
-0.012581051331434168
0.822164219518335
11.48824728980209
19.199567519965477
-13.615194687527064
11.644566631160195
5.571904351102319
-7.980283058250134
-11.083030969970675
1.1160626747419542
-16.083384984004724
4.038079122124625
-6.544699421268504
-13.82351485478367
-12.942802219483468
18.922021000834718
15.363866482492114
-6.744339787476266
16.43247915212107
12.755504640924485
-5.902453595024415
-4.510061472431088
8.94959133243784
-10.879254555863941
9.236510049639325
9.153640244115628
5.918681552928188
-17.16308638228105
-12.846158701076892
-10.812038447839454
-3.094533726587887
-10.686299275183103
-8.572162080685931
-10.300684220432426
-3.1144590724124797
12.745564409388962
-1.0499110338226103
17.43499937496975
7.523652255480396
-5.262896794146572
7.9143588024494065
6.847087201983225
-6.0904788385014275
11.14912919379669
2.071947571403836
2.9860471131200406
13.659552028309797
3.8364475162940224
-18.637046225335517
-15.730820750069107
-0.4048720353727475
13.782388674970612
8.376384687831774
-8.543233956670676
0.9601457874441266
8.780793261629228
-2.4983446861978997
-18.862059500848176
11.392351306303787
-18.740759580905113
6.034024755376617
7.961044031600348
-0.5209769892172886
-8.10282875516705
-9.132279484700003
10.312705624233743
-1.7879363580443588
17.25720785941528
-9.225937131426987
-12.158811061301854
-3.296460760152403
-16.037314226662893
3.8928931536808875
11.967027105264798
5.132270813929697
-17.64532099428836
-1.7841291272960156
-14.510769897394496
8.94694664806753
-19.897798320780353
-7.710176361029092
11.049213337615114
6.019718361896402
-18.43778099447436
-19.03164522327654
9.454992529550346
-16.245106657296287
-6.986458349070039
-3.3964011435396024
1.9413181556412376
-10.519148084645614
9.846959926050104
11.701481271460061
-12.20965500081595
-17.03137238559559
0.8866542802903901
1.773367252443233
17.57140644288303
5.462662511977182
7.842146043568402
4.523299782983585
4.427532619049671
0.19726897340082417
-6.975346152189502
-4.448239042113308
0.10387186757491662
-12.709944171596014
3.226239892749323
-8.491780922692747
18.747041060304298
-0.2039099697299207
12.186424251394143
-9.785320219387707
-5.149458039304511
-0.8491587024508505
-0.656656614545966
-1.943590217984589
18.746097667723333
2.7136318905073793
-5.948251651601337
2.3274273242943835
-10.543061441534292
11.11642736455821
11.345867326634984
16.033426332791315
6.60293292629191
-13.142668415431995
3.5025111512946374
7.923466666147441
-13.775005624660782
7.956378645351631
8.706924466915652
-4.3853552106618245
-15.480273955706627
-16.869271836551786
15.47937766134816
-3.518345118112588
-17.537123074998004
17.53160822113273
-17.695049309609445
-11.629434042094221
14.516573103783031
-3.844585482981195
14.301628004086588
13.915557549678269
19.64047197881507
-5.490953272886223
-7.369582035064536
18.472980783016467
17.853127349641156
-14.1234532617898
2.3832194124382724
13.316856769006279
13.847285230690126
0.47279967790603905
14.381534456281074
-0.5270954209623291
7.7358895119798206
6.475313158771545
-12.1077084373667
7.985862300075244
13.592115008397151
11.259017264380962
-12.950958777914323
-8.633626449146332
-11.52487453194896
-6.960768512587666
16.226650258523428
15.026859528020616
-19.087919331818725
-9.878443182436625
-10.478401514992242
16.858684473039716
19.934067226912532
-4.9591425386815935
16.219942992233513
-1.2811477869071197
-7.269930889367471
18.97627277087716
-13.801463220028891
-8.411598017236827
-10.485877081176636
-10.293875291136851
2.64184770260875
12.698856981358006
-5.378145981316717
16.17646621859422
10.247163879301379
-15.484340828416553
-9.518523001303706
3.903838798282333
-0.5470549458182639
-17.350173383123284
-17.466096477869133
-19.77574551558462
-10.76629598768195
-11.432054572172392
-10.602994903999218
-2.862804545774061
5.718845612132743
-8.350690776259441
-17.988711627497203
11.008824010432932
17.708045732825667
18.855629015926382
4.853670291009664
-0.2312462422708741
-0.8230767483129142
-6.335427065375727
-17.828433365094696
-2.3181240120502444
-4.030564126245704
2.751786613948731
-8.547679509106008
-3.995309027904767
-8.364632485873088
-7.328063451306477
-6.680478152284435
2.5471285032749265
-14.800639598049985
14.38921408845809
-16.26632060613315
10.546628179782797
-1.6420977877226477
1.40761759164986
-10.588828556240678
-0.2571878293766652
0.6786647821734277
19.437833472193894
-1.4898598139284402
7.646210830500127
-0.6383938883167808
-18.93023039115581
-0.12241676457087536
7.781340006621775
-12.629803618324363
18.08950221357717
-18.59277371174112
10.113034643094604
-10.876370084244593
-7.643715845206437
8.510797854733166
13.808878500753458
-17.46234695337268
16.2140031002805
16.345791741294178
10.218283292496913
2.9175616375859867
10.205531553507758
16.648328327605945
11.884699433156186
13.836097684594165
1.0310471054187431
-2.24832336793434
-6.221006549512577
12.91528312862679
5.7876267955503025
-1.2293490045097109
-1.2191075527668183
4.51443926699865
19.29255304288254
-15.890639278819876
-16.88812684231497
-12.203581088082887
-18.904460693325586
-9.814339070805499
-2.796005647439358
-11.980182914384713
-18.69238832467321
9.83400214155963
0.4074315395358852
-7.6009924281593975
-11.246947247156434
-7.280851307878461
-9.59202681448108
-9.745807878323443
-9.687588178164205
10.716876968191343
18.984063325711205
16.48079093170346
18.317016058841816
2.145009803804953
13.699788798646921
-4.157987513752266
-14.559701938909427
4.789278798011413
-12.496300092799512
-18.063025219360856
-18.032584046537337
-6.665368070544101
3.268928484266791
19.478938104844694
7.456710628723297
0.8537603331849084
-5.353466860654535
14.912881827825501
15.964003542700397
-4.031347908578006
-11.002747730839669
15.518475969697583
1.4976602105390278
-18.09925122258571
1.5005057850383565
2.3548749898623527
10.617894470766728
15.493089213616067
-7.2241637175080164
9.149821084353228
-3.5410865059986776
-10.660377844718676
-3.438940118010578
15.173712496566594
10.159758555983665
1.6393807558062612
-9.994465291305055
-6.884234146271728
6.870631795500994
-1.4749521102773855
-15.65142479985759
9.13235379866899
6.031897181002627
5.100328348828324
3.1597819672334673
1.4467735697640123
-1.691612293969719
14.259843438339232
5.463896166650212
11.90403332100226
0.8616897302772415
2.352446932730107
10.362422347934558
-11.65761290265269
-6.623384533803357
-18.102931052517185
-12.439639471758408
-19.922410408825684
14.937216215702705
-16.559154807627365
-14.103290654575718
-13.806948621065299
6.627781660570612
4.909066359453043
-13.27210067699751
4.6044281222761505
-4.646515030205315
-18.78445334221791
14.056206955185708
11.585237164278631
-12.630074324510296
-1.307845702220991
3.543294648558035
-10.945030249104652
18.285845570617056
-6.576396305540676
-10.094434846357272
-6.326991624338998
7.091428112861706
-12.356960041730517
15.115351174035261
16.37345583681136
-18.17473457666909
-10.120749148848995
-13.542662912670265
12.944451487963384
4.229562029120423
18.585479504779002
-0.6755688995730935
-1.7098668616234036
-19.50815025709184
-8.876265578711084
17.627724860384888
-12.565121068634282
7.581696781294909
-10.204264851666856
-10.071601006866366
18.87880238685225
14.132786527116245
-5.874172996079977
-18.579656389962153
13.76986420475157
17.849033688930007
9.162327081632178
2.7100996188321673
-4.610558664581346
-6.9223297424449814
9.806817053085041
-17.07334447858161
6.481761399454594
4.6019823239086435
-5.041284108150883
-4.9285237148089855
10.043113156270248
-18.531024246395894
7.317542783378464
7.7323417991928665
7.330791997795654
-0.3571510993023317
1.7152309471082816
-7.7660844313427635
-10.35899753593569
-12.356756954003059
-0.10481337103207622
7.161113345265409
5.4367974797516005
-0.5492261792587847
-9.982929311211821
4.380023457997126
-5.003550553111683
11.725546609087232
-9.756462634634048
-3.288628750316125
-12.416400612000684
4.305463847070868
11.579052972457436
12.090536477876185
9.429260646462666
-9.471368078729236
10.20844893912065
-8.964468962828263
19.178849784663583
15.599438844869354
-13.10141532404983
-1.9332796513604862
-2.3660686408560174
-7.674485852584576
-5.143293910841212
11.151683685626288
-16.475547644588456
-13.858206422547
8.533498686010184
19.032029464153368
-6.88274104605723
-4.321022606548324
1.379927666575277
10.453200162126567
-2.897847315706681
2.353449987254752
-0.07989133115105318
-6.3287229075833995
15.449292710821126
13.203774475008636
9.55365991740818
0.7057530582295755
-11.911346601153445
5.002651511536442
12.232518074091168
18.97758569128247
9.739105830533713
-10.708489140514663
1.8613617992423706
8.140219577612587
-4.024855439140328
7.216829367319853
-10.654081036065776
-18.650395393630003
-10.407909626541446
-16.349871466902826
10.458443553117167
12.610048193468948
1.323165569023523
17.2262270724475
11.088606211017485
-19.589557540194352
6.582591456156123
3.0576423262816306
-0.46439474729393737
-19.68322498435399
-6.023716262227424
11.914718777808048
10.240992281228145
9.727596309827181
-4.74984856556064
14.77279828168308
13.485066028836115
-12.269240009731504
-3.3697470329427937
2.9583701796751463
-13.330236917732332
3.9875935075491356
-6.760278276970162
12.781104913453632
4.485809501942256
-9.40641527620992
-9.474232584295246
-10.298917778374834
17.60237397144511
-9.021015978453978
-7.989086023647989
-17.749273590894138
-12.848362654786696
-3.299204062195127
-13.149689701106846
-18.12388924718271
-3.1726797234233253
-1.8481514696775108
13.964658467944446
19.145901632880516
6.887431500719533
-15.122005111443887
-15.542782467236647
-16.4148623742459
-3.728067125164152
-15.956961634227596
16.12487899258271
-1.4617605344026003
-17.25011145313928
-8.122156710217263
-6.268864715668396
-4.622341582067143
10.246173344101383
9.340473519212683
-0.23527247306297028
7.594426798663292
7.210377047045586
-0.11495182050179764
-1.9492962198974695
5.078266749809615
16.100627051463896
13.018009073555426
8.441134252604915
-15.50632042387036
3.3572113474173406
-15.230765806130545
-6.38977241850942
-11.596014096537983
8.51409537040141
-13.99805434730534
-19.29682289590374
-6.5190583822724335
10.372461275743426
18.83198521203675
4.67867947298452
15.035660779040192
15.26903163187378
-9.457004725277564
-3.6433914372535305
-1.9043004325553738
9.579805409603416
-19.405689947462726
-19.79321569613784
-10.934517402958765
-17.186883175134593
-10.474960938737512
-8.268142065572466
10.32364141417078
17.91909903078946
1.6281455539930398
13.629546182100853
10.760055125542046
17.860028164764223
14.124615239007966
8.319745146163577
2.734591724455761
-2.9977052139629095
16.643764856228046
-7.9248161352972915
12.50453349319119
18.526611394838177
-5.732003567553905
-18.588088969425833
-16.406797045070192
-15.664960466066656
-11.721448193513613
-0.5390270280888814
19.458577338972276
1.2512659642308321
14.069707176250667
-11.271237715617435
9.701773736754006
14.900242060632891
-3.3539080960194845
18.705923690430495
-8.128766317886885
14.695545510124852
0.4116270442877763
6.624023768710433
-8.74503544943499
-15.22532312859489
16.125931516448034
-13.584440770685351
3.584394447115553
-1.084657809807048
-8.42291469554266
-6.8749077639797385
-13.321789352096069
-11.938868221881723
15.094537452435752
12.577643346731044
-10.206772127821031
18.071140076611634
-8.283785064575294
-1.6873996189349896
2.416423729000094
-2.6139906346810875
-11.337772729749629
2.2686904571678888
15.453300518983106
11.465147475562144
7.032515457634567
-15.016666813711161
-3.0971883697884017
-18.200340198476155
18.271063969472387
19.92055697550736
4.985074747069994
12.78962612421929
8.822701430280503
18.190590316339076
6.69706102443655
4.835071015532037
16.12672032587207
-4.8356675503941915
-14.340956233570639
8.757015833619334
-9.766383754221678
17.546136242520298
-8.480328226718248
4.058264267135531
11.11929243248898
-17.693748175708063
-6.286386087626203
8.462223533731077
-13.499953204036252
-11.229460940500724
-2.335957659781336
12.067471747438631
-2.6741657198127378
-8.031332702875801
-17.15306075171864
-17.012812446469624
-17.95371861139811
-6.192378785758397
13.044933098954836
1.4000171043751806
0.01176723380430289
11.26126542322568
9.679833066920345
-17.37956665224296
-15.274789873627675
-4.734323389425583
-18.790136133579168
-15.563038033048255
2.1891978609668854
-0.4238908118243181
-12.609343511327316
7.451368662561656
-19.92142640817598
-13.56798219639591
-16.95937445437999
9.347582316697043
15.136293918590638
9.628664328167915
-11.555647757266442
11.05237757094362
1.4375817043423922
11.25381124454561
-13.200923431080692
1.1102489564588964
-15.317868645763998
11.437689680204976
16.08421940997887
15.861506823729044
-8.76007517694224
0.09770891608829402
1.3950020583668206
8.028243807344232
-11.820060966518477
-18.522199089707264
-3.7741401174531006
7.511996518102649
-10.219646284428293
-5.055061416554292
0.2630641412222481
-13.3031297105148
6.019429113762712
-19.39790683764374
-12.584606368513946
18.961212179700404
-19.621724288451663
-3.617676785540432
-9.37201918089734
-15.96040656669369
-15.695068088348535
0.3009038253327212
-13.575670433705849
8.385438841027785
-1.7436929194578497
6.334828942401529
15.396603337347948
9.877950892630352
-8.871672529066412
14.001897174784162
10.535742487027843
-2.067428494156296
-1.7936599523051626
-13.649324404186235
14.345268274828584
19.07972782306038
-5.506628528139501
-17.56874359179026
0.8626778182979109
0.3840338127053755
14.741177859284797
4.162783407207286
-1.52174563693114
3.7971402445173226
1.511237988519845
-7.640043408614412
-5.939994985494227
14.303343676809142
-2.5165553467921917
-6.671616045184603
5.857653068283572
18.58253068645213
-8.95672644428172
-3.7207079957600655
5.937497407847939
-7.685941243042764
-9.90742715541053
-4.870517451258124
-15.253561832736025
-6.555209393202617
-4.754051132184692
1.7735113818829404
-14.222668633684087
-15.848971220616285
-0.6300186465275068
2.782676575090047
-15.477115047308176
17.71377771524152
2.823720775628594
-1.7807487329760434
17.413538657600746
15.340233146396585
-15.707531590925953
13.890502596872821
-15.536916107662005
-18.046828786345472
13.176296859201415
-4.021057235600022
6.2049874291909966
-12.55450635761675
16.965309230505852
-0.9874722852381694
6.206717007154335
6.900667143899529
-7.672049219272047
-4.972491316287906
-11.923418810769126
13.517177014907823
-7.866770027470945
-4.791335506536019
-15.929445719730122
-12.717993696153318
14.72110856236845
6.532723093718495
-6.4913466491271485
-2.993952618690791
-17.559406432876035
-8.565668717690077
-11.257526799324689
-17.599094685691075
-15.01431275878117
15.723267160193629
-10.182529815265028
0.35706739557009826
9.287179725932951
7.030624423893318
4.5171406281032915
17.520550292775255
8.292694327089958
4.257796812163697
11.300885474002797
6.2919935052531955
-14.610836016845479
14.816807444465738
7.386672069511334
11.86970262173115
14.882831851791629
2.242172526392121
8.598954913343327
9.864185317848303
13.097389361465453
-19.17595164328102
4.752672727226912
-14.837763696185284
0.39495579124738
19.52078920112531
14.340787295350232
-18.59413064606109
12.736627184771805
-0.4641422133180306
18.796418688878155
-4.335767525726396
11.731328804870369
-10.632764495973145
-9.561273565367404
6.060530422663014
14.045607986545214
-15.713719173269194
12.960251602616772
18.108147520305486
14.652424227141843
14.127894432142583
6.676535843990209
-11.233266334390247
-12.7443945327658
4.853421863380248
4.644128089408156
-5.098220029485102
14.597306871191542
-11.86474067214653
10.457655622018343
5.030505875966973
16.831634668516216
-16.626404585653138
-1.9552692271711152
-17.68976309314741
-8.780867430645078
13.19445625218421
10.985741492522262
-13.380662494498242
-2.0026580666186824
-18.692002672029897
7.653785083425898
-11.170054150944736
-10.25941343997875
13.400029382257642
-8.482887076012657
-7.043794918401144
-9.34252444796073
1.9283553870393604
8.164350894524127
10.422657500952766
17.349485813146522
2.5017554298492044
4.794474066114791
13.386631727692318
17.73971353024394
-2.4498303698233954
7.760165935704784
19.048749742432335
-1.948494486275937
-7.8309697439244985
18.22739017793431
-15.796105180171299
-11.787018858775987
1.4949253046547675
-10.51909464615358
1.6515903525918532
-6.903531668116592
8.86384825853743
17.539676447521238
-6.567270125498773
7.05972218809368
-16.419104367498804
10.431504429560292
8.809035575600138
18.532749544376877
-10.918841756981838
-15.118199258868309
9.915035718058647
-6.867867735769128
-12.725454904998394
4.0663869005189035
-17.141996346971148
-6.9280201733133495
-12.051370650475818
-15.776125872689608
5.375641410839663
-1.7319588690613372
3.9472170932383293
10.194114554498238
17.540125064036502
7.830163997666183
-7.1513090845234615
8.259789654097855
-16.337976240599623
-11.928801275067169
1.6336504137340242
-16.011749285830042
13.56779219661712
-0.38300347765971665
7.994006092284035
2.7304316015226213
-0.542787877764237
8.348472301235162
-9.49997519163353
7.812450602246209
-19.120491705376622
1.6057074960210294
13.221503197282594
-15.589177300818577
18.246010693353682
18.259087604771793
-6.427286881595599
-11.43063465669298
7.411889966692492
-2.698347864659741
12.80705638535079
-15.877100874669141
-16.793928363374285
18.663067195638668
-6.993554228575523
-4.149787052534432
19.56964272242879
9.359789443054694
-14.830631029666744
10.35570612935058
9.801121552712672
11.522300901502259
6.895132021463532
6.16142500914647
4.005441381037919
15.872637822827933
11.04252869554303
-8.2530945604268
-1.2015741158167295
-15.452209536041966
-12.9683