0.3319366528892971
12.56010742627695
-15.448319913999136
4.377002224477046
-9.714990078186334
-15.241261757942098
6.6031349566877715
-17.36835433998914
-15.706240990900655
10.266639333106031
-10.149341011491435
14.377055306405119
14.505139398591915
11.947724204860709
10.263368081102616
4.944247205733838
-2.551120237712272
17.114390043675307
0.303041146326283
-3.804707626618246
13.878214256525098
-18.170064673761466
12.211672201044095
-11.976268204813012
-18.05162927672604
4.625232122206118
6.250108165137547
-8.26744577282824
-1.2453245269486324
-1.157112445620573
1.7188709168010128
-3.457347246304657
-0.7577961950528689
19.750821921004075
15.187394964749679
11.937256527871739
0.5931473087631147
12.567540830234087
6.375825239892929
17.645420063463163
5.264124108607927
3.4058183731715452
9.117901664884375
5.118826378956026
3.955006791828385
15.98202686387502
-18.172044158134856
-15.737867236933525
1.3841959810578963
4.230650690032583
-5.068441756037965
10.160058619368893
-0.37632185880652713
-0.690386740283742
5.059531233447842
-4.971146170063898
-8.06599415272682
1.082455652598675
-3.976000953149498
15.587865486997515
-1.1252305575268764
3.522913301448586
-15.517222123955957
-1.788396160013658
8.146677193231945
11.556078437182848
19.08821654731186
-5.266873765799236
1.1275557254091026
-10.622134216226593
17.02833936055437
-1.4328138517258395
-10.377898466265108
10.168542980822327
-14.338168178655547
7.150854594778409
-8.534771840305657
15.714742963829138
7.920327314356996
6.494245055251401
16.310465288508432
-17.53926539986377
-19.378728242314253
-17.269028473510303
-19.740926972225033
9.002056847458846
9.491191684920189
-17.139036674155275
-1.7288874166567716
-11.617118264833879
9.536331522631293
19.09286562657718
-10.974219601236396
-1.0426559286544723
-12.457034589823582
-3.7814768093368727
-4.83620802739312
-12.835065299884088
-7.653432303995524
4.2362330782359265
-14.589379961586548
-10.682589966583556
6.266641787135274
-9.995721882182815
-14.540822943058824
7.651469733392517
-16.285791225633062
-15.945662098248295
-0.5068184107751961
18.267846123695236
-3.758143726834593
1.3630287837021804
-4.0344002286216085
-3.4847211240129106
-0.6126511071686238
-11.21983701232371
-18.185359210755713
-8.926129448980632
19.183803956715508
-14.879118514636112
-19.90991750246902
-5.072990814144722
6.666639448720314
-7.108320446808589
3.4077420872572333
16.851421575506023
16.04170215216753
-19.943625068883506
0.3411120809250576
7.172586759027375
-16.86645750293387
8.49348949898011
-11.430614090208211
-8.367344266873058
4.491770782315733
12.13217071423098
1.810193898348853
6.510224019095258
-19.75084619516197
-6.165311034007308
-4.888290053597633
13.930198101062373
13.06789427971642
17.159905483819422
-15.727624791077899
-18.645586461648097
2.6107843210235835
6.735022283740577
19.830128966245447
9.576730122067492
4.487832553570733
6.080675485963578
-18.659237649255303
-7.0554391506150225
-6.498347241279001
10.565300580886209
14.242526891202438
-16.98332857503268
7.363317106332357
-7.9882312090974885
19.37976987880107
11.457840004673198
-0.8997797609792748
6.952264165095265
-11.448690146227069
17.798763354071234
3.296159556912137
18.54511526428383
-19.126566900911655
19.374338278592788
-5.941206894981757
-7.909086313629237
-9.658153613076665
17.899212376764133
18.55791726178441
12.530241317568873
-16.627445240582183
-1.3827267060170385
9.245468921287298
0.23628011454059816
-3.3053059091629464
3.1622319660932234
11.956502441309468
-3.3698173033630816
-3.596055048275826
-13.56401716224038
-17.772364818860172
0.7834664180621616
-7.202207256427711
-15.652385880485763
11.423513383449652
-19.45051088854134
7.833751462422207
-18.716082234032267
-12.199649134920541
7.2021086760861905
-3.1304079847279986
-16.076305024783636
14.898911350129936
9.951114588589402
6.850002787881053
9.565124042473244
2.3725032110726048
17.573584556803482
7.700379990544558
12.533060719279078
14.263313506883286
7.329651740713302
8.584606677842949
-4.4785175115745535
11.524573962293022
-10.148595791613655
19.496795499816947
-9.74716315243267
13.839689042352902
-19.175459833781012
5.255767805543027
-13.280858080539737
8.806235295821946
4.969741189110401
-2.746081108528582
-15.267204399356658
-19.68166130237797
-4.07373527150067
-5.877475776287957
17.166089262846228
0.1817741120159937
-13.418514804735487
-5.726220986379818
4.677372445871853
18.3157337239735
12.998555189997205
-6.476383352812309
5.4234655716149796
-19.98757227345856
-16.169008790290988
-10.024630390991689
8.634322421794725
10.968469994741543
7.763180609941379
11.881444227747156
-15.640457605807114
15.515011502906809
15.881579489645674
16.289312418428878
-6.542024433027102
-16.333656981574123
11.228741395417295
-10.195363968456107
-19.163412052891204
3.8176171595584165
18.101519232556257
-6.046700698172618
-17.02824317489228
19.843709499728106
12.173365650119756
-0.4291034553838813
-1.9160709571808354
7.944436129780076
-16.547004649671383
-1.1907760139257348
18.90176939482624
16.055328630719345
-3.528811766095167
-5.084172061483372
7.01666550599246
19.131184387692187
8.76343697651087
-2.2126330323761145
0.8626442898176307
0.00420437958495512
-17.43894918623112
-3.910832192745602
-11.855861527736554
19.700227892959376
-14.703276858498269
-15.364441036023365
3.485660930862629
9.191214849226697
5.546119860172091
0.8659540550751821
7.556089981134214
12.848936949925125
15.492294404084973
12.351920540712136
8.574225695028463
11.801774227394159
-13.767886220085192
-15.638988981846008
4.352139118302951
-9.909677393429481
-0.8020086849056973
14.11273616088583
0.8033396038089791
11.465870972416631
-16.813501660164295
18.058509272363537
-3.9284126050114025
17.509990651033227
11.452151246898428
-7.244760283142323
-1.2609698147363275
-11.023900251717622
12.29849593286599
-12.367037170586496
-10.303293272737616
13.850336668824376
10.109574083670235
9.325117927825794
-9.614775901650376
-14.375950396280203
15.373814117029092
-0.5573050514210536
4.4496820682564895
-8.993552112094516
-14.532750618424778
-8.822204768125555
3.904019621746407
-15.839904768263885
-18.530612953797714
17.42493103194265
-11.12366681954339
-14.208375095038232
14.414387261690685
1.2945211748018721
-0.04662236186285185
-4.14298474971201
-17.720985144292378
5.562839779518871
-16.95318517624953
7.817792691476797
-9.939808031828505
19.25998993756518
-13.91744146618442
-4.000825659413811
10.3192536759326
8.40861289219
-19.7919894555602
11.240388844256085
-3.267268458803315
10.221630732583922
2.5430903898274657
0.05586115176363293
-11.79646556494796
-12.988894680763474
-19.07442307814197
11.228850949843302
17.04561839647625
8.761780900684112
-13.892405949665694
-9.431222538400403
-18.552014120772768
0.09381863513316802
-6.3208588324418145
7.056050808057094
16.187362510476618
-6.438710920939714
14.994637131094926
-11.349030702545884
-5.833751233995805
5.438475445544132
19.36463041467536
9.310431441639643
0.19666761574553604
9.486803893026785
-14.16912209080898
-4.974758416378528
-8.227765634676665
2.1667385132540034
-10.096753993077803
18.292213395512455
12.25157449657707
13.502156544235454
13.62430651527928
17.60307092702321
1.9934483124783817
19.350550438273785
5.0928537910950595
18.056678990972642
2.8687363762518743
4.830131209542799
-6.218226982524925
14.588701213587669
11.280959030857808
-10.066037981726037
-9.118222844047029
7.189292532073232
-12.300895670703103
15.350657938553645
-0.6658025572082629
5.150668005922469
1.3913728708548945
5.17958078883915
-5.085442326913153
-9.984003520053392
-1.8571289833139772
-15.572774914211895
11.093244479267437
2.3890446895315343
-17.245431245012675
18.979764705295764
3.798882031805473
-0.12706444142720486
-6.270731657186111
7.634171401616214
4.160659903557505
2.3631749021667794
-6.925725362083828
9.314331157257733
15.110122568892642
-0.49738888574962914
8.821185970339233
4.913835811707816
-10.878874382360465
6.874144031962363
-14.42664386307619
-6.689504750857868
19.650575563666102
10.349375336037635
5.878089091359691
-1.19565110591585
3.5909063431299657
-12.529945404834248
1.2759033680673362
-18.495390442275323
3.908357284626934
0.9974114051486964
17.102110745973278
-8.882177476074201
-13.27944103171681
14.412052413994921
-10.12336945393406
-15.128015383587151
-12.506088310547687
6.728026283733509
8.810077039050967
10.127291412071994
-17.81742598548458
-19.79890690779582
-17.107812906342662
-19.62242548891286
0.5801178744231166
-10.284309048249973
-15.056235793641108
6.360211250807421
5.741419706137837
-4.771615765565635
-7.37254189972893
-14.870355302163944
-14.864325191192101
-14.224921060236317
-4.3042074712559995
-8.615128018255426
-15.141732251985625
-16.344494072263345
3.3097557249375242
8.082903618713523
-1.134530983125579
-5.879880454146171
-18.06535341606409
15.697255763576969
-0.6657366589516478
18.255561793930383
17.232739971514334
14.86543554335509
4.599834391784089
-18.063430704962997
1.8395143976977124
-3.3100359941655846
-1.1754937478734142
7.7447586450949935
-2.6050380363977332
16.52153023769481
10.59553434007627
-13.364409494053199
2.2002537252003584
-11.95038556072198
9.78314271633074
18.47827847865809
-14.671093738974212
8.840023586152071
8.084797577917499
13.217595397540343
-4.816527106003129
-0.8250933312386763
-13.006613952076425
18.258138028360655
6.5608942842345
-18.711132766513096
1.258390619543146
8.344110512863665
19.80789181276583
-19.898633327030172
9.652146807247199
0.7403553575199027
3.3321849796179563
14.808362236365369
13.16787742057383
5.3368563394843385
6.879165714559321
-1.0286471203171565
-16.571740609921385
-18.77200438342408
0.4457563002800491
-18.785083839805626
-8.895690765684687
16.650050416086835
-17.121939767965884
17.318032718655132
19.741436298846608
14.569847101171064
13.918383838798775
0.7469514301525209
19.4599655134313
-17.05341094106757
-7.259405436757715
6.16285922463895
6.74262289613133
7.612239927423712
-19.249089369858382
13.392641692177051
-2.035711339307184
-18.641756281524845
-8.892058744080632
16.63784764796575
-3.2516892658430336
19.727714454566723
-13.768885537569977
-13.003503963653156
8.935393965807705
-18.284580872739067
0.34677689849523574
11.63181616852593
-10.62392200066502
-9.227038596449905
7.763121070927106
-17.247453296524135
-18.470202753138132
0.016087003475146133
-12.467846046722402
-14.479558924091553
-19.77069203467127
-15.073214269685252
1.8676029876439237
-16.315822590371848
-12.341990881842278
5.447122711209261
13.610322970241263
4.036997230180933
10.863773219453527
18.407852694848074
0.558233830392826
11.863191106257123
8.835471185634418
12.695814941414369
14.42483500773158
7.928567928899454
-5.446261745795788
-16.021007876195327
-1.928365658288655
-11.396162041818876
9.546832594125192
-7.856347296200115
-3.908424516603265
7.112678847074925
15.32087665755813
14.661368134738112
-17.387691370514847
-0.6122895541416753
-2.039797052937004
-10.866475215966357
19.7140548014803
11.448142459301081
3.1798192008990256
-0.31294117854914205
-2.234004475784836
-9.435022504486575
3.438293618887908
1.404024522920757
-1.7501523776430936
-12.328569513593983
-3.4748671210436655
-0.43315978629070173
-12.51875923710367
-7.3823174598251775
-9.350890329722187
14.68728469152795
-5.847544653750516
6.614791388405106
-6.232488565451394
-18.566353225362473
10.61650609071815
6.67531979932658
10.466642671644458
-7.916687985121831
6.068553676650339
2.9337953004671817
5.633328832740144
15.83184166024057
-5.535593489482199
-14.908506278030211
-11.289000798282967
0.1559242730257182
-17.254305522305508
3.9578822165256184
9.666073522117856
-3.1088834605870055
13.815519817580089
13.74501801849766
4.927566529678792
-10.250366040769268
9.472605542004992
-4.7515231279266334
-12.22089138621326
-6.599607285422891
-5.015084878793834
6.009802689420091
15.08697038047982
-17.51281675642408
12.178161527739967
-18.268508218599003
14.294881941482458
-8.430042751225857
7.186557698331892
-5.943535975420611
15.748475296489211
16.115087567973106
-19.890934106591853
-17.06442892213566
-4.426149611131859
-1.3471174129642165
-9.724286607902881
-1.2277764880379038
-10.456843789528879
2.2814314641917157
7.184041712285648
7.5063792656947115
5.471945839027033
7.366238907817252
3.151263307596409
18.656552137493556
15.209094769402
18.910724623034007
10.974349109839565
0.882301241901132
8.653826673389219
2.7695290725015695
-11.284169161278319
7.6531176222270325
10.454753558609923
19.467299145234428
13.333877977454549
8.88482568439709
8.919097981961052
-9.57565421807351
-15.327485009554147
-1.0224672272132977
-5.420108237665522
-17.208093165783463
7.0657953117723515
-19.77132649113086
13.402072716780047
-7.292397792223703
7.718159597778612
5.512887674117017
19.487181921919678
-16.55064852783017
19.453083805107745
-8.390973537696013
-15.073292927885
-17.961237546861444
-9.325333930726604
-16.365471927786913
-8.688857010824318
-4.29267024774834
11.092251990058976
15.391382697795912
0.850368480339494
6.690862691004348
-18.44039342313539
-16.16728109534829
8.684486338386534
-6.930045975892426
8.574538151137915
-4.321737423146059
3.5110060941131813
7.540104867571532
15.107728326765397
8.614243454296414
-6.806442157990915
0.3436451260201103
3.7946149327123777
3.840123112850197
19.329691528125835
-6.592575822119144
13.721857323785606
-0.48921057496108844
-9.935159940144228
-14.03290379210076
-17.64672986115736
-6.217810549842548
11.366653423664332
14.361258878656244
4.873854668614168
16.96095851542455
9.978238885377976
11.582212144029015
5.608073677693859
-16.743435950668957
17.078859049787823
10.143508564546568
12.899920724164808
-9.503535499943911
1.5895541255071812
1.7232271454066321
-17.094266302937594
-12.192752468869404
2.334474153539567
-13.540367319391526
19.374278472958977
13.968071917145657
12.937124115870972
-13.805240989202897
-13.00819388112524
10.663574144766109
-5.503514176710986
-10.191184691523265
5.875397380418761
4.690863677901621
3.7945007807230446
-6.181284945535147
15.543559325300784
2.551526235497793
-15.990890753699487
2.2941038923340002
8.27361994482493
-11.579931033303513
3.213375941129364
9.098005856778517
-12.596457962960773
0.5218714455507509
17.098950132851556
-0.8840213818286138
10.137135704813502
15.04006768800798
-13.397424301117473
14.203132914285746
4.247858080581874
17.03948190723313
-14.03224650320508
-7.556764447912631
6.108922529678619
-16.626104193982037
-7.348885042265451
4.6271737920501685
-16.504280670431605
-13.488276177305
14.082019146561848
-9.229848476757292
3.178890906371848
-11.371463626663338
-15.567308761565961
11.539652505483758
5.609774106828912
13.10971018014741
17.509347723101996
18.393267827303397
9.86879548599859
-17.720919050893258
7.263142960556092
16.039274968280786
15.569911126024095
18.380533493938998
-2.2285785185022746
-9.397738330483008
4.014267600035023
-15.737350739294778
9.362024710604253
15.19226579534697
16.21758171051107
8.210404781009373
2.6064195484140775
13.206124030231642
18.514992702725955
1.1000242277344583
-2.5347550508023744
7.417129731960557
-9.366978430728686
-2.609199389800562
-12.226384383762472
-15.551148704806979
-9.845574124471895
5.964489902476295
5.004707715623603
-2.3264391991504
-8.349716156678006
18.86789947731038
-5.455387335160559
15.692473125324412
8.815958812675994
9.378628177886043
-12.149635051059263
5.545718239168767
15.579920330704951
-6.595114633442115
-16.61209804197851
12.273443898391704
-4.145976590631314
16.761457125055095
-18.475662322812806
2.4013248388479447
-11.343444584510575
-5.644140598460936
1.6838543579491514
7.9795637775519666
16.656779373308275
9.238466081861528
-7.035133383342682
-10.081827297922125
-8.130633763296618
-9.944285703361317
-2.8756355491084378
-7.777532630266947
13.050532221528954
-17.74452009000506
4.1010298560182825
1.2412286940095427
-19.90231958520049
-17.918205657902206
5.493374135011152
11.694301636286689
-17.389136080190468
15.651970476263138
15.102704682923907
-11.842636583350984
-5.706603494648634
-19.53318409183339
-6.0768713902549685
-7.088190101502132
-19.017899981082724
-9.674471484733624
-8.819958915615524
15.535939767498562
-9.423063969513308
7.167584018610022
-17.716755681098043
-5.218400965871201
-9.904762847967735
11.517459836163319
1.7706063275258863
4.016866622175449
-14.906431481727086
5.520443830383744
-18.11011889368908
-9.435123616846637
10.765856596732668
-3.3728835622587283
-6.955280522242102
9.995768746048732
10.488932823001306
-5.726944020927892
-4.3135416515476965
12.726691186592745
-2.178005781934644
1.0125266790785687
18.403528967634223
13.726639420686425
7.085936171333547
-11.59870889992035
-11.067347912949991
17.49312706447067
8.210962254977396
11.590936416016206
-1.7130299484226263
-2.2717153595087893
-13.44224462015982
-9.381447085366293
19.303674429589826
7.9904237504293185
-3.70528450071291
15.882361841653626
-18.689531480058754
18.870032104217024
13.600000762895789
-5.546179024260853
-12.24749750577442
-3.734882337013463
-8.603497443405663
1.0640154825922963
3.043364631767119
-18.125518086515097
3.386637923912609
-2.2330333781118696
17.705448589718287
-3.467532425684702
12.76714479573154
13.171701111361259
15.540910409335503
2.0608181955179177
7.756241994523773
-1.6018430969909758
-13.21627549082336
12.048633762160208
1.2083231777341439
14.358113771603989
-16.421243591712358
12.726195269529399
5.7309368755669325
6.6603799841284115
-4.148134959345779
-1.9403449492208615
-1.113253045716263
2.720381106008812
-2.105632260373582
-11.212391246890974
-9.211864874816257
3.0741764904619338
14.109547142197286
-12.010410016986368
14.135405019305828
16.52920596611324
4.7649046704842775
9.300516034497615
-13.323988837258272
-1.8954511103523615
6.016460457381658
3.6337825779962074
0.6708093109376811
18.089750320671733
1.9342358684666436
-7.3088527274942106
0.5069024871074213
16.085053725432445
14.442431435145892
-19.483511381474337
16.917568916459068
4.88146314512732
-9.114228579332808
13.386010208220554
2.3473854543485118
9.735202749635722
18.71476329288535
4.0357995055471605
6.858775026938218
2.307982855531229
8.802011837845122
-6.678076237954871
-9.64806974400268
7.60719850059083
7.9308220928634015
-15.509400123584939
-4.752885132917783
2.330633310116262
-1.8734561099838167
11.981667103098342
-10.402041296893461
-18.745401336561184
-18.58403771742617
-2.5093597720873646
4.791183486981744
-7.44117652091537
7.50110363942575
12.579445130199403
-15.04595031924072
-18.151721592050944
6.59983615586895
5.183103550967509
-5.843956313749157
-6.729733028459531
19.2076324776314
-4.506775425642356
-5.911032634028954
13.497889015332312
-19.230971220448268
-9.699100039290647
-0.4577656815892617
-15.589521261432289
-7.09093604742252
5.256969888183459
-19.681326834599425
-3.089944432876351
14.28570304199281
-10.9180832990522
12.952532834317367
-7.147699439314339
-9.556388387552843
11.085604203248245
-16.494754569847498
18.338614403190164
-11.049525148694283
-13.1416195862627
2.39169726111351
-4.732148005055032
-10.450331556940583
12.028081387179995
18.72988175945119
-0.3187782768386427
-15.37983418372253
2.538334921850435
-4.067039824705203
13.313079463815718
-14.859686710535623
-18.107357873312
-0.4895590426193124
7.939093848688966
-2.2197231155704067
16.442227675207278
19.51976065043398
-19.567228860656577
7.797457284328328
-16.87563325363076
-17.278990272146608
15.153697567907038
-15.949330015224659
-18.9904968621809
-4.263648796854147
-6.638658166232197
-11.16143128430727
-7.152209397793294
0.8522200247497089
-1.1485100371755053
14.251761726276122
2.42387842173866
-9.66661155508099
-1.1693974832454224
9.615783391446747
-11.74049984650949
-10.599068417906485
-1.5269964053868001
4.6024194491005765
-4.1052960904975
-7.264828134815264
11.006071900824004
4.653010790142822
5.884532053889199
-17.047431896570387
8.721524949040532
-3.4970304585050016
0.8129655245303447
0.1432537998988117
7.730830849848349
11.563429226236273
-11.22429713993883
16.871860623813028
-10.253758327473662
-0.5120953095122438
-2.480843746594651
7.874323423204128
11.24835314809184
-12.247158964452147
-17.66974604179996
16.979886484564155
11.437819216247682
-2.58608603005424
-17.978843470960047
-19.75956861698407
15.826529591949196
5.28075217262359
5.698720400784907
6.252998132649896
-3.767740877918989
-12.567632026042928
-19.56323128733588
-14.023883358902246
-9.854194648340698
-17.139914108876017
5.779532829372712
-4.15741283708471
-0.6467506681155086
-1.1551056700294673
-18.47022884777065
12.894183705180176
-7.53943943633991
6.195263441800311
11.696528889160732
-2.994976468763202
9.743710130323006
13.753506948692774
19.44906635881597
-19.733689492172417
-14.519738289687876
19.06467795292962
19.69786032340403
11.43415465641731
1.8463616036392985
7.477580464204912
6.531401575342585
12.630541679133373
0.3215886366862897
-8.448475049562362
12.337964937164465
6.2174389889881
-5.463737840988102
-19.69267493288268
13.933392191564337
-3.619102303408553
-16.407981274568794
-13.62546528117715
-16.29107991658377
15.865607675569137
-10.322882222422095
-16.42347952236512
-8.519957103945268
5.868483730888144
-18.22181608591456
-7.137900053725614
-1.2473618612283346
-1.9445146669543973
11.603805471447174
-6.753350563037497
7.1310322898673775
-11.57948624564865
-16.305225807488203
7.888055908708079
6.64172183043668
-6.660496565008529
-15.199222714090123
1.2591708088518558
-6.7146184165605725
-17.266113637849795
-15.542008903643465
10.533357841171657
9.855182408664799
3.8235845942706064
-7.24252513199847
16.81765664589625
-15.641711383226845
13.026008300501303
4.4286005033290685
-19.10434739726456
4.422649488667862
11.069612316660017
-11.317960122596453
12.04781036921213
16.661222381288134
16.353320225774695
9.569362428176248
-8.929940491102602
6.142532132903888
-19.476787590169693
-13.321988159638916
8.563384720771268
10.6276907860153
12.540477852580757
2.602731837726072
18.50336808712275
-1.4675413472368533
-2.8805378813038907
-16.19845686495069
7.698932787005077
18.053998316896504
-5.489130451319607
12.687346777732323
3.9651642588915905
12.513578756342255
1.0579104424816812
-10.175543212590394
-13.244314628326364
-4.732695910863939
4.198785542963481
-4.282801960547369
-15.051489412233426
16.689232052660323
3.2067803194062385
-18.218187876357227
-7.834975663899545
-16.86797155407794
13.561547697744388
-0.1872061600679622
18.318636517351912
8.819018596839822
-8.076070356364419
-15.372396627163196
16.111163312518173
-14.527908768634399
-10.847188329983464
-19.03057964081349
-17.174423103124138
17.202681127091843
-4.867230189062166
-10.293027391188128
17.195267991391525
-17.579220233261097
16.52759637767312
15.58764295632556
-3.9270822138561456
-19.11025062100972
-14.736607438983462
-13.092514525043107
11.744681526635333
-14.491645757309115
1.9954445512592756
-8.186982121638987
-5.801260979844024
-7.022581296789401
4.9501337174536
4.684221782236651
-0.3021982618940484
-12.698848138366943
19.58163474639133
14.395988890725434
-1.7299884008347064
-12.666074740280875
2.526822828249223
-3.1991510052868506
-11.584895799455204
16.350388630319294
-19.81184789149191
-8.121187178837834
-2.480838293107329
-7.544727624805159
4.57063805278759
2.676116857490346
15.333082566646958
-14.640927286083603
-19.581194061960716
7.837824562023062
-11.68413172490235
-7.349123886790485
-3.416202593913038
2.961055874608057
-8.94802706027184
17.208340685028148
6.1182853538260105
-18.762957632717825
18.316609217871353
19.865534714625426
-19.62378909336251
-6.871786236466729
14.882634801144079
1.6919374474680282
-3.0870041173025626
15.438971457263648
3.960007094646226
-18.924070628729474
9.470463127213318
-8.197216067410205
-15.50962655405729
15.815481842351168
-12.73099766854903
19.510729508993457
-5.421650402151972
-16.590495420406626
-7.649836669683165
-4.345141853951464
-7.7903377210141365
0.9490808181243082
15.986807641995227
-12.905691962806657
-14.38939443289624
-17.744596919231775
-4.793099970146804
3.8585754286015153
-10.280520927463058
-8.742148235696487
14.634827553762364
18.331062415806066
-9.967278652090418
-7.45384601452686
-16.957273391278015
1.9754021384386213
-12.178098701570125
-5.338043941663964
-1.9070376800652902
-8.625601480629053
-4.992333996598495
3.4990338192317267
0.8868399988613298
-7.000532520573376
-1.5157672044389479
-12.541089638717814
16.40396425459126
13.297610221080305
3.12308105318348
7.752029968429149
7.6255336208962206
16.622048662295626
18.05321267988988
1.6194630925327402
13.509075460248347
19.72788535751355
4.010842351102362
-15.265899709564192
7.626536409717538
-18.070242125718533
8.191665491231408
2.4039854100959204
1.8649673970176686
4.566473639471521
19.258563172517682
4.224194880276034
-16.396839045914795
5.955148969010004
10.095008918879099
18.799684042382687
-9.545197510922087
12.362752986515886
3.713532165669019
-18.155519790391764
-13.788690870756867
3.9378728061788806
10.589132495739427
-12.924566782920976
16.52235156084553
-7.1195538952843584
-10.721343702428427
6.857998462544131
-4.195751466699917
-9.22456726111287
-15.832536204723864
-1.6737441451142097
14.495726148628634
-7.892479725524373
-11.461501389253055
-9.94735742139136
-4.827526729494384
-10.062927932932503
-18.77860003283486
-14.500293573212431
-14.725187113582653
-14.077974268903052
10.36800578436128
15.669715107047494
9.57477213282447
16.55675783262341
-2.6332378248458674
6.299547826934976
14.796560321865961
5.666983023593815
-18.019087350949555
-8.267200535137874
-8.634710540879396
6.933823316788651
7.422410189600129
-17.45213107952482
2.8609793719723484
10.299196231332598
9.996987163911108
-4.959288358446475
-6.253922731277811
0.40471974935143606
3.6549862267809807
9.714034024630216
-7.785517010530132
-5.434305934715123
-6.2461642750944435
-15.242816631645413
14.436903918406806
-11.91725349870099
-17.497766913932228
-7.122511629881764
4.537743630231649
10.158446596746373
19.206784392215603
-1.6966159638165763
10.300867961267464
10.837058979831411
-9.762105509466096
4.6951228082957
0.2549633181185129
18.584457789121714
4.033110278194627
-14.151174716176481
-0.5799048928733797
2.7419327691550492
-6.246836949314204
1.0103961864927946
8.298432395872545
-7.8683070745629635
9.925540946438165
1.2580432293686172
1.8176443804747997
-9.625761875892366
-6.621447297760149
-2.2090031589690717
-14.768382656176705
-10.525925791579054
-19.170677416586273
17.873538139710504
17.661072223091494
7.078044603118897
18.578418222626617
-11.563904115763176
-13.035126114138311
12.167069222086234
15.19027961452749
19.458576485136675
1.280911705858557
11.480083801326337
-5.725356930737856
-13.26066403763038
17.335879500623037
8.466210970129335
-12.67232806697201
8.063737683996376
-18.417186240809137
-14.856522112914652
-3.9051975292106818
15.838942505687697
18.435421378082005
7.04643629322447
-16.589793486597593
4.922539726250857
5.729314210060025
7.793404001772117
-7.498556905729657
7.899065764660879
-16.083035814987202
-3.576419072343832
-7.640019824843778
-7.037139785933899
-11.97383219888473
-14.520791900601928
2.768993673905168
-2.031167332835686
17.177523410891027
-2.2692388297336485
16.094846653729945
4.029107566433648
3.428863327641416
-4.144979472645991
-9.841536130326434
17.219077125155145
17.65424980901407
11.60310138266761
9.118307441825802
12.447153683191281
19.907159061123437
11.920960817362104
15.22914598386501
-0.01717916130868602
-8.030453622792422
-4.72633574928366
13.033628745251086
-15.70683795755279
4.918735324709299
14.19623846399999
13.16985837406289
6.416525506630464
-11.202712974028817
15.064883399135823
-13.512686867932775
9.95774750422153
-16.45541800816552
6.775353962651899
5.725067308665658
-5.750321603184755
10.82436116981166
-1.5267693540286231
-1.9707496950601886
14.437922974240202
-12.243303676316536
9.236000270646766
-5.798455809064116
19.91699560300389
-17.865057695303932
12.2670853121882
-5.869530784565939
10.742090360534476
2.3395891749152433
14.235690951444752
-3.3676561550008515
-15.121296036336393
-13.671918392479018
-12.089921261132147
0.24235578161270155
17.732617319502744
-4.477271947866326
-15.521745701322
-2.2928934929295828
6.4625678716271295
8.77767213058629
7.568145788406252
7.639105282791213
-1.2864214347001806
3.6755821861476754
5.221738151281453
3.295550580815629
-10.850932636094349
8.53090360397458
-6.047066441409887
-9.186715434441917
-17.953767192289632
6.275464063237571
6.805499473548377
6.160003194029446
-6.125862668154838
1.709937106776934
-16.44416228191122
-5.8927131669750885
8.898037449350372
-9.806838867887656
-10.562116059467641
-14.758689020609065
-16.459256384634248
2.6715156362568457
-9.699801022342323
13.919055406247523
6.86159824079326
-6.0576519550486765
-0.34827962354753694
2.0995559607965184
-14.484110948961074
8.456048183359258
19.80558016392309
-13.362647341434283
10.701574608041607
-2.2722233381180637
-14.098361274069863
1.5260022607402846
17.68249939243428
3.0599940788702824
3.2861905154781077
9.059311941207092
12.431708645793847
3.730132811945296
-2.767776334704081
-19.210232189979468
-2.954987664679493
-6.569521483519516
-7.140549141914194
-11.637101100898676
0.08981953719052882
-1.4382110250456428
17.66246113557058
12.947574904624666
-14.273954768682966
-11.66608389697588
-5.558874593066786
8.38086623318192
10.87281605851718
3.812340949476379
-10.715738717604776
-19.409887862820668
9.789037884415556
17.247603133813712
-17.792747900580817
14.274266620729094
10.595002498003335
-13.227340003932344
6.1831626709187475
-13.128703009301713
-13.649848238591265
-8.134479973571288
6.454730343320438
-14.64643021375091
-8.597645662139666
-7.402389558913383
-4.851667879348067
-11.67652464534973
-9.87002109105147
-16.613895483377497
-3.6753035596347807
-5.1043522587373324
-6.342779523169529
1.823913778304167
0.6590904063749576
9.912483175833401
14.72138806467597
-11.602964258387587
5.472643438862992
5.662003775387685
-19.4539974340164
-17.162551062016863
15.083463134116116
19.674714388648347
-18.078004472477698
0.05038244171074524
1.5339064696668743
-16.549833837553727
4.361469187028398
-9.740610631779706
11.947394839990935
-1.2976022130684228
-18.324469803788066
2.815721370986047
5.896641874616826
-15.982527473235852
6.427871788418621
18.020941665236677
-19.1857613376756
8.556484799355097
8.855904947547863
5.784894616647769
12.320375921819952
-15.038795118859092
5.527613057363343
1.689230112132524
-6.697990779633098
-2.896473628724131
0.505404838907765
19.683704456986803
-19.651415530425304
-18.37408073155608
6.482941496671106
-18.714418137643214
-1.139874038605786
-3.5331578875107255
-6.536370594652938
10.247501400758601
-14.672483148742153
7.884527334189677
-18.51299241052853
14.593265060404612
4.932516040065877
18.447043265725057
6.389494875545566
12.497807048366496
-3.1946203391871997
6.975695861527473
19.427459940205516
9.369742053698879
-10.031975490288044
-5.03890368006941
-17.006825218042465
-19.505930464258086
19.679978778291847
-1.2686244485685485
7.422388139900313
-15.442626968987113
2.41316469107824
-13.331777086324838
-16.090225311992164
-1.6146092368691143
2.4806109604578523
16.83020473237037
-17.299140525089868
17.102377511281638
8.597179909220557
-16.775625705025945
-1.3557707909414702
19.166007081240956
4.064059591081627
-7.417932589721481
16.122476672589038
-9.757332033571755
17.111970632879633
8.795015765698704
-8.182252588680221
-19.26301124333922
-14.654860724978356
17.960274443725936
16.061312795837516
8.389522150403685
-18.998605284522693
16.993777779146953
-17.69833045103209
0.4542365556674781
2.051302717223283
-3.5173431007963742
2.5276215972106577
16.548540096763944
-15.849906399708967
15.481645045790067
3.0636039606622276
-9.436894151205117
-4.405187105416349
-15.81257291088113
19.371499973060246
-11.547898410300718
0.34685884646538057
-4.53385133227021
-18.650717224656475
-11.663092546501282
-18.34425239689115
-7.2774540971354185
0.9393195169211097
-5.642592557099144
6.434444846468651
6.807781584931977
-7.638955715052349
-8.350937140838969
-17.929889652017007
16.91617747861693
-11.70907441697147
-12.401756282597667
-1.8310832383313027
17.36532007842878
16.38745530634899
6.19114390706596
5.32249376327643
-0.7086020238974555
-12.679999081797844
1.9839135461165789
-13.817964095919342
-19.15282128088831
14.45212826420071
15.092200023593506
2.0818609444360234
-7.551758073917206
3.025811426969902
-1.562797209627412
-10.71682246381377
-18.289020080144233
-9.747607752649419
-3.08436158744874
-3.376357521185973
16.989961712360007
14.004515958403864
10.356724059492205
-6.841690849883646
19.222572489306337
-3.2721168340212614
-3.234768437060712
2.0874361492071394
16.850546077768314
-1.2852421313402296
-2.9399245426457945
-10.731377420662902
13.254454345537866
16.64330702193776
-11.712881562108306
9.32206875342596
-11.201462963288904
-7.874937828171898
4.720672538453634
-10.296643376507667
2.272952573666288
14.929316034781742
-1.8144041353783358
17.645164171940237
-12.316362014643554
16.631348205633017
3.3450749485444504
-15.98704729921398
-13.1419710095985
19.63499372073791
15.96927026167922
-4.741339363102593
15.622723602575974
-6.912834218298283
2.7212239696707705
-8.049453467846014
8.10580943983334
-10.463788656698512
-7.733389767474987
-4.030535070379377
-2.8247355776144545
8.22603066173103
1.2427603261580984
10.871678046884593
-0.26108495834673207
-6.883832523254224
1.4094020433070362
-13.455474463956572
10.404427861982786
-3.6045952230863705
8.187320548976924
-5.920916678074786
-14.185089645922492
-11.341946284935783
-6.112953939154
-5.698309941175337
8.535151154048624
-3.9768195555453048
12.764646923493295
5.822926048755971
8.032003790551705
18.225608760954607
-8.740367238007698
-13.241324498116303
8.75098796231931
-19.4621267414758
15.784541569850418
-19.710003374556095
-0.19328229269586927
-14.36381111530148
17.889677366748472
2.613591183025129
-15.7185444354683
-1.652310828223019
18.84559398479071
1.254894061382661
-9.985127485711981
0.8822922623089582
-18.54946452168943
19.431453339223232
13.334952951521991
5.15220203755262
14.967044117989104
17.479066973258057
7.584332626315614
-12.872616098922984
-4.200606368660926
-7.557122805161448
-1.1837248444357868
-10.802817636767914
18.17772933293083
-15.712831978530474
-13.650534780919056
2.3225354590502008
-8.160767237369036
-17.310802208913657
-1.079639983898769
2.6497765029032365
17.419027846479246
10.933331592426594
-6.361044047274728
-12.82724046246479
-8.029368047076893
-4.758300494464862
1.78102367628059
9.322875224796498
-7.398729869923276
4.685574861045978
10.454439070862126
9.991596390552179
-5.512537969262761
1.179425146320014
-5.434375554244992
-2.1968699939790213
-11.143497368608921
-16.11166917574596
17.97108183633562
-5.090846293038368
-0.6418323983347385
-13.614226038249285
-13.636509873626732
3.906455072927276
-0.9054272280671647
-13.305909365021185
7.578918909623347
-2.2715449211679797
-13.757475434777682
7.559731942003104
1.2503645316506073
3.690557579591683
-16.957995102144878
-0.10844934462609501
14.998993284488236
7.988976154477541
-1.1578829700136914
-15.396942795757589
4.368703280194207
17.018648782331496
19.52317378324964
-13.952604591697568
5.008840778409525
-4.42651972721524
-18.907378458497778
-4.522659512683109
-6.037059723818841
-12.261972453154568
-10.801048227888309
5.505860787423188
5.725410717594585
-14.462114213431061
-13.535251748122494
13.241015473296791
7.263274147768762
13.38223227685036
9.159699906129429
-18.29309998183486
-8.250279112309546
-7.189054025409485
-15.314509610339302
18.60846539639308
3.154494805585589
-10.5047744037245
6.589350600749455
-16.36238215780675
7.379095042199943
16.359442019840152
-17.503450171478875
-16.209424866296935
13.32842183775903
-18.92576200511478
-12.550944735353614
-17.285642721903187
2.2541336723943246
15.0455032243528
12.96645185657141
4.018897907435431
-5.853860784597419
4.054462273766287
1.165935449025497
10.330495357130719
-13.000013091311677
8.187814972415847
3.5966067026464366
9.011921387749386
17.915385474752696
-10.265571617587344
0.2174842662574683
-0.8146090717214314
-12.970583657341756
-0.281525874855042
5.566732812909095
1.8554849873642993
-4.382782696865055
18.098661911181402
8.72568416249015
-4.10835128589483
8.35126786294677
-7.911511863826043
-19.097773061320016
18.4204329205717
17.435355338274746
18.116594282290563
17.15957520696569
4.202413871200989
17.91236866056441
7.305804110604321
-19.69218373334925
-7.430599195037765
17.95747297392157
12.001870785671812
-6.842492655969746
-1.419596774260068
7.56872240523181
8.23803879466179
-19.844140984282546
-16.136066864785604
-10.331107008144564
-15.54840935300958
12.11967149711326
1.0229637252963357
-11.465465345164748
8.554441564130158
-1.9546956923110983
-9.860891251763103
3.2476821719645663
9.847211543632092
2.355053015689002
-3.3496060300948542
10.085366070765271
2.8936481360648294
-16.952661413159692
1.04927540270441
19.9661556037002
10.462232394073627
2.993561690434241
2.3203373762158677
-17.36604156633188
-7.907151315883496
3.299512897589757
-15.125911576374769
-2.367661511121092
13.267685943177916
14.767315045290303
-0.5432703490851729
-16.649927556400172
16.99221961818499
0.44781639049082855
8.403960308786598
-14.197850998407375
-0.10236746005436714
-10.496926705979789
-19.382538553545075
12.685936322566342
-19.704660311311564
14.548540229113932
-4.448900895248675
-13.428131984056705
14.091845209423774
16.405718953273137
6.842015200050604
13.54786936963216
18.237748617735015
-5.407372544047542
-8.72705464817685
-17.771444009256477
-19.18677233811608
-10.636992287385363
11.431018445209837
-0.28528096440695094
11.926263369154007
5.585381239854694
2.870513967813636
-7.859460948835245
-10.250609213690094
-15.986976208154665
-4.2976959492434474
8.442206244725995
-17.265945286346223
10.342281601998373
3.773841873295744
-15.33051846836813
11.800976355153413
11.867623991466484
-17.324253779004014
5.0546046321619045
6.855088707861789
9.411897004338346
-7.772090547070478
8.394755800424228
8.4452535958225
-14.08480251023117
7.653920519137152
-14.178045456129063
19.132645658651775
-7.100492462038876
11.94758591890966
-14.077296737412182
5.368816021251632
-18.164297467685362
17.759632035238404
18.007953602267037
9.915089893151116
-1.6543205784588721
-7.966654996718612
14.567221018064025
-5.302791849785731
11.90631226434514
18.831185222373435
-5.023069078808348
17.358185122252465
-7.929906986547808
-3.6532182323466458
5.3182823396606835
9.875294266830092
12.4865669524265
-11.39555781189975
-5.673307244340485
-2.5650260313579487
-5.712629541510745
11.646516520291271
18.817732733880284
6.251098845060099
-12.773465512246919
-5.779686930643123
19.524048714010227
-10.66352087440869
-16.111501270512022
1.2083460509065524
-17.01936654484257
14.792028709608275
-16.379960887370288
-10.18429250556717
9.239200374347952
-16.61485767185073
-5.61542427571624
18.858886441872976
4.766714619884453
-7.40885495267959
12.272619038103961
1.7641771108703388
7.869731693587436
-13.922096573650267
9.450059857696338
18.279417692328607
0.9708898545633744
-14.47593453105858
14.882996802114967
19.8966263748668
-4.734096643077246
12.46783719900526
11.313914259900105
-15.267051270681478
1.6357835985330347
-1.7685725128812457
-18.708351296975746
11.656587919642625
15.109143986698818
-12.455281672825404
-10.931218529592277
-0.12033181090193068
-4.687873540371633
11.41240108905539
-8.740144428772734
6.058499060501315
-16.128433212506028
10.688750717104067
-18.945848975984667
-1.3770656833260233
-3.8690676413892433
8.272902847055438
11.573310960481326
5.624366901304093
14.286337555604412
9.876516879913083
-19.17333964051021
-1.259028669940271
-16.30555766154005
-0.9843253807871868
-18.24546380192075
0.0495827327835201
-9.460798822369373
-19.52538984266973
-4.281435646242215
0.3338851418017015
0.10372239406147088
18.168140035745914
18.504823719736933
0.5342488040774782
-18.394123241037043
-0.9817393713804599
4.79590875734209
-4.201051214608524
5.332139875022115
-7.938432795287378
18.882499307793985
14.220200074594487
0.9643594665539048
-7.843058454839721
-1.889471386074682
0.4923205585104675
-10.495948305479033
6.595089659432595
11.663507492569437
0.8246470860701969
-12.283945329712527
6.650771095256506
-11.040772133372556
19.439918902890362
2.2881829432509093
-13.181876045149172
7.232917829304316
-18.582222029560484
11.649205400488508
-8.590588507977891
5.25052874672701
-8.703787993906001
-18.461542091560084
13.182687723516182
2.207458762088791
14.960116402239727
16.928913457080185
-1.6449636363587388
12.034899308694769
6.479615092688373
-4.361501333900048
-16.504777447363765
0.30934677331431715
7.477991807654153
-13.5618712094332
11.689481624612469
-12.150040767777162
10.986620421309166
11.579168109002232
5.025784734781563
-8.185379979528665
-9.034258750760507
-17.786800934442905
-14.591351706293757
12.584410538949854
15.026869580957232
18.908254733543977
3.4762529994943527
-10.374138381560659
9.600191936743695
-14.184704025714332
-10.913528680263639
7.52534926377178
10.561937289025742
16.775488890019275
-16.514584966071748
-7.3899341430959975
10.578676959704538
-10.593256001705873
4.197637093577839
12.553394765606669
19.91694759209465
-11.261381183128787
-1.2933338051596195
14.21948257322724
-13.05110985273631
12.516510434159372
-17.46319068476318
-1.871659613802663
-4.661014373869419
-9.34743496511684
18.12317823524409
-4.802603745175112
1.5387728237631926
-19.18825115121486
2.746380791036959
12.795830735098107
-14.551060913863338
15.159708082166347
1.652315614254217
-1.7976844924088873
-4.679456039291171
-18.268295602747394
14.688339907256463
16.80977672586539
-0.9741005652241626
2.913857217780741
-6.003271916096393
12.516341451767182
-17.86839442038627
8.389272263443797
19.752179674438096
-7.183104004222631
-3.2871303353041696
-9.705454281130175
-16.654656113604013
-12.865951220440595
-5.668768892717736
4.328645991766553
14.370454399695383
-10.802430445887774
-19.583497320421927
-9.813395817085455
-16.76179276199018
-9.694754292944761
11.7397098278559
17.93556749569742
8.976481404874562
0.8563762412588751
-10.39741623861092
-11.923924836690363
4.008276802371217
-14.518493432613692
-17.58373881709694
-12.52577432104907
-9.078888117963512
-8.750320729279224
-18.82926716617824
-2.558992698279404
-3.2135369737261463
-12.970694449241925
-12.233542694301992
12.912769704993792
17.96999073906599
2.937862520115253
15.638408691096544
10.830361247499653
-18.30029059655347
-14.258172203659365
15.78456446067154
-10.467195491093797
7.104738984450879
3.413219103815983
4.030917432102534
19.826702491835483
14.868825687617246
-0.31286878619227565
4.465757578853587
10.999986612913087
11.220430989154558
0.22632752145975132
10.666349848455468
-6.139977860013332
-17.21249319648934
6.834446970777172
6.394559747878006
-5.148823298112063
-2.350734858971318
-1.2421484430231189
5.882462122697234
-13.671231155023316
14.885149160766375
-8.846824599940168
16.735000971725732
-13.418300048796755
8.474333646451257
-9.064048144578237
-8.936247885155662
-15.134946055860965
17.091105673871155
-15.382961632165859
9.224021986310326
-16.175933995514256
8.381407209899578
3.839537282370827
9.318641261557797
-18.937832373058153
-15.305542252163837
-8.49152979780342
-6.402415739582343
-14.116181140961412
2.833459171340891
0.18778553799311481
16.130606256825722
0.8178880332840386
4.312335780466654
1.8492795697042972
12.489652683095123
-9.318955868771507
1.1577672831633379
-10.756120411218202
1.131387034780147
8.437761094652899
11.9184158186035
-19.705577980341328
-7.45211976120768
-12.489074649966966
14.169991200403437
2.8526117176686974
13.737049213153782
-3.33769634218811
2.532092494876366
-10.532153999060005
-13.033552610465833
19.17698151293061
-18.040321908087083
-7.73712889049499
17.625456017385325
16.177291681220105
-4.6102927773479365
-12.300410779833992
8.421868693068774
10.728850954309067
19.890123609869626
-18.83574515241132
-14.33191364547492
12.506177927564238
-5.947839435093577
3.485312394479571
-11.21418895608488
-2.225474839083674
2.6253293081487037
6.420133437937146
10.088536016699564
-12.047106781451529
19.082466694060194
-13.15472439795807
0.6356937247304799
9.285368603899965
-16.493432533853426
-7.496777338048739
10.969320866446232
-15.934928158481764
7.8652640488500545
-5.899878314522432
19.84485186750613
5.172875518370873
-0.5492849431314255
-13.495878847817014
7.3837654628480855
-10.459052301292102
7.109371769588002
-4.852562450422591
14.914844822570672
-13.414211190313313
4.584271279064332
17.630851037335432
19.857962693782675
16.023126537361875
3.825725276117325
-15.544223638566908
-6.826444107179185
18.286800422019297
10.57856909978998
14.285217415588122
-9.824371137290715
19.074506778036003
19.900618223013765
12.261948986437119
9.670452079402288
15.953586450421625
2.818590935587288
19.92324413868151
3.7009896983612265
4.371164109903351
-13.955636462164364
-12.03161569132531
0.28973724915698185
18.342130594437016
-18.409362133852852
3.747168102190731
-7.0454668224993675
16.821742806313935
5.639191064076492
-8.685620246535208
-11.868849779811917
-8.924333745591792
4.010124360416569
19.534039066358638
9.372256158979198
4.445118292394724
12.96197089597851
-4.702715530070236
10.120033450818372
19.752252620694733
19.918199196798213
0.4385686741218997
14.511627751748208
4.581179247696387
19.13633490048384
4.920741167985852
-9.578603726203415
19.582381577024435
14.542683638585515
0.8449396361149688
-12.137427996115386
11.86220912865151
-17.604012494423216
-14.48822594733603
16.604874551242325
8.414578620808669
-6.564085946072545
10.367788573405452
5.520992698106433
-13.935397124056292
-8.690642280834503
10.628506659371283
0.2148665428182639
-11.084498226066462
-1.198988954255075
-18.520329734515627
-4.086367590928447
-10.028476021007329
-7.550148869078512
-14.580980452714215
17.95598488154696
-15.342104619758326
-4.894844682565832
1.7797304670805971
-5.286278766967229
5.057537498086475
3.7810228676387716
13.956962592932186
1.9768667171644907
14.842750454791513
-19.749479725570325
18.92380561604149
-12.040934219334414
-2.7994985121543756
-10.090315609263843
-14.40678458161603
-8.865264211847347
-9.487473888377401
-16.831050540680224
19.995036163379964
4.160212187489755
-19.924449577465438
2.3652572199312694
15.29742059602497
11.971857677672453
-16.277206123576118
14.615490681751886
14.090644217747801
-3.562836767127493
-15.783783321656216
-19.988683993896714
2.301138087923853
-8.189132364730263
-14.792380094848419
-10.241041119010386
-3.0743898367619025
18.160443970360895
11.552164062557754
0.39829210208349863
-4.805352689782332
-4.784683235055468
-1.1484526424806418
-3.534127609864697
11.443671316010402
2.473883999856458
1.5774681595119375
8.912122707036694
17.72017350599654
13.450759417161883
-3.375308408575531
-6.246319468975807
-12.789079764762427
-0.23404207879229944
-16.468540757009052
-3.0381333696230897
3.3694251825471255
10.271698270954495
10.596030255210568
-5.791090697282041
17.10775731946729
1.0892320842264347
-12.542945311746623
-5.087396563770783
0.7710877764706794
-0.8674041036619684
-1.345957616310777
9.341378370658468
-3.955358513617501
10.80901128943853
-5.242201537353788
-8.623213049019242
12.212169968364734
6.636114262594543
11.471216125888084
-4.31950273604253
2.192592510571316
-6.548628484999007
16.033679293573563
10.392708626069652
-7.889920022077792
-9.767979000318935
5.8609503390745985
10.459099420877848
13.17799830242366
15.091253183578885
13.972477474463993
8.154003410690564
17.661079376815415
-14.741619888357341
4.541664914168351
-18.623047044895593
-6.791485071333753
10.649067029321113
-12.655079251636682
-0.8816820130244167
-19.704668713692065
-17.39026868972082
2.498701875574696
0.09927194794406802
-1.1738223372125773
18.566735806917116
-8.067620510821083
-4.6188624345181495
-13.144891090664682
16.9251967939717
6.776221622199785
-17.964577835833957
9.045191294733531
12.196098306959932
5.472176608060586
-3.8105140306348986
19.919553012247853
4.573651362568839
-2.7858085498237557
18.356173974511066
10.358831638501321
-5.3918252315130655
-1.3193727897071597
-8.747812228717455
9.467602600709956
-1.987830141791072
-19.797042978431175
5.017765858727728
-3.5176512429043285
7.271761403702985
2.134980159737246
-9.708527060868576
11.184365994726825
19.863354840153846
-5.1107356297858395
16.457541394609734
18.068998921730277
-16.55322335089324
10.037056001212939
5.290960039801181
7.359416006336264
17.841938783025142
3.569595974495897
17.065360249997248
3.8269879106529494
18.26511235729292
-8.554553351028593
-10.263481295946498
-7.578742347146061
-9.567611939587488
-5.825122869300166
-18.84454481322736
17.727652761208468
10.684094587319372
-11.940695752982338
-17.024690037098008
6.654764841507902
-10.379674865719078
-2.9013205366845085
1.6714173311963947
8.926058428466945
-12.346237013854502
-15.58049744122567
10.901372747361904
0.02750367834238787
-15.545641047749932
18.645810166092595
14.248607605392976
-17.2559656266969
-11.983956046265444
9.292542900983214
12.647216565271897
4.369157716155669
-10.282547576100662
6.061931695522006
2.6274414066949525
16.28995114062151
-17.60133618902135
-14.355733122277336
2.077147253465135
18.862047143838964
3.118574871668013
4.38636452376268
-9.80136219610058
1.4518762689978573
14.252490709092875
-13.069765252483695
13.885632968030286
-13.225198399658339
-10.990773494745572
-17.747382741757374
10.702656402829994
11.599999805087556
-1.785506675600871
5.027211545524928
9.115350316259544
14.728502865148954
-16.55462089523105
16.42135638485702
4.60732467731432
6.733502365537419
18.743716713460138
0.7311524638545492
-2.796774580778113
-12.623288406715547
-5.984571878463264
-3.953512746035287
-13.547756601192734
9.674513691341854
18.71712530279345
0.65901713211613
5.832664649547045
14.148686745111199
-1.7535355145130147
4.363995035068996
11.334797376270647
8.469139558058544
7.8413428181191875
17.69387098271389
12.93435589290985
11.554597618516969
-5.532163434610883
11.806299415147215
9.630330777681827
-7.461722242706497
-4.204285250227095
-19.25951632153424
6.935625185994823
-7.530213966103506
2.4330650781271927
-12.645267231205866
-12.326839449061122
-17.802550176314192
-2.5552194303603706
-15.115927693451452
-10.533967697004964
16.65209227462715
-15.177787701664709
-5.517126625946878
19.98516679132735
17.042856657152306
-14.665268370477156
16.923092427306344
2.5061941360743916
10.992293813127919
-15.160843307602786
13.397602902953608
9.002102366240045
-16.844752872023903
8.54309488920078
-19.81825469094481
11.625074594189947
-4.733065635205991
1.4087924642390206
-7.923534732333234
17.649568296390633
5.475706678860227
1.6716442476070306
-15.938514864463542
-7.217229968793228
19.28979205687368
10.842042548978533
-14.638772203057687
7.617959936508477
9.787524676684729
18.042542732818433
7.722008679541027
6.72943081649645
5.712057030455053
-8.833496681516326
-17.627446852155302
11.84464614415344
-2.659661688958881
-4.351282903561128
-4.791409336239116
-1.5902306648278852
-11.406735024725165
15.329044624982735
-16.237191455826018
-10.081974063470529
-1.881162556631896
-7.853498640720362
-12.558166406154875
7.171973866983198
8.691505997939956
0.35179497160580553
13.972517252648615
2.62272927836619
-6.0767240719051365
14.466223067768126
-6.914102912025877
-3.2712579888080064
18.950062747696307
-14.137051214785433
-15.1145361708459
0.4253011609641959
17.399908984705696
3.612931300358081
0.5643258868713374
-4.938464672066555
7.89138835109101
5.225662420792688
5.124240125502041
5.883437742272108
18.103911793607445
-10.929400854827565
-7.0782675102916315
11.59870669220092
-11.558363151274943
0.1436226838180943
-7.831894220083955
12.763465759722408
-4.671649687008351
-12.387107816694773
-0.9907987998270293
6.438808827663909
-13.768886266733205
6.45249587932712
-9.13122287808041
-7.239660264836093
-0.9952317230649896
9.094870166106691
-16.503462769603278
7.409117657676742
7.052853165269447
-6.965616300236377
-2.220960549732034
-0.26007756156577955
-10.53852226962615
-16.775686564262934
17.915788187122942
9.401621075520417
-10.259602048131002
2.193547971590668
6.164313902382883
-19.509049510080217
13.368047673579632
17.787319957196182
-13.44936541048428
17.541771509042377
-12.043140619628542
10.465162184617071
-4.788586259995267
-5.2223037825982
-16.36388835966371
15.303209496815967
-13.924841955758612
4.947713058219023
-9.261872544111597
8.53262710102306
0.9465093900344037
-12.224401512570333
8.501386167523197
-6.760952464690506
-8.67756814365368
11.668793324144012
7.975031275914475
5.505693550225427
-6.0902872317120895
-14.29372159014001
18.828120607070417
0.20511637426779572
5.473989430867153
8.040034590775726
-7.779227937456019
8.042676267992928
-10.199581600981173
16.865180752724427
10.373056619818463
10.811947306005521
7.902694899988013
-0.26550657392394683
-3.9026663211757118
11.180864390400043
-0.6788130954625906
13.52381971942642
13.460643806190092
-10.79634920302988
-9.308053034723734
-4.10314864871375
9.34708076556177
5.036247240331839
-7.987931823324136
-14.861986764985517
17.26226939959733
1.9700644493372081
-3.861011205160267
10.612115448683536
-16.77707195477742
-18.924743293633036
19.732537040483706
12.138798153272162
-12.807727913849632
4.420341451914101
-8.337989181725455
-18.84444147678435
6.638907715924674
18.248626738259503
-18.235438689981432
-7.422018468033805
-2.489046460908014
12.791926925312438
12.9376886069833
-1.1664025808110345
14.351406958332255
-6.1350199543252835
3.6383244778884247
-0.7442807141169219
9.936694688181149
-9.372033550671524
12.006783958902865
-1.243858623541854
9.350697326759402
13.173529351137667
17.897562644665413
17.006839012872085
-5.532050589437354
-4.7777642543326735
-12.10488044715309
-7.7799497094781245
-18.27513912758155
-17.244246815291252
-12.05906047776661
5.224633008910136
12.731243775518344
-4.166915249984321
9.205133192545915
5.626354878600939
12.834421039580228
-0.48951152389864205
15.648170234351227
1.468656345302783
-4.289359793762104
13.951226043177869
-10.131036296707085
-0.6812487825447597
9.605306159843117
0.47598790456261497
-6.272436154524211
6.774828213111299
-5.443254828638025
0.7649957194542694
-8.17104731783337
11.925631262199769
8.685934912569138
-18.767865660314826
11.780736971133013
13.730354391832357
14.276789308259282
6.4402338030289314
0.31447598357424056
5.899483585581663
-11.523317098784837
1.2240364663655825
-11.615840843957272
-8.13947952223797
0.3045254577365384
1.4565779860853283
-8.681520040605474
-2.805872602803486
11.160023970640765
2.664727312072923
-5.760360255132095
-16.61907726554317
17.808813152932842
-18.613544678264283
12.57053397443056
-5.298259437630129
17.896364035487963
-8.85073295005907
-0.47434253698698114
4.855349452140626
-0.6221695721487599
5.36742778799638
-14.637306268960849
18.356538079266784
-9.306624519227253
-4.413981537180195
-7.034878286119737
-3.3177376009938655
-11.932950915311388
-3.1734444451565302
19.070071165359877
-9.940587171413547
4.195172762650987
-3.1037510826617236
-19.76529840286033
-0.8747059862697881
-1.8017320212916843
-18.579394225520982
-10.950342514333066
-0.03615989476652004
10.565504099384427
-14.687329797150657
9.339365467894446
-1.8660470017345148
13.722401321369155
-3.758882164596219
-12.749251661323395
-10.277285591464977
3.867835226400448
17.543407841133444
3.9809795096597185
17.611469178312866
-0.3974908998015714
-2.9429273983614337
-8.177504697693614
-14.222883118092856
17.12231485706544
19.82229273243916
-17.232816255464613
12.845174790421382
9.832517369979058
19.921797971288186
19.59507425024683
-17.116689912955884
3.6310100175845292
0.26727564127337544
-18.136885983476226
-4.627271342468697
6.593315621061883
-6.7851648335626535
-9.568526047902193
-13.657893927065597
-4.98541443586587
18.670523128942136
7.800944436058089
-8.491338344840841
-1.878429881567797
-15.741017864487926
-0.01108911931289569
1.2206303434716759
-9.17900939702712
-18.057526135036976
-10.557437354118946
-9.338378516556883
11.072671864207827
14.905794196210095
-3.4645337489682575
-2.7798342073383786
-9.472474011424254
18.280415901079458
-16.431526596355756
13.568347740279641
-4.95331195016492
-11.901390149185037
-3.579979534878124
-2.6121954622505683
15.220967007323353
-16.723737830490897
7.448614775872965
17.99124218513621
13.113222909620525
-4.964838110021814
-1.534861269001052
-14.794828375398058
2.667802330265637
-11.745411664660095
3.374909796824575
-10.603689953206054
-3.023793917049751
19.347620028197163
-17.254033672059204
-14.166621953801762
12.30185150775467
6.24129290143328
-2.305105609190086
-4.889723328438933
14.104687789015735
-4.5877380920126285
-11.773076891434172
-4.440744926221537
8.51341281578566
7.131716242356163
0.8039890656181043
-4.7882659228083835
-16.31832340546247
5.431260105922412
11.956326284665888
-9.769688907583976
-1.9933961803236429
0.5344265776235133
3.6673736028355535
5.6451295129787695
-5.046787614717893
11.367841350202777
14.51743618424669
-5.948143358911938
-13.684557965684663
-10.30473165833464
7.663612869017999
3.7811863199597795
11.712162753473638
-12.319768956555581
7.536028921243158
-6.198535587246848
10.133412408923856
0.10355742910178023
8.921736514366177
9.598413601651895
-0.8009298826037536
-5.537190405672989
9.18768052891679
15.625252240647953
6.175759772831299
0.3846230754267701
18.91739662718814
16.9155494669912
16.164066203049117
-9.2772610904154
13.961311859589564
-18.93674505232273
-3.9576288114184237
16.450136845910947
-0.42877967658903415
19.884990091044962
-5.145890381415876
12.672140735198035
9.119396757585278
3.339958362116459
-16.285332921659027
-1.3217507423657366
-6.363782065103747
4.920859526221509
0.8882755547601562
-13.556596069947652
-11.728659739191443
-15.810839088636705
-10.050355043165116
5.494533643426372
7.089057496705319
12.383612389463899
7.789845737555986
-9.727599916190934
12.931361215526572
18.734384385677956
16.838157275176833
16.993152401324608
11.10202306605656
-4.736571220783903
2.451594022630694
3.38538194213686
-19.994711150813945
2.3340557622773517
-8.71542845993413
17.904061925016585
-8.217873504251397
-3.2439764391509662
-5.699460794509804
17.135626926786507
7.02522745788324
-17.376773848898722
12.277778608894195
15.626756991854137
-18.086549661963474
12.87176595363674
15.00177227057253
2.446116423077406
-6.24457921471906
6.84613211542068
2.4793485646979576
4.204824962895245
15.21800805213686
-11.588114966333464
6.021971049109162
4.847794277199419
5.499113394612767
19.450150059021055
1.1684710902373538
-9.547915129088796
-13.724403339672623
17.986333562625582
-15.543542363240084
-12.303224649302585
-6.348967575241563
-4.647844670375868
11.233973639855478
-7.632260999457085
14.748053998944542
-1.501009490470551
7.387028391960126
-5.304118397055113
-19.44170767799488
16.49418983802188
-10.894951193765134
-6.428519132717838
-13.118762299421718
-1.2519560022520082
8.376178047151832
-5.409164904206406
-4.081831420883844
5.137108190107739
15.650797883997953
-17.383722629691114
-8.911842733334293
4.9251577581720625
-5.442322994911697
1.7587928946585691
0.3875650583578363
0.28025347083752905
-4.290650560474138
-4.3490312201407875
-16.7316067725583
6.158987968628679
14.699321999491694
-12.218841840265
-10.630485023331593
-13.498883371716062
-4.52396307355877
-17.108697556615503
13.200000086695376
-4.965722853256844
-18.82497746252003
4.6576320993089695
-15.276970135560891
17.590563488674754
-18.753817404922582
-4.526477686607201
-11.305354459043468
-16.896933304857882
19.569926988292778
0.1559410249557338
-16.108779502388693
-16.383084325659954
-5.07638840582028
-5.023190608404313
-1.8340267110065334
-7.898997557590874
-3.914106197512318
8.03786355273596
14.269990318892603
-12.553000626835683
-9.620822616687065
-15.422298778833085
3.6360623939989942
-19.35545350222284
12.505430514347047
-13.517752496605944
6.643352913447984
-16.397293810910945
11.487987488976042
-19.033662191855743
-5.806965269905572
-11.945070298921712
8.507504709716905
7.181044891574903
-1.4458777797768363
7.242077199158828
7.349970948301845
14.886584709369345
-12.934831509867815
-2.0272084662860266
11.588199675215542
6.825036948278054
-1.8869158445881808
4.22322881690604
9.651427951886077
-3.7558001788835504
3.0815896384241057
16.24727708374629
19.583084703151876
14.646351253041978
-0.13922469637631707
-5.669049998378544
2.9281420746629436
-16.80217951430808
4.935552184111856
11.564159261288438
-13.449215673128041
-8.776991102922477
7.954122845242495
-9.60182051171088
-9.180847228190077
17.53521730059059
10.479698957976233
2.2262208241818584
-5.190964792692409
-19.863370638259777
-1.6866773428132156
10.657748096619962
10.463286673319377
0.43032034813897013
-15.071420377838574
-17.429583582859713
-10.43822681972079
-18.97304044863749
-6.458688222536747
-18.598101421856796
-3.3646291324889788
-4.109120422284045
8.26222230349915
0.8750056872605256
-6.634335882875622
9.497962382536983
6.311276680869085
-12.397944798978227
-19.059548313437517
-6.390008083421069
13.588754844797798
4.875929634529264
-18.221925270884842
6.024972172973641
18.593504985263948
0.8306027128119133
-2.04051946153459
-1.2140461544879564
1.8590685079784528
8.468936549775243
-9.486020445601287
-18.361140812383546
15.748126948425394
-3.444524854017242
9.931712588955477
-19.611450943014507
5.7567572564150815
6.2012786127629305
4.250548256521874
-17.41218819885887
-11.00758189497137
-18.894122656049298
-4.673505485741568
11.159217591502664
-0.6118491882753005
-9.965298364327282
12.13366598231709
-2.0955239014004157
11.802658885805009
2.8720665352759944
8.126849044435787
19.717976933202074
2.929789824847763
16.201334111072484
9.741059919043721
-10.156628074861779
15.470363481777461
-13.976923329579858
-15.041739270210602
0.28552487650549807
-10.694926337640972
3.123566818290186
4.0042244263522555
12.900087069240655
-1.0933627904415246
-10.408267412532748
19.78756805107347
-3.2098539719360453
-5.439047443434909
-14.063034093939649
-9.861107968255428
1.1641720711370667
0.06781571776294726
1.8273226233961637
11.37461594158454
-15.529157961857948
-15.38960259939433
-11.365001669865972
7.835993865394684
17.260394689052994
12.073774853590521
5.628733167877908
-16.65479330316858
8.961533613618037
-13.234702859316553
0.4110626956042296
-8.922419310883253
4.023615266533753
15.380423144545851
-5.567593871995449
-10.5015075877945
-19.895418827425463
16.763478121408653
0.7892940448513386
-8.726975807944374
19.439818102984773
5.712932668965493
-12.370266588432063
-18.486680390527034
12.171249801747948
16.62001975897227
12.647651314899846
13.683997700437509
0.24421701987863642
13.69966079512158
10.036280464144646
-4.0375021076892015
14.70343353530658
5.604523713489709
14.39878050688322
13.25384581955116
11.120215520153188
9.063343576148117
5.262398376035399
-12.264841066109128
9.770166139449941
10.9565911662372
-3.3301370521307803
19.142357062241153
14.821166997217176
13.160711725115036
17.8499499245042
13.83562988261685
-14.72960022747893
16.333940699217976
-0.6492939334071401
-2.265805822700372
11.92746220877686
6.140821632124883
-3.7554980713877306
-12.621308240802392
-7.5265757460817575
10.199530502827159
-11.421579645728844
8.463384448683833
17.939565493993776
-18.796066373459634
7.71053034053665
-13.832938343850003
14.179392693136485
17.352452409697236
14.990621073965023
-6.341777913018927
-2.370868414499654
7.5474266546070865
19.583697340891
14.946511274440155
-3.584591677978132
-8.38699427078688
-18.573027930044237
14.458488914090807
-1.3241371953658962
-16.782408166643755
-2.3046075012172125
15.56725817975282
13.366904986113333
11.112295571956707
4.330151885903465
-14.748456726632906
-2.3899788893742624
3.7964333134912778
4.162322903404679
-6.263773134572297
12.658851455969796
10.599324772849968
17.960342919891694
6.537432578936947
18.9869320237595
14.781336544839178
0.6339022335204838
-4.271926369150677
0.08126136307295084
1.629012811830588
-19.337837953795475
-6.085424632550737
-15.598536589808788
14.690030928654267
13.262015981185428
-7.272528005343538
-18.307552285120025
2.789270346739066
18.13937852714796
-9.611930737975074
-5.825978606513637
-4.148694198400197
-3.866249606919805
18.24543140356142
12.887233732531762
-19.65670727709227
-14.820367072973992
19.88965301492825
0.6714817673721143
-10.19049269657029
10.20485954061217
5.1927221950467874
-13.313016080174354
-6.944007649692967
16.491271435007164
2.367707911843226
19.18336159426729
15.186115828824583
10.012624064251703
-15.167938827511565
-7.708897199758486
1.3286111037623805
3.896662794307826
-1.953840088488974
9.22698109656912
0.9915587747210708
8.369015869584903
-18.714851075331165
-16.35537553693599
12.003683047838642
-17.92266945452544
8.177263087476558
3.8967911355496874
5.7350509564578935
-13.763329128805054
-16.247924440313362
-6.377330544350034
8.630111449468846
15.693114162768879
6.125618197863197
-5.656982557206188
-10.138828051658564
11.589410749191394
14.258354386227545
8.432475611621108
18.954270544829775
12.857473162211157
11.144746710937682
-6.303535387751481
2.600025516989909
13.018365432227114
-12.180760545999462
8.278083323724303
14.584240468416645
-0.220190801451853
-14.28390802709015
5.210570014740959
-3.027026415239792
-8.604002283498557
-14.762170959799331
-19.321031700520457
-10.959856314873132
1.9762342656855765
1.3916732932436382
-9.605963054181004
-14.368857812827756
-12.373827015553335
-6.122831352341187
17.944336866296815
-17.4827371409221
-4.155833972193346
6.823894206781787
16.50225588822653
11.47164604463402
2.4620364346984687
-1.8696141192837068
-8.678875304415477
2.856358017772884
9.996647632302661
-17.833319880289658
16.999074452855638
8.169040894334852
1.7304167455701887
-12.428216557016905
10.182408990271515
-3.784959647113059
1.8917272389612663
-18.152661504568268
7.63201478053174
7.807016299058862
-3.426859272726233
-8.185455924402195
15.93782642252335
-18.302892571686556
-18.69293467602943
-4.546827710275053
-18.97055175717254
8.111075333051957
-18.408365852035814
6.4908422483337915
0.7188749845083038
-0.18061912495256038
0.5757509935948981
-5.361872077492112
-9.814788514114689
-19.17853730743522
11.731717194918012
4.301353467042894
-6.19012959478245
3.2635145760693796
0.6078640853560948
16.823625472299305
11.552128114665635
-6.447336671628388
-2.2158939160620577
-4.155596736416353
-13.710519959419205
5.751692749911324
-18.18601156856513
-9.566671273972084
-10.868621591330555
-15.83373582507102
-8.243394884877633
18.658738756788523
19.18618398783694
5.512700306298548
-11.43505543718871
-12.720746343237511
-3.2613835504882545
9.85970026210478
3.155303323560993
17.441107132228296
8.378162072376835
5.3296855905725025
12.1252499810644
0.013390759007005926
-1.233894676897883
17.270984574068052
-4.6591537641410685
2.446772860939525
5.368071211443368
3.114146951031337
10.511232507377816
-2.3426857592701182
8.012541429256213
-16.083376009793632
12.824264591268914
-5.6908650005441395
-10.080033930758647
-5.983129546122008
10.098076223646935
-15.769389612493478
-2.5283168944405254
5.24124930514774
-6.628455422634163
-18.405797181760654
2.0988668267635546
-9.541726378787171
-14.942811190539235
-15.452366180279093
-12.621826204331716
-11.692408709390843
-15.165571100261808
-4.757268502865939
11.71868055938102
8.483735105526318
0.6145219107346698
-10.002399713143326
-9.783593834219847
-3.1932899282033915
-16.083021878881066
-0.31625983931324697
2.365072603046844
-6.176309612856734
10.944648687691977
-16.09324308667256
-0.2305521207707848
9.813115444018493
17.03890075910146
-16.64975671590608
-12.84336311242765
1.5175093478846549
-17.19028026459919
-5.165038298894128
-14.806706052917358
-7.852259960804293
0.19462503365958028
-16.905483616640836
2.987362671380037
13.252834397943353
6.255055548028562
-15.045122646471768
14.80964599153451
2.8399314157033686
-12.169785791748101
11.709332054259146
-5.441006833640859
10.313421952866179
-18.833960683339438
2.0202976798558723
-11.302667681820186
-18.387404056718854
12.079963309434703
10.479457189086578
14.979692046097085
10.631809469459895
-1.8473682618046539
4.675270300513144
-7.316610872991962
-10.401901400209198
-15.074572880171168
-18.214229018331256
14.043512984991715
12.767969630723364
-15.023152774785231
2.750212974271765
4.323692522093733
9.153686243299237
7.455465682828919
14.89218128457081
-10.292676496054472
-10.217599081822364
3.1340315940291816
0.4202314068885862
3.163210889684528
-19.362999362560025
-3.069128131913356
9.114441475153004
-12.937378457447029
-10.720136993531018
-3.846956917436586
7.033594031903121
-5.140612295855508
17.83288353618279
15.564629773062116
-11.44305685523834
5.522825475560399
10.771195226302133
-19.713836782929842
-0.11502364018682343
9.034182731543186
17.656001301358046
14.742047041766043
3.5908093387622095
-3.9200635933961436
12.055885764426876
9.861434611335426
8.482883786532021
-1.6998388567638933
-3.723802153936493
2.827930424772944
-6.835760093851508
-16.248721805353146
16.424399571447204
6.108986553771189
15.88068049826655
-5.158535740158614
-10.583043822062695
17.14849213859454
3.529801175851219
13.19063332437561
-18.147297161652432
-12.536831349978677
-15.221857468382352
8.12095011980513
16.58422118179574
8.959519252773784
-0.04060931163441239
15.541605683134229
-18.046790252058855
19.806284893430167
2.5082327812891023
12.018444241981939
-0.9506226802829651
18.59744683804101
-3.9186066465544087
4.605313578564726
-15.596070151529698
-7.290941529497665
5.4223712254529275
12.914292419162045
18.507577152460172
7.358241682467298
-3.9048739394664302
-5.304935724857064
14.34429384405179
-9.134067552371384
-1.1894845110607122
14.123007215161948
17.12983603581806
-5.173654120915025
-6.179726315252099
11.089135133209282
8.363729800962524
16.93611275453631
-13.581170595728388
0.6877908622456914
3.863969968815635
-4.852590463945713
16.919502060524188
-5.286854493569063
4.940577843570729
0.500616642326122
-8.25810883035286
-12.14494075660021
17.516441029313278
-8.596533854652462
-18.53596884238455
3.76445623976241
-7.891321420105196
6.543111450221378
3.097855796925515
-1.0158611104891122
9.729006108744606
8.458514311551092
8.192639940751757
-10.390474745701814
15.222811335083122
-7.185483602559124
-1.8223508641700548
5.455774376724214
16.58485153664205
1.6376984690739675
-6.238216549743857
-9.975859871908268
-1.4453933286687537
3.00385751833565
19.077800653978883
-8.044967422672986
-18.098833431710947
0.2944398980612952
7.939060985824327
-11.700695375617745
-15.023837625793934
16.455096339056944
0.5495039718065442
8.338474457872486
-13.370841209504745
3.965881180687706
19.271618307773345
18.48331681090584
-8.07934036993332
-6.118262106756944
15.032684548825777
13.42895689066571
-18.727187061559697
12.165805598883523
11.791737488365492
16.809024688914292
-11.913985830127451
2.1832560276825603
7.700802177888196
2.546011065745372
-1.1327000234026912
4.1389360708220515
-14.494199066253156
0.6482286502608225
-6.395080278864205
-8.694993975148076
1.6486464156820944
-5.042746945670903
-4.667094078517241
-6.791732541004372
9.919962248974244
16.706176462746114
8.155562873975658
16.419925216763232
-4.008202289407414
-12.417634232673404
4.434033153274154
-2.2379500264845404
-7.849808946954425
6.9139975190541065
-7.001201348608097
-12.034271802988922
-1.6401883500638803
14.734607982571063
4.809070525681747
14.301208595728099
-14.901536682208597
-9.239058744764153
7.118630212086895
4.499970974651099
17.10383353193029
12.395210185148123
3.644746970404668
19.096142368742058
-11.221353990520964
9.812564551353052
-13.009156528087047
-15.082488995904498
1.7664353813067812
-15.668786042600725
-3.331933471395857
3.308778283186683
-7.016879537852901
15.152092656012314
-3.1707102487094865
-13.618744271773235
-13.482123569139262
-17.273088743582722
7.77506213754824
19.87119861171894
-13.279678265955997
16.943974088229027
15.681876075673486
-14.253872089303163
-6.659890412167702
8.095738890412715
7.944730975849524
-7.938935537673473
3.752822070547875
1.7336711539498815
-15.429736648789913
0.3365317063700317
6.315311626315694
-7.2176596182448804
-10.580626160644604
8.985449088279491
14.949638363702327
-8.302944450316708
-12.963043137228043
-13.503773515203177
15.55947162616905
6.870932709771687
11.578873168646275
-1.4225185479394966
19.93303390628366
-19.107171090647498
-3.212608000498605
-1.8352694917259953
19.478102621394996
-10.20528376461682
-8.911047764245295
-11.725404629875818
4.0416813185214515
12.64388153914203
3.0282780361495796
-3.6788942763760915
6.612926747887325
8.747619802541841
-14.524517503709129
5.539075565961376
-1.422345890781532
-16.559782357405894
3.7253740396626895
-11.796184276977662
-13.98169510721905
-9.497437243308928
-0.5916859481816594
-3.3230221726331344
-5.306216204012486
-5.465819872671274
1.6012074724324918
-17.74119823532267
9.918953914869213
-18.039723054741028
8.13557113722533
8.677560394196679
19.5101557687428
-10.595184772400955
-6.898791036170682
1.6302797308260466
3.179093481495233
-18.9291062326326
0.6370673804502793
18.171356248843907
5.306510195022504
9.798325673950849
9.307322435683076
15.097248647728378
-17.72021625131405
-3.041337388030648
-17.745964501265732
16.935576603363245
7.244164179498135
-8.410036561038776
-15.540411128478574
13.96114448724223
2.882885581971667
5.169967498849097
7.428792282803872
-19.346585444792286
-1.067174134293964
-5.88140221391674
-13.451362657113318
-14.037947309768262
11.547393942478642
-10.558694412225677
14.058846968412915
-2.030289807690334
-2.433313185624172
-5.661317610876768
16.633723183096343
15.114613262498438
-10.727984684734167
-8.513860806696268
0.9966224564242125
2.973219772739135
-1.1818227420853766
8.319044270988663
-1.1113903075401588
9.188056340338385
17.292123239251282
-10.999998641871125
1.3461094066809842
-13.0830562443367
11.228151440263257
-15.058379968581352
-13.916770917445561
6.635721209377145
-16.513134586759804
-15.894408058271004
6.07750320758743
6.247639534440886
4.8229652247575245
-8.522977561689586
1.917143132789512
3.522139660681166
-19.348396800649645
-0.8397199924452146
-1.0578595279365608
11.501019887545489
-9.878141625488572
-10.950429951234542
9.182904913907155
3.472013923828964
4.484521970655667
14.402319860334103
12.34632695641048
-4.68238284971795
6.139722855735101
-15.443675392388553
-16.58568907807689
8.453701886953482
-11.857129734896215
9.772698234972516
0.39519683221805124
11.01056825205507
-0.24865178546047417
3.3153667725700195
-11.457524505340167
-1.8034965370373577
-12.614822035981955
11.675284891813273
-19.186801147561372
1.7196943932867086
19.811207568637577
-8.257876475306585
5.820969576893656
4.634404330928412
7.801220268878396
-4.8105601380825735
-16.78001862072776
19.155776220787665
17.447430988268167
-6.217662492172579
-12.980080796058102
-9.380155267207769
13.118006674655916
11.95000979612034
3.0090311088746127
17.594067264897028
13.487092599729621
-7.291844751101797
-9.77203889861567
3.2762023300018512
-10.528567999143071
17.001254148488073
-16.745204984636935
13.427292423855505
13.867442012225055
2.7357721845144347
6.172396985624047
-16.03607189335539
17.80885705159416
14.504919614898775
7.865221289816276
-10.032559784429731
14.545516977535819
-11.454883715377155
3.397954739851741
18.829338166773823
-1.7788377426124846
-11.095491144514105
-3.247546845931751
1.7062686774260172
12.244346151002617
-15.371714557362846
5.5710305306292724
0.8577279755714393
-14.226833764098394
-16.043614709752234
13.14344926753995
16.50501576752081
-6.042555106850674
14.711934127396745
5.209872613622522
-9.389763231913605
-12.938558097136145
-1.2466470195479609
1.053657011827255
-19.679671493721962
5.0307265017593785
-6.232734977065597
13.69512658092647
7.1999487918969685
12.444940862505817
4.176384163148356
14.988372363613422
10.820903536303774
-7.143584711245365
-8.21487812355564
-12.761756884510449
-4.215227551587027
6.921549048846561
-17.314242239483256
1.809709762572794
5.218410715920633
-0.3124078753799786
-19.490459717270596
-17.025602389621618
-3.8733548905696793
-13.492114000548266
-10.379027347083865
-14.796409793200386
-12.00988701915005
3.256643036180826
0.7186882906887995
3.6328037260328614
11.120048721969006
-1.10152095372937
0.7868738562449842
5.179113168368588
-16.23887945361338
-17.031724804557857
-3.6370209670961806
10.811012687055698
-15.174626270939404
-14.285505496411242
-7.809096230270258
17.51029393015252
13.427654227291825
-6.344449985943559
-9.324726006547884
-8.84424475110269
-5.507691143956524
-6.2234688394129645
-1.2409623904275513
-9.98556556767117
2.927893999294735
9.378465851182597
-0.16061682446373737
-1.6239566082093617
1.8695744393632943
14.33371464590531
-9.039215449302244
0.673282099068409
7.660173373268524
-10.418556644022491
-19.208609332630108
16.547673327254742
10.06936428068661
-15.710992192952853
-17.14620957344586
18.697876845571734
10.36182952982983
-17.67765200345751
19.205394720212247
-14.024917830593928
10.91036974257879
8.60678376978489
14.661306326618657
-16.214133903936254
18.87509686124713
-16.429668728566785
16.72732685811704
10.0659675868026
3.5901726250233246
10.679819689631941
-11.097405528444035
-19.152313691813127
-14.145676699464156
1.101381966758158
-16.08242273360123
-11.97426462257746
-5.897689264511685
0.2778278007139434
-3.0553000929808896
11.755026203515676
-8.296106311110677
6.115568833777637
15.380435745390898
4.650250918504334
19.45544636490503
-16.37317752410254
13.126354796213725
-0.9926123734303118
-18.070972385216
-4.092787910198595
19.312213745398857
-0.33351845862796026
19.11664833201572
-18.265868484257464
1.4561988233859893
13.653876399365608
9.390851712342773
3.300286559078323
-14.423714823760495
4.043466150190763
9.749792262769652
-11.678895661301532
9.125036911922173
-2.9351207269751
-6.239639598367756
-6.593467341165212
-15.646998174432309
15.939978460280287
7.982100905654445
15.059824232401567
-19.466277885535362
12.34676424670532
1.2805257719508987
-16.095377190114753
-19.365664600258757
15.845947956504332
-19.85415677250666
-19.340254047396343
7.064810956728394
-11.897937965332893
10.726321042392897
-0.33388302393823466
19.463102087107472
5.972712334474316
10.831201991240441
10.684316686834578
-0.8404479355829473
11.312706699486526
-14.346243946277525
2.8893988612762875
18.107973842008292
-17.561128020124215
-17.034082027631555
-9.12180621889808
0.38550747429814436
-7.169553871262803
-10.485897147599598
1.811377637004231
-8.087495221019939
11.975086061997764
6.309788937509765
9.167695631659974
-14.42872028147943
-10.906588897731941
-9.606219089892694
14.811604216575162
-4.026429765829459
-19.18976117246915
19.06080142064055
9.973360947045194
-15.703039083043704
19.69224196851176
-5.530170200787076
-19.979596449263425
8.648279406380158
-0.19128452670548413
13.879258492445715
2.9419569983388385
5.20836044165414
16.935426939833107
17.29422068079058
9.359759530306299
10.112497041092201
-12.318680985412577
-2.826942894632513
0.4598660514078361
-10.857894616449876
-10.977179691667285
-1.679321049466452
-14.405222913963375
-8.75780152442383
-14.43972946394715
6.765364621602387
-8.365405769026477
-16.558684472227746
-4.661322794118465
12.55237854338531
16.06239855520994
-13.395215575249049
2.798348040097256
14.975360327423303
-0.6688597654092234
-11.239075979550197
0.761453233532837
10.058953295357483
9.955196682501118
3.3821652690385307
-5.472562622776511
1.5024508657477256
-18.553455441878093
19.15894992959025
-0.41058702741879216
19.483114653018816
-2.0654173800974007
10.169399705334826
-2.9821813544621953
-1.8911745420582484
17.1132999316281
-13.739153707304187
-13.574068916415388
14.75227236976879
-9.468455268535179
2.9732644669591224
-2.9805701201150896
18.450884997370338
19.366180586976
-8.390484856207072
5.32726745504149
19.02294051309137
17.610521861294103
6.580654181427242
-14.834224632862103
-4.714236173642249
-8.15254928390592
-7.382551653758572
4.3706514251638175
-12.582933996434829
17.15075427600575
-7.022414396105599
19.26183697980428
12.087671951795777
-19.71973983299364
-1.6486471296096994
-14.451697446539198
-9.935395134996847
0.024865256884861964
-13.73233187473863
7.365084491067698
4.466527619565884
9.459627500241208
-4.441062015374943
-16.695194931965514
-16.747026106846864
19.111073865409274
19.244317470633135
17.513592516468975
-0.4750467609133935
-16.16873193768257
-16.220261732773427
-18.342196569348054
7.0315678004827795
-15.259390398838715
12.260839218967952
17.61501125158695
7.100750374516128
5.6531664382770686
-5.678487138125394
-3.099164917484501
18.048919376353673
-7.521703402526402
-2.9359658880581136
15.80531790953951
-2.3674656199157518
0.1049960161274619
9.219963194408255
17.30811050846556
15.965032777118026
-0.15644873334007414
-10.613818825405845
-0.5851389026120657
-17.183340838515583
14.806470066128028
-7.399528269124577
-11.618251597200842
-2.0351833147278384
0.013316090731724017
4.465784954693753
9.293674905319623
1.7406641032085162
3.618665544271785
-14.297200910591542
13.959082364183026
-9.608098295951653
7.205156814516151
18.22603068912364
12.942214471915243
-16.837107146015153
-0.2477443374164352
-10.677138758814962
18.344585228337053
2.0582883434579635
14.75453383232687
9.710923583355036
10.979106447186965
-9.576291737581366
-3.014979694004598
-16.2081193727105
-17.004517971919032
-11.745015792724796
-5.85609166601586
17.455646411600547
-5.396426814299273
2.6303480635698087
12.927595194958464
11.620097464909168
18.818770493505447
-2.1865358634360668
17.73080458549974
12.091861666961393
3.086021247676804
2.2070591632246526
6.899132791634589
7.854425911457792
-11.072392462823913
17.153805851284787
9.515700186792607
-17.480405615943955
9.92576651461956
-7.176076392777052
1.758109135908171
2.325419833618536
-15.979327212526568
1.1238397598299983
-6.359537547406585
14.315245416668525
-12.165579672987604
-12.593313084435746
7.4502984232180935
10.25017779571527
-18.755847731714354
-6.795240633303319
-6.3148015370373365
-14.560283507055765
1.7283402091387465
7.219449588406725
4.764993723278113
18.914350602670908
-4.295669098486407
-12.036320045784116
-13.882650511365533
6.781655433350913
4.065014633016574
0.018782130081071102
-9.559745202670339
17.005373510092326
14.59086434535405
5.005770919131763
-6.001315252432953
-16.7329749200628
-10.19140301357309
-17.089408294548956
2.8129697474175543
-0.03647361214531486
6.2385123741327
-11.436998213251893
-7.190079263194296
3.5920621874922922
9.313013206024216
8.227439663689985
-9.417646641455665
-3.110554958067304
-8.406665622146283
8.84011653188118
-9.17779555491852
-18.480983449347555
10.564055659704735
-3.3569061744779525
5.634924367093539
-3.9720272963920245
11.814930435928055
-14.619401335634636
18.270273519471942
-6.062546759839549
-6.740000436344449
12.582890944210881
-6.970609505117666
-16.877082551585104
-4.1759365217894295
-13.995252415558008
-8.608781991770108
-10.98997404216766
6.18380220162468
4.042489337581323
-5.860025105179112
14.66544012513345
12.08263851119677
-13.348216909306604
1.0795558225182234
1.148892496656412
13.549975991409127
-7.593417180055809
-3.853770185408276
11.634919527950167
4.683204239216543
17.14021264896953
14.660474078983512
-18.824733350619884
-16.124425360018222
11.711449132942118
-17.06781632026914
-3.0442263130582923
-17.52872984062578
18.197207539727316
6.211461530440282
-14.574555678849087
-18.94670061417559
-11.053688470409181
-1.4596058471937035
-14.72570834837494
-8.770175876723382
-13.87164098340854
7.984988515099907
-1.9854365687683568
-4.949922713593127
14.06816176754181
17.453960363305434
-10.161003230137249
5.8471915599055535
-14.796394689044035
-7.904901344188788
-14.32772532860258
18.521714381669817
10.364027307000981
-15.112661601174771
-9.967240245698012
-6.513481044911256
12.089926349451261
19.537936464567778
12.737105475373063
15.33311733392511
-9.841711999562474
-12.993866225179772
-14.751432820347166
16.61975195313871
0.7874674204685945
-2.8772975282987616
14.279999245117395
8.756084755533152
-0.4954982387420941
12.296401521569223
6.011868733102457
-14.540049819115248
6.4336488773783955
17.929586373694526
-0.3040473702717996
-19.575865982782442
0.8769784587858567
2.435342648370945
12.890915451187304
-3.31046566416164
2.2746359590283873
-0.24385376721632923
6.848852275859841
5.617680780226102
2.5432256008752
11.552606030923094
11.499065839739202
8.994078069992387
-0.6083077073024441
-3.6727842088055276
3.9517787984148534
-17.255299553977164
-16.50508286018089
18.83326703159122
-14.301550699659762
-7.142473607264472
3.823974522859629
-6.533276117673839
13.571827839344436
3.4803116665246776
-4.098735598361269
4.36341460575262
16.47088692888486
11.65822987126814
-4.559445789726443
15.926057779174506
-19.56062673645708
-1.2795211746624382
-16.55278643149851
10.013453439790805
-6.329194106915148
5.523840307403965
0.8025793466070823
-11.106405017971843
14.275058148160994
-19.602836164023124
-0.8120670342132605
3.1062922501236585
-3.3196718684808424
0.6065711657989112
19.001421425453195
17.6053290821539
7.4097953430832355
1.9359879704594078
-7.285022593127826
-15.034829974061967
-2.695594086449894
-6.705052520094439
-12.140497753171653
-2.639764144198704
-6.93603722925241
18.102260438423514
-1.6780247478664876
-10.258689627386218
-3.4654803967182204
17.906286192760867
7.9537697849160764
1.2474771420325261
6.7181722022273505
-0.7528219752806109
-17.407170377086803
-19.32956668916305
-13.22134945078066
0.7919601733667463
4.506758801522537
-18.618727303278497
3.612608720301999
-15.174419359480913
-12.730017134295837
-18.055288094812937
-19.206833809819763
-3.036959823547104
-0.9962639538278353
-10.191972603984777
7.757268869600651
11.617050766654984
17.589382869187375
16.385024810492595
-2.4387622345886086
-17.523642746734716
7.643271421125824
0.31845382304544145
14.226946583270319
-5.745340867386499
4.928127741177413
7.664324427295238
-1.2898207588578394
-17.78980012822555
-12.93302008972407
5.06811623314006
-14.717708707678344
14.283711772467
4.548630562603321
-1.622049928748357
-16.90688021918696
11.302167970969712
12.322564909542706
-18.366078800143534
-11.665918565297648
1.801667209869148
-0.2109579902613099
11.245661132831405
0.6866860507970252
4.060968849054547
2.234707944005475
7.871071183798492
-11.001283882767897
11.170694607037351
18.898188697987585
-6.143484014136353
17.46191176868431
-0.6857671503749145
-7.307506005203482
-8.590644025129519
4.869088885388546
-0.5834407091978662
18.666739875743346
6.003320099149949
7.50957595213589
3.756644556723746
-3.9834690165240474
-1.8440546968192706
8.90903932767381
-17.074710788635862
10.935844379884074
-1.764376911952784
-16.076592886088946
11.7146499433902
-12.11624967729338
13.00306076531379
-8.841069253784015
18.320120794253732
-18.76409365405387
-18.166429698827535
-4.505076154910022
4.125547737583389
-10.140291375611618
17.43456469460785
1.5126689765492252
-15.684116756809686
-19.96267285710086
-11.320702953376522
13.201010470506567
-7.386034102410299
18.428991060905126
-18.469818214330317
9.146109437717314
0.07368983084863245
13.89626579512526
-1.6025857604186378
-2.597487473744767
1.3609497732734042
13.044436845076305
-10.966720167247042
10.070671415153786
12.77295091109314
17.63404983031731
-15.039826830462623
5.174352733803094
11.108662457509816
-9.302759777370074
2.433844193918212
17.04759291039351
-17.93574919188156
-1.6749034022661178
2.622885083826443
-14.026645449734927
-19.891146511667273
14.24222786893818
-8.024050364059612
-10.943307176236154
0.8557566056431583
4.018929022379179
-18.559046983584643
-3.661888652209953
-1.468725114539101
-10.451404702892578
-10.299988511181827
-19.120172256406857
4.388816800085735
-17.18173954718043
-11.156487714464035
-19.042445950474566
15.28245195671439
11.526876025821998
2.223088072288615
-2.4661375227122377
-5.921145447641752
-2.9727560829019026
17.418737482136073
-19.097563573583223
-5.037780278784535
-2.08968535777203
5.357440882734764
12.295021335500898
9.720000146139526
4.574390976733859
16.047895792917394
-11.291089126399974
14.566589020106846
-4.010385515947101
2.744840334470613
-15.01342217812693
1.2639507589294823
7.462094511676586
13.174140844494005
-19.85135844490617
18.758159827801578
-3.4396081268284675
-16.078569491284846
11.244341726374007
-16.41287803517619
1.7462611961138208
-9.714987082953893
10.30523859774111
-18.058404849215567
-16.719460000538877
-1.125011397835891
4.997716840995409
14.03818748969087
-9.402014170756061
17.643172837259826
9.02445443800898
-0.28169380583825543
12.791150930113304
1.4807422875296652
-2.5461941911198203
1.3408840106581756
-9.115418227206021
19.758447686164963
-0.6223481804194435
-16.841863833372244
-14.88572463211717
-16.420349601820533
-12.060200470681846
-11.893106493326933
-4.0847421757283975
9.073437262679715
6.286410912508753
-19.314590364188852
17.797095106923884
-12.48017747767669
-14.983003929357487
-1.129053709302962
-8.210216925247709
2.5075297561926675
4.854662745594634
17.534340513216392
-7.065020869785904
3.5902720314135834
17.398602682773145
-3.1474778103153795
-4.35052583865874
16.352801790146245
-2.9977507917476203
-0.6392374938429093
6.061226815588107
-7.980958902336134
-9.490418961821314
6.9294111289872475
2.039921629824338
-18.999924162157864
-15.506579910365899
-15.894784363759777
-2.6907356814559193
-13.739522523232196
-18.61604869390073
-12.406690742807275
12.530654806746682
8.317712235983215
16.264179026948014
7.275179377645355
-16.233616689348565
-4.560699823424859
18.439426834538672
9.136792135590127
18.72414437789913
-1.8007442675000291
2.22104651983112
19.697310800132144
-12.244656254852458
17.377072283945928
-15.303892051388504
-19.65776821553912
-16.844494619412327
-0.15358661181709365
9.721148963942767
-17.606825829929655
14.181221782854266
-3.4667013105727236
0.34124327475447913
-13.696320008652636
-14.650005778416357
-16.11846586576217
-16.06294495263001
13.61628828994671
8.5748080437778
8.625434374273894
10.103533150732492
10.794703092808675
2.4788913180186896
4.107906060018259
7.892703020269703
-2.717954351921019
12.200358414258716
12.484912517418593
12.774320369014355
8.50008138304549
13.866778953845973
-9.006275967242669
-16.71579187542794
-19.315054714127275
-15.202286525882695
6.617159110923019
-11.437240766187093
-12.015724843453945
-14.537403724272146
17.314335906080892
-8.395122522633551
-13.502765376041506
5.751201131409161
10.86500660159631
12.21034971122554
7.179051785859571
1.9235776069333532
18.644610172950927
16.40171850366024
-13.818555379506954
-10.950944285850568
-2.838528447243391
17.66787873023204
-6.880094074676153
4.005898057166103
-11.485425104189888
9.47390830987096
6.117191595336109
-10.065953180180497
-0.9686124767761584
10.065547969680964
16.137350136539993
-14.544123513350753
-2.26113416306584
-9.529428882946585
-16.78791569264028
-11.52978395285546
15.252719