7.514822031396811
-10.58976285185658
-12.34093981085481
-11.600895815242245
12.017540982260876
17.400785752860102
-3.0774665951878255
-2.5943375410957437
-1.1247082986169552
-11.29163976140826
7.782551007026655
17.214766852395158
-5.034048035939378
-4.414507482204559
3.28578549225233
6.2711034487046255
-4.4100882851364975
9.596579406890477
-15.117746158833437
-5.043719768255773
5.791353581058033
-11.523738733501121
-19.46391276902835
-6.4691681459063375
6.6075507643365405
17.087619265916146
-15.215653422313892
-12.933969705744603
17.463223539946966
-11.489123521888853
16.922321445019733
14.977349905625623
-8.914264249527118
-0.9849344167668832
3.258693446371403
-17.14020493702308
13.98649607526879
17.408471855221805
17.67075563853753
-11.139726230780047
18.5715073033778
13.704118153896765
-12.53929474905975
14.086585593157018
17.695974674401313
-17.26760057443538
-14.877434500652127
19.71755714046145
4.522439261774526
-6.015068344308677
-10.61139836495213
17.91855101571501
18.63328099016293
-12.575067794064903
13.515211044373693
4.351232268338766
3.980401906210208
-16.94448427187083
10.747704831286246
10.219746009842162
-17.69029075264826
-1.5019114146650665
-2.4491505624108214
-5.562512172497822
16.70971080676339
8.211656640314597
-13.108800722531516
17.403083960342883
10.011127145940936
7.610003531608346
9.786994860986326
-12.394459888486207
-6.580840431245502
17.857210405419117
-5.35981882427822
-12.85200247847329
19.494751332185245
15.851404545755791
17.763293717179366
-1.6716749376942914
-2.871763685023488
-11.94820293914383
16.070618213354024
18.472865237112536
-17.77288664730314
3.0636618937708313
4.878762371075588
3.0924049926718027
-18.603288070348114
-2.8323017830422756
-14.872498032159655
7.032020486100077
0.5432207924798114
7.877192920575986
15.072528209763718
5.128618225560832
19.70441708653739
-16.055486411276757
11.513250698622748
-18.083195872691846
-16.313452493526235
6.931380549613536
-15.041040701429008
-14.82391696606637
-8.529550896077138
-4.563548594579041
-5.87765199043368
-19.1067147971768
-10.262204466687095
-13.614266005891134
-11.631445135751504
14.296597653701781
-17.70848261208328
-1.8035314041349153
-5.206495945247273
-13.383271414383294
-5.263959848314727
6.49097613696113
-1.5592406011725082
-16.597592119000566
-2.209371837923655
13.97228616190857
-13.484789923156013
-6.688381134560686
-0.3421373504111678
17.979769399963473
-10.508642721056901
17.887968642772762
10.147653652598848
11.829792813088321
17.876249837734896
-18.888717221403795
-5.943029797164323
13.57190356325242
8.517283903936569
17.23629003753856
3.833427761424314
-13.517460361256406
12.054723393155378
7.458474329460991
-15.962731305038552
16.368459267855613
-2.787497416981676
8.470803908787442
13.573780256525772
13.561171289195755
3.0181007942562985
10.513759779942731
10.56382895016042
-5.017902897960585
12.12619273977181
9.812811510017099
-4.743740846713118
-16.383350090898617
-5.4276078731496735
-17.505335218553707
-12.545482778274021
-0.19678051639828453
15.617924803403824
16.650459939985026
-9.45072563452062
-8.267321258751302
-9.23307077640574
-13.156834436097732
7.160564628779042
-1.860056730980837
-2.6773982376450967
3.7764605857653137
14.379889347335386
-2.1998999754010775
-17.413272629963757
16.357505639449414
13.864435587532846
18.04209095048921
-10.663068727342155
-13.561359062597917
7.331650999805635
9.917413062947116
3.6367046144609425
-2.167671779985799
-2.4020837104610067
-14.168238130132655
-7.178930719012598
-15.952403300674987
-6.407607263856004
10.99987143986018
-17.596357518888407
19.603667157641944
-7.139235721727717
-15.40087336032511
7.317670413088564
-0.5766991157542769
-10.120183467220073
-4.857319734963838
-15.158224309065327
8.320791490592661
-0.05314960545215541
-5.975233386676129
-16.832483477610566
-6.462688165054097
-15.682950023122801
19.982710390951887
0.36810160550417237
-10.956992225745568
18.920352314396553
-9.501569019913605
-17.704738618959986
19.08528809096267
-12.132386208909725
13.908866077725989
-8.709128668494222
3.260923409567134
-15.102402315204353
0.9539154202585962
3.4227998749202797
-0.37737225167420974
0.86751086884383
3.6419991834514995
-7.187330940731048
19.96282602892908
-0.11649697948470816
-17.53898468535004
13.97271103930801
10.946090500214115
19.494595703285867
-4.375320154228643
-11.375900040897239
-12.080096248002391
15.209474020237515
-12.375578163977522
11.16700540330362
-15.041736534926953
9.393385400721229
-9.617439852036167
2.2095555837886636
-16.182521080480193
16.883326842348716
-0.812017048772784
1.5177065923772979
-0.9937858550102021
-0.4196707171232461
15.861962946345571
-9.403427625589424
-13.05112831098931
-17.748467161995272
0.7796409490949614
16.172974239031113
14.466317616934454
-15.181970729427285
15.559428522962499
4.221946438774697
5.5550183895212335
17.07907026934882
19.3274519357498
-12.879152402384776
-6.674051480037644
-15.199579812974783
7.949209905975501
15.72552488776688
10.851089054908659
-0.8847599308065597
-6.490874486257127
10.76239721196007
-7.643899664775326
10.423011838609533
14.974965215418472
-15.336613761522573
10.98647131666175
17.55657739494184
-11.395845196938037
19.713366952035706
-9.864445699629263
-11.726035144250568
7.3131207347628475
-18.715460140255466
5.783582676454749
-8.923386445987202
-13.316085616768497
-2.790062463980739
-17.95915474552026
19.84891704496163
18.183952745343596
-14.491671860274543
-6.820194019038617
9.704904836614837
-18.79994943258967
1.9703469977103119
-15.807226934258832
-13.131316942483613
-4.727327016095067
0.9447456364986095
-3.3631484642549268
9.539826894132052
1.8841771005116712
-13.34671335095992
10.162083704449614
0.10853526001026381
2.91027171625322
17.081274058952445
-19.02622494586104
-1.6938549163582266
1.6480577239087921
16.73856620436208
-3.5916921823339543
-13.726725635179147
-14.54752341014196
3.2821585066862227
-1.8356004283740646
-5.366778840954769
9.761174177424007
-11.027170763164854
-13.102739654215778
11.13507319389667
10.407348265174711
2.127875143296688
-8.784342623948085
-11.035986206943097
12.740032087030066
0.03987232583836686
-5.1449600759677026
-7.6270267757547
-16.92460985748578
15.3599198722629
-17.645652404962775
-15.187124281485392
5.2320556697559795
-12.969329448801048
-5.618177261366641
-14.416965743930653
-15.194974362390102
14.751147220819895
-6.929437979252544
16.0504934290893
18.652920485712066
-19.097399312077815
4.115140614160481
1.3705689806866737
14.848248674166477
-3.9686541631521592
-13.561921919185437
-5.182290043225887
-6.403654715775984
-12.623994545491492
13.301900879930884
12.921651080882974
-16.28188174781185
11.386146417600603
-4.27569012582007
-7.861595454867754
17.859103131627243
10.381754810486164
-9.322367224196459
15.716083862053864
17.263266514081998
7.061186772585714
-1.0600421397706086
-1.4800292084393547
11.675574378683727
-7.365766146976526
-10.549735887177857
-4.006280343544123
7.20750623397133
15.620679800949617
9.225778622756774
2.743906324830448
-18.37267141586361
5.765509176837487
-0.0878573480928111
-13.158858558977634
3.873850691564016
10.370229363834792
8.587993036465939
-0.8819294846107155
18.866344067774413
6.8886190410722605
0.41265952295006514
18.323865439520283
7.523258456360512
10.824276827767598
-19.81820996392981
-0.27768080311648546
3.126708941768868
-6.99503161474639
-2.2055060540756877
-11.483268433908446
-0.07859888117775071
-14.947700336975846
9.008822585439717
-8.05855616388406
-13.336784863957032
13.14227969060515
-3.239957386731291
8.554004524196245
-3.4817340685700557
14.281848075250842
-11.297790182930502
-16.064371615807612
-4.603076227029801
-19.008844850074155
-14.449294726132766
3.3287432407763617
-11.524682832115865
-7.938533209223797
9.157665834055798
-0.43186721308279274
9.977563406758815
14.383516869167067
11.371466207777527
1.0728836978939285
-0.11026566439239716
-5.812614413768236
-2.429360283274697
16.72352841887404
-10.55522355803089
19.376056118441184
14.887685007939425
-11.164864621661561
10.665706119067394
-12.842822467931647
16.17734802225567
11.51186255006559
-11.882125263495663
0.45423695333501257
-14.26695184269537
8.01000749109781
-4.181181147396789
11.734734897899589
16.820342880049516
10.655082753880158
-15.953407012417657
-14.859286193922578
0.6263748582634854
-5.004921869138975
-19.76976743925091
5.596570811142904
0.60285456483183
16.471250096094714
18.032333593735792
17.598319964200563
-16.265756649155392
18.182308325274093
-0.8727752936355948
18.632129111085
19.115884477179222
-17.692470638930384
17.439457300031428
-2.753419304480552
13.66757465745713
-18.218362446457633
-17.37129872766174
-2.671247783713767
-9.477671821866313
3.7068111697045367
14.107322840598151
0.5403339461621712
7.115938302419181
9.549421377160062
-14.42363037372437
-17.03684128145142
16.690516381131467
-13.796102468315166
-8.818706810962023
-9.980261222365119
-6.211747141659076
11.918701267592905
-14.935483464664587
18.303779953033896
-1.7362798302938778
-0.3341234647706699
17.556635014098113
-7.346156018582404
15.228872484889862
4.055703629609702
-14.289195758420977
-17.182713032002038
-8.245153600648392
-14.38550846893758
-2.8256271180013606
0.8329186887801399
3.9733968466601333
8.897315190188042
14.332216111895328
0.4854070565905104
-13.645621994485197
-9.743970716782012
1.6472590031839758
7.427907190940907
16.804330363645015
0.8007639145775833
-1.4448648255508019
14.951043461311329
5.5600140957834085
-17.289906743118067
-15.89899590557279
8.939620299704249
6.889446231751528
-2.814467860498631
6.970176536453074
6.273487624767903
-8.29784154765636
4.687336325987172
-17.97749844843227
-14.477153876344921
3.207599296382959
-10.416396970036335
16.655614773137074
-12.196681638660788
18.337512453877586
-15.994072495268874
18.134905908976428
-0.2635669604063864
-4.778652166688545
-7.620935773429714
6.024991003598402
19.949893693132445
-19.72745864558986
-2.181677387645358
17.183531943568653
14.290456986190968
-16.78418294298933
17.67003287352945
-6.854535697094386
7.717313925911881
13.712322227027975
10.012566254598255
1.1584666213377979
3.8407589451644064
-19.0186880609463
-12.82654730992415
13.12891139340919
-13.168083006486109
3.2885386472724143
8.440290347336333
18.405320776177206
-3.667468933395167
-3.769152388638304
15.10463833787658
4.270662953702011
-0.34835020939333106
3.4087044358433616
-3.602463062223997
-9.224320556423713
-4.56117904178079
5.704474085511812
19.901349073947976
19.02963598625596
16.49444106945713
6.63514756751594
9.43232593299588
6.905826923102474
-19.13951221610369
13.433948763640736
13.868540588666342
-5.3240307845789125
-3.1041363678028198
13.399749332228005
4.608811930437888
-6.339081951013359
11.927454560359312
12.347882642807363
13.181490711852938
-5.160363731298077
12.41918992109882
-2.92224488285936
2.529684624430182
16.536818960443036
17.363305795397387
-19.185233153592947
-0.35472937660001236
-15.419947451388394
12.382567702192503
12.242218505286317
-14.522951742128294
-19.7126791165496
-1.8017716286548655
7.584549818381213
-5.616453219817657
-12.367028709180087
-17.384303850058295
-6.4952130022307575
0.06267578116244366
-15.616594065178955
-2.5396250356434393
13.492883699502144
17.162286757925997
8.507464502733782
9.383549112440917
-13.805586316892082
-2.0430937543186616
-2.739099720170973
-16.821976548828644
9.065517823549072
-6.886029222929132
-13.890373382311934
7.355660549955228
-3.60792079296559
-19.573085354066837
-4.918394579056153
3.117045956002798
4.245836246979167
-1.3841575917662112
-14.692389119219786
2.8022498839868213
-8.323475458793318
-16.783523331844776
5.1988847977297965
-8.64740637410788
2.2248840104250363
17.89651352685177
1.6245520090362717
18.806741559221123
-12.362839562159603
-0.6919344864834045
7.258901883707814
-8.318009639749251
8.095650066092016
-10.972989351113771
-18.311534871076525
-15.553477150775512
6.160655872803286
-7.558240803084036
-18.052723578930788
-6.784788850426867
-11.61942399114202
-0.9542877475043383
-5.216624119417613
-4.632560433198485
10.795897487498031
-10.355395822316842
-19.83670372273094
3.7890010488711
-10.212459367633379
0.2180937125401563
-6.424793427282811
18.085116218634298
-12.132064019785167
-8.840957639548872
-17.55226758467678
2.80550146851537
18.881798065624594
17.091714439342837
-6.636205929097994
16.06121532061367
-5.7977955966196895
2.39151122589832
-9.811143443731671
-9.149675143915562
-7.347791124323901
-17.436763988993
-13.409918532257187
-15.523741507110067
12.75893590780332
0.010476112550826144
-5.504428707871568
-18.814335250777518
-2.0818335588080856
-7.601626394559894
8.49414516673724
-10.543907291379103
3.364934553983595
18.678433880823086
-4.839480703760302
7.801895459954448
-1.8803936067223432
13.246652883857323
-19.287512636134675
-19.1777859703163
-10.076896652489133
15.162503607635074
-6.217608985985098
0.5474649239822966
-18.59532935373265
8.074696179963059
16.425144575441742
12.075384840101847
1.331639154862529
-13.107674115165535
-17.234096652777076
-1.3569118752484677
8.533743540167166
-18.706643159897766
-14.615707864635201
2.691800656082396
9.187607512542812
14.110698634280233
-7.502387003496729
7.2430340299979825
-0.14596195878111118
15.11796413366637
2.481258834055893
12.686818587550313
0.48556636075589665
-11.803416105364173
-6.135540960334161
9.316377344268659
-6.35732382656486
-13.591089014302007
-10.978993743780766
-3.886573343093474
-1.5386530324598482
-13.282299603900904
7.444485461087403
18.40874646481035
5.66969782553312
8.479089535963752
4.731966366581844
-15.588188587995147
3.5133846002041267
16.848249311622233
-2.1040551830699386
-4.759579617564453
9.708835960191848
-6.582107439171052
-19.26956315979389
14.248988183515621
-15.3693689911171
-6.598762384334087
-8.06278313002764
7.096260428283344
0.7864994466054682
-16.748257317151946
8.496543054733952
-12.851411692209007
19.771474481882308
-4.075230727316166
-19.44920485750812
-7.961395757822359
2.0128931138634556
19.235667272208957
2.4663987601018356
-18.363829121143716
14.46337304604792
-12.35761384821191
10.882339851909329
4.400040835639803
-8.73786569618115
8.482876305664636
4.204656258393726
-18.717487092848074
6.267106356497621
-5.421892406300216
-7.579985849817522
4.976117260428303
-18.16945156185899
-4.908260313298335
-18.3087460401007
6.056187527410252
17.33049647532448
-4.7893723076471275
-14.883046893041826
-1.3686394206022428
-10.744762269624161
-6.497275927656251
2.1582168898983447
19.329751786211993
3.6154102215773705
5.527440148558739
16.930529231158665
-0.8836437913370787
14.978111068397965
-11.227563884460764
-2.59895094933335
-4.997005773156724
-13.759537602436751
3.9343343926231498
19.202720345244778
-9.725548843939599
4.5484455676080096
-0.2860125204727808
-0.7351656174214902
8.129314562244737
10.219796193728698
-6.335670415266668
-17.229286885605454
4.185314331976858
17.479919682113675
-19.173943535210135
4.574436486835349
-3.6891533269610832
-11.04676988492701
0.06393600075146821
-12.527003703025944
-6.617164771180587
-15.643191318945346
7.967440184527021
-3.149315518314989
17.618813587918602
-12.959234062998352
19.89870615097619
-16.212534152091365
-13.870930084252926
-0.3439898842190594
-17.782376289679274
-14.470622348529867
13.948837653544224
17.248076118331483
1.000253611104828
2.9079794798347436
13.39714599098427
7.488798576038086
-12.33954419468034
-10.812736650253786
-15.90384838770869
-1.1116877565328167
-0.09051693529251992
-3.8530009084976733
-1.4804942916912864
3.948619678717872
3.10219886353412
-2.007681355343852
-9.66984563613436
-4.750989373171844
6.643493818591434
14.86105533473178
8.03384500891265
15.259446142112893
14.4161124244864
4.06691930309341
17.856178867108227
-12.385530219222174
9.48003118452355
-14.152997905193288
15.762619101353302
18.806557756936286
-3.79584010747444
6.317495200344183
-14.055838526770149
-3.850691179957412
-9.718076428458694
0.5622557014582483
-6.0718224999474515
11.70740404055493
-5.111350152415103
-16.952886819106617
16.78910036660426
-19.053271855113998
-6.413431420021007
12.934157292264537
6.0810035479983
4.3312755234858145
7.2510286748004305
-17.555129141894177
10.128288699806003
8.814871197371403
6.847039837433748
-10.977777740815991
5.2270458705312315
3.1616759788260183
15.10371839557024
-15.297950238802912
-10.594681257142614
5.961700873574376
-10.569249664286563
-15.683444081453448
-17.983825851781656
-9.474216332000417
16.98468225660031
-2.5247282912607325
-14.315898345162319
-12.438934971702512
11.26268211928863
12.002450939929844
10.404038607324686
-3.4720805610700864
-0.7078526300538499
11.117113091366853
-5.706314108440441
18.50748633581781
-0.24491450943751047
15.729130610886969
-19.51597474482442
12.838926506596394
9.499235107137256
9.901680326388611
11.146427304321126
1.1320015226598343
-3.354976130441397
-19.111548703098116
17.791757385667964
5.291380382390965
13.402774119105167
-13.331825154189684
19.37914240817846
15.057686740213029
-16.362627000451994
9.948451813465272
-17.671691622805984
10.612660730814664
-8.846214731137971
-17.011133289677986
17.84878067377425
-4.053625819507701
-6.5517253233178465
10.34398781947354
-7.212523705393767
-17.83744022938047
-8.355886819335531
5.784995049459468
-10.679089327367262
1.6868707147435593
10.729031739969734
-10.094314519827305
6.333052861898484
-8.362059475131298
2.448879466814155
-17.33331393868869
-18.35140875128278
0.5873720258012654
-6.864081852081064
-17.39365644016
19.03868710622435
12.33489350424211
-1.1781246811770458
-8.402363219938902
2.724560081595918
6.860312926788829
-3.9338733712994554
-5.4290760309896555
4.64045105669188
9.845924733191094
-0.9447874247790047
5.160345076508381
-12.55982955633787
18.039266460412726
-8.515735523029475
-19.535183885049744
13.155681258652116
-7.405880256861073
4.071641316533679
13.84906430753231
6.006348323168822
-14.640617758241511
11.67108687707477
-10.0715646265677
9.441554097477862
-9.904581979659316
-17.829011377396743
-10.31023876182192
-8.05690176464935
-6.872911802445817
-4.687899484388298
-6.486002756892525
-4.959398326320734
-6.800093034552347
19.39314542438167
5.684199591149913
-15.703586640369739
14.379810913483041
6.915338158980809
-2.08539966386585
-11.4822557227743
14.981067754726126
6.854356606542606
3.99252369233977
-3.0076068974136803
-6.570985108766729
-12.951147098868372
-18.094595328153478
-19.63867015497202
0.5835550308525512
13.089733819515324
-8.303988965516794
-15.592913367983181
-5.663718522728253
10.593254515617758
-10.930381837006387
-11.36181789713287
9.687974938059156
2.4959185825444976
-8.093142892615282
-19.022303566102153
17.27778171319423
19.169945568941664
15.953712329338913
4.366926809432506
18.37512406119677
17.677286102825683
14.642532172655145
9.492234287608632
8.317177718474191
10.659226395709624
-3.2968912757583944
1.1526938280681946
19.73559475632746
4.5510174939730135
6.072699360762051
6.534339289889026
10.788663481541072
-17.95308619571167
13.50872146843382
-17.20987950053769
-16.2044283600852
-10.904338863822005
19.638255397773214
-15.587089725906829
-19.90037397893729
-13.83647197444514
11.960957559848111
8.449888104658484
4.349984421994716
19.67155964734178
-8.158717691994216
18.66184043281355
-14.692793655293412
-4.4621553327068675
15.43552039060829
-19.187365448585687
-19.375206755271005
-0.6795807544849488
-7.225897985179316
-9.779349094227525
-13.428457665651067
6.791007988682306
16.32208986825315
-2.4732637847311345
17.02252021115916
-2.1240240345227335
-12.343537749111992
-8.100303720080678
2.932108922967174
19.582280152473146
-11.2571966411367
-0.3090578326734281
10.79389598853199
-12.160383062507831
-17.808255148316086
1.1862308196226508
19.435127779287434
19.002754145115667
16.261502469837218
-19.999092663067003
12.504521523827194
14.821552316673937
-10.557474612544366
-11.260459951427123
11.468286824836895
6.3245870750854465
-16.84203078209884
-1.6756284647132489
-10.52702984823111
-6.715753040520237
12.97676296089621
0.3065970975087886
-0.38076517448988056
6.437091898739332
-17.123197453203176
11.905550710290825
-10.649744083842032
11.871082546857224
-4.781749953279032
15.325943679280194
-3.958503155083484
3.171535822411858
13.938119545658502
0.659369181026296
15.67069602535107
19.34994263401402
2.543744076052519
17.6800944456661
11.330404303618078
-17.500613208538205
16.794716291584784
10.928174881253327
-13.812602412172076
-1.9279347050667504
18.919126942967303
1.5826169918692656
13.115363119792093
-6.432703660884812
-8.123739338401634
-1.4290490970270682
-12.580062609950332
-14.009077439444901
-4.091341218399233
-12.36149123569561
-14.630055033535797
-5.716591564243041
-14.563595353439908
-19.390181867336587
14.572314535309104
15.735781211084557
18.96646191811329
-17.9064387345273
2.593808427055645
-15.440258971323825
0.3240805127900259
-5.339046221066731
-16.727841697807442
-0.297736078399339
-14.708520476090538
3.4594667723306394
-10.024638023740081
-13.759776666557674
11.885375370922429
14.645931902043692
-10.987084483250289
2.441878056314458
-0.27370135306518506
-6.482821968645634
1.4316417485049335
0.6288917290646943
-16.537190742009344
-14.062493567037775
-13.235581589857834
1.2628575881952102
-19.668024511515622
2.466434331766987
16.02520041836867
-16.837856441294313
14.439130373711407
-5.320070981119791
14.242245856580872
-15.388787405696096
0.43777869789692403
-16.654536166570388
10.978801484397614
11.664853798999417
11.208300681801777
1.60017377702113
9.67030795486524
13.590163659162783
17.9406769993859
-14.500321437548202
6.147719078764901
14.206458927518796
-11.517282897460133
-0.09605330815798041
15.423293241993939
14.08001579514682
7.885177067143758
0.6775151325853415
12.879486519936194
8.360055347244177
17.149174489190756
0.8253275745169155
-18.51615053187105
-10.35652499361548
19.501772497283312
15.536646043767519
-1.5884967953996885
-3.895430713598863
-10.616996538984349
-5.771599002226129
19.03069547092491
16.71065453574029
7.9669388004882435
1.8369439754776131
16.8967949916808
0.9740544794575356
-1.9510151624073089
1.711118504340451
-14.581426363012646
7.183349600786542
14.579219178208064
11.856682118087424
-11.559626007300325
17.01553670629096
12.83992444244354
13.698378040499264
-12.76917911252859
-1.643760051484584
-13.762893443206723
-14.735887072244399
-15.480053977423154
-2.0338254836493483
3.0173274519673257
-13.063756431067164
13.208239383840322
-10.017280795382447
-2.5153649888685194
11.420151427453789
-4.3338214899952465
-5.337463929293396
4.899811856437918
8.125620760350994
18.36825043213824
-4.647110400636931
1.7772729500107758
19.865380662308937
9.310808531218324
-17.590134492049327
-2.5442785371907135
15.682471962553983
4.394141279542527
18.19675109385016
15.512171716870341
1.826631439770896
-15.843724211532063
19.729978033106846
5.8889314884767
-7.498935756137598
-2.7667200205507605
8.46364350507502
-0.8445118656179993
14.221055987214342
-15.515512375469175
-18.42777654220924
-12.693220534578185
13.90614621611632
-17.69436335051255
-19.614041758122397
13.34932376789773
-1.2273824776374198
14.439777143218961
-8.839743256586413
2.0307597222391927
-2.9031341961246326
0.9272386443165672
-5.0652167083607225
6.7290858808640195
-19.876241896350066
-18.837345227880036
-3.684732372621834
2.621111802470608
-6.478811046519013
6.764993336254626
-8.02623058059333
16.29470960893955
15.25144429651106
19.34755669342077
-16.250273274214024
-15.251851192699633
17.327020683603862
14.454671625951
-12.387925929366128
10.0499284213528
14.850746777144742
14.346762668495337
-16.891928105528052
6.313742383784181
9.235718187501128
3.039298873622002
-3.434617499191365
-9.962484048149056
6.6011422791383225
-5.679020548794362
0.10567326068747462
-12.442820817490269
2.266925629634379
-18.257806128539205
-3.2769601837951896
-7.393436066575809
-18.767955072452978
-3.4398678897292143
-16.762712380981363
12.46245015268454
-6.3822210042497485
-13.791632167217319
-15.16875036508575
19.40216594816073
7.091504437292713
18.201347534410615
-13.758966775193224
-11.85483036783102
4.516168590186176
16.77982889164192
-3.424777326104447
-13.171409252761897
-10.841841343895751
-14.827417849439474
7.950135472785188
19.07721958816093
8.24480709632164
14.110569223843129
-9.67037956851974
16.835108813722073
4.374449606150392
-14.706391638472883
8.037475391713642
-7.138411989985132
9.157444544366186
2.738246521900642
-19.904198469179203
-16.441880901837187
-8.52568258514852
-15.758470105947083
18.085823829610646
6.6856773473599205
-11.34126357740933
-3.5503800152290275
-9.177703171286446
-0.36214754014839556
-14.487953319073906
-8.710875616935656
14.933371098639007
-6.761990742865699
-9.65444915191025
-18.943637725801942
-1.070069377865977
19.283112394780034
8.365918874529797
-10.675709570011582
-4.7229863539121055
14.3033127014683
-5.454898197553742
-14.357215906847225
-14.824133442709151
12.406318825128999
-17.38904080705637
1.7222621449389806
17.681925721172306
-13.816589853173591
2.896359610335324
-14.448572637024228
-18.75153790096625
-15.244004530326132
-18.999601331152
0.21213841431452352
0.08277480134070458
-10.04376344175165
-3.418552884512799
11.883570456425318
13.078755399801615
-2.9443954804257615
-10.038214730405905
18.28626446536311
19.56181199436425
4.640468205513567
15.547083756063934
19.56149470995844
16.81808566531261
-19.177165682481608
11.702529264155
-1.022756154761801
19.535610338523583
10.215925971796324
16.397187808841643
-2.7135490229488326
-4.343756217502346
-16.51109931707721
-14.170911865441639
-1.0355880195041038
-2.434148064072158
10.82063963931541
0.2599891712633493
-2.2411358552001417
4.3929777527811
-4.578111479537693
2.437290768934268
7.612256019451991
-2.6578919915437
6.965518621973921
-13.71887469076096
12.045179057580015
-1.887700701714877
-1.7525705757674324
1.4528482362468296
16.4516943982292
-4.236169035369869
-3.280210142306366
11.586966696381367
-5.486673111304885
-1.8050722176548106
17.03019669962587
7.8563341297163625
17.07459011084324
-9.64815241996737
-3.843794223751008
15.975960041652172
-2.5433795895540214
3.5485454645730563
-7.474518577528233
-7.416687547013208
-8.97970107560277
-12.86148937980128
19.69616757209407
-3.49965781749799
4.515919494746168
5.771931048523655
-17.984400012624214
0.6667657368547069
19.672139550792302
-4.810657617088774
-16.176791744266595
6.953123409707388
-2.2144485849090323
-1.5511224211404553
-17.512890390189387
-17.152203434687078
14.989923996622394
-18.787586611812625
3.409484117039824
18.173047479306547
-2.674235621719191
5.833086669464386
-13.718979314739519
12.871009119296957
18.49634893149735
-2.9939637901162968
-13.520653217516735
-9.504656644605877
16.677631874696168
9.022399329516112
-18.009893364776218
13.367713779962955
-18.04179833788649
-13.657227016162636
9.626641356625392
-10.88339964510769
3.5229063602381387
-17.368336749897153
8.707252499745781
-8.978449099034954
13.288884796449963
-8.244182889202754
-19.783889547250205
-18.857934428487113
-2.9716871762504127
1.2181133702670763
-11.142686274013123
3.216772970924353
-1.7553013924446503
4.582368147495551
2.2447491140128832
16.52708414078137
7.6831418821643815
-9.28646386572376
4.248959724231504
12.84023097792732
0.6435844301036084
14.605294814578535
-12.943025798481568
-1.645528873752184
19.228688286715794
-17.758143784299495
-3.6433200526436416
17.520366619452368
-3.9097316412788707
-19.578266803557952
2.636659913714414
13.316211602950588
-12.178894590486848
-8.293524466473823
12.61778475920812
8.088391279011276
-2.363393039155966
0.040151034727951895
-16.440259983019068
2.0905270707870898
-2.035711154843675
-1.14639053582696
4.760798799801496
9.411178481153687
1.1852829833920069
0.9809858591997269
4.920641153798819
-5.788920443181107
-9.811635486303679
-5.072281800022406
2.7176191354350543
5.852784586199462
13.720924733635393
-12.509997543607208
-2.6361856933059293
-6.176535263242178
-3.633705797114505
-2.215446579859858
16.462480766546605
-5.22089674092793
2.4593163042330737
2.81246943276755
0.5882028979467613
-13.966449397484872
11.248866439250513
-2.0800648641777464
-14.671333671151565
-14.030425630402409
8.198436684015931
7.942338956159418
8.228883989814612
-2.839478200557334
-6.956220118084646
15.689362043480088
-17.199183447962547
-6.028091101051416
8.60563532340332
11.126426521860807
15.586935941129816
1.6838063342599838
2.0872687309905444
11.612738348147069
11.65894906231253
-14.888398117247537
-18.93732382877692
6.068731697468142
10.763252461482882
-18.398300702870337
-9.009879157972257
-19.50347359737764
13.957618846510663
-10.560058052785294
-6.922876038960425
-17.250283152865787
-10.116410387022082
12.549321350953463
18.95166545293609
-1.2961267090773205
-15.867174740346028
-14.46974968608175
-12.148863644395576
-15.243556042595383
-6.17567435571662
-6.950992288483096
-16.57224476415372
-15.200313345357333
-16.751163150023757
11.441620455137414
-11.003488019316507
-2.9969460747664733
-1.766399573672814
-4.074776830868473
-16.484951092872187
-15.746159640240634
16.015496164655218
-11.046084983383428
-6.88665320984239
-13.434169247315374
-13.108430386075401
-16.16147679414921
6.987823155146234
4.529895809017127
1.0176034831102214
-4.654763986185326
6.377730324769296
13.043630758559807
0.27119975353208403
0.1006740481843913
3.7492919532531346
-12.997018873886885
-19.36267707667102
17.106030608747325
8.38382763070561
8.97120830802885
-9.560933550964506
-5.525928461075221
-2.0873002126264737
10.44502898482385
-2.935628641480349
8.018566412228449
10.438900022466555
-15.200602103394495
-6.135107359734938
16.940233187699597
-19.211578885143055
-19.193707515058172
15.88754199375419
0.847042677855768
-19.530816223178693
-18.1665965768073
14.888904923342636
9.626214103067262
-1.581219446494483
8.846123765489786
8.628663768960617
-12.930570904158358
10.610504346676603
4.148184289767656
-12.668010143590402
10.334011369843378
10.963353820105365
-12.6103137772317
-17.61592079423689
19.239309656613607
-15.72497436113338
-13.321238480377279
12.377360169655944
-10.220193880224215
-10.00629035691896
1.196284325603905
5.074920599787461
9.688754986764604
5.321559896699256
6.066888475390911
8.094687240662097
14.093091680265331
11.074093590986656
-0.1598431107269569
4.1540701320693785
-1.0743510967603669
-2.3454888912344813
-0.014630433588070701
-8.376618447891978
-9.024931383686244
-11.504546505519144
11.501929405875266
0.983517165383077
-4.892062458216909
-4.513264220957879
16.378184034159275
-3.146187909949788
-2.0458575042253138
-15.987918432435233
4.791554270191991
3.3945169955213785
-6.885308959817738
-11.75195639842839
-0.18931986602495599
14.159043837561981
3.017809166178594
-18.79112707235299
-6.3175411695089245
-15.451025199570054
15.786826184574409
1.1459793340061069
15.939985503012707
-16.409981497202963
-9.237206372468428
-1.823463954049231
9.047613503069329
6.944946737473245
-12.403088319608418
-15.867551700836838
-17.67833253843238
11.050788901795734
-7.678382983284383
0.752089049057517
3.791629540331364
-16.617976424164517
5.082901999255341
19.106554174675203
9.062693855053045
2.541110534809249
12.952667118860766
8.23857074278908
4.835460527430907
-15.59198748911169
-1.8992325485344672
-10.855996290779952
2.8125937114983977
-15.49747025333252
1.8770458959209577
-13.759561055115576
-2.7213104930659746
15.726794011031394
-7.844685837126351
11.643810494700688
5.585007183618856
5.000274786586516
10.10062004257517
-7.785841703559093
-8.646650788742004
-3.816127735218295
-3.6465451965892086
-9.533103824482732
-16.120002289116194
-19.112013953432495
14.204192979962635
13.954903773440236
2.5622850537254607
-14.137340074242172
15.334119896113087
7.669169223087742
13.176726146713612
3.8466814232806783
-18.367426783144815
8.320017959416322
17.794662737282763
16.230177177659904
-1.0517284446550619
0.2806721524707747
-0.3129326608087979
-15.58368117488575
-15.622650881753923
-16.27092407721733
0.17005689906576293
-6.269042023420205
12.447871804937442
0.010365423915725813
0.9749876756761324
13.552645657470947
19.08923246197874
-11.542656886557925
-16.221505958812937
6.277512883745942
-4.428889533674777
-8.772741711263476
-9.887546101331047
-8.25906775038074
-9.675476240816984
-18.89813199233972
-11.3753485650476
-3.2945388716250754
11.97898764418563
-18.020394605663807
1.9589936843015145
10.266157487217896
-3.6466154825316934
17.863524437497105
16.95653458985919
-2.098536276341001
14.572618941347272
13.165220684516463
16.944421633926787
-0.07970306625294299
-12.675715206211983
-12.252269809218848
-10.313539799209597
19.37671745650242
10.099690884216589
-6.3214647286269265
5.020492160633236
13.521825134096112
5.650322487749481
1.4192107588010252
-6.31776303566625
-6.202741928230955
17.60335743174724
-4.44185314805566
5.143729427478473
3.3675483495912104
-2.6424838880584502
-13.25200756388854
-4.397083246669013
-2.312553753565556
15.305969728364232
-2.5448835632477937
17.782905750830842
-11.1208327589108
-15.609721383087596
-8.997156479935068
17.604869886454345
0.18546030869019603
-2.8192647823218984
19.79370869880063
-4.4470136731514565
8.772939759623377
-19.00988356312602
15.318214975109598
-14.286538954614162
-18.72943321157613
-7.1960793570105785
6.9337199007015755
-16.398890801862574
-7.50108045587481
-1.9260767639630636
-11.677173573132894
-6.9640251308601755
13.493071229486588
6.386968982702307
7.664579716548161
-2.277665348049112
5.404434088669049
-7.790722101793417
-4.19799553165892
-5.469027352997857
9.663319402174665
1.667248665990325
-0.991151565543035
-4.045330682586306
3.7846974646235054
1.9444304094468698
19.58789333687878
11.64680811644445
17.79392759554895
-1.2747648392299205
-10.366457839664358
8.28596787165165
10.92724855880471
12.017249315350227
16.016394311458185
-17.601972173593513
-16.212457847163225
16.373381863918496
1.8221757114178736
6.312729728339875
4.1073665809129025
8.737143611839002
-14.166414637918464
1.2030576847924834
-15.232303300093285
-0.5990229450959141
-19.452890910293043
18.17416732878165
0.9639994174101396
2.6033004644526017
-3.6599947320447477
4.733981600556678
-2.3346194009894425
-10.637318152039628
-18.797886781634176
-8.066571678477343
15.808063071064495
4.819504073923689
-0.9758092540661352
4.392734205214268
5.549488108249022
17.42037628856238
-14.96851857928663
16.361283873334244
8.23945967799456
-0.38064030436148144
-10.844673235523903
4.055999502066324
-4.386560335975794
-3.5522472621535
-13.393109064496773
9.513544277260703
2.6449565767180836
-18.782358103620464
12.384271426246308
4.816884793141199
-7.0218493756512945
-2.670513918619733
17.830276330347445
-2.812658739226105
-9.191764534747954
-18.309324170373827
12.622447543950358
-7.2793525465852795
-11.3066114935639
-10.133421524380243
-0.862939497597317
-11.011066986814292
18.755489273040865
-1.3625296443237254
-14.854078815375473
14.014989951360917
3.497592593964992
-14.930738936545476
-16.282727496909636
-10.432658326563494
15.908382917055121
-0.9200454085902265
12.569315084827636
13.289684652228075
-4.241933525358114
-10.188315584918657
12.48029020755584
13.368214045204617
17.295941482364483
7.644643054645293
0.6352603992131307
9.780182046683265
-5.384573021972066
-18.71211150713989
2.0621130032052974
-1.1163578677424901
-12.617595486901095
6.578220001483501
-14.993631886991512
-4.851039214691966
-0.9914910660901484
14.728658978559551
-13.767680304856306
-12.38432899444959
-11.048356944883375
-16.493538025408093
-6.579904803898247
7.745118229649307
-19.972845488096432
-19.38890992731315
5.718629853213294
3.2778106039216155
9.818167714087629
6.559407590667963
-10.67755349496457
15.623701584185177
-1.3154449749457129
-8.805818426892241
-15.17501771984234
-8.175601797324363
1.2485052479434202
-2.4766838239232136
-16.960475875197247
-15.000874904991285
10.846679640493644
13.11029666864033
-3.710480659065066
-8.182844358180672
-5.740778976434768
-14.238397387611537
-7.042120000590245
-2.336745410504193
8.943500613433606
-7.260890260531276
-1.258631900323639
15.595080664825886
15.704637236843098
-2.1543469317387434
17.954579320005017
-11.738818407933449
4.948559141072472
-18.261644247311306
16.772608573592706
-13.642612363993836
9.802432558494466
-13.861695393102007
-7.379162596726436
-1.252625861667628
14.358756038344204
-8.183870361135615
19.017507157356007
-11.539135293778259
-8.620246034392856
-11.88688917031345
-17.35432270803465
1.5897664682006472
17.62714832399255
1.7293814119818265
13.513585947617663
-10.6808318924901
18.67379067845893
-13.64806797869103
7.521941422280889
14.214059966492442
17.999023540241183
0.1860789195401047
13.289848078738146
-18.681414793132145
-7.410851899292602
5.263234732406271
12.786652347591392
13.70582091737171
-4.096211846055521
8.113775131945058
-10.09938795006812
8.393782983564883
-3.675059758653049
4.260333008085372
-16.27775150748935
6.162901857650439
-15.756007543251371
-2.031037679681301
7.721518132439314
-9.09530337762991
-7.6958642963359924
17.95232039151348
2.380504829872244
-14.258678771411674
8.540146640330136
10.693887529077571
3.518620062240455
17.897675656397084
3.7524343729158893
19.67912953278188
-0.09569176505484478
-15.221633443914694
14.196483655175726
-4.328122980579611
1.7758476436600006
-16.083629236713204
-14.474861844115594
3.478505341540643
-19.249764331322833
7.778933453787964
-0.3897695099821199
-1.9530226307230336
-3.252802186227889
-19.37256884840881
14.257107958887346
15.799097696340965
-3.395722964984728
8.228991154306023
-8.986379838275912
-12.722879689793501
-0.7979739666237187
-8.604421949734142
-1.999299020144882
13.804003607269038
15.877801378315056
-17.480326252117443
10.595232735895912
-8.291554701778722
-7.719548000942966
-12.542451242700281
5.974804733237988
-6.220798419454416
-15.308121077198962
-11.311479652791224
1.5251572742541732
-9.051102186563163
-3.2113725859818842
17.578964909830823
6.337368693343262
2.7355943652259853
10.067400948707913
-11.755397976155507
16.429714031160387
-10.566410511240623
-12.562526535453774
-0.740573906129395
13.380363958585292
-6.718641503158302
5.316720956747719
-16.774336299204286
10.489451026502152
4.868356755277581
12.519616830292371
12.981133706070473
17.778460213747337
6.566349144027917
-12.516592026507567
15.195195689878943
-3.0975666881215957
18.114480579330134
7.922829954802953
15.362090113119152
-11.813739071073147
11.209167841886895
-17.159351998555845
-1.4703947227974545
1.5651150667075164
18.888712724419563
-8.293810785192504
-17.412272099659234
15.031406424089148
-10.060226528141172
-10.442420391724166
8.280493402203216
13.072222058061925
-2.0353298866100857
-5.748693410692699
-0.868814544998898
11.57320828306272
16.033214936174247
8.466286942479904
9.038091070871435
-1.3054879045413337
-7.071659442225817
12.578748479084744
-14.926818953237557
-12.224725779293939
-3.7945968613785652
-3.5776280877544906
-5.407151667891563
6.082983191590998
19.62689785793043
-12.050149638971103
-6.00911778721748
5.395278803907008
-13.590310163691921
6.938008737644292
8.18356358920078
-11.74046002014514
-13.435453236797429
1.1944976578072009
1.0115923290703854
16.20265435976792
-2.707237592572362
-3.620217228553365
0.5742845122808831
14.674019143905362
16.77682456599571
4.31047260127546
-3.3022625619167236
-18.271381174506356
-17.03235032562009
4.544513042187781
8.48659120393775
4.477664847477687
0.7242119347415681
8.361618531423986
-16.818152433803366
11.67657520843191
-19.88041803651154
-19.94016135933699
-3.27434365693685
11.72073172044746
18.4400086001424
-15.76858622051413
16.62498481969238
6.323302403650217
-13.517979320169072
-4.3062110124032
-19.890008974419978
-9.516145422374013
15.615944196507328
-15.495946320557618
-15.265794698433734
-18.502788380950754
-8.886715604372398
13.74004894317185
13.49940818472583
7.452781085184718
11.845643564327112
-8.877949507050683
-2.6657843386609272
-15.970842785819649
19.3932131800573
17.804387181274443
18.623788251002544
-8.67124629150062
3.307360816328334
-6.099486616118028
12.394426284274857
0.5553074945684955
0.6837878503152517
19.433909281010607
15.711115491747734
-18.24872184271068
-4.099459809155817
-2.8694236160298985
8.860676470434633
4.187162343715745
-6.167705148412907
-11.534409576159824
-19.100148339191826
2.143088791862535
-15.581244724383554
-11.865618652896547
-14.717219871909437
-13.861780405623211
-10.416007086484438
-8.984650229348926
4.703406707938154
11.431110637211145
-14.175340008087902
11.890891839775698
-10.202886822222027
13.669849726454132
-19.006083664474545
8.12616062732737
-18.311817776495687
15.61795077222203
-1.9793173253974174
-2.1660231847795117
4.057459222503475
-16.81980569026184
-12.63711537836025
-0.49003118037053284
3.3068346733560716
-7.943117311463542
-8.73032060390043
11.214907227847778
-2.597436989521679
-12.990711606642362
18.635348942812847
-3.4204734093498566
6.891983722064531
-8.423251545570686
-18.673561316594235
4.946278423259489
-15.665200419743051
-2.363987051508225
-0.32515725456059386
-0.5350297771040893
-11.9452659546833
2.3709779645648226
-16.857550318061087
3.7364741973909155
-2.404408656212059
-5.5931282724398645
-2.315708156119676
9.954744944737278
13.701795768744212
6.924933541561163
10.13788854047386
-0.6456297991180548
7.732426349001308
-17.250879759143082
0.7754305690135013
-10.620058579497357
12.783741370251633
-11.48574016508043
3.790895480238916
-13.749265363183415
15.702443813381429
8.680936636102281
-15.380779022120642
17.62730270696516
8.81635051959822
1.7649962260411876
-15.730751103635177
-2.9810654671981354
8.464114396596571
-18.852873384402223
0.9293568978619362
3.689795219391673
9.667184238135299
18.36359123350882
6.227484209033136
15.179560390735944
-6.472892192028294
16.604663675800126
-2.148444167710778
-18.76591745362437
14.942542045729425
-5.639482130072352
-11.670937369936155
19.28465790033819
3.5560609046888274
-19.90210993220449
10.3879655021533
13.199796169497652
-16.53002575387202
9.752363957854918
-7.581934236587129
-10.392273221637156
19.17638892788139
8.116463734773948
-8.791327192283113
11.40859546556134
7.417856462416104
-7.816459385703158
10.572209439587013
7.8663219245323255
14.074987468641133
-19.810383572909945
-15.305672627123474
3.2878185496021395
1.8741254783362464
-6.719033488053618
4.66070692916627
7.71777186568011
15.108282233644957
-6.526162356452264
-4.949291567613759
-18.41621376667736
15.749702300800415
1.4804774563118315
14.905237280786508
-8.359008778558685
16.703659137130906
-1.6693542160328043
17.67799772810779
5.900853117495984
16.421695480243663
16.762096380210068
6.320632981640465
-7.123507112848348
-8.872769701124561
6.793805514091275
-2.1326139069834866
3.074673663384665
-2.4517962034730445
11.047731526904304
-16.977528130879385
15.584057723590888
15.749005015305514
7.368530397224021
-4.114901092676529
-14.724468150847576
4.263516724340711
3.74671665709603
-16.644317686370513
10.088530029962822
-17.265492464193976
19.397456442299962
-5.293911071059503
-3.8664355916718947
-17.202377187678156
-1.3247258897129264
-4.625809731002315
-5.323610030042145
-2.1207201917488803
2.023734555324328
-12.875509283333129
-5.307154946214476
-12.79595325157954
0.3180474311573036
15.1808556137739
-13.956415986473413
-1.9485454342524022
2.082779922990966
-16.534990980301885
17.998104140778295
-10.994432954125145
-14.997162884233589
7.315600768316067
8.415231433321715
15.002353589508942
-0.3204981596413212
-18.814164227687588
-10.293442560858503
-9.443391820838647
5.793939953748044
1.8635219392541842
6.2972744868788695
6.39255852035253
2.8142844076804785
-11.35362984897585
-18.50501070817893
-5.384200280933541
-13.664416471159848
-6.256618976497261
-11.676539602030317
7.6020927452435
2.7595211845233294
-18.81432457513442
17.66198121507267
9.795370822668673
10.051158245389338
12.389012030789829
-11.159442210828502
12.714356412700376
10.224228960395738
-19.31922397641884
-1.84648443574023
3.4232231341251627
19.49374410656783
11.666246439267113
6.920406557610793
18.903551855538396
8.211801785186992
10.132713263512237
10.740023663748591
-6.844281401604677
-4.11582489094641
-3.3795158243225742
18.52509214246811
14.575801452190575
0.9597979472600642
11.235503384951294
-8.87183082991612
-13.838259233670307
-6.852874914434732
-11.631868964609025
6.799195492907181
-12.338376293828395
9.826071207342196
-11.813044063836546
-6.172147531522253
-10.82896903130051
0.46830249083077646
16.92492751200863
-4.571517766731086
-6.37152486152949
-15.591272305318359
15.181135184462946
-6.147300074617338
-11.938814988635924
1.6363865874731651
5.995097306546651
2.1171145296603058
-14.678060377765
-8.585326990939247
-6.881706902889299
-2.9817717758531046
-16.676953214505424
13.091695599891466
-19.836446342284447
-15.036889303108584
-9.649937990977865
1.3870264500603966
9.670179260831723
2.3157314014588515
-0.03810555209299338
-12.582291936426264
12.998615263827354
14.525355908253069
-2.891817766785387
-7.551928721058307
-1.7692429897889
14.946649632965375
-13.528461087932575
-18.45230452809757
-10.300171041098523
12.061715232662856
2.722695554978614
3.1177229248730214
-17.53174393039094
14.861141870442076
1.033588564593508
8.256636501457479
-8.460781240492544
2.6377598693455404
19.106764748658883
6.855929265700681
18.514105860149925
-4.987891326352623
-12.083792007109722
-9.082655237488254
-5.5318698072876025
5.986673950543413
-6.354453128717296
11.19428423333789
-2.423288132821039
-17.72658093848555
-15.260764379471565
-2.2046097261610917
19.389447148551263
-14.062925210863781
3.297275602542559
13.86740087843576
-2.930780735559644
3.5598611764275354
-17.24027909254731
-2.073444863332604
-6.80590524750556
10.96205951440276
8.036203014649335
-6.909204427480438
9.926152772565217
10.229526442265062
-12.079002139175085
5.0700398386933685
13.18145371775254
-7.825398918030579
-4.453153402668972
-10.791381083575091
0.15024795773099697
19.850783407002254
-19.09743015239745
-7.762736601832717
-15.042862362155592
-19.368208485155275
-13.934139711804963
-3.812655163880258
-14.509853654099349
-2.035566454390789
-19.906865484268575
11.897962846395632
-1.2988570307581568
6.298869587621866
6.260274120867525
-0.32106676556672653
9.741430758842867
-9.084508719709149
-16.05671152463112
-13.474850218006544
-7.670546560795195
12.277742438477915
-12.528507199925887
-16.703435086950208
-0.7937208325549996
-13.538557983146116
-9.169037439901505
14.039754826400717
-12.530158923294245
-4.162529605361684
18.219266119399023
4.784695804247132
0.9643982603271297
14.145540758939802
4.105421003214541
11.709201046919631
-1.8767879662131115
-5.787346354544557
-16.234328716797634
-1.3092451605039734
-14.656998146886494
-10.16768947590501
-13.102942114431318
-11.84292597240284
13.443619704937156
4.270107692645759
10.781025276842911
3.730158519721229
18.741710397213062
8.814057776289808
3.0637428095145722
-8.71622246498038
5.071638614293356
7.42420105121445
-17.468532816859028
4.842171140937236
6.990759351839312
1.1919331100902966
6.952172282368988
7.373804741522246
18.59259339266663
-9.086428643594044
11.137968182091946
-12.894002840478208
19.357356278991013
8.950943705140322
17.120144981233757
-4.854530294067686
-9.059255154270641
3.825502262606406
9.379816463827197
17.753382012044554
-5.910832286903114
-11.921394796612553
-14.82794561030051
-16.58842037019811
17.508795045079637
-9.365240592117834
-5.778023246621
-3.558714489732523
2.317619550946702
-0.7741663833728154
-19.496163331200265
2.0497832957141995
-17.553743251322445
-11.860937608388076
-4.603542274200446
4.298207926206011
-4.5379992355231025
-4.931655936716863
13.891229946747842
-5.078138728134807
16.328217531163418
10.203844569989041
-14.731941253277284
-16.271610843680307
4.7607889128162455
16.859283110586148
-6.490327913385098
19.13887567913158
-13.428559465374788
4.872083235371335
2.099650517757084
6.521652306099828
-2.924149853068812
-18.580887843858804
0.07065749049755254
2.930861442596729
7.509583852816597
3.8155757364768803
-13.19038603609728
-8.45408224768697
16.110273814759488
-11.342725736925704
7.52065940926359
-9.827364798861318
11.765286569489682
5.821296940568605
7.627739686962627
7.884126593676903
3.72283774193059
11.837938525705095
-9.388109883647342
-12.782522809284114
0.5278973504078905
12.29551414139921
-5.563538909495488
6.641231771645085
14.998744853748867
-4.459769463569767
14.566591351958166
-14.006438692086647
2.1805301362125107
-19.45289421232324
17.79826568279782
-19.27015451056039
-18.7642486550277
-14.346637211034983
14.908085092450925
8.704393827380663
14.478034794052029
5.696289074590656
4.691324359165357
19.79004425210111
2.6653539227970136
13.631747733618468
4.319753794070984
-15.201842635438725
-19.601172009454203
17.60350497004835
17.67185814556688
1.4685398377183922
13.517565805359794
-12.718798185121747
-19.451612321982434
16.880420186365683
13.261641516260738
7.080323797707237
-1.4686628966326687
14.240030620709938
2.746954189475879
0.6177809185794629
-0.10088544030530144
18.895695361917497
15.885085113819713
16.729824077254648
-0.5724076778261278
3.006162507192922
-5.60151922280304
-19.102643248631495
-6.817818325916196
17.376884646163184
-12.059471638582501
-18.134688876963658
18.43391664948515
13.319178730031709
-12.71277880779856
-14.509185593079641
5.960093419517559
7.940170995806923
10.831233598458883
2.7853578616173955
15.044180973613031
15.281716806188996
7.39576373488557
18.097946479822355
-3.4470695643124287
-13.376950065773547
12.556351146695391
-14.897851214233642
5.997758358013151
13.781999743464212
12.970329483629854
-16.385624125688594
13.953356117309873
8.354198675797065
-11.449855891954135
-17.88514172044238
5.478429906807428
1.198708079470471
10.41817199957935
-18.820501009292112
-11.456281036318643
-5.435360064965678
-13.926005271717479
13.090714094187412
-4.981902267120134
4.522279628187928
18.99600743208306
5.698333076796054
-7.955072017661383
-13.120860361673587
-2.1837564040757584
17.792939908753056
-16.171422473079666
-14.633861699293305
12.486781919565011
1.1586497417846608
8.230628368437884
6.412471819624457
7.3564948536577965
-6.947296584220863
-3.4184634564074514
-17.33711488137445
10.215576361106883
15.648268094878432
13.169424796674917
-0.2641895824700313
-0.26182172399881054
16.52652374932456
1.8747641994100377
17.094277695018988
13.71111022192698
15.810658033908155
5.028994357144889
15.507547496344635
5.06550809391452
6.007253003688348
-11.008637835572621
-7.634663952349765
17.66358509567985
14.787304573246708
14.357309416030255
19.154967721100412
-5.555648357959303
7.543337459407262
0.023159722737617017
7.576679123709226
-13.781734283139615
-0.4703148554996801
7.197683658057905
-0.08544511773872898
-18.168417972329788
-13.556224901396439
4.528895476440603
-19.10366477135254
14.015312941890883
7.74268775763122
-8.316968513561047
2.7174104645208317
15.927029007194562
-5.9837929845916005
9.80064139276777
10.557586531877131
12.797667886246487
2.0499202211488736
1.3075649260893911
15.914246477362177
-14.290449557919654
9.612772407199238
13.764997564635301
-10.834329770771465
3.3052887330082825
-10.161171119762024
2.7285679321832426
17.295054509607482
-12.76591430453001
-15.709413983127787
-13.705562736399571
-1.9984054008455416
8.098605554560883
-11.607745583198316
-4.407057289227666
15.528912070290033
2.6699188191341428
17.272344233377908
-3.8829547547112817
-1.9717888520040745
6.397139994637687
2.0868313361471102
7.9754147631945145
-2.196027645609778
8.014897867807385
13.681589367493359
0.277827096317921
15.80190773154277
6.359165045794548
-7.801088893079594
0.6937648339909828
8.707078786730452
-16.747089068513922
10.698184128142593
10.7765320627244
5.469558505116005
-2.280696997540204
-14.180329139815179
5.652060222913505
4.671638181510591
0.35721064812625514
-14.960371220114169
2.500577193840904
3.590138809826378
-16.40587832615514
16.105286938169726
-8.629374622027633
3.4488648801307065
11.641929279383781
1.3687235310732362
-14.519638277017544
10.371693320031
-1.8424962708749177
18.283349402252938
2.6011959058538814
-14.909478739973196
-4.438306640617613
-2.794792797741472
-18.62498426337607
19.791582780477903
-2.460846569606158
9.055090388142943
-16.182909799853718
-3.022559135838229
-17.670282351049856
3.551437248713416
18.21229891212124
12.562759976928902
-13.147365712805863
-17.644245157078082
-9.135940564698544
19.604706462608135
1.0880059152458372
-5.7748133320074935
13.464265412464407
-10.862001654455376
12.291086641902744
-8.042118815408589
-13.654714925975618
9.275366985791852
1.8856814804414803
-10.77870523265942
-4.006157230020344
-14.408131481698746
-10.25113111845512
11.353458213644029
-15.132195890414927
-10.826895846343234
19.480336258711056
-18.612111963920007
4.040752671260499
17.920819531859273
-8.003734912366603
0.36665739334701897
-16.554618398030133
2.8759471161668912
15.358626475620383
-8.233017589748904
-12.65446925016986
-17.42478125250164
-4.170750701469736
-8.512505789968552
-14.281417234333276
3.111544445988393
5.3344122552143105
9.12252491520524
16.554890427763603
8.41116670846953
-16.954790603039456
12.06830454526024
6.891748428467995
11.174849618315719
11.966473124389463
8.183590211233177
-6.2459103296032215
-0.1838332635295572
7.131350070421782
-8.662036674016402
-12.741619547537884
4.79557834333599
1.7959928776487146
19.82359330484102
9.559745853720933
3.9230369470547224
9.068112210600159
-15.998964861472782
12.481481110687135
8.53511492078184
-5.255537545495166
-1.2649309316950728
16.88321912339554
9.075942415946997
3.752632337730045
-8.47085933355138
8.370618861057842
-4.650963386941612
7.733076940809028
-3.205885116931416
10.86270895215165
4.894276409657003
16.220816013243706
2.91884889124659
5.519071850794649
-11.230961695580612
-3.380847454360012
9.872305076578073
-4.837453629565083
4.567719517619317
-11.35863067328414
-9.926572528080516
2.998138673079186
3.722714809268041
1.4488210632905805
12.6488108714885
-14.819286823910808
10.368201516353693
-18.695015899213967
-8.731846082687023
-13.290448124231414
-14.727743727680206
9.87903812896192
18.14444227887509
-11.427389278476472
-8.161127971630705
-5.537518221047577
10.556128654005875
3.8192470759235064
15.875230717553237
16.00540472835946
-5.188310284803093
15.784933359986631
-5.587906962847494
-7.199809017691429
-13.314867096011085
-4.603644706152593
4.160128247969325
-4.431454862502044
13.76765088379694
6.391414054060554
17.65203696688203
11.701630755273275
11.50941018681797
-2.6159038603404703
3.8931096962864054
7.817588361668637
5.878406764710341
-5.763429594734442
3.0929184311088385
8.52027271773833
-13.117115836418055
-16.471273019392076
-6.678497857978748
11.1847173454141
5.6034822337703005
-12.922175284922591
-9.69768744570889
16.356785555486127
-12.674279827031786
-17.57447458006299
3.675822684596568
-16.286289430890285
10.863515573147705
-15.92988585780077
0.025927243126865562
13.650060235291349
5.106224747328195
12.410644203251152
0.8194925397777553
-0.7510378247555884
4.8743570966920124
-18.638780595816925
-1.1437184202615072
19.46923092271099
-17.261222827828924
0.6564120607454953
11.414684545664983
1.8659635819469855
2.041045597589779
16.784961356274096
3.1481773746703503
3.054782048154081
-14.676846154184084
2.763841883399923
-17.124264130095245
2.8990557782942616
-14.56873178024698
-2.4875239376589278
-7.375225024928685
4.247222983390824
-7.7478422563804195
11.033424198783482
-1.1548603624737126
19.90902018105971
1.001814661722996
17.948796787272258
2.28774996159137
9.964123137537083
-5.97062090558936
0.41005960901689775
-16.926597334699615
0.21463710366797528
-4.5280878174692205
-16.28056959820445
16.406004966312764
4.495343570310382
3.2037910329302477
-1.7117016416485953
-19.42380359793274
-11.452700085051735
-19.5592778323074
-13.990125818960678
18.711504111225743
7.687177871006668
-17.167272832191628
1.6673673738885384
-5.043833673144057
12.459256187968869
6.407230265003008
6.149968511454269
-3.9987726949010707
-17.439746254246636
14.832166718984567
3.094345363682205
-1.9377749032246854
-5.474407392000625
18.42609919638973
-15.622514414073283
-0.07340065575417043
-4.213230293797672
-17.018675487449585
14.98757485178161
-16.389893938834025
3.2124131176419226
12.62575455934298
0.7670501564297609
-6.042189873271283
-16.84095395046997
6.189176252604518
11.377952229699613
10.544533900439145
-2.1120827170102956
5.881422401541414
3.08615071300207
-12.14840515244546
2.9645793938617295
1.7301748260746237
6.275155068328409
12.998135398216547
-2.2638186187084095
-3.9584065884340944
9.280384262462093
-10.512558107822523
8.84622896812008
12.5177038588444
-5.7959345060213785
7.007824022741005
-17.74435474445099
-3.5739862315836746
-10.050560818048822
18.323971353284875
13.249804114577586
2.9149324555593665
9.125126332005035
2.336219107602531
3.542230385892445
-19.841606546820255
-2.4093309001268324
10.688793086414034
0.6380017840635652
-10.7236660175756
9.391656766370918
1.6875524778445126
-5.299775834874975
9.753039742910072
-11.071139341938325
-0.017107081708363836
-6.691261147592398
-13.732092095533726
5.580366165664444
-2.0174736990756656
3.4839092011345265
-18.465479321341114
-6.689995686310169
4.208175639364001
6.907161448454346
-19.905167410787534
14.792251125829019
-1.217489274311042
8.26857057251166
-13.780444217105646
17.083437281059204
-12.725385465699581
11.38773528891608
-7.387514172906133
12.232074957081338
1.6044264285543797
-1.4805647039991996
-12.185769388940848
-9.850424516132055
4.69209033014948
-13.762585423547474
-15.122629474804071
10.022340194811509
4.6078803492267255
-3.954311337608498
7.906960236377344
15.320991436214783
3.720430229392523
1.2784071550456169
8.83932542725642
12.000788719749252
-3.547463652867762
7.562030481649067
-1.0774463303571764
-12.227214149906956
3.4287428515570184
15.255878226960313
6.239670137914107
19.722524422332505
6.211629371950412
-15.069477434787117
-13.782359930925692
7.5366041253180995
10.69887938601628
4.771634190397457
-4.838921064845829
-9.35627906347641
12.04983719291495
2.7720119884067884
-19.87328996830438
10.988122505638508
-0.2741372097684156
0.2345351822191155
9.025153910701537
4.455792199588608
-4.969566379017882
-10.30731071012585
-13.204578225731813
2.178760018809097
-9.35624008444545
-16.099948379873968
-11.94368341141181
11.588535593079321
-2.5403884073171135
-1.3066095735222234
-9.995501418965006
-5.2657387040021
-9.294622825716917
5.286618676252104
-13.085274905293014
-18.291531107527796
4.308776877093422
-16.14105146930668
-0.6613667427685428
1.564273237315227
3.3030865003186527
9.6636500133007
13.801868774990062
6.179090419317387
11.731888543645958
11.086115215981906
6.529321021843906
-2.102473606235151
9.462390352628972
-12.980849029605913
17.202239457415864
14.413779845937285
-0.9672087869286727
-15.505359819617283
-17.47524156375426
3.966688767122516
-18.372086156119273
11.847412141918532
-4.085025197786578
-10.772072204396137
19.240845747868477
6.822203410498968
-1.8048765846158723
-6.960802540457802
12.138199064547813
19.808410683230626
-19.698111697499044
-15.469915803131382
15.677739214759221
14.254541917558868
10.813913524220894
-6.801961340479995
-10.229371142582654
-8.009464706893095
11.747661111561921
8.321115565520007
-19.47289156056116
10.689762882931259
3.237601785910819
-9.154707322349447
18.7234390453784
-14.687221851882768
-4.410111793787861
-7.397472742260192
-16.85316395233242
15.74304135082955
12.7866791816747
-8.302723848683517
9.61323245704589
17.4604471122435
-11.815105480456221
3.8217366877571344
-9.46477985520076
-17.24613266139084
6.754118109439091
5.442040193263384
-4.595909255827841
-9.999544956398218
-19.13824106764761
-8.808532248256817
11.313561965343844
15.212222299324111
-13.789845198885068
14.887842078122887
10.043630884109199
-16.067806030000323
-8.691001480380898
14.62918738019497
-8.524577217322733
2.3859232423033276
-15.139869936162839
3.0530850122310937
-11.102642049192411
-15.758902666832428
-17.55492238939744
-8.843331143883425
-6.0953474986278735
16.66451901359575
5.900845453809389
13.919160465755958
18.740639581766132
13.448518103273429
-14.628995619967151
-14.688282386627654
-12.095016074973701
-10.986027437726559
-1.5162325978423183
2.008923363920058
-12.389504860490534
-17.25566421557696
-3.332114037115513
-2.7955289956137435
-0.5797673855472283
1.6989882258284439
-0.6370751909094707
10.122699061807367
7.033842633047634
-3.6822918985139417
-16.687684075303135
11.808291514289042
-5.721652126247658
-0.5210906792492764
19.655228501365478
-10.861924845771851
-17.526607690209282
18.27344254341827
-3.095313304684847
14.318987415038308
-17.357144327889134
16.38981857626782
-7.919475986908498
14.491749493499157
0.780104472669052
10.403963207358004
-5.389215178379114
5.747345013545207
1.7152777437859648
15.87987100586205
-4.993996523985018
-12.194547908188337
5.338089628575304
9.21816053275094
5.130875861847564
15.446760645503211
14.261930515312272
-5.263723928821168
-7.103877704461734
18.972336759089238
7.822881478013684
-6.880579289446018
3.8223049074391042
-2.7231905772291256
14.222780285306328
19.60681709803395
15.866604056138002
12.65048041663561
16.741067328755904
-6.364047397853145
-19.448464593443795
-8.997578866950562
15.379044225504906
5.767059685097866
-14.277319857832564
-17.381479966942113
-9.66743452571523
17.67398747290904
-14.744705972922727
-6.86276708245658
-0.16903081212615234
17.678779196389996
-7.763675756147123
-9.038568337113837
-6.277892002794534
16.541661169457875
10.131807515362933
2.6760591390315938
5.223502499328319
7.219738460969154
-15.93675202204722
-2.2153893328986882
-4.823377387483596
1.9981779591932423
-6.75647471239326
8.899074511308605
11.585108683121781
8.958559406811514
7.434227754025471
-12.071310126855161
-0.8140386282227219
-15.359526305289606
-14.585081469405354
-0.04481635877078105
-17.960588885632355
-2.368136149132223
16.325859517386398
5.792069044649743
16.37219775182848
16.721407593302658
-1.9497350884250437
12.84922289903178
13.443582457865276
-16.547698892857774
-12.608167417916576
1.567919216930747
-17.36277467461285
19.58718729251511
-13.870790670143386
18.919848620222737
12.262777052731686
-0.6759172944807226
15.542189495656288
5.067473862344713
13.440494390725291
12.638760098280734
1.784187093403112
19.251524181940454
19.86131973479018
-3.100278689043897
18.912576676612815
-7.614270317346703
-3.8552856398843787
3.55652000355391
16.444143919277828
4.33521134540408
14.26955882369532
-17.527779219103653
-16.530272468045155
8.343666923285173
-2.2138939765080288
6.848421268466378
5.562308116706234
-0.3860312566062589
16.164791332287763
2.2624322014958054
-13.027169460660847
-5.578767645584225
7.167220907111066
-8.607135902444586
-18.426438479541694
-16.611414810649162
7.09234742612416
-18.901271860197003
-3.2695913811571806
18.75225654376301
-11.445563077094905
-0.23763103805021757
15.057347082229128
-4.419167611147575
19.010481954871345
19.730982969852356
3.170926701531343
-15.230729713858429
-8.654652348287346
12.78445032618761
-2.663914995344765
11.784556271144364
-17.98223874291466
7.828894035156932
13.02308846201796
-12.94342169592522
17.78874595938806
-4.3922444532071445
5.61952218331562
-2.690235858291313
-6.509625612884168
-12.608751233427977
-3.846467677477719
-5.4922516131699695
-12.898269705454508
13.911687324275476
11.303917306940011
-17.435191966367128
8.724732742359116
-11.394086758896327
3.7538273120469583
-9.024702455202869
0.03992967512933632
5.342422447398029
-5.46073934776139
-7.6617149925688555
13.463332294911602
-19.678297137668082
11.95683668556675
-16.565745097974727
-16.178594324017684
-10.280119553904296
-16.19751694404988
15.21762287101565
13.881114399959607
13.886442982085804
-10.116738606703063
19.339075439479657
18.23351541708604
19.10279789805685
-7.464850715310835
13.34566548996365
-16.962574628007722
4.55024109863167
3.664994737556839
-18.391532736281796
0.020391528722541352
11.12301947154361
3.789805371229807
9.463947620041644
17.486324878863456
16.607532131559815
-13.866062761205505
3.629178517838927
15.984405892695811
-18.610224127867188
11.118363847139374
9.525424434639366
6.4199457163738956
14.417806826142623
17.512861512526626
14.062827789651607
-7.955679298081634
2.564010674496089
13.226876259869314
18.229458772446613
13.66183234221446
11.953281400369011
17.711840562803594
10.02877447367879
10.457554411166747
-2.669016609400529
-8.46315985906799
-0.4392153486639394
-8.64277590305564
-16.234491968418006
-14.458573649988526
18.344698728961795
19.886810421565634
6.306656238303816
-6.3798724030973695
13.240943908390229
1.1088118898705588
5.508730660511301
5.70120709404074
-12.81557766322325
-13.985694766370077
-13.716851927419086
9.47850596386941
-17.028494951773027
-17.179724669242397
-18.190467113775913
-18.880430331688217
19.283234418660932
-5.393626176964084
-12.13594478428032
14.190315017933287
16.741119042402495
11.198044092392653
18.791426675363965
-15.543679717334422
-10.118740093447727
18.464409299552443
7.555340934683471
-12.381440317386563
12.971821188257266
-14.401229887042014
-18.391401428430058
-9.711274557218065
14.91461051893728
19.133333853205954
-1.136878027980078
10.740992380436833
-6.5811314591858014
2.7337074280569027
-3.112271300800881
-7.6179798992712655
-8.475245777072464
-11.597255516253462
-0.2251592594616092
-5.644290540821446
-5.80826497571605
-9.103456491282405
-17.115878311214562
-10.926221324469285
-10.638455983172438
-16.56765520915664
-14.222988824538522
7.854880172112274
16.413953697305757
-17.703628929830536
-12.610007693014254
-7.916157933226442
-18.293592921080236
15.7293251718393
19.775468623882972
-11.912414972066468
9.79257536554378
15.982243538095354
10.593036537231235
8.829192589633237
-19.527218591162743
8.860487306458719
-1.6074493618289125
-17.11286863428825
13.430170060039181
0.25609457719718876
-6.011355805724783
9.423551434884864
11.957198627610612
0.4921731876162916
17.035663920770325
10.480219442364017
5.779439391024685
8.915325854514773
14.140083104832343
-12.638612171698629
4.416040687789604
-14.629540684463866
2.3224109277033165
7.215081121374325
-16.618464481135508
-17.690610768245328
9.650660329161663
-5.608651102111475
-12.225874840629206
16.852348499140803
-2.9661890172628738
-13.760539828324418
-13.684761192158428
-18.545876120554485
14.505094272538052
-6.349598178201967
15.26020233195436
10.032208330683506
0.17557729984415005
7.523274152512911
-0.04657587507297478
-19.08530352854597
7.1764114412516555
-0.353301888050094
-1.2451697784793367
-5.489402967307173
-7.576936265524154
-7.403703335293272
-14.120506342035458
13.934659306021445
-12.036598111024066
14.775677609045403
-7.434346431311255
11.005921473274263
17.15387458689326
-12.093527781123727
9.965792141009953
-19.86033605748077
7.969096320672172
3.2274144698434526
2.5085007432526787
4.465285463930968
8.326832992808228
17.462662789940993
-5.7827734417604795
16.048001160373282
-14.149120045661427
13.690792619142563
-11.148405323798315
-12.690086797998825
17.051698307995096
3.400125836983424
18.750297303918337
11.393454760113162
5.500157650892845
7.6921491714563395
-12.403236367422249
-0.04188450786625353
-15.710395459170536
-16.1774756498802
-4.871164105712307
-18.41219526218767
-12.969730370929948
-11.653077952783768
3.969141095691427
8.986706013061102
1.91792365168698
-0.931206930100803
-8.794794621775463
9.131404571937658
-10.624974853338998
-2.865360875895391
-8.915170065354697
-8.498096771936341
-14.281760796249387
-10.743359878192198
19.82957124369478
-0.40676439011856047
-13.348881253754366
-3.9860845635679496
-3.772408011023213
6.438066117656227
-16.24635080359862
10.292669351972567
13.390025224982324
11.255047821924897
-11.778240190165317
-9.509238163111903
-6.541450722939558
12.3354827025019
4.773880418001241
17.214820255778513
-12.744922207103606
-18.016166263935403
-4.8809494037513765
-17.73332587262715
16.457276237206038
17.221573568256247
-5.926657283065836
-10.293928946321799
19.59613269258451
14.800951260558598
12.789774915447168
-18.479555219168773
-5.079474329747406
14.287822101298552
-10.997079696752738
-13.092921538352837
19.333390607708445
9.266258547250509
19.269723071284517
15.502926175129758
-13.648535167459052
4.51112331412363
-7.264439303531439
11.34218221694973
1.3149931260338334
1.6378496282596515
-15.260080092237152
-17.07370643471886
-18.155304706548456
0.3829715759213137
0.9628512163182847
-2.789535204965631
16.869631978800143
-16.613472745995136
-17.523180437015
-18.228311736827752
-0.22811749979250706
-17.340980974716498
-4.692078912981348
-11.369353090406179
10.470426350903974
10.60690745347669
12.536523278619896
-0.4308392455148251
-4.874746555147794
-17.411370021330875
-6.468077862099818
0.3523434629152966
8.744736333323164
16.85175129453301
-16.60060041558978
-2.2650453343271906
1.255263760472161
-6.721827219865336
10.018343872892324
-16.03604688416473
-0.2641286201295081
-7.705227337084839
0.35745517640202706
-3.8041653610990522
13.659003940838595
4.661445292862247
-5.9102982462902975
9.529505730121713
-10.651197400425584
-6.239856548431382
-1.4850102232967402
-7.264393056769972
-19.879927610182413
-0.19415123604829176
10.532689367202849
-16.65274617997012
-13.774842894823731
-16.261843980757796
-16.233226319984464
-11.274494394299786
-16.121246984561935
-7.3265354628190735
0.11438267389675616
1.8847106986353843
4.166837651610528
16.715694374714886
-6.524008644658036
3.50149946052683
9.328448764794853
-8.169377066714762
0.7800256946403437
18.18050677092856
1.4364432744560958
13.097443304565438
2.8470222143885913
-13.241458622513846
3.3223849169132365
-16.45911090113771
-8.115113525709488
-2.9682561029104306
-18.472616912685012
-4.638990892449382
12.857492036025569
7.746565598551747
-7.940653633225363
17.917657067075588
-14.0450606436361
-5.058111748609244
6.900862012354612
12.372849056877769
16.927734789421663
15.877332798282417
-14.868509138792959
18.654672440488454
-3.6967199463071587
-13.55660827217629
8.044135131253324
3.8078033409222556
-15.708070354602569
13.83263090492472
-5.0070295996005765
-1.1423167453453829
-16.48642086740173
-6.847263821104178
10.184145300157393
2.2527323500749574
0.7648931327813244
-13.64413509522285
-8.70177737602948
-15.260848625069872
-0.5464658427247358
3.356091851324571
-3.2060940943217417
5.550370626004796
6.7563650876098365
-15.85675182510136
-16.878844474297125
16.49860007645392
19.89764044952885
-13.866504871244212
-18.403834098361777
-11.104696442791635
17.568713062640285
-4.448490532928604
-9.232249650827251
-4.9603603673584615
9.198549881188796
10.527274908421902
-10.858556588878653
-1.4526316193860964
9.745744270879243
-7.249573898499113
-15.25202167347626
-15.444110666998876
4.769714917660455
18.34353297381835
5.816241507482182
-14.71928754161555
-16.67480400937299
-7.022580199997641
13.509656927499492
14.589320677246612
-18.102027423028844
10.72449693501493
-9.397805074487264
-18.08515590816734
-13.372008334266784
-7.873679404207277
-17.00404617339381
2.611287971462559
7.653080178373507
11.062718770809745
-3.3898252048032127
16.300710719826363
-19.538406118666266
-1.1530662795722932
19.577684785310616
-0.8991866767426124
-16.40680981365522
-0.17616165913397452
9.810590819423027
-9.816715876781368
-6.035919300197637
13.43034633977144
1.924789325518347
-11.28449456456365
-17.955608514284926
-11.514390323103072
7.870468190477421
17.569952891746624
-8.760500083238426
-5.711589328962567
16.50960408495159
-6.8431432660401015
-15.553509046766889
3.084943853022221
3.4151633237787493
5.301081948668962
-8.586160748373901
9.892855980664027
3.347935495607558
8.320183196450103
-11.566878663338827
-5.705102581060725
-19.93831332482472
-4.4714853246790085
18.32519402441504
-10.300558179862831
11.599537309216743
-2.258782552127691
-4.241907793832361
-0.4544994314922377
8.237935748532024
9.509445669685821
11.145999851856658
9.742825016834754
13.0323495363347
8.817973866052093
4.68178315028101
-16.28564664245622
4.49788459702976
-12.601293591991727
5.354870376443095
9.908514372515008
10.876227575463261
-7.024372192981794
17.009395760229594
5.449632311682997
12.481713237030654
9.846053144158155
-9.471925841241955
-4.220134033099875
-2.0818470952094117
-9.96983909203163
17.362893035799644
-17.14050832302522
18.708324221044506
0.34892578405271735
4.368080269005201
-9.487119970736453
-17.80977356916676
12.693628875632967
2.915833598745678
8.426957873541035
8.173005194961323
-18.443046916173813
14.6124278540252
0.027894915648150942
-4.051226920515063
9.805699970791984
9.113376221132441
-8.860740355242015
-15.91396461383674
9.870573182444726
12.725365888889705
-7.363773376462239
19.69551656427545
-5.222700313915482
-14.237199301311962
19.624106420743786
6.240622715910572
13.571606123164138
-12.928289567989983
-0.7211993909277261
13.296734176962943
-0.14599621564368093
-2.7867586373831053
7.938546817329492
-19.374254237745898
2.32533880995884
0.26050025012683165
5.492597961471581
-18.724834790609982
-10.613253278042713
-8.144791732218888
-14.08378872457796
7.669783261596123
-7.627954426106118
18.920259808953467
-12.028788873519524
-9.125359222979878
0.5595026684299462
17.874100469393824
12.607065515909596
-0.07058486660256591
14.421793120147449
-16.344997706005074
1.966382349532072
-14.935214241680486
-13.153513513107992
-16.112921396146266
18.37277376728791
-18.418432817204593
19.41963219051013
16.82848972390814
-4.866860352544133
-2.0364950030225124
-19.560577102293625
8.644947032394313
2.869576618149612
13.425077918486693
11.064031588316364
9.527701382094378
-1.242861254908366
2.274416596735289
8.698933700132983
5.730738267258467
10.92450281471864
1.0625396451715154
-9.297579047909203
-16.713597576512296
11.32348248657911
8.076333494927688
0.7863646491330556
16.421256569608673
-18.544567886731166
0.9811385374414741
15.347910773855567
18.633540399814024
-8.305279231410223
15.266654908868233
6.24315592094748
-12.240960605365757
9.106592529933902
-13.721876478336107
-6.07761991275591
4.877856403011847
8.13854587995936
-18.66319807126835
-18.58638180568355
-10.085194051985148
6.111859106362495
-18.79445555664796
-10.89190291796832
-17.496414948941098
-4.436144604261871
-8.049392073775152
2.7228680023348453
19.479480354729503
-2.084848510823708
18.224786384523753
11.127851400743232
17.967623758417943
14.406882677843335
7.750305350095353
15.275647973819332
-10.449757622527521
12.353852605854016
15.840749472290923
-0.7763909583884825
18.849655634506192
-14.087235251480585
-10.562606446934124
8.377498911051454
-19.124590157320046
11.614145491457258
10.594547770909028
14.22694606366698
18.548306163175546
-9.190048943049739
17.167312174033825
14.986058594681573
-5.851234814538531
19.107285733164147
-16.703349112234797
-9.599289085120875
14.190995151644806
19.60416757173259
17.062672037780963
10.929605510209086
-19.289133991474074
-19.859312282876488
-8.413613118144102
0.013604342481471576
-8.66280232645746
19.63142894591583
19.78111313042284
-2.016023640221082
-17.344185581757312
-10.55779117576713
-18.352293042727183
-3.681009170636184
5.709088378321873
10.145868442069215
17.39204867778728
-11.95952785121834
-8.233246009586463
19.82489858385111
-0.8943032550146022
8.352945590232071
7.383948315248116
-18.944206209347442
10.137270827055936
-9.08438048703962
-10.037701949909433
-17.593320439927943
18.242178292062327
19.713729788900615
-4.638852440470327
18.594202874824525
-0.7085531148517674
-0.0956029265301126
-12.767502219091762
17.220957559587262
-8.260579812997433
0.4855969965470308
-14.275843965188972
15.566485761600966
-7.355304867663852
-0.9176059958135987
19.037725211969168
15.268976385532007
19.319796813140343
-16.186342570469368
6.1825843565564185
-14.496315348045332
3.315609693078759
-7.947480263678383
-12.458952550508759
7.584488274006954
-16.533066841417806
10.881863640196947
-2.876094827401907
2.7420214663927958
-13.012937807750884
-12.48204493651742
-9.27415934993074
-6.37549508461583
19.189222255269428
16.054535107022026
15.174051541627165
-13.070061602441791
-4.605392165986428
-16.606257859878365
10.056369502354823
-13.675385996841998
-1.3663239221321533
16.856915568762062
5.068832508551413
11.626013770537952
-7.245937100654146
-16.512913772815182
11.457145181015179
-10.120172584544704
-6.825403256740552
19.70479380854178
-13.631492549985463
-16.529626702939776
9.392106753096314
4.9904963328727625
-13.912962349908803
-12.182164258556988
13.721740776921436
-2.6441560372432207
7.4024284198026
-4.734335454186125
-12.766842971215677
16.263234705021326
-11.304124465958978
2.7328492852829065
-10.360658915729593
9.35223276209475
13.376915006485596
-4.455918901348923
-15.427243096909184
7.389609110276851
3.1350110970853606
-12.89317199587455
-9.205082754296985
16.976595890259432
-0.5746138993771908
16.436948284364206
9.952747575558362
-13.902866331060594
-5.835103631116949
-15.32701188005786
8.89236828164503
4.27466617037399
10.743290366369337
-9.315796577093597
12.678112288094063
8.543546128579763
-9.810588565033505
-16.4478536766931
-6.321251425108372
-12.114936373363893
14.833490278908961
5.71254862481403
-4.262732938714343
19.624756929234223
-16.686548851515553
-14.1889102483545
-11.26513087449001
-4.7038938576568725
9.399311117423629
9.982341362310034
7.722534547251332
-2.4346959748954404
9.602726314419705
-17.60639574029178
2.108166115532871
1.8075112065414416
3.4241928291401678
-3.672371413941651
-16.314981882949446
3.624276516430914
-0.9318818523091181
-5.520011972213519
-16.861209922135266
1.1354804284493802
12.248122474102047
17.427503388263673
4.809911281588917
19.986037682558866
-5.915613746020334
1.870968200944489
15.940898641205195
4.2421458962901255
9.341540463399596
1.0170097611794375
2.6132160493072476
14.422422748254853
-14.169172877940976
-18.329345472444203
-1.7174432480122306
12.720529771614864
6.94784664233239
-5.645175989877584
-7.697788401970254
1.4561082579030362
5.48258952168711
-17.408471149330058
3.853984539376526
-17.70913773251204
1.313811405687126
6.310196926759218
17.646487840119093
18.038945925182333
12.669954110369318
6.556152384816961
-4.650992845524339
-6.98041169251133
16.21745612575485
-16.499043511331205
16.652158837542544
7.573225780852368
9.338580482448293
17.992252925399818
-3.6765111994816557
-14.388852750035511
-10.825970128271326
-17.756378801784138
6.559322857127437
14.034734840684173
0.96751245237812
-10.079750374251134
-13.01948537736977
-16.588056032284875
-6.984298658727429
-16.466511216163468
13.63551135345724
17.4380661873545
-1.407050364944368
0.03913352460403274
-8.538645131676027
4.010240470643247
-7.705056950005389
19.768181053147316
-9.759315772187556
-11.800479889240986
-13.231194779486732
-12.375568923151604
2.998066621080696
4.908403356886254
-14.509844057960901
14.247310524123769
-0.6712808289234644
-8.196225132736297
-19.611375969876278
-3.9546875683576914
10.065920766755365
17.752495923441728
-9.166140921562004
-2.5128019663488246
13.817784384302037
-10.376418197714209
-1.3595888542324062
-13.599068600019866
13.698835673873887
7.409555980791026
-17.39184739110542
1.056380675765208
17.933546451461723
-18.36358227634384
-4.90388898651673
-10.894108018263386
-2.515763480231662
7.067938189552336
-12.432212715283576
9.979008098486773
-14.980456131517759
18.826828795693544
-7.712065140330523
19.321774399334323
6.0161208189168
0.4477597635031394
1.1836954705825207
-8.95174847286909
-2.7763594440627912
-9.765135856079294
9.572421842596114
17.10935006650051
14.304548526256802
15.162411687327022
-4.651037996586931
14.076082631069852
-16.844329101154326
-12.970965509125175
-19.15261285962083
5.128134353770886
11.286661687617912
6.720042930590285
2.228232130008692
-12.78661924031422
-10.682682783696528
12.012966595020288
-6.025444167924974
-4.359725540226233
-16.37185350815325
-17.912128331929537
-5.431707036689346
-19.250789174861623
-17.23265588444068
-10.757707427137664
-8.329633067445371
-8.788883138562568
-8.843280683597694
19.67241642971569
19.263446646587013
6.80455365121486
9.178221740922972
-11.468197546320154
-16.995557343468196
-11.536124293275915
-18.678417269979857
18.291485871629547
5.557439949569893
4.073723508507388
-2.113966754729937
-12.057004714893381
-6.698065947365087
14.675562394033825
-1.0456319660594176
16.681903004792133
12.032306181323563
-14.623116372301483
-19.634277080836775
12.762439926744854
17.711017574281612
18.826417809021564
-9.014547139838772
9.174498254763101
-14.893072998760374
-6.786322882112996
19.05674394003639
-10.337806322302754
-15.32010288589099
13.336995834374079
-18.855764616093353
2.5711639067990433
-19.50223619227804
2.9993502081545564
-16.243847437000028
1.5986787625863457
-14.553549397696305
12.681886307802813
0.48323991767364305
-8.385002835386338
3.723584726243704
3.224896757712301
13.702980519805415
-10.186119567906928
0.4253400848153497
5.22111263513267
-9.552170311177225
-6.080684171552884
-18.479669285448463
-9.847864793589022
3.314719642815845
4.010233247179396
-7.073917082866302
4.206797533420076
-11.478898552209081
-0.6958454445015363
-8.717141497921519
-14.9627977730289
4.225870826679994
8.703759039922101
2.618370316685855
10.75452766555805
15.806130863104961
5.062093785723036
2.6133346788468295
-10.488075964260005
12.919370296900283
-13.286421663622882
5.588441702363358
0.47491498776089003
12.262724500480175
6.436764929100008
-9.454357712704159
-0.09029047056716877
8.098169409165
-3.0956461789770273
-4.609991868413825
-1.601582078738815
-8.043111736783594
2.9556595806344212
-9.918387920029183
-2.997607902964951
1.774477502478394
16.413874098931124
15.453050620844444
17.568046901901127
1.4575605993575067
-1.5532184397389024
14.271235206476248
18.914783387159545
9.00229463855608
5.679301362291792
12.393062427399897
-6.417253225380319
5.406168337509584
0.9608515440664611
19.15672334271929
1.780450837936968
15.259992866232707
17.200900382835343
12.064997144308457
15.927019430609647
-18.589737656601844
-17.48174007302042
-8.769410275075282
18.730671003735047
14.992871501961027
7.2645910044727735
-14.799332540040503
-8.048869317411098
-3.5918057231867238
-10.835460161268111
8.445069372282013
6.113138038971133
19.22194728745061
-5.992810563047094
-0.7470165429636282
16.800152300857448
8.002316477504735
17.462598383469313
-6.35593554842834
3.3357535652903536
14.406954437414889
-4.59083263718631
-7.809581981511373
0.6143624902104534
-3.4000044165439434
16.359970985642832
12.886558652153504
-6.527622712546792
3.2196750814320083
-5.566747034278325
-13.55597762510949
6.373924971982852
14.385257610799648
-10.988475074945647
-7.7783303079828325
0.8620065778869801
6.444276933306622
13.496088853190187
-18.477572734283942
-7.9922902315793145
-7.625411616065438
-1.380671981823518
-9.276929411864959
-16.091287239828794
-5.655024615182711
-8.369570425014409
2.4393039892591233
-13.680396904837892
-9.241131551623152
15.740487032221566
-3.6664938801820632
13.599429898522708
7.306826246737845
-4.183238114153195
6.9070252573447135
13.478222397240408
-9.277900134477823
6.057626026633045
-13.656658075138722
-12.544109101635673
11.265787625653477
0.8811798799855808
3.6561929711742778
9.968528575594124
-14.363809780329383
-3.035873710758544
0.28910035410327595
1.4841579566608871
1.1680460641447112
2.588996261131271
-6.490921334036148
-14.167197726415193
-4.913484052435454
17.930234631031993
-0.5915041233604299
11.041648867760735
19.155277509193283
17.33126356824217
-7.881689315911707
5.084454603187758
-14.26590391334775
7.034939598671187
17.742973591292554
18.42945328975756
-19.266421360578256
-15.734081741903196
9.351396823886809
4.519397140943184
15.445627673048001
-11.0887032402856
0.7016723344053162
18.629739582857134
-10.452531885302987
-8.346334608288789
2.3643302683484606
16.644709156673073
1.3773325998189705
15.702665504940882
16.185304746442064
-2.393599863893421
-4.4654305466872515
10.974177797387771
11.669555522509057
17.372209255674058
-17.485406908963345
8.907570955289557
12.589469652682837
-3.414462424436575
-3.7119163180017978
-6.736031765654765
7.4594654489963155
4.3934593063100635
-0.9340151866868638
7.780518382135956
17.982222766400312
14.190677574225404
-0.6231357045056924
15.45311720749418
-17.062487967060477
3.7155675248406403
1.3760571862822033
-6.510614789112136
-18.542896926045145
8.277661108897544
8.117308429985567
7.226739471129843
-16.50458517132803
-6.959742129545328
3.381228646790454
-7.997522687359462
5.975751483317744
-2.034279450797545
-3.573044933489882
14.593495262787627
16.41226141630775
-10.351445763697642
-5.728169111724654
7.34978710105235
13.207431304052207
-7.3560922331756196
15.657025293537764
12.217788574194167
6.151848365354603
13.423415391447428
14.016098144180106
6.695601639432034
-2.1494451713699974
-2.8086429718094976
15.389443736683269
-6.245235996535158
-11.505810760343564
-11.063999036660363
-3.416113525308461
11.843937026029316
-15.429477678431232
1.0031439868340541
5.264324592296138
1.913587146605117
3.9068972779506304
14.154420476928557
16.920784018979383
-10.268555626197049
19.847158911814695
7.190843790619773
14.78804387748221
-19.439872439377282
-12.921765682965084
0.13035328670600066
-19.948892322192478
9.638056914237211
-14.050554801623774
-11.980462158395655
14.389892122707394
4.372278335801418
18.156727141284257
9.64282218454279
8.73109762818001
-2.0602811597342736
7.005696151026633
-1.4220118961958264
-12.743644222124137
-14.291913094006867
0.1578058263152542
10.639588681139873
-11.251754587289886
-5.843161316272596
-2.9432849142738533
-14.223353960213117
12.81836961361467
19.84900205942821
-0.39075893041323084
9.173785665237652
3.921514260880002
-2.0422013563148553
12.726862708779578
12.565310806385611
15.3261216096462
7.279824622236482
8.531146607570157
-0.5518350668465288
-8.119918811040673
0.11094302404693579
19.7117035652376
4.093924788212085
7.125327298383894
6.036075295859
19.140713110526384
8.608081275698439
-15.593623324777468
-18.34388364770408
-16.21672527395721
19.25291049839813
-3.1520547458427863
7.52878176151539
8.179505433350048
5.944695859936708
-18.21922961638513
-1.2999585441297228
-2.2728602411091074
-16.696791548879965
-14.470177930545223
4.485161359508144
14.951082058632707
0.6519736391597633
16.84384008533042
-2.208163323417047
-7.3105202453643905
17.325451898704323
-12.679310051589958
-5.245318816553688
-3.081999817273445
4.186963228999481
-4.674118744760021
-4.912302765926926
-18.313514953899805
11.873516572297781
-1.5600076464244275
-17.177346175950593
-13.354483148639979
10.998634100349243
-2.149208720969547
18.040331197442725
-11.670673797174684
-10.677431564607001
10.44959274411756
17.70680642410268
-7.862632887233092
6.624335484349075
-13.264470882099438
18.168247453660435
8.919182399890971
4.325502629792908
-0.2949941631838584
14.993940227076756
-4.112147523358569
-19.68186652278814
-7.495854260243998
-16.867978484060625
-1.9479449453919493
5.986251873448239
15.403414914721793
-5.657679732893616
-9.798195858478064
-15.809502487741884
11.98631257627661
17.231384243149435
11.84939291100196
-9.111416272125119
-19.04735320450785
0.3688496934541199
1.5901802172638178
9.420711738001039
-17.90622157106345
-3.26721432198212
-0.881676697387924
0.2922003232078083
-10.170726971159532
-19.900380752649216
-2.3933954507243946
2.8833211633883273
-3.736230416861993
-3.961107865441427
-14.293435117624412
-17.498012987013883
-19.8110479813942
-19.797859964601486
17.220453400287603
19.222284706099458
12.768418295262222
-15.184410297759502
14.880873844847187
-11.705779391620176
-0.7866862715520107
-11.847021694439675
16.484765639441996
-19.389891539456485
1.9359436275584443
-3.724328668880169
-13.41508775184149
-14.820603030099683
-4.228149266814967
-4.096947875920996
2.2021743564631677
-11.725292974843908
9.632562083871385
-14.975181010884079
3.7896230016378354
-3.37440146860553
-4.37225841105616
-3.806698311341769
-18.886377668540383
15.18597205700241
-12.21351342654116
13.77627177196041
17.381600713275887
-19.133695743570346
-4.5366850613406395
4.963297533130614
1.8620852112365256
10.556458169574686
-11.522398436070333
-0.5731926121193069
8.811936875164477
-17.99317659331935
7.518452861664677
9.587600983154502
-18.94667660038028
12.287615296505486
-8.748237095955659
-16.46072072834846
-1.4321886978709806
11.719094694790236
-7.507520952991747
-2.9995483663851346
15.704411233893623
-1.5634064459102888
3.6154360061875757
-19.553001770334934
10.096549555144293
-18.683038894613517
16.016369947967426
8.007474693667657
-9.876264686206465
-0.39073424832525916
13.004015220296019
-14.863406066633885
19.040691372334464
2.844957247033264
16.251478352997715
10.559598808047053
-1.2438674647421948
-3.6927654531373264
-0.896787102525888
0.6674396765369934
-5.778784827217546
-6.076701402416633
-18.882673871877287
2.1617441322832285
4.81554527178573
5.326353714252011
-16.698745790714845
-2.3782920174289934
-9.088321327931425
9.222254830558985
1.8375089531205049
11.126422851419463
18.078223956215027
-8.677976766014655
10.965424818486731
-16.967186388845043
-9.345313960393238
12.468807632498006
3.68600886145731
-15.077573629981377
10.94922156924817
19.913150784648714
6.730827708119161
-4.1529331974667585
-0.7174045215760003
5.0264266801380195
-1.4280566409737077
11.70920997236706
11.304577569851322
8.15707723994111
1.156868269790941
15.33459981818686
-9.073197972751368
-3.3707036713103165
-15.177453634932746
19.679244622403488
14.680636831153471
19.00373495152838
-3.040215373179361
11.651982341601382
14.74692441112748
5.480956716452539
-6.889125511145737
11.560769544685957
-4.656749328193982
-10.911629968639517
17.876629864020103
16.815723426102274
1.56183657169462
-8.594907830024106
17.21789152428898
-17.697026049364375
-15.07299556222906
-12.620534969594743
-17.0789908723587
-2.000522803024829
-10.09585965810798
-12.29593711705017
15.019338735797916
9.589664699154579
-4.5986357482192055
0.8760210885225632
-3.8374140941993495
3.8899600028262817
-15.548284377196557
0.6223038666512792
-4.997065459492269
-15.728014523493133
15.236486093606828
-6.05291124620317
9.376639046411345
-19.656293383907784
0.5619012985486052
19.567064714307293
-8.914744185447336
4.372671557660958
3.9774637991776416
-5.124092272676236
16.114205378718076
4.898956072906078
13.32232558165056
-3.2309642396634217
19.372751277125353
14.047214330637516
3.7728502259626353
-8.108478524514386
14.374716712846073
6.206723809634809
16.798529218322557
-19.026078871823763
-5.955669187736309
-14.795803089554083
-17.571647799176905
11.548550925538407
-14.758550031567626
18.17308259070264
4.512113064514068
-0.6882533122644148
-16.9189106887158
-16.671116904503947
11.753092590447032
0.0954869255666253
18.474617440555726
2.674289778676396
-15.304356939320499
-1.3188436547512552
13.530282627078726
1.071371859281708
8.854973675297202
-18.690080134865973
-12.900854400618801
-6.939592213232082
9.328533494356911
16.268626468263648
-5.993966917410765
-19.84603765000118
16.192940672652