-17.92489223352494
-15.377906038734803
10.56501244811756
1.9824756296932087
-18.0969239933945
13.620664418323408
-13.685095171795233
-2.3409928523794363
10.157266318492493
-17.674306951362603
-3.080340993018776
-6.5294890365392035
7.250934032714529
9.32505323689103
-1.5587325041280096
18.750605060382128
0.939877252831522
0.5359751963851807
-2.311227614838657
-4.459012505545971
8.540863390176533
-5.451522653027588
-10.255560930970859
12.88680419502208
-2.3953427403321186
-5.7640462878192125
-5.4050488798642995
9.242245771639908
-13.430949348308005
-8.926851485770776
10.434460857447014
16.92722674040499
-0.5456625780833164
-10.654377281664779
-5.026999457667811
4.91019116565441
-13.904316284625118
-7.100742517706301
-13.248192217704222
18.619103886544167
-14.117791847822282
-19.654099075704735
-15.133533611219487
-13.470393908199071
-8.424998004231474
-6.122856906484193
-13.30728470979896
-8.37077626960069
-9.094483767665324
-13.49652576983711
13.558449779452417
17.869137265034716
-18.517661607412315
16.64790147661337
18.51451788791759
10.871953100930682
-11.142144983793605
-6.616177141012848
-8.64068813548351
19.572551150311455
-4.133870252471471
-11.47265579702828
15.684767837522308
-8.2728538092032
-17.2114247207344
13.067305803691475
0.789329604562333
4.0533962930316605
-12.43264591045239
-16.692261475356656
11.746738604082239
10.452299772116042
18.332228977688835
16.461928973307245
7.632166836288942
-15.290173273755041
14.966686005017259
4.601086156811238
8.885828519271243
1.7151389011119846
12.967287612974786
-18.795537647232983
2.732842365156266
18.902298724052415
-17.870358176275847
-16.323537705262197
-7.593142640601705
-2.8189941949952377
6.203695805330689
6.7661344456047665
-2.5365390014560845
0.8722312771042375
-10.439268211873678
-5.9918700983039095
14.730992432935416
19.427203421404144
11.729212449982
-13.406476223402253
-7.063809158413967
-0.20301219055304998
-7.0945879672520284
-14.682777632078366
-1.265543415877982
17.903321935123763
-2.22698071182581
-1.0361927831098363
-3.023182889373711
-8.793114500139477
-17.533563477083966
6.929221258762375
16.951216815619638
-10.537354374236259
-9.126413655839798
14.977597191895015
-12.816261170811586
-3.2434731931355785
15.677698150870953
-12.27010783486846
-15.785478381503864
-4.853780128617956
1.888666507992049
-17.75181256687523
9.455615874942232
9.771402371352345
-15.70296811130727
-2.924491268934709
2.2183721109610914
5.3926139695337305
-10.46254781330271
0.8311982944502319
16.87259893186959
16.802131813187287
18.03847871962006
5.379591376142429
12.886949342384966
-13.269693916712404
-17.763159874746904
-5.679608577466503
3.108525649346653
7.721242145569104
-2.500996695921941
-9.045450792803408
11.008346160279928
-13.771889322105899
19.584053503072866
-2.0777566246301724
2.9239964666348612
12.973051090500853
18.43892392351188
13.118030563655282
-18.386133234477192
19.508211599729684
8.761178974041293
14.502794505916611
-4.552961758036798
-7.577638748572134
-12.519451911164792
-17.577516592683004
-12.042743940170615
-14.246237567127128
-12.878691010603088
17.566419463205534
17.446338006515596
10.31662629644169
12.29950874694682
-11.819783761269633
8.68455347407561
-17.427353951607195
-9.558108215600342
-2.3389515789392803
-15.037083815814967
17.221181754629058
10.703007591330419
15.362585884981364
-10.85443836071121
-13.424964839436694
12.866654954117188
9.182066858618363
-14.629065960966257
-2.8784551646561773
15.292236129682365
9.017170102908757
4.555999549938619
8.825347523381492
18.88431811435433
-19.394344123103533
-12.961156585506783
15.684353156696076
-14.489077266918278
1.197591287906043
-1.8839863531879253
5.981239097956632
-16.947066755925775
-18.39548522013095
1.8877020670067601
5.267242136326807
-17.35527819789235
-7.092670878103116
6.791177168454418
16.078464257322914
-12.625646495807636
-13.555515739762974
10.420098323462568
-4.381993523538874
2.3445834883334413
-8.320860311049403
16.701177131208986
-15.136150493610149
7.055604338860672
-16.74098259407169
5.817917112811077
-5.717732705353345
-12.399854573677015
-13.942503279138151
6.970763690149745
8.078448013087431
-15.854243073203364
5.394019184966474
-2.2566910474979167
-2.037212695537768
15.062450060159883
1.9725497547308635
-15.887246655398194
-13.503404164441598
5.965033832172708
19.34316208302667
19.158257349856484
0.16052824466715165
14.138382893007766
2.899003107305461
-8.589724925718123
11.902350519817734
-13.597713156641369
8.470168857462077
8.570754981824376
-6.403264679679253
-1.83382295512153
19.000832707257445
8.548568985201651
-19.770129931253685
-18.862477156049522
-8.759099976139296
-16.359734119223432
3.6665655903142067
18.81107581007987
13.15897863238299
-17.339923342611208
1.8675935634941645
-6.324033105101101
2.4133783965659035
3.777964511354007
-13.487417924759985
-5.3248975916126895
-19.006559576165273
4.309876455441692
17.551356477788957
13.3855895661234
2.8435919415385698
15.785434044437714
-16.49531172902117
-10.53634945150209
13.200845295578205
17.610279692827632
19.30717918758726
-6.643805704268374
-2.410152116351412
7.3751276217449835
-2.1451430533271285
10.62043865086472
-10.165676799552475
-17.258790460447308
15.703739584160857
8.781524550672444
-19.737783547177198
-17.288509592293636
-9.595567210009417
8.187893361187019
-12.675179325115064
-7.323206645321516
-3.554083598705571
8.158114209478548
8.790831527331925
9.190551803936678
-2.2431522903138372
15.093870370341008
-7.947594813456838
-10.678489210285989
4.048271974373023
17.306222728741957
-15.115716052622886
-11.841584732188807
-16.70487260891854
11.408049311899934
11.042040943960878
19.05160275368049
12.420235393395863
-19.893926190417638
-5.799391802432288
17.055993541785924
-0.7909478621118673
2.293063308124445
9.982710379961155
19.36105753749822
-19.4267913401163
-4.095388578168237
8.034475190769829
-5.192094627201049
-12.222478362427314
0.5297731947561886
17.68161974122615
6.606454842217357
-18.55715409521549
-10.265778450864316
-16.059919275894472
-4.028537796650543
16.420337623853385
-4.104213135676233
-9.867061469886593
-15.325245626815098
9.03234245198885
-16.380177375095833
6.434758947029458
7.907152515645475
-2.26313031012797
4.386437017095023
11.921886460259078
8.718591095495192
-16.454335154804312
4.17216011317457
11.7574463792998
-6.690344677512607
1.0827905382208591
-14.38342094523128
14.965134932115205
14.940209324721451
-10.145214223462581
15.489970479194795
14.011268509061516
16.660997234583327
-7.622683400388537
-19.846256454612213
-15.08535512575289
-6.42873117555007
5.360774234068337
1.7413906934883308
0.6098067144973669
13.281286602387887
10.583026519775625
-17.12546378809573
0.4572351644291075
-1.5689972835055634
-11.430144872805915
13.610935340896397
-10.386725434862448
12.126069479078893
7.244661679573152
-13.566608894773617
13.071440846958588
-16.719203021115952
-4.81044379991609
-6.0764237545426525
4.531442341717259
-10.975430326396477
-3.14167026823565
-6.4151843178094925
16.69536607836514
0.7585589333525924
4.366867651439172
4.193427182380738
-9.91630961815118
5.057543375750054
14.71942317232083
-0.38917614074411233
-19.06134444025607
-5.30267292981684
17.34138531653185
19.515866392203144
14.00663644406385
19.676793041532214
-2.9409537123514085
12.478223994205905
9.883703795940121
8.730524786203127
7.516581828222343
-1.7568541442700365
-2.3515925449447828
17.83964001420302
8.551170614869463
-8.175455251139123
0.9518393290222136
14.217187787558565
18.833982330012432
10.341062634201847
-3.078814099641619
-15.060914816056341
-4.716403693560313
17.114605787666818
19.00884283741194
3.176800977645957
-13.73572912384347
-0.7100849430689173
-19.93515371013303
13.363816212142602
4.484022445941637
19.285074778162468
-7.961158764298354
-0.7416406535372566
18.582498637981175
10.326325626053464
13.238482063033082
3.6292901829905233
-1.5159809825401993
-4.447954620808797
-15.572431473449427
0.053975772969415914
-14.907741743546072
-12.32320130400932
11.669374860359753
13.413539160571524
-6.351424841278352
-12.531748511182602
-0.8460759963366726
17.005630689198505
-0.9907540920615929
8.135571720149155
0.09195198678739658
10.206347556062205
17.394506789172667
7.1792062882373955
10.687213017205593
2.2916798775159144
-0.4115300735858298
18.48057578133976
-12.448609110237413
5.85890786429205
-7.474846187689765
-0.25262038604224557
-16.47962884337828
-14.84753231571219
16.39714619095455
10.322725624671861
-14.888577933444417
-5.500635114996557
-14.629314283734
-6.564552991959861
3.993520869833908
-16.524396796492393
-9.26262321011607
-16.25992169009002
12.053381377088343
7.218222982314387
-17.644656732157664
-1.1059392073641838
-10.940837062707702
13.80495214549316
-17.726752490836482
-8.180029184272835
-18.67379329310223
-11.42429668809228
17.94389513766587
15.72217582457536
0.49831810331383153
-14.20947553821108
-3.404587928511372
9.611065276799202
9.85034414212604
-3.7360655038751744
-8.075021987848867
-14.343093709122607
-13.3398753375319
-12.931140795895573
16.92276907992612
6.552966898938063
-0.05885156253099666
15.42884053207245
19.284903954025275
-14.146795611362485
0.11538244284351862
-11.06074779248054
1.9569746430216703
13.17939202257206
-3.2010463261581847
2.1968232406775847
-13.787652128067482
-9.019696988360515
2.2297612458242675
-13.47698810448508
-18.253698902070386
-8.856175928541408
-10.551501091008365
0.2043299397398144
6.074694506942713
16.48636668734902
16.933062402037898
2.752827365834843
2.108145696447224
14.068467967205144
-18.603266117419658
-14.145344737960276
-2.7289074693592354
19.362878535364956
8.87583344883954
0.21876046659382808
-11.522171999708162
-8.53521164742686
13.397613944353154
13.636669231366142
-5.883222486913686
-15.188149415755245
2.786232633353862
7.828467617524421
16.578938349975054
-5.426497615425232
10.864156835448291
6.76734339168663
0.8903850827435349
12.500439456596396
-9.745535904017704
-7.921821739961651
0.7313934993306574
2.608366272000758
-14.539195617740926
-1.1484192900674692
-12.476636598948243
15.471355723703674
13.371498342625102
17.2372930089371
-11.903140627789615
4.953658373847752
-1.76615705872155
19.100897373790772
17.1738659850963
16.098874465054926
15.52232383179259
-12.359917875866998
2.629240238719195
-14.116941074628112
-15.320430170385265
13.303932486988252
1.9824021864871355
13.452086052387116
1.990691113361514
10.237755415347504
-2.0516755805634013
-18.199148617444592
-6.091784812239389
9.295626222163573
-19.941425110685156
15.115936741152765
11.768276369131883
-8.362813004293198
16.77432497105275
-2.7005098769976144
-14.986458518448886
9.420595345959448
-19.6619562414893
7.411027377945658
15.137769381530155
6.459938015056345
9.363629694347729
6.5925490999082434
6.157082484306429
-15.798823538748445
17.696461556701927
-8.327973190787885
-11.086898260871475
-3.1839246649646284
7.018928486003308
3.126395564364582
-4.482240263059172
-7.749963776389528
-12.361085821283865
-9.445269908203716
-12.915678423590817
-4.549723226072064
19.582268979371207
-2.574003892907566
0.23818174643914247
10.07298341874229
-17.07217455094014
8.38658938934854
-16.048113724617274
-10.419624522725218
4.3255052603730135
-6.065022067114949
4.9842661359306675
1.6546259719050447
9.66629564271787
-18.029539134627683
3.8998239454076966
4.707711793763757
-6.79761438828665
-18.59681475847799
-8.128420743181808
-1.8056309151555325
-8.979229150779338
13.403836630435798
-7.942077651072417
-18.36452978501669
5.184201715988017
-4.598999782166114
8.840853135993441
18.614618990974677
16.464415822811134
11.399948049114762
-3.427681215221771
-6.505776852447864
-13.750638826396644
13.446583221976823
-17.699332072242207
-16.262769621297956
-17.904761830400368
0.43311514477387547
11.376761496683937
-1.3145957197571825
5.753320113632494
10.565911328301404
-16.164638798868147
-0.9974619537958773
19.451524389213468
-11.82549390785268
18.935970693858778
7.444333489216213
11.411763859087362
14.392871017032839
12.869091039817434
-14.521847729443191
-16.42547832008549
10.341216888321956
17.67179263436107
-12.524610361058595
-14.473951629632392
-16.985539697743718
16.375591137688808
6.728724172989434
15.080000905982907
11.570068206343478
15.736018874348886
19.577892752941224
11.672099084310137
-14.272818925954258
-4.614038271797622
17.673961204147417
15.550321130218755
-5.385834009361311
-15.877463772730671
11.955722767137324
4.5117393205279335
-9.158360974955748
6.407655727729491
2.9484774658887147
9.986845954336673
-7.431547300878956
-3.339567854722368
-17.69526048336975
-18.57591765774441
4.847003809680665
-16.329002035414383
-15.33843639648557
-2.6577992349248056
12.549640790271333
-3.471451231837218
-19.9410777961807
5.528752805499568
5.006596126897076
-6.942539268875244
-15.903787695796368
-12.861401279491119
-6.443024837687684
0.9843597954073502
-1.193919506025157
-8.06806020278714
14.314452127446032
-17.614611148262526
4.38256975042551
-12.961703858994905
-19.556645468811197
-10.899533211499008
16.219743417824063
19.317181740483022
-2.7610277341220915
-9.492615743062501
14.26812007248516
-1.5500962948215076
-15.874979481911824
-2.4432322230019885
2.220040640318615
-5.233243796323421
5.012033514169705
18.317939873358476
-10.835567757587325
0.8002245030403614
12.778404899512672
7.252466058654299
-5.6737886066419065
7.801602650995573
2.082254703977643
-10.043893314403945
18.00631424282186
-8.93036582897761
-1.33320057528071
9.635081628145766
-19.597953751338522
6.287452235520146
-9.199163140875255
1.4169373308811188
0.594014267196961
-17.342798290580244
11.236196237521629
-18.092861785071936
-19.173886590224264
-4.373903227577497
-11.976111241471914
-12.0095739172055
15.154187279196769
-10.854783770632398
16.85271987969014
-4.575565978098886
-5.667420357865485
10.470477294105912
-6.25834019464952
-12.855467248681016
12.192810147613628
12.930560363064039
0.6812527362919596
3.0457754597769338
-1.9764924480191794
-13.349156378615179
-12.116846455879799
-9.893755316522025
-12.809615842372782
17.808310738692178
1.0161491699207161
-18.776123552293523
16.516773304289536
-15.300935952194749
-9.61125308244808
13.854659430131235
0.3090508774297547
-5.838030788745808
-2.5399136568499685
-19.24854952587284
9.456247037307687
7.948179287530991
-7.486493013496993
16.413259257379572
10.485678136626717
-18.089081152179304
5.165898027914388
-17.7350902452929
19.30397849546238
10.893632052387648
-19.67087502075636
-1.9777480496641608
9.547694807083538
16.95219583829514
-0.47437670564540824
-9.099838545364673
-12.367733856611158
-10.664452550351582
11.168312276001345
7.177491491549315
16.941622197125568
10.898416386969274
-17.744652140192485
-6.263499935528948
-4.001320461501976
12.213099122540541
6.043615955938137
10.851202963199164
13.673517575850951
0.08197428043136767
-12.772842293612454
7.866431651228638
-13.079392301121938
-16.668423072479698
6.943832884172053
-13.018706835418588
5.3003990299283
-7.317487928143599
5.547412027508752
18.9167648622536
-14.911883895421978
-14.691337414319499
-0.3863707299727004
18.072630504946446
6.698696314852409
-15.67384980952976
2.5127596111835047
17.749047067875736
8.874809812532899
6.809218275428925
-9.621906130892954
-15.102609265182636
13.297483936550549
15.889156993270937
-12.493161501566142
9.617628780262532
-3.4412441690360183
-13.362240622886032
10.154882746616561
-14.309288835154907
5.880132372261123
-12.92805708411423
11.35101737698534
1.746156800426263
8.35799226752733
16.772952101227183
7.129420895546076
17.55115597656073
-15.620093354857815
-15.676050227216912
12.717407640471464
8.719997429422072
8.776190604860421
-9.57586257839015
19.600252570430442
-3.2917346602975606
-4.107353413762379
5.827385620955749
-2.203565435331342
-10.608622914649173
-2.720178669264964
-2.506024347543349
-2.5003077188424747
18.50681482426596
19.39883871570339
17.08353318913482
14.880973378266177
-15.273508905137065
-16.130858950379285
18.071095031232673
12.479220493058321
-1.8190665680389344
-9.447788660764989
-11.031821768816448
4.998719882501341
-13.773712203499722
16.819857446798835
-12.590802142921538
8.47310409577604
12.451835588247505
8.991920536967314
9.904037268239371
-11.957434013951588
-12.948652997748379
-0.04461525759236551
12.121394874846686
18.722554252620178
15.613137277265736
16.9601233030671
16.625719440997017
13.748017702110097
7.8426240950899775
-15.571568873431541
-17.406767338598375
5.4883676702304065
-4.392275460293952
11.366301701044833
15.861079593361119
7.754176781968116
17.729509302128953
1.5654036436712317
12.790690149095013
17.513220848248096
-14.394790624679011
-18.104531257097097
-13.068254774032319
18.501648391674486
-11.40441147528274
-12.048279985954276
16.485846472867777
11.76230906265857
13.111996045487409
18.056632628423415
-4.353728950041816
-6.979675332395846
-13.378099732148655
6.681809107771549
-7.450157508621679
1.3529939038867589
-3.998160992298981
-12.20657880196422
-16.35668729852464
17.158744218050074
-0.36763489912981484
-16.064148081655617
-10.340374871939764
8.754426942673831
-0.7429004237659917
-1.0581534474074203
14.908543684987116
10.692278050787095
16.313658844261134
-10.222746583584893
9.682810533721128
-14.349049449552522
5.601347162009695
18.534126501259266
12.659199400425912
-12.359689661503616
-1.8775671353035897
2.976484257188474
-7.918685015999474
14.948345641562653
6.146522192795736
9.557455834819159
15.158622962438734
12.153998919119033
-16.71976406996638
-0.549653538729622
16.965401242876062
-6.2373720732568785
-2.520950944406252
-14.503326539945704
-17.326286819334523
6.497769516480037
-12.609145316060243
-16.30074618354701
-7.436264524656133
7.183013056719204
-9.141097653736159
-16.729831465048044
-15.313226518449877
-5.999887191232389
15.79589612111338
16.35026382284483
-18.842309959116797
-1.3103823813586502
-4.794650515154766
2.9440104631795236
-18.499730295041395
9.900109846186137
13.434996406857437
-1.6102930035892236
4.666375176159491
6.213803265007769
5.536096266248968
18.745426937517152
0.01882003577321001
-16.183618299826538
2.1591983450223324
-14.561054355119873
-10.210664822226402
-13.378203354784187
0.250428052484267
-1.224737653136252
-6.221632166543571
10.4827178769842
-6.760801539412068
-1.9565031765529106
-6.553705074669498
-2.452148143571936
-2.4580667438207904
19.871444473435986
10.17944273349449
-0.14754622035260567
3.7038653647726996
6.252000533208101
2.388779310460123
17.63553812223072
-17.192984038844877
-6.5487176774551425
-15.108982922052054
-1.14353118166337
5.194602447332706
-4.837909952771362
-13.888121548808158
-10.563797475610187
10.314794236430188
-10.465892496271083
4.826674176467627
3.34992126217756
5.317799032844551
10.48661997206468
-10.745470515157415
-15.653600549543377
-3.82799982160369
19.759209396591658
-8.387447548977317
10.83455951616649
-4.651916098600575
4.20014940176673
13.554892713423172
19.454058006748333
3.778419442441802
-18.109452485909195
-3.086005824575466
14.142301904193104
16.965150342452702
10.69857202748775
4.885351056307936
11.356224153936282
-13.547181087847026
18.976763603133584
-4.470777357938891
-16.588066967181113
12.423472134457086
-6.675902154401481
3.402003461698019
8.41407024907383
-11.594371464759439
-19.743778664867886
-1.0631331313787342
-10.21575449948411
-17.991349844645427
17.58320803488641
17.526504260609727
9.660230041661265
-12.905878582562096
-3.3312133861341735
1.6063858022702782
10.780159572868804
17.966325526219826
-3.6838301942149982
1.3833344470998554
-7.2734208674908185
-15.33196136116076
5.987742450743674
9.604875551988812
16.27840935140177
-10.066014849990065
-10.61543779413677
5.491214570454609
19.019270564633437
-15.224906116653312
19.69567880209452
-16.951832423809563
-17.05339785976923
8.763344498967122
19.67308281070278
-14.832817043126338
12.244747225273713
0.7143423948541923
-7.64848207048686
4.083275241743305
0.07199216910563422
-4.415066196725487
11.084743906924249
-8.695851569970516
6.136517827161402
5.533198498983861
7.221800346745326
13.308800911238833
-17.425599127747255
-10.149205232043057
2.1533948647647208
-2.649951235728409
18.95206150865056
-0.46057717674587195
-13.793148365466127
-18.685396212016016
13.46752799480577
-19.824391774965747
-6.059870816061487
-1.8991138833089671
-13.98848540825432
-1.626146502423186
3.476987975316593
-7.204911987410343
-16.072615275077812
-16.878163053341176
-2.3199524467462425
-10.646606844130737
0.7964320683197776
-0.4088532691801774
-19.497847334007304
11.129760639481464
-7.738911143512489
6.980836927377677
-0.7207615132185197
16.334275687471646
-10.840871321352044
-15.371757196914611
3.529573547944974
-6.910287962202627
-15.386168237185132
-16.12969737459673
-10.819576376475023
8.655437952252857
18.817427540833442
-18.54744876902672
6.33513662366061
-1.495088549319643
-1.6511359874622222
6.6865676255364335
-12.901874965687977
11.16707511329562
-5.463038809910131
6.305027417603647
-12.905655641602563
3.1519423527921795
-13.424288090996622
13.084108340716355
-0.004398115217767895
16.888639708863998
15.79357968331147
-10.269424439564974
-2.05680559673835
-6.7746379184403125
18.268332038287184
17.92050376489948
11.663153887257103
-17.489106068335694
0.6804264572503129
10.465935456827445
16.5820463446085
-9.400852863662452
18.83834477061263
1.0186847527337264
-8.65436350182517
1.3890550255020884
-10.974760152395762
9.613145932737055
15.32992636344477
5.196945554194453
-11.857551960568236
-12.880177807527971
-13.988139922964734
-8.027067049886725
-4.9674758527552765
-4.823105797375131
15.067302114752174
1.6938460114487484
-5.029333859993752
8.729109284593534
2.6530204100929495
19.89586269483827
-10.647066727091193
12.210506642499631
8.059709833375521
1.9036832106517139
-18.480453388990593
0.7167824633453606
-7.258649921620673
-11.161957232633979
-19.371126005078455
7.882759346199837
13.916847631405702
5.13967530892138
-6.684683968604027
1.0325915178603324
-5.407892545568114
-11.062259131029663
12.944854669243057
2.093754172576425
1.8573858582648626
12.700863740220562
-7.829613259846253
15.693030239128674
12.62542469004002
12.135198340504196
18.978503129446054
-11.455562418598134
5.103221277549856
9.011528570628716
-7.295588384735794
-9.949772780415334
-15.353846236781523
-8.616143089476864
4.75613642246412
19.88423215708486
3.97302216975843
9.537604627245141
-13.321405891527323
-14.14922109711021
-3.3665783682829797
2.5292499469269103
-6.32850410297495
-4.35333293731329
-18.95636756453603
-3.2520251170727335
-11.344919579299887
-8.795008575600821
-12.657065365690997
-7.023858552843144
18.229588493792484
-15.48658017433799
-13.279319618908435
11.259441259027842
4.0631899175200346
-13.14833843632841
-19.48018074284494
9.044813441060509
2.4647483911108345
4.655406281225449
6.466582910369713
5.207375043646984
11.030642273106224
9.986200693443763
14.689940638419976
6.624046633323747
0.270557666135268
13.340656643570668
5.732478839655187
0.7690375667978415
-0.4693937297079067
10.579128970007972
-3.455300698816437
5.119355669611373
-0.4889988881468952
-5.7452867220919615
5.345377353996451
-9.924511318004736
5.9629798695418685
-5.7758046887531655
4.558759673033805
-1.5987167081408131
-7.349496230236445
-10.104180382661522
-8.130292743080577
7.471195911121274
6.522142487787033
17.92292868068604
10.784969348313027
8.928196701428387
-11.972825973425184
0.6474668690893459
5.3472108193919965
-11.671564090333977
15.823165118133886
-17.75041653695993
-16.435884373354636
-2.5065478720235745
-14.223914043507522
16.017083504125665
-8.672748545704874
17.794538540135648
8.54962308343108
-13.07102346382738
-11.027411661936721
4.490590615231156
-9.56574336820237
13.772057381267302
1.089233971848813
15.430588236244397
11.6915334598039
-13.90320387439366
-14.266952881839835
-13.714641088945996
4.495930130384252
-11.562003259189844
18.272879556290356
6.616115498410153
15.757668023261495
7.967816219971844
14.597048942115613
-2.701527317449056
-13.276502001930822
18.32675906670572
16.423449710647432
12.722094011325893
-6.5939081072594785
-11.37490648113117
11.969225595802726
17.39175243151587
-5.336457096534954
3.319461509563915
18.52304063415258
19.51775996814802
-1.7670721711448856
7.0810009069925925
-19.76078870377814
-3.2624778938153796
2.5942311379502385
-6.471250198515408
-3.106516126163264
14.2453861911549
16.231936433793884
13.528736522682038
-19.332709448192166
-13.523536251058342
4.341836661815776
-10.188451428108994
-8.596834398704033
-15.143781219013967
-6.314241212663774E-4
-2.9701208380903665
0.9759607375423514
-5.210541948579621
-13.424383280019958
7.176644063005348
-17.409518533315573
0.9433279532654453
-6.82603883487122
16.159410162528324
-2.0709762622842405
-12.360400675389345
5.702425756773959
14.633354643987502
10.941549372866632
-6.7586291296228485
-17.030916357667117
-6.774262710539505
-14.84935696019357
11.820591675615624
19.59393944945134
-17.143185490711264
-5.770620409603339
-11.871739718709069
-7.914596363243662
1.86501129840196
6.45488649344027
0.2982202401748637
-10.732460286784441
-2.290097753639486
-10.261673482732503
-0.29284633410168937
16.821545931344687
-2.450085614726028
-13.176248784672735
11.205557143477375
-8.845889282334207
-17.11018648574688
-7.197148291165698
-11.730826160836374
-8.915684070620685
15.82743480287958
-3.3169272950860673
-18.237409525767386
4.8579264570372125
2.2158285142714327
-2.6038180295517606
10.069177922857236
17.515941350777126
-12.109480044336394
0.02009075339266886
-17.63439123920568
-19.059197495585877
-12.805447439994389
7.372602871893829
7.0388221768453505
8.341201932259953
0.4463664308816888
-18.120806764782344
-7.915135481030928
-9.287108031572346
-1.9985012570833973
-17.553094165850492
8.722167019068607
-14.265556449140991
0.49980609212844485
-6.647619245082058
10.104744007983243
-2.4021813486669146
-19.990923844376653
11.584532239055292
7.457599993636734
14.555777504134106
10.863370760281565
-6.410114894264751
-9.58731612844566
7.091249205802836
3.1400915928575692
0.7367313810948843
19.75755013787994
-14.750141786472906
16.130602587734664
-18.003264831521566
18.89174407630398
8.62259949881561
10.546332930016472
-19.372875428152717
12.934472248294924
-4.321607036967091
1.576625373922429
-5.048689271470085
1.5944427005319426
-13.52958374538999
13.342417773501232
-5.074753543392214
-12.748746047048147
0.5407400170538423
-10.7104107069559
-13.200730649526946
-9.489303102052308
-5.382712524146953
-15.954704356758068
17.73015059812969
-1.8430322201725886
10.964639841311055
-9.678157952071773
5.458948646380797
8.753094644828074
-18.360507718157237
3.924804184053798
6.428076849683691
-5.347979873482913
-16.527569549293027
12.540420809571145
-16.390784262325113
1.7524953869548199
0.31504316344457806
-5.2351312305472675
-7.306208684574402
6.432232360389818
5.603864075314778
2.5085628466230645
6.0604973429897235
-18.666598630510933
-10.252130376419615
-2.930265926437478
6.109358111686575
3.920041989955486
7.149505257343868
-14.412181881053048
-1.503884371778767
18.356574059997662
18.638929812769597
-19.473551485001973
-17.3530356648304
12.22454132347994
-10.321410763142755
14.096448125028061
4.8670962515841225
10.552667171508332
12.404505899652762
-0.23196647417982774
-5.770957613005049
10.565074133786787
8.10070422834972
4.52021536806506
-8.18110564568662
-18.7797483001369
-9.627350548236034
-9.147729630998711
-8.670023931451238
8.520736944540058
-5.349187197924476
12.419152057780217
2.8098139684746393
17.120015711062308
-7.961406552623451
8.345076431903017
12.252954877817224
-6.829196058478413
-13.550709736211349
15.560847886909336
18.229847155750655
-14.011133173195422
-4.428204014625191
11.643903288787815
-15.618497620461977
-13.454501644801788
12.997345627174553
-7.050746154625349
-5.076495630610722
1.4147068929469917
6.718827416440718
8.791885210799101
12.810403329253973
4.353344379431988
4.23737951960295
-18.342057895853642
19.254992923275907
4.923581625309939
-15.599120337924766
-16.093966878152038
-11.437023054556445
18.048029144078853
1.1084936745016094
-1.1092465547812758
-4.4578608384028975
-7.402186634629416
-3.43175723147343
14.772295252358084
-2.904821983143467
-4.646137815801289
-17.720837377975368
-4.026292192267142
4.349982755853215
-8.056380077269388
-2.368291129785632
-5.640601211885258
3.42427526789459
12.583717077604334
16.37771557380156
14.843067981224351
-12.568656261423946
-3.061776720127405
-12.847898427667786
12.018248402049792
-17.39087128145225
16.434232042344753
-10.614025291731487
2.485094109453854
-7.259630288786404
-19.377265683681635
14.87577118655419
11.439084425404694
19.66616246985234
-6.693624697435453
-3.901403878457856
10.40724768298222
0.310912379447565
3.4421839128727
-17.686810079678004
19.532957320950636
18.82509084991692
-17.024085052592966
-13.241377576302021
14.774279370059404
-11.149640872054851
-9.043849463506724
15.50405554611811
-17.545864370283542
-4.852739701994352
-5.8259331588985965
-13.663941745418375
12.300461619257192
2.6136173738216186
-12.783532906272313
5.515591324303802
-1.8172260076581317
-3.0281302917305233
-0.8973831815823416
5.936988115858064
2.8565900138794404
11.80582203727539
-10.938662171403815
-8.604493427286325
19.07868234137294
-8.670292302327649
-7.372916358894601
-18.80577060791645
-6.852632300890997
-10.593403391650916
16.889876821274484
-19.938498944518294
-5.147254046069465
19.35456645600042
13.742107800512485
7.521844115427886
6.261917031374278
-5.389229819753897
-5.568177668777254
19.49059377136419
-13.596522536076389
-14.199292054836011
-19.659558582662747
-0.259519022463401
12.814000647554025
19.77371319137059
7.957361725062718
19.629282738434085
-8.49486478839153
-19.189259450989876
-17.52563062381605
1.3133744413588744
13.827505827672148
-19.405284355551096
-5.259872161549236
17.039941192592543
-8.89278961627587
-18.13481775397019
-10.502122664656511
18.392931193515295
-1.55293433806942
19.70573694705177
-2.551221384164929
-4.665134977723664
-18.33495779776576
12.170575361347545
3.883902734053585
-15.375386885140014
5.384187216587275
-15.88529490223105
1.5258565827134838
9.846023109712299
-16.133216674654616
9.590509728971167
2.679516296436443
-12.321031616346714
-7.224716531220272
12.993503163436777
-3.3029341068714437
17.9218547171427
7.274789955500289
18.84094880689321
15.292093728039923
6.647988126802208
-17.326142927525638
-6.273743299876529
14.512962487750734
-13.059275421434062
11.744107261369194
3.0180454993375676
3.7126168445628203
19.674830638191203
-10.84873994622364
12.3411631626105
-16.089534970986517
-7.461584712441077
-10.267208610652801
17.693839281894725
-17.542122233429865
-3.7686162416065514
3.501685955514798
-13.45184876894809
5.25575469822714
6.321904138292815
-18.8019172889202
-1.396599828669455
9.344882288140543
-17.540549475990957
0.40523214243525985
-7.167349891516238
-19.139511276840008
-17.1359977512342
12.358629928260896
-6.370173457154923
-6.436129583991059
-15.81678481861382
17.687583948637773
9.075182674003266
3.3820045525326883
-6.1925086096619175
-7.993855810788606
16.95263335277164
-15.682685851261509
-0.37275265891313936
-5.602639360341151
11.968626899227722
-7.256513453570506
11.008198573021339
-19.57696786638809
19.574348005153567
-14.204570978583941
2.933473953772065
14.730581685254187
-11.455235096023682
7.252973904906398
5.443951107409934
-0.6530133250470946
8.539658918636977
-18.08453816490326
-9.708303220379936
4.557622359688601
-2.0064982136942824
4.574302571044576
16.08711860462806
-1.4788359990127233
18.831294003062617
-1.4806129721315955
-19.024032842825104
1.6625034172657713
4.587284608059299
-4.598093051888238
-15.944313781558176
9.601598931460629
-13.527116334239508
15.570104073723343
-15.683043687441259
-6.6205772068053115
8.144573755050175
17.51431692230676
10.74157791598422
-6.322279096191124
-18.855960649648722
-4.526276540830132
-15.432685356337576
18.41365896971564
14.361726688830586
2.818417079871036
2.777511525021737
10.864789871514404
-1.7707764870844898
13.666487244562873
5.25592270039953
-7.454496086265046
-8.048431013807438
-16.489691690471147
3.821268721242916
-18.626112354308525
9.204073344794498
10.40863339719899
-6.2518948408861075
-1.8415373045018626
-13.935500375504382
-8.86563616480284
-15.179004113266084
-3.1569969108099443
4.2990909359264435
9.141047088717261
-2.2634962385291857
18.73272479359352
-4.998622474171643
-17.38325729832844
-16.277091186086224
-2.0954841102267707
11.024898994980987
9.216575844528954
-14.155687831225423
-2.6643527194460432
10.318386604657348
13.183339718170373
2.0643856886282776
-4.083335145273654
12.747428774974125
16.024328521038278
-18.800625761342125
3.3166283157508616
-15.913409003289956
2.095236755656373
14.324840018028155
12.598817195356212
-13.812797415136684
5.472693983991817
1.1897900243965367
8.245438014807892
-10.379911648116057
-0.9457268731522461
-6.529345069821208
-1.1485239239269234
-18.106371236970354
-18.110420083693395
12.970533834379715
-16.869431813103972
13.579365471517185
-9.831938265417959
-0.32542699107273876
-18.978059713475783
-11.924947880257296
11.494035106000588
12.441467771488334
18.487523222291045
-19.66994664385767
4.727757818895469
-5.936990181558466
-16.75740636380114
-5.386902505767214
-7.896904027583375
4.656722143463547
-8.139003573344695
-17.5666853468353
-6.388148002274253
-1.125228103957653
11.481416391908908
0.6025319419320532
9.037936729206525
4.051902080660351
15.734742480445647
10.40507568145614
11.64528251070805
-12.428175143237755
-16.90119226538434
5.41462155103719
16.700523219760186
8.990432223494402
11.593508137532883
-18.02913598098319
9.359241084774936
14.567180965766006
-6.689603841765432
12.556250347805062
16.76317444329539
18.488854843350964
11.854451860434093
-12.466989573111906
2.8893085759048596
1.2951014498160127
15.179448145694067
13.574165386579523
0.6459111682841225
2.5142156216136513
7.581530971484337
-13.613358979432455
-6.717008557659362
-15.724723658725207
1.465837329122749
-18.5957650184824
-3.0318136134191356
-10.720826365760407
-6.081590915131493
18.026292859707496
19.416890992018068
-0.12339598351434233
-9.558940305936643
-12.97649646827617
-15.232849285702251
19.515574861348796
17.92606701805404
18.592700462338584
-5.321391852758218
-0.9174195544569343
5.802987922039765
15.570326840386379
-5.856458636389101
6.630891798737505
6.384377421137707
17.265971065296213
14.519949033370345
-0.4278638450282912
-2.4851231849673603
-9.920448798090362
-0.634697774761797
-7.109189854413325
7.754566742228821
-13.907963544449963
-16.278503799890345
1.8024591891934527
-11.763411173546586
-18.538254978183648
1.9652532941441407
-18.380105895383387
9.723250495543194
-18.566404742950198
8.494225346422859
-19.96625901434421
12.1188325682592
-4.599018318293169
10.18732671791756
18.71732024485202
-11.48661577788625
-7.2458058609784715
-10.745690836172859
3.5130253099041653
19.535895374215634
-4.909244588629411
14.800389480933916
-18.212028846851336
-3.6338328670457187
-15.299476834197968
-19.152462889022075
5.821400263840303
2.1528514174291544
15.79936806862753
7.3478830768908985
5.500091570132835
7.8342787473968265
-0.1966662417475149
-3.608169276154669
13.686819588527356
-2.42390756844393
-4.069393706012082
17.508911179534714
4.747944589403087
6.831648171511926
-14.103832255083777
-8.955497885399115
-15.415363972229432
-5.362018628557831
-10.925483848355624
-10.406398171715221
-6.157250263636044
17.686920573715547
9.868210623596404
-2.7315314977753467
18.674668685376126
5.5648839403894215
-8.1239262945802
-18.475806848173132
9.779446289752329
-9.017524928533485
-17.88603948396201
-14.552491145813269
-4.076582471794673
-19.94193937186275
-18.12483508790585
-11.085411530372177
9.631210143211192
5.63629814547776
10.80339999566998
-15.421921958314764
11.579146189600213
-9.145231983762434
19.576050700842934
-5.964900925094945
10.543519372552947
16.42833130058684
-2.2593706828544526
10.674723754053534
-18.872722524033875
11.16650788597537
1.9905412703318248
-8.169100070026808
1.2636907817689114
11.811654300955517
13.874402595635537
8.504132056550798
18.22854680534615
-13.496498237930346
-10.165312782454121
1.1213059639428522
-18.11171291199861
8.1695974529549
-13.544029229161634
-0.5941167083289685
10.835680621676744
-9.092576035874188
2.268427304224751
-9.033691909169953
10.050371106961155
-1.925732477018876
13.549687217225824
-14.633237660612771
16.439530183344424
13.703441667783174
15.17934348519843
-16.7439941569495
15.695747186087445
-12.248730859318249
4.875692406470719
16.212893855396786
-2.331799177759013
-9.028412157167608
-5.757521235112479
16.211852774339043
0.7387908022450489
-10.2242824703232
4.325677657549605
-19.602670471428894
-17.76798970345515
-7.861889957929833
0.10151817366027416
-4.436341063375387
14.956029428150217
12.789603441632678
-8.661324422197826
-16.232868327352126
-17.81060474383366
-5.010294424433507
18.954334862442302
4.6547199859453805
-14.378456377703914
-3.654461077191101
9.491205034623341
3.4207596300014984
4.116446839619595
-4.112524756626019
-8.167946108068836
-12.468677464508747
-15.827655727503531
-15.77670918843738
-11.577432170992225
-9.350547934995816
-3.463844967404917
12.082307016050379
-4.350903500358063
-13.135489134909824
8.613360176050104
19.022410736658074
11.017004380516727
14.013114111207933
17.741427460231726
7.45341347270066
-14.557693900930037
5.925669903244973
17.41716781619899
7.652286591522564
11.136848792775918
9.376790752767189
6.932996172145511
-1.8093469384566738
10.776296527375479
3.7106772001643336
-6.51120110396365
6.5597620290719725
-0.7603521275114602
-8.483680276462046
4.54577220321546
-17.20311906070137
2.1538392039739804
5.321013318548292
-10.88397853913853
-19.477717825121907
17.628284306766425
2.9022092897961898
15.976306919544506
-17.555095964556017
-5.240989263139873
-5.328937437661185
11.782264839165919
-7.755970758073275
-7.480480723684497
-4.70592984029739
-7.988160545658873
2.2070722314381186
-19.99474348806718
-2.6466311125659416
17.680867284241927
-14.026167520174454
16.22693585020616
-13.549450499952226
3.240870505282526
9.723272331892474
-3.8268602069495117
-6.982186736409233
-6.4144066753802775
-2.586394123003135
-3.0940843638699533
12.911707870089593
-10.874382837508128
-3.7617514284664963
-11.688888211241025
-7.432724334640195
19.084185669386386
10.838528527515319
1.526544139406532
-17.94526332154897
-9.674100539999134
17.5801512498684
-0.5957652434337817
14.174065630490624
6.721212686217562
-17.71790910328955
-8.287568054159294
19.313039735398924
1.9908192823035975
-12.562678395351018
15.908451956527081
-9.227712098608492
-8.416687250853006
-14.641180405887999
-13.426355059418409
3.411862571538027
16.166171840557254
-7.981092301194899
-19.551165653718027
4.296450983152216
-2.3663072369358105
5.02879218859227
7.011371763478948
-16.09888216073388
-3.1265857455674926
10.082531094944738
-3.97450895258903
18.36073758905077
-6.0090557543290135
-16.432381323796754
-15.251782293976689
-9.964436533650378
15.465713469008172
-7.499422584132525
2.248407569093196
-12.016728538460777
-3.8800597175690683
-11.448532165857358
-15.853688610198308
19.63320031316084
-7.324498055218353
13.857842106772189
-15.379906995727737
-3.3049929832730456
18.330677252173004
-8.592421265706832
10.189948764293316
-10.676964969894861
9.965920375482295
7.662254343981196
-1.4644104275542844
6.325163953933668
0.4504820260767488
12.354144089782302
5.704599512116374
-7.984165013128504
-7.6386014417785795
-3.7699548764712247
-12.02083627540488
-10.097068185220138
-0.7505512373654781
-13.770364666387827
1.8002438763228241
0.37824842743206233
12.359496009248005
0.5173452637019729
-19.235451543652992
14.525525884111026
-1.6512748339131775
-13.857116411417252
-8.212208148245752
-5.746329627504977
12.216655947754887
-3.6535588888191306
-9.432328462922701
12.620712658195515
-7.702968869604412
-18.613613750475203
13.869025121713086
19.065782769102313
6.6157415344674355
-16.285736249492917
-13.094068252907402
-18.557667039735275
2.4244368839487436
-3.995751004407971
1.257025967066376
3.787104266324704
-17.407516678621256
-13.160858532373382
19.657604048583522
-2.620479891597654
14.135759523932705
-1.3443713946669114
1.8991886894543661
-8.84017888788855
-8.75027357262066
9.225765122773083
-9.88974384297084
13.949143280561707
6.263101900339343
5.069013244888353
5.438810108635096
-17.447927777911904
2.6551002011389286
-15.14837194693361
19.049666742804177
-4.09484925419231
-4.184535948002562
-9.190253053607362
17.37850872496096
7.570249320383262
-0.6840255565959907
11.006812863877215
7.716460201126303
-14.614283053361245
5.6208908334059835
-16.57369564108393
-11.565126986096512
-4.2539275447489455
-7.4056964374879755
1.8245912769908337
-7.0845445465472245
19.898756187096453
-10.185453300763134
-11.09700453665997
12.431818815062194
-10.957670140767224
-8.678084033004332
-5.998648162638789
3.294733643917702
5.271566521229513
-16.325441391613495
2.5147679100627407
-13.9152756133382
-10.391198120946484
7.236045186897023
13.694428057093965
9.469513851493971
2.5864504733756917
11.093184248348145
1.1136002298083767
7.364577141466995
14.059933284266968
2.887838880202743
-19.780942963589588
-0.3819172942334603
19.74574527474271
16.093580158253154
-6.095055897901428
-19.375925011481794
11.581420364385387
4.968412201955029
-0.12467099401343162
-7.030279718532446
-11.306561658530189
4.285007854518913
3.293169327323568
1.0174297108444676
-0.25096506986629663
-11.498538133349733
16.02677259743058
3.3022351022842678
8.768925597892782
14.629471598328493
-5.657363608317745
12.774937798263366
-9.855067665713296
19.358697388732793
-16.162358151997953
-19.538655194285546
7.7325225706351475
4.941368918730156
-4.058900468304669
-4.342878131674496
17.076771523161995
2.3029638441635143
-13.062921302995765
14.974781140335196
16.664251687750273
-2.2578202326739216
-12.937179603687593
17.209145954147353
9.349252113104658
6.97050958206669
-15.001422583692591
-3.1323828368209945
3.913109848132983
4.052280269147136
8.25072451252332
12.156620557796288
17.171430507839183
-13.369217047599928
15.11501069603947
5.256192298636201
-11.41756545257988
19.981159207277614
18.110036912561476
-12.054729981438532
-2.3093345503066303
-10.254413808148065
-11.830005365234824
-7.630236003747516
18.40182617603533
17.612074237157522
-3.757202188366513
18.064193561826997
17.618428447902673
1.7776664676451546
12.061443110925488
5.685780636844555
-12.306375907888011
-9.132404910979947
8.37016330988294
8.906159460097214
16.5843640003173
4.799983915479807
2.205674526139177
-15.571228025267452
14.013366165085166
-0.339382688341594
9.673705574508958
-4.28111122510899
11.421200767720205
1.116596944215182
-3.7562831707811526
17.1020992203942
-10.094452677753818
-4.690152119039702
5.715839291286883
-5.185939928764945
3.0723453820020197
-1.210992530654277
15.357013157587247
-5.048685864983501
2.0590668670353907
-17.33889674344265
-15.352372766335481
-2.5577043044282064
1.5530295358989932
11.485397099886107
13.898854482483095
14.744974364969842
13.76505689068297
15.47678220860469
13.459519792413445
-8.053255124472907
5.553514761085921
12.124009593067967
-7.573921051077534
-11.830243069276483
-11.292899811836929
-8.810785882162108
-9.72747447666054
13.39610012791588
-9.52006345771177
-18.84271879260723
1.5608069018699382
-10.545505176200539
14.980506927570381
-1.8394828126647838
3.5722466793153274
13.916095053134462
-18.833447817041126
6.7848150541642305
-12.612394841479247
-19.351647045362157
9.253917769698937
18.637357731841405
-1.3187061221742944
4.172371721302909
-18.167869878405206
19.382444486297253
8.096953879681532
2.5916489490176247
-9.521441317951268
5.627607386934969
-11.796759189389068
-2.041773358772115
19.15530409407478
19.58100942083056
16.69697579929892
13.359539807929593
-18.91725843420188
12.637927139995178
-10.053379272533153
-8.117207580756403
8.889471520408168
-13.171836222109041
10.168172377729196
14.843303799142625
4.960427277669616
-9.055237674660383
-5.802235604504489
-19.417704821977644
-7.617399417450352
-12.872785659532147
-8.930268806407371
0.17474327390139166
1.015502444629167
-7.783946129728507
-8.77912002073196
-3.980009055909825
-8.491608267455245
10.409298091077048
11.161514902725493
-15.175698113393805
-5.350035268551174
-6.128221745938699
15.010216976349682
-8.20358786160066
-8.267507297459847
-6.671425125254293
-2.3348103635835784
17.170136651400185
19.929108338425706
-2.388984034394376
4.992085967952946
15.027972958741756
12.376383977323954
10.68534285489553
15.192265937504231
-10.756358702609973
5.068032290317287
-14.321193372270882
-1.9759224532429975
-7.797390331275036
16.96883634760163
19.508332807608532
-6.755199896430195
-19.80660008610688
-6.884036552441678
2.1178054617831634
14.691171095686826
-14.124607488027824
-4.2188645534477445
-12.171908664497488
4.989658823540481
-11.789651430691809
16.744840432043922
4.445725314926406
-7.064658938836498
-5.185888039559515
-11.626208141741934
15.817936179766818
-6.156831140648578
-2.6705841567848765
-10.049562665874184
-12.181247456126801
-5.311973892578807
-14.207526260321828
-2.9146521870789854
-1.8608220335869206
14.794424282767189
-8.895584288210747
5.091140286453282
-6.581651646711034
9.807503856029854
4.942846037166877
-6.278829901619577
14.50111308445041
-8.455582512328238
14.371899544540334
18.63322909366569
10.957088432523076
-18.702277941279448
12.81772458272831
5.057680761653547
-12.939553428691877
2.7184584484696757
0.4451723832549668
-8.67461066439132
-5.906905850554205
-4.87382320392728
15.674911772528233
-14.491143544673314
16.824179765476224
4.813106370763045
-16.226370988861195
11.737219237305283
15.676022551054764
-12.577289253585796
-7.129115974463565
5.948395382286861
0.5410994575540506
14.840933654177498
18.166994723325168
10.476541035380322
-15.613943567695689
8.69663772131733
15.660208597459743
11.063148872626218
13.092262766569917
5.441886435123543
10.767063683462297
-14.679961281965976
-2.8476159954032383
11.633285598943285
1.2972459188495158
14.599535109492379
14.896042433830495
-17.576946650018094
-14.586156273688031
-3.6666880708132013
-1.7659357221869172
0.9233424177789757
2.895748107875697
9.7665983604543
6.501321284631022
-13.146132395013645
-8.586706215869405
-14.234562875428391
10.113573380641341
10.869238477906173
4.412640039396962
16.289173233557626
0.04125590809927715
19.81320451026378
11.630728365789679
-17.632319419729036
15.075582710412746
-9.297217851231906
0.8751031012939592
2.3139139766799985
10.756076655000477
-16.900670706051706
-10.956393959001716
0.04219656921593895
-0.27618342198806545
16.757861122655612
-4.7235413883761055
-5.750951242102342
-10.31224283803359
-0.8749532054370732
-0.013560943358044142
10.556811915811942
-16.5991942458944
18.59514431989225
19.26333843522167
-12.688761935893638
5.193241015359284
3.953966952720549
6.602193365069006
11.31177467901805
-16.752774018916696
-17.57415736817674
-13.949117573058828
-3.3200776524181848
19.392535732559224
-15.720638231918382
2.2366719032493236
-8.78483559695399
-0.8945919327152438
-12.399162768760643
10.308447757152052
15.780424711994414
15.975365176068202
19.911719708160753
7.078202397517131
4.0370997203171335
-5.327450919543878
-9.740129992542146
-4.699658994031637
-14.867564811227481
11.99108079607198
9.643529055314005
8.594129126177727
-16.75576130746193
19.959987347147845
1.2807772077844568
-13.98371943602141
-5.326080649860593
-1.9400624704020615
-19.30242570810777
15.600909992614461
-5.7235963642877365
-19.729328843985044
-8.965287199295728
-5.3877079121041795
-4.900311236516671
-6.424961130563807
2.275296509118693
2.6376364406353545
19.360419866529767
3.7959828035953613
-5.888297522735995
-13.933555407600107
-5.275982266012139
-15.957619501696701
11.4919184185812
-18.646387415203836
7.121356615861096
-11.184454622914597
-2.497952115644626
15.690134254491738
8.744107388727027
-12.21757035114431
2.37764082536113
12.888277941855854
16.049833202798347
-2.4242344087031107
17.02650360591027
3.25029884787088
-11.013359247891671
-16.592327520865897
11.959180585127854
-9.30762437167199
-2.318152587800885
5.487291529559496
3.0873065751002997
2.1191761788214514
-16.633391240531843
15.067204744842535
6.095673576766792
11.779672400955256
-6.107046090686644
-4.570433896961497
3.83679534267538
-0.17512090862048169
13.197896402503396
7.469001432379713
-15.08063286087857
13.093121066646717
8.443703465839722
19.68073230773667
2.187919689902401
-3.3578204851103237
-11.667641402941893
-10.949476676502021
-16.115665334761292
-1.7352646488188874
1.865763029028944
17.423737759928386
-18.155332263776206
16.57234556061151
1.127518356713356
-6.838772122010637
18.863614634782444
-11.063900276601837
-0.6427094501603392
-7.689171262918473
3.3427173666679906
-13.841981980183835
10.29711394201584
3.1455923150680007
2.1739910687203974
-19.294490411769026
19.797056290883624
2.1379085062428693
12.255627310436758
15.446748015298255
7.59695672688618
6.081547178979058
-19.81666057994834
-8.298517601376538
8.685075039641216
-10.640115150819343
3.0456015213315695
5.007881356053865
-19.297924794993
-4.46123894629503
-6.326930416434951
-9.883919673140156
10.970066242719415
4.773106846316676
-13.044237804178014
-18.45085260495423
-10.970478870356084
-15.364599903404827
9.023425143275468
2.816123343149858
-2.2991478041149804
9.01814085192667
-9.072086331577594
-17.19526779392973
13.149759433189722
-4.082551026850364
18.357049258996312
9.889920279773257
15.881205518669901
17.62135475845654
13.081937681099177
-3.9441075580474987
0.5727851841788834
-18.958322524852626
-7.85791226581393
-17.54096388962299
16.46114950501176
-12.302656229808697
-19.66508336127209
-18.465110083948506
9.714040107174707
-9.382539276968856
6.3432344238475125
7.272487475872225
12.442310496556196
12.333240696052727
3.105268250186704
-2.59295314043921
-19.296332709540444
-1.9131188560045196
4.01602179645899
10.348699629554623
-9.260164131376714
14.898573751813075
-5.265707284003099
11.519448487994971
5.389186321016123
-10.287481649001293
14.311139845990006
14.287050233895599
17.3142508063724
-8.699086758905853
12.142840512172128
17.01839200507456
3.535121019383336
-5.371638400464214
15.844958890313222
10.193188801379552
7.262343436899069
-2.4395014109631
-10.12512965678745
-11.384654548330712
19.121997606751655
19.172283401124332
-19.458866176166193
-15.095480444882394
-0.20599317877377032
-14.568891707057091
-10.509744528824324
-15.312893926019168
-6.9105327760365665
-5.059876885202076
-12.67638326145368
18.554778113684172
-11.726848741957149
-18.439287171580133
-18.620071612147914
-6.389159776342787
6.919366313894347
-19.265633461181185
-14.04559931605187
-3.72823904108213
5.579871963941699
1.1519524583259653
-17.144434743708374
4.046234818975524
14.491671610841536
-14.28690056567531
-8.455569105850032
-18.176728247853443
-12.999186853609025
-3.1159785943691745
-1.44858917184564
-8.7869389112337
-15.364753463233258
7.46966640230735
12.703793260383215
11.806642711496174
-19.92114894505101
-7.931038700345381
0.956208854579053
-6.142603562351901
-1.6555829132827995
-7.876332664724369
1.099529579085761
-0.8443497317776547
-12.793122168337145
-11.44024156230846
7.287351881477029
-6.894032929732257
6.1086643855079075
-4.525776515266898
-15.594104437037277
14.27683483977971
-18.55190858852835
-13.89523973977948
-13.653926984865489
-13.217917917522598
2.1026470736921077
17.352120554373414
19.247381986725046
-14.520457585371407
-19.990506082287528
-6.054747640976505
-8.803984205649433
1.7415326364572437
-6.535079302631331
-0.7214446577012268
18.429570189971862
-18.926400126755695
18.97914274588797
7.0782826906377885
-2.1964648507480646
-17.984313833608315
-18.026156067223646
-4.920784643963994
6.550020144443689
-9.087489984817525
-9.886206576254665
2.0503759728588413
-6.0135120625531755
-3.902848714872057
-10.226607072569012
12.24493323534383
-19.004383238031867
-5.917756599338894
-3.5338400320410877
-8.085190230236963
-15.941406639526967
-4.559840525384299
-7.796260522504435
-0.3573473787139534
-11.940295651873365
-14.934370938031227
2.0949048688659424
-2.9783929898590316
18.39168439893561
18.619484570752917
-17.12391376897002
-16.427788314128794
-15.225318824421574
-6.596475738898523
18.146925525558174
-18.282290657996846
-1.973598125943795
-11.937473427720263
-15.37127630499775
-16.967144701956812
-18.701217498905383
15.770832126438087
-2.8394089560340205
-16.091154033493765
-5.517326610172928
1.9099381390337697
-15.49977346505543
15.913653751003409
-14.752975951767265
17.192557660375243
18.139164622465117
3.121666122002157
19.318701521922236
-14.806458125375048
-17.75721488810933
-7.079989582011912
-8.853110593610474
-2.642495014318026
-12.872500227414761
18.395396662261724
19.5119468317411
17.218468990922837
19.748414094342394
18.01210006929778
-19.844313091004846
-19.061267094010383
-4.128839304740669
-4.62671017703666
5.561403907356848
1.7494167565281344
-11.812195297620217
10.119456877307798
5.494564991135494
-16.31208187572435
-10.614875019076564
-6.751981135384133
12.112592664225225
13.892511844564503
-16.586716514114098
6.028892082120741
-8.468672999835611
-1.498852900849343
-7.66815348341407
17.710363645790054
-14.774462420568945
10.891861783135887
6.690917318933998
19.516594547694396
-9.527216486106521
-10.134735987138
17.148629526108678
-17.15207198582952
-10.905592314452432
2.299462588824305
-10.862463932782166
-6.570117162732924
8.926070141801453
17.20139020395274
-0.035593928667758234
-0.5198975072546439
15.793294611497451
-6.0073747834628755
-2.48657269532929
7.67770939257986
-5.366170429106507
-6.903475306408184
4.369914682322342
-1.657950366824359
-3.3430342876822863
12.481145862529573
6.617744773299911
-12.281540924464615
5.173485214469977
16.975613337529857
-10.195237115140321
-14.100488817044852
-3.4902202930649615
14.372058081882628
5.877577563394901
-9.911641206680093
-1.1030643977722505
-7.698779381861826
18.390168525309242
-0.36579442525188455
-9.892312649706367
10.727419366613343
8.43801640034195
16.561666798698447
-6.102633146871121
6.984751096752117
-0.16182469000639443
19.61433436764517
12.630489044551659
1.3918377693556891
6.271606081012617
-0.38412009491397114
16.32397111432347
5.93170467127802
19.86731423950922
17.650471595428307
5.912917494829713
-11.869505523867176
3.0553949315816844
19.40649829684658
-0.32092450371509074
11.519831441730673
6.715791998233456
-8.587819626106302
1.8566060983117652
19.13256397838562
-16.147999940653392
-7.150996302680213
0.4936751465155531
1.8400736180316528
4.193976116979641
-1.2791539216271843
1.0174616798995295
13.9508293269217
-7.418081100659428
-3.2833406489717767
-10.382027993448006
13.363732561703912
1.0677821580619522
4.63860378253116
10.594480749356489
7.566428361284959
-19.380234943193845
14.969105445306973
-16.837625733952294
-10.971251131169204
12.369094191537393
0.0877212348580656
4.926010509033691
-15.247836360992588
-4.20291722853646
-15.87888468101719
-13.421549274155304
-19.149887986329375
-2.118355944249444
12.355337172515618
-10.111240266286252
-16.30464739385491
17.836458491712577
-9.96977818445047
13.210360238178424
8.217222406163259
15.233146222437014
7.604935015806525
-15.458199729264503
-2.6071483257970662
-17.371880261429368
-19.50603272677865
-8.520606027661323
-15.052865510555208
-12.253953800505633
18.877037896622376
-7.686823821932585
-7.770483876023601
11.959665951120215
18.494391210401574
-7.533129740377994
-11.47272692100672
13.230001542353293
1.188415170341976
10.536880614294684
-10.665881003638976
13.347241606535704
-15.825110245870274
-15.503067111074245
0.4661777428471652
18.73109871277115
-14.937127747942576
-9.916041036072931
-4.337368414052584
-13.402457921761064
-18.605589939438126
10.882283220308967
18.787134428943958
11.809223997560132
19.45956725859569
-5.844241602467086
-9.229883026495433
-3.99716170142986
8.053911921594793
-2.5996820928479245
-4.726288373946797
7.218051151249831
19.442402480210816
14.610730806118944
-6.24562100751568
-1.6249765429743022
2.6630930422666097
6.916255716235469
10.977631005151267
3.7594517478222613
-1.5307824531271095
11.126697874024465
-4.457357386495882
11.75149648071896
-1.854404111216276
6.220419125628101
-19.48910763020298
-5.033793885747997
-6.58491909615063
9.953276252258636
-8.570903068420499
8.336927627428963
-18.821337475482007
4.494425815400852
3.8847979158211707
4.793020657417436
-1.589925701550463
0.4606907215371514
9.525291241798293
11.649345103359355
11.536475812156365
5.7072325526918135
-5.043194103772821
-13.48689068218329
17.362104841171096
13.335723524610557
-17.461414481387916
-8.402802317049822
8.233692240742002
4.3208662213531
19.282150736768926
-0.22516302602080884
14.390531783944745
10.407904589033965
10.12645513197258
11.041003309861797
2.0294944886769564
-1.1042906116693665
16.540410014091748
0.19708607143189738
-17.582921082715416
-8.400548281467316
-10.76153567458553
-12.164985567788765
-5.979930983513761
-4.5828512747736205
-2.6345577041586488
3.001953360777911
-10.21896666638904
-10.594653496458974
10.684495561142558
-12.364302748810516
-2.3276645408639
-12.439588135164907
0.9976625895820099
-10.70003509252687
1.9145167392494784
9.648205462793307
-2.837245325530443
-11.076377759013546
-3.3356449835069846
2.6992411327100108
-13.072731907484823
18.355971087580933
-15.877285490542095
-4.653329265620293
19.89600081747077
-2.4168322475218673
-8.503422275230585
-13.8984020109306
-1.5421076257154986
-3.2093669093300257
14.998891599753463
-7.642596189492181
-13.403175501790535
-16.722019320628302
0.9012082147245906
6.8744094200033246
16.962302548896815
-15.071595249139493
10.29695537674716
-11.162744682787181
10.391530854421276
-14.805127528158572
-8.977323463688638
-16.963619780716904
6.1260296071815326
-6.746356682298561
-12.176909238055678
-8.110431066506173
3.95244822905628
11.779838855584291
10.8045098471422
-9.709204370636133
-18.88809209234729
5.529984253872339
7.6166248680885715
-19.069066489904554
18.35642028691568
-15.318475686846927
10.277153874372289
1.483076649578198
-0.5145178027795154
-14.554584307758326
9.004397916400212
-14.413368851180692
-4.436162923741755
14.97859005639797
-5.810706503409641
0.8239674790506655
-2.983090755851027
5.873223448150743
12.238195038730296
1.1681089785933594
-13.345255219668978
-8.172620246075045
5.227897812602585
13.176098889403256
-7.175614827158903
19.062323498705204
-7.634563295204725
-6.281478723751874
11.082139507833183
9.432975089861628
6.405167991757985
1.9553459592090263
6.0693757221694185
-17.498456109077747
-1.177730478806346
-6.479543800782594
-0.34973340964144484
14.728076373619857
-15.68700451584073
15.85329210778233
-19.01726804798788
-2.1541355893492806
-15.59163065171029
-5.118423994304893
15.107184113833313
15.6484975870505
13.89233501847751
-10.302824173845062
-15.573606060466538
8.262825879356697
-14.037281749244288
8.56121452553272
14.79360996025455
14.55539745701983
-18.055902886567047
14.503776791427455
-4.39097869558096
-15.167533942224715
11.063889923601717
0.8800424752745606
-11.653353350810027
0.5446757384719412
-15.375960751030373
9.090849668770495
-5.001592879746246
7.6538210735364665
14.080126578087025
-3.280233538520857
18.93935319937996
10.318733736907376
11.35756400914449
-17.263826983640357
6.568532812806293
4.8132771096951465
3.247672235904023
-13.10728497143856
-15.25816083210007
17.297074058684288
-7.954334286210006
-1.0483031746175442
18.024230296787913
-15.073066902082846
16.8586284258646
-14.62598329695167
13.49082690619803
12.081976948613907
8.485010524105967
-10.092699225723534
15.923216940127688
-19.63625301037291
-12.30906149579643
-7.1095171509690935
6.445676808221272
-5.5762761092838
13.180251812444503
0.9108377244692107
-5.608727053453265
-11.68069262532824
1.3994051598967552
-15.246368894301066
-6.2089093874655745
11.731291926385694
-10.31249001253319
-18.327459701727665
12.703815930858418
-5.04765313344755
-16.982592172602438
-5.758740507016601
-2.5935808136776863
-13.073777781124898
-6.933618547227439
-0.04378854130507648
-2.3229329231256024
2.8580863701200627
-5.6302067268572
1.6878921340497577
-18.90063684704797
-6.717310776423835
-4.549159148398584
-8.55474143449188
-3.758965198791458
-6.285330529335109
1.6764953259202429
3.64040222963693
17.4193374158762
1.613443270705055
9.018475596611015
15.66356335993786
17.838453416412584
9.204017562891615
-12.181347517874554
12.642961334879935
13.731075391251153
9.281770305796183
7.235849302920222
-1.1674515094597169
11.231768913723826
-13.992586938059706
9.354953310668638
3.354087438861132
17.920145395826147
16.346083354621598
-9.82851928758297
-4.318582972602449
-13.103119187801635
-19.625743856568363
-0.37062955796837116
-12.332159610214166
-14.088618478530375
-9.276762959702335
-10.455175703424242
18.201005802990544
-18.476405958306835
6.572118129079406
-7.354747385458399
-0.28673579158719775
1.511305199449346
3.8088038600464174
9.078097730261842
8.67556070141481
8.935756965951885
-10.722475002816626
-9.963254196842776
11.007823962376762
7.420958554180579
-10.502440009895526
9.641129660311933
-13.541103257486364
-13.97087303320995
16.9749772852536
17.253453100664338
12.56484027482017
17.059042199063185
-16.997447397264057
-17.444866491073387
8.937461687349977
16.88093337496496
4.730338502883097
-13.208052510061158
-18.52787752878323
4.529993071258339
12.127510691326762
-4.971537697629591
5.998229001842748
-4.603697191391483
11.04754193339824
18.879543823314002
-11.791750403989472
-9.861348601418985
5.2996477576966186
13.226773648481334
-1.334752591368634
-3.112254551606064
0.5410909104269876
-10.346613805599976
1.0984913634870388
-13.617075723388696
-3.598984999503326
-14.795062895696866
2.98954782453918
-12.210590090438433
3.8501408784362177
0.16502566935599106
-13.385345026391938
12.494584021600367
-3.1030713925592224
-10.68656889773909
-14.711352285171566
3.1981745675981372
18.625557938596756
-11.952955003590716
16.39091609431857
-2.849933995412055
6.889042876377246
19.092108521114383
10.503333328312735
-17.901154868860058
0.9443014920001502
-5.682791913735912
11.67983561640742
-16.31492891358921
-13.308995526970895
-1.3700693584866457
-7.535906282721484
-6.897127582295539
-15.351103431052797
14.249039509844437
-6.367867356596406
15.689655083559884
16.03103069351632
-11.224216406451948
9.923346331149649
-16.982900774244534
11.128264832571322
15.689564137105215
15.673954572546592
-1.5762186732010086
-0.6213851933326673
-7.287469690601732
-13.943170803541536
8.350381872932932
-7.551122692699579
-16.313938731475794
-7.001193575812334
3.8713202358971444
-5.183505268815489
11.711321239752873
-18.71485271091954
-0.48808796945057153
-13.711050011529915
5.713043009038042
8.09430536110101
16.54882108670141
-19.619913392286502
-0.9848219647956427
-3.744737352590878
-0.3867229925349456
-17.875475685387237
-7.27911120837312
9.311661155383145
6.455603728251159
-13.028900380483734
3.194306859259054
-4.954810308658683
1.674436907380759
16.324069904742345
18.926702735789604
-9.446286472940129
-15.005550800413818
-18.51739317698129
5.711230925127726
7.729165176735812
14.09464653598156
4.790394306747071
1.1296578009916516
7.6546098016518656
-17.629794102528564
12.441929317763105
0.6639316454911857
-3.6084783363421664
-10.966548177884547
11.312216748897086
13.915993572136081
-11.40379622001702
17.590916593049386
-10.29391483819797
0.5687172070051574
-14.249910811081602
-14.224218935052555
2.6625291227715024
5.420744305572349
11.447549893011228
19.595964062547324
-8.769973082831317
1.6498719272659557
13.323030960542901
4.465562314101305
0.21638451926439117
-4.77055652063366
0.3506517737717729
3.198528449692766
-5.896495985561359
17.82226595322028
-17.21995810005034
11.05014868501582
-9.041478005359377
19.20344577130323
6.180275347417663
-2.2963466322829262
1.2021435705567427
-0.9710978095672615
-7.311374483967082
-10.000128930962294
8.219876061589353
-6.685736443244208
3.034534255953062
-3.793181232450344
9.674559068212645
8.132831728964511
6.854364931693887
-9.531924627639686
-4.100041684239585
9.381853745444673
-11.283196947980478
1.2887005002374785
-18.269015225325486
10.916412698823272
-1.913530917352098
11.736250924166931
14.70302583965183
18.193500648598643
1.0794673273008755
-13.217591462484535
-17.317978122563883
11.2466036589081
-7.463388322555144
-4.119812522110987
13.3861420949057
-13.474539877422508
-7.6491419623915
6.789477351791923
10.694556321552678
-4.220106467617221
19.413186668047388
8.005478483871542
1.7952170698553296
-10.67251204584402
-1.4205806410530606
1.6120362528607188
10.351779423041432
-8.2544030854489
11.50428308991145
0.7005488104751549
-15.254838990457964
-19.27363893553544
-3.85966733369402
-19.620218350633007
-12.001947599432153
6.7215799690047895
17.67150172271802
-14.024442490273659
1.5975568736579113
-10.899215061394862
16.33380071697067
12.937062474073372
18.8113316059247
19.72525869413206
-8.59400087957113
18.5664409687961
5.589217127336031
12.657682498830823
-17.830724117454594
-0.03847077222423678
9.024721246729225
-14.257784602902333
-12.409784762728805
0.5814591959319628
11.163068680712847
7.772088643713381
9.065121521734923
-6.598347147675154
19.806525315861812
-11.817409766755453
-10.733820653578242
-10.933697387056398
11.886734241994379
16.55501590180296
-1.3761493466824675
-12.647438165428998
-7.000365904684642
-7.1481395796205085
14.95036208515797
-15.717160932160965
0.739727794981949
-9.831029389511713
-13.211837075406109
-4.594087336070732
-13.936904565990238
6.218482026429953
11.56297578955536
-4.295069049068898
-19.838194581070766
7.738878354216926
14.406590016815933
-11.616008912027764
15.52240244215561
2.006084049234129
-13.76165234932043
6.521254529751172
-8.153183442181827
6.54174765516624
3.117479310324242
-6.5494632092379526
-7.311297012920516
-1.782932350554887
-19.60120013113192
8.545940141443356
7.024073440016533
17.836672851138857
4.081376665979889
-8.037937469342907
6.36399578213414
0.7438060453636233
-3.658557029756505
-10.875516300846751
9.251503450186355
12.91730662306891
-10.116810163161798
-18.93667431002328
-7.910979933377842
-8.