-1.7411721708410894
-1.4212328838067556
-4.208982056527141
-8.428787275290762
-1.2801512013514653
10.298449869291744
2.873709796312678
15.93922567105291
11.246366845027573
-12.118924425078683
-2.5789414843399
-3.122965440276957
14.9397668110742
6.237674800500518
-7.143682895853258
-12.632617906262515
10.816973159827704
-16.684542657434193
-16.951250904518176
-5.600711498804509
-6.550197123787038
-6.28974616252294
19.11948523285941
-15.685998755442085
16.922499442641403
-11.017743034767102
-3.865256530852715
15.812141061633724
-2.3358469919766804
13.019410302865722
17.441744460396357
-18.087424200340774
8.640509613483207
-3.4993846141008973
-7.122338910547533
3.3768690406249355
17.670474623750515
7.645506006637667
-4.652382229678116
-10.897858323429679
12.256615967929307
-19.514892176448768
13.447849015270549
8.05450879777856
-5.9128194046761795
-13.427342901349357
2.7019695417064042
7.978682271784734
18.17036075982299
13.937660499627754
19.497594126117946
-8.562158349170863
-4.358482445301819
8.610267477560903
5.153980087984383
-12.609109066462295
-3.330988801344496
15.84933913750713
-14.484214070693241
-17.837499069700186
-7.227767362456895
-8.292520553711352
18.882730646041715
-2.562623429591966
-6.522114454041477
-18.315724381098804
4.976550235588352
-15.805737731766577
7.660204569303151
-15.164263505556406
-19.645445238136077
-18.03732348566507
-16.43024823732711
16.422103037947252
1.0681996928255835
-4.597303488336433
16.43483154299907
-19.0591845781082
1.9068681563191525
7.44611820767021
-3.8729681375994716
9.766494779859034
-18.844123465322756
18.17002068891999
2.843458061183153
-1.1269751086259951
0.5604113345087178
9.629082015851953
-3.42336641106899
-9.447634725437437
5.424819926853779
0.42840391970508307
-2.1661152870923353
-6.01081335100584
3.79340044260616
-5.540074252859997
2.2667674019671544
-10.784497722038676
0.6717735646691203
-14.027994067032438
-13.686481746757995
13.812757891246036
-3.0459791250937656
-10.668655940637489
-5.0148481122324995
-1.554318341262121
-4.954380899684395
-17.392165000119707
12.156255597894862
17.69607699573025
2.957767947484289
-8.730901379891463
10.774823214584274
18.014688784649593
-5.512171926136213
-0.37215471146693346
-7.369242215587608
11.607369389403829
14.120136979541414
2.267080072183255
-17.791633051381336
-11.525012772146734
-5.10137731506401
1.8426335498702713
7.565304682414201
17.323908794937864
-16.88332835336049
-14.597127684794874
10.266972648937298
-4.36609676572607
19.792224093842307
5.928482993533226
-10.180500972515798
16.122595029206067
-9.403351364919894
7.688433569341285
15.236085274201841
3.100449595473979
-17.680266513308318
-0.12690001230577508
-0.18234554383735357
13.757969517480667
-1.5286287253195816
9.928337776745874
0.11788109723685025
8.862535017651595
2.3843548087578235
6.427339280107308
4.516351405881224
0.4830056575151005
10.359354237724503
2.367877665784796
-18.50310189037096
4.474628869019945
10.775564073539815
-17.6706782767117
12.609064003577338
-12.306930657554966
17.48715887866031
12.53231269962329
11.280786310775369
-15.551346012046592
1.8536149902709127
11.171398237780945
6.222159244470873
-10.195225788220053
-11.12075876633491
2.8061758318645715
-16.749086713125692
8.021212489719666
-8.951366910262436
-7.749999092600914
18.645263652562207
-1.2922430880943665
5.221910126894933
18.150368761430585
-2.890928267539241
-9.854833263245517
11.833319392360806
11.91377344429377
9.688214771181023
12.919811228440082
5.713136180264769
7.721702244722394
4.5511007372535985
-9.472565765432094
-14.175865714914394
-6.467583438530866
-12.082956873618734
-14.760844262945971
-18.697616419707245
14.77300763986846
-15.35360017835757
-1.692000260867598
-5.8527902051038225
-9.547762370650661
5.972753831944129
12.648080269966634
-14.034727246724753
2.3306962585179036
2.8014866297550682
18.412111344261746
-6.889726928022144
-12.786653584098847
-9.052855831076169
-0.7736750801681112
3.1395316109968654
12.95319804300349
13.645214522532093
-10.914605846455405
8.912148097228926
-6.572010132501633
-9.957444585029553
7.471955038357926
8.98220087362878
2.46408457798573
11.768534696239069
18.659014236733313
-6.717955075471004
18.62308885984185
-3.0032946516760717
-17.547153266303393
-15.035345005828376
4.6235370540013285
-5.999395879453026
-11.247035120934342
16.891715935129653
16.165989565046395
12.904578379773923
-4.915193581948017
2.6679492599624446
-9.740591451061134
-14.872922070526107
3.455324178089665
-3.277876209796947
17.084720891176012
4.4891877649200715
14.030517697077151
-0.10981527275572134
-12.507711195604001
-17.07208349181709
-2.372706357113998
-6.959679266388417
3.068123275710043
14.545224728786856
13.336024747293152
0.7308448945089552
1.3478820477204394
-10.88611184879988
6.7619793635498695
3.9906885873810154
-0.7754166927840203
6.789665181551776
-7.957707520738207
7.269520596168164
-14.013119510232123
3.9060386655874453
0.8098358991144678
-9.048338857008641
-18.06408297682125
-14.634157693142598
11.022411612324902
-13.080592629896977
-4.178773759777483
9.685205713285615
1.1075009217303098
11.641224031586141
16.762773725499713
17.30721496652852
-15.025241672926812
-8.796475719219398
-7.411166030562697
4.081616710549156
11.926457356418275
-8.094415073247863
-10.887928277835073
13.870995901326438
8.33061512899798
5.584606043305271
19.51305082170562
8.900745045873673
8.715631230528658
-16.169246491231046
-3.152919224100714
19.42396489371251
-6.8883122965589685
3.7936752917519634
16.068521583939166
7.819163311508952
-3.8665384118994375
-19.4805934148836
9.783029692029078
13.467861716758236
-2.8033599707351087
14.802153195153785
6.994092810280481
-15.671860945454114
12.258396180855314
-11.702688537057252
-14.585616015540737
-12.45861503901773
-9.385855756582956
0.677319702331868
15.125357099729165
0.19234114765366428
10.094698645138152
-0.9916441129393014
-13.704813703156677
4.214784464815942
-16.548358449360336
-4.41833372452912
7.811713831814899
-12.523476208804682
-15.725277583272996
7.678384252832018
-9.851471669202173
-2.7170326446597635
11.466141461158795
-6.7016335989197415
-0.3699475646808601
-8.759504914087003
-4.635111151612277
16.716860521092592
6.162630590519672
10.559123050103402
13.664924911489848
-18.06607876431744
8.829088646581965
19.537614192780723
-14.980636413504387
18.681238713829053
-11.136946331644122
11.832926916872921
-10.563254964688333
15.833369539105746
15.595785529363376
-1.728580117919762
16.557489419733706
2.639453208677498
13.604813328900846
-3.0486643798912816
-0.300714126335194
12.781058799799368
10.758417984752011
13.901797837425498
7.151061767784569
2.756711470386289
-14.914748736160398
-19.300204074623124
8.424349364863723
2.198417103956281
7.261828297297907
6.695302555689125
11.953472098080105
-1.8194577757926282
4.785933986825356
7.968854323396716
-18.345108633561242
-17.107129544912688
-8.187501502450099
16.975094463798342
12.413158756733196
0.21988539694401865
14.602156611754161
-11.528261082601698
-1.4138022278376248
-10.583287203550036
-16.034815127864483
12.974389120971665
14.883113969953506
8.983642953529383
-1.7763859293236166
10.606174808817794
-3.550916639735668
15.744214898311036
-3.318728860264855
-1.8460778740936803
13.748017796889833
13.066773500085404
19.755375212747474
-2.0133909887181574
-19.349642057413146
-6.645167130448968
13.967027775243274
-16.236645999211316
-10.36023664086942
1.021072068680148
10.849671564060248
-19.587007260125475
19.351752680044513
-16.862948596397473
-8.10090875216452
8.456306399068374
-11.392328302338154
8.813545874953412
1.7812792373549726
-15.091827658243755
13.47334099780965
-3.3396622809785654
6.686943578720026
-10.411315669668246
-10.404094778750178
12.949992399868073
0.2677204216375486
-2.037897001375537
16.7939525442266
12.159897227461812
-10.054633254944996
-19.94667913200982
-14.912937768697594
10.175782786065838
13.05528055648422
17.740868812047673
-1.8372389033841152
1.3178179494641213
2.37010120083276
-12.365330816271122
-2.8578522214439808
-0.0015191551573003892
-8.134800474980782
6.543107586379882
4.592353051628805
-14.290360523418606
-0.08162453498860245
6.6382678639641135
-9.049486830722358
-9.948907860893348
-13.74345384940396
-10.28334679950142
2.6113319606929544
19.635145220012113
-19.672127547747156
-9.233639020718893
-0.20880584143707637
2.198858544329646
5.085229630254787
12.625811386993561
6.970821247676152
14.55802920337134
-4.606103598240253
-0.10996358087714597
1.1036620948301135
-15.057840089160756
-2.407377042601489
18.33184749304892
8.185249418711557
-11.727317560403975
11.10369232600226
9.35705445834347
0.14757530720194723
-19.438742758609955
4.462654749981848
-11.311065260561787
-16.354364417719935
19.12105419902249
16.176913490248005
-6.863500069849877
18.786335368117108
18.27842754682606
-19.165646042062427
-3.4266855596100463
4.682696373996976
-1.5971382810225911
-14.772096387746938
-8.29661082864658
-4.41980150876098
-18.069226603271776
-9.36755862303325
10.597497389454485
0.9280591142447712
-0.0038440968066169035
-14.2128974971562
13.562384222615897
-11.572021808439438
-8.619037797803578
-4.576845476909494
7.280033503591881
5.285204230905318
10.45070355741844
-5.466733371732744
18.998007911920254
11.7425391811603
-16.920218493655103
17.957566827256514
-8.067100654301061
-14.086805612060296
-0.2924066662989375
4.468226776157266
-11.457379028671602
6.558002508114956
-16.375416348979744
15.046150403771811
9.811520563521455
5.164356013083985
9.670887284492792
11.354892202964038
-1.1650913153113471
8.383750656777163
5.516356396846685
-1.6588674585668812
9.609931390299895
-11.634723313477133
-17.409966025779347
2.511730770888697
-6.342310298947904
-16.727924582184386
-16.45010659537253
-8.185275868429592
-8.982365663945258
3.865519845596566
19.957242303744927
-16.843928499945342
4.441763286487944
1.9540345926038256
10.824428572141102
-13.271817083742267
16.817604513893258
-5.200733496361817
-12.767157337091168
-19.09208359156871
-13.809980536960452
11.096998634993792
-19.565178892508797
7.739016670537218
14.660431371611821
-19.962482932093625
2.096399198943182
-3.120944695581983
18.482235423147884
16.144792988711302
8.261525920993233
-11.803040242027269
-15.132606480836657
1.341009537383382
-18.348638721037172
7.639734491108552
-17.56066904606511
11.131582513555248
-0.3962034469624065
2.5739244853381678
14.549545589873162
3.2592248598347986
-0.6451643733516832
-19.325603722908333
-6.934412270615692
7.0618261828100195
7.8921544214077635
4.140653291509658
-16.206380382944552
16.86868640003125
-7.656224687366947
12.935881001018423
18.121127909143226
-17.020720413948798
12.045457908755814
15.58737662288874
17.71564236638627
2.6765556302007525
3.514650818052502
-11.065581009128223
4.685066099255877
-5.698322811235004
-14.276256725498314
6.193369727023388
14.020051206271148
-17.35943844454664
7.279737645842175
6.9517738782065805
16.200140328768576
9.312062769478882
-3.7292641465663507
-17.591557137418768
-3.1996961308658136
-14.146250859964624
0.8432960307446962
-14.175233007122534
14.84742357805559
2.709732632547855
-15.969203252089056
-19.73960610239056
-5.25329063646061
-14.472148469940137
-15.032304757647488
5.223913778181828
1.1990950398587188
-1.832685532559914
13.382809355834596
1.677713074483055
7.414194394277583
15.115685928043767
-10.24162243536031
-14.39119739009698
12.295658083074137
-9.868364435938485
-2.803284071107271
7.946361548701063
4.3446661969678715
-14.699597605967352
4.088994316422401
4.923771009102911
-8.577496609561912
18.757718895775156
-7.212360268892603
17.56224437568452
-0.9895668446672268
18.096112055367314
10.729228003222833
-2.588125307007335
15.812976233305832
10.626630897459137
0.5745774627537834
19.09951670040578
-18.505071932794884
-11.730845886171055
-10.496067669691893
-1.0514973867277249
17.000509675013078
-15.63595461100089
12.554800684338069
-13.760415403531745
-5.090704475866993
8.40363383050044
-1.906074793812035
15.86046670523389
-4.376833103803385
6.327008781225327
18.236503023082136
1.3773976651734117
16.995761334513652
0.2242757936210964
-17.8074439147096
9.560240252866361
-11.118636798139047
-2.0893442793878876
2.160422682343601
12.528799476897433
-5.344043970648755
-17.54194847308198
10.469422958094682
-7.831536829672782
-14.468866082363308
11.036118305082162
-10.313247991780896
-8.806917971990238
-19.346066278386992
12.528067698465946
6.745856914551659
-8.977399034789153
12.10325671918276
-5.9709200662407405
-5.447568334781394
4.388189180565227
2.1891054940407955
-15.762482012113006
-15.192710309076723
-6.0543874935531825
13.374671778124622
9.33735231892198
-2.7303517316976276
-5.629085798962411
-18.750617206843536
0.31189832989750244
19.47354157108144
3.852970953073825
16.523680030515266
3.8980331849462893
-11.366896513823562
0.41079380517810193
-10.683967061661752
-2.566462190366817
17.30185600550182
18.54886760651923
-18.516381786542574
-8.7915328598632
-17.724751690891836
17.04478809031375
-3.4210880152762613
16.323639570739857
-10.00397022708119
-15.751201958615223
7.639435178556639
-6.710275796975424
-1.5356789964491782
-8.7796153512594
-13.434894830383826
-17.211266848888037
-5.754166981075862
-4.939267494430242
-17.908014133011893
-16.77873764893093
-13.60786470991249
-8.214723952465324
18.80167089206403
15.521365787174261
-14.210035182236393
16.377170303168278
-4.481956874752516
4.202117608191237
-8.363579249669613
-3.9588281601874655
2.3503667091018876
10.510198435192628
-2.2355316371581004
-8.688114621164932
2.967366413459377
13.447016720120175
-4.837452982369758
-13.225819710173802
-4.116165082357233
-4.578021343738392
-5.808578356652436
15.737732612185091
6.643876983383059
-8.133108456996556
-13.416527524146215
1.4281283573438301
-4.728910187727845
-8.466827084379872
-5.596804635877689
2.2909338981364193
-4.101329719552783
8.171663017570022
-7.348967291969979
19.667750079583584
11.565892940881696
-13.152064607744581
-9.47589602829002
7.400654215697671
-18.59172907304455
1.2690119466219443
11.5765774980569
-8.433309362852341
-14.47572652112028
18.90566480542946
-8.139586953166944
13.936095299367267
18.066270626041934
-17.133053148883725
5.810936633055714
-5.9543454639036
19.633262277735547
-11.177498752324194
-11.321123821069285
-13.200371195427358
13.09755372485914
-7.165408919385072
-19.386183168698487
12.862705641542135
16.95895880866445
-17.03760377714719
-12.555148782269363
-10.628020718051863
2.1406169948332447
10.733713295955155
-5.265266366771861
8.757803961013401
-11.94946387404789
-1.6581595450819684
-1.7559931911948894
-7.128653757936556
-4.673685424205942
-10.480604375787287
-19.140922816569468
0.4805073878928532
-6.303286062183403
13.185147933218808
-2.458491210378881
17.95055688825483
-12.866323067272916
-11.217460036958716
-2.844011695857162
19.703124595284415
-10.328214884101005
-17.614290385198046
19.46772361450433
-11.031955332578285
-0.3103387253567149
-10.911479772978193
3.11486378430606
-6.369530525098703
-7.897627107418375
4.707105533940428
13.759534363050236
17.72201909484975
8.163916992728197
-15.75897419398503
19.478707084416122
-1.9999124079454234
2.9163746235179744
-6.323759586532475
18.15162976959384
-3.479701214342562
-15.28685907793459
-11.376389098548053
-4.521844978588794
-8.72058280714091
3.0854072827325716
10.943738310430025
11.8700467940795
-7.826087046008862
16.9256745680593
12.236554032257146
15.435360344861977
-7.5568290447912645
6.99436011113697
3.1958097643409786
3.153855887406145
-3.3316069313885386
10.703638989120563
-0.45957825919701634
-15.092766012383926
14.61304564106073
9.357449546209292
-8.542962242810756
-8.761534058126363
6.2743758496570905
-11.743316298968152
0.1270061359266279
4.8443553870816025
-10.66906823565473
-0.16337228714068885
-4.105800352237772
-6.867173223410417
19.029993289611774
-4.557995737321523
-16.90816994735318
9.149870925563242
-8.165134360913013
11.426330809379127
3.242001829754745
10.778673698260167
6.634956862741866
13.985227707991527
6.9623437639129975
-13.010275310617082
-17.101154569296728
-15.670684099359239
3.5894680475689
-18.424803672533923
12.009600352969969
-5.384478277306716
8.525136376454867
-0.29505847474911917
-5.274612351145414
-6.8046984222750595
-10.66408106876752
-17.709858215770886
-3.5635497165377217
16.93124165528318
-10.518446979830319
-4.514903439077646
17.033777255581597
11.549558653889495
-9.41306397145064
12.582347485008185
15.879767806849841
-13.084105398680851
5.790844448501499
-14.247468182519345
5.856722125730371
-2.887745366942127
15.94131727920189
2.397502700131863
16.441057508758547
6.502327367412576
-17.891480090823517
14.442874538901087
-14.61457700810097
0.29317446049623896
-14.466992277153366
-7.275464708670828
-7.813231046187564
-6.017646663663632
-14.300836514301704
-2.4473185952983947
0.7275541504582463
9.374135245415797
-4.353015722215385
19.94101261182876
-6.185238044882354
7.029132007268252
-1.3472849208273807
9.49477602641042
11.671550770360689
-11.729961941367137
-18.61389576460109
-8.462681033608552
6.588952025112334
-0.8813921169455199
-0.29428995636575905
15.102907993385074
3.624352929493071
8.753869696372107
-17.62583165611826
6.778276487728448
5.637222261313944
-19.48349208212951
14.641563215182686
-13.317077972121698
-4.602391684011305
-11.961420553760025
-16.767354173356082
-5.132706706852343
-9.006270116178584
-19.594855235019715
5.2447767376238374
-1.8769935876932706
17.666490515890032
-3.6324210415883442
4.282187006047316
7.069987712342364
15.443056078199959
7.694334565266171
0.9643112091144062
7.47635188356228
-0.15206066168307686
15.211540185887046
9.021877068144644
1.0842088625312911
-3.543449948086881
6.085403856220335
14.527267035056639
7.342632485983792
-9.081095204068141
-1.0111466864733707
18.199711971770903
11.992708619774504
-3.845831167857419
-7.639783202237872
-12.152822384088019
1.0943616601823507
-6.509986970197822
19.187626753940044
15.676370618789377
-15.342869357742712
7.273664094876381
0.2981389223256947
10.106889185888566
-8.340010495645537
-12.395632097461373
3.1492929988132268
-7.64782153942631
-12.688719745881425
0.2709267865314935
9.427274645834206
4.538454610880777
-0.16962036415328186
5.364734635266974
-1.4883950233163965
7.298982938138053
1.9475504447929914
14.656876359460668
-15.475248326624751
-13.134063446017471
-0.5985653194411071
-3.2586262051377624
-1.4515820004089441
-16.73997797367892
-1.3661132336763728
5.373901885709245
-6.122018329843485
1.7330467932214653
-14.167122049946181
-12.786260788538137
-19.669313620367408
10.829974952586227
6.175097101124184
4.5574418918578665
10.956703105469469
8.016102702556019
9.284969162889062
13.597625527091886
-18.288562505869187
-13.503932863532606
13.668206579292928
6.807687519573847
-4.094826028191253
9.984514549273836
-1.9063969498353401
9.105857797846255
-7.070372872830157
-18.137723947828714
1.7571180011062317
-19.456999128497362
8.28994196840181
16.523133883247787
-5.167908177611089
-1.9654595406890323
-9.288876146716468
-3.9801775973932543
-19.040168984726
-0.9718566907431203
14.30264528290774
-1.2810658567066042
-19.208986871404274
-19.180051839577015
-2.507499423317814
7.692993656054064
-15.000473486508277
-15.836396541238646
0.5462936614195399
-11.29097878982314
-14.577580989875042
-18.646622805616015
-7.441074688681066
4.681044145258937
-12.558367953638697
19.48127940068965
-15.791391785538757
-15.216336153200904
14.47057788973261
4.646767184469624
16.458348009514474
18.967508616710454
-2.2679742244490875
17.934876268247763
-8.646505020174988
-1.8857394324943222
1.5249995392196034
-4.415234142661708
-6.469077018967614
-5.257337748508576
15.760265973786225
11.408760031420275
-5.154203304491162
9.625341290872473
4.10359369765294
-12.201836387973541
16.459767076348037
8.187649865167344
9.359415340107816
15.378887394286892
-8.602973835648942
15.114697460249985
-9.138214659612478
4.37494045324733
4.69586790199164
-7.579929773779689
-0.8160769554274161
-16.429247370960155
3.2674582088456674
8.477932448718594
-7.853693764072407
-15.041084238722942
-19.559410148116577
17.461287840352718
-3.4822525823731922
-2.870471586758221
11.503793338675852
10.399621205341688
-1.9720514897432793
-11.426796423280624
5.558016413227346
2.021135001742593
10.290599874724037
-5.790310958070899
9.813566273484199
-4.906881545109542
-2.2522026849451073
19.127012905178262
19.92825092697322
-15.671349093285603
-5.188081286365907
12.718154456425374
12.893698889748876
-9.183682325164106
14.990167221279364
16.266996012433175
2.91900203964763
10.193153056885528
-17.414291473160873
-6.981111597121302
4.43741592764561
2.865997887203644
18.804098729022776
19.709165625383612
7.8768332506814005
-15.716082260801514
-16.86126471688199
-15.520155768517725
0.23699869825776076
18.499800958575392
-10.324897546489407
-8.913377744872149
-0.20479402909167987
7.895050642359109
9.673822008776519
9.479396136033188
-18.79764877026644
-14.382080075301227
-0.2565277015595555
6.406203246631712
-18.39663167693571
-11.959060875741532
19.17709230028244
-9.906004887590004
4.601165220207548
-14.763296581982077
-5.524689690170138
10.496248388928791
-19.04870080288623
-15.442409639288378
12.325030179621358
17.586013107140843
-0.5265973353828421
18.560655084730065
-6.778800678064636
18.17647755550648
-13.421469274388116
-10.82930364319703
-9.343256080035998
8.905205027194086
-18.03333542906198
3.5632557928835524
-14.758283748536783
-18.924980660574676
16.89384306403501
-3.0908194875829764
-6.8517154995094955
-5.650992693248099
-8.851968291986733
-1.553720364558778
0.8781885558330842
-4.576864365859281
0.6278182234491716
8.096563988972854
7.0501923531650235
-16.906050279878194
-4.3519430457603825
-14.110627360608227
9.683995519287706
-1.896218217082243
17.404909166479868
-12.932369206476055
-10.819094517700245
-1.6481338521615996
-6.525075764765621
15.590531381656263
-10.150790773967122
19.746327725934933
3.6938303811084374
2.8835861695099787
-16.913653580514133
-13.987351669027213
-12.688942703325324
13.236678230115345
-0.29277694034211876
8.32808026387504
2.7835032786241385
6.847537629557827
-6.648019000795635
19.915622971747084
-4.312922745002163
-6.952113299468742
-1.6334043485007008
-13.349519733959632
-3.15275956709932
8.237298261198656
-4.022381162161
-12.534375438588343
-13.837557154745213
-12.407987334778356
-3.637316529639243
-11.09400111513307
10.391737925051924
-7.026204083817289
11.021395200650637
-10.121489200026481
17.19567686996647
-1.287178538895553
13.369895244401185
6.5894016412556375
9.95597131935726
-5.299458680488748
4.594430386715729
-4.104630887464369
19.62338526559023
7.752677842590913
9.619153822572123
12.67454153986484
-18.71347329123408
-7.164093496027274
-13.26944923018662
-13.982227162665609
-7.087711378421865
9.768227352696847
-11.409691185616984
3.8659909682557405
10.088401508046196
13.150821838417002
-2.2379432653796556
2.013941129028332
9.047748365118792
-10.03698924170859
5.610085047657677
15.771295128152069
17.780797749849228
8.29642575890249
6.737984377112738
15.169969740321463
-9.450733685110828
-12.404739781095673
9.885971195133443
-1.8220697562745691
-1.9711160323004115
-17.117320747973856
-19.03510178964234
1.5264868261299682
-19.517063377741835
-13.217751802523253
18.65038196052997
-1.5692667336085009
-14.183624693538452
7.301334596526864
-9.776358118331942
9.660669177113185
8.820650672253873
0.9686099193979594
-17.164410190893577
9.215315516896748
-14.540523861422315
18.68503263885183
-14.205353422143489
19.076961069058235
9.156773565296326
6.227952680977339
-9.21253708647023
16.06285008117503
-12.830553986629937
-11.210185634260785
5.067320126427827
4.851990022187902
14.520891188715929
4.798338463390486
-17.823554025921197
8.97105676770261
13.379534949308265
-14.870826231316862
15.423744613030735
0.44828539719750893
-7.188182304838646
0.04354736078223809
6.3422179810570825
-5.699431908010046
-3.8688139389968086
-0.5817231117561086
-7.018147943192341
-15.19218651244441
5.818426372098902
14.600987478424742
9.671573610767808
-12.806896641541798
-5.364762262897411
-12.648423585495205
-12.823863150581714
-0.5660152711785038
-3.3422075601220484
13.245216808398453
-16.74814914731593
-10.34602342892208
-6.935107727747912
1.3410785312415854
-7.084487880054411
6.451818306756934
-10.926582081453521
11.025060648623388
-8.991252562352665
-7.1927460625177595
-1.579914975945492
16.12399554326879
1.8155364148791655
3.613802768063003
4.813988665240224
-15.804279798525457
10.897243310768438
-15.798477215050593
16.255418022379146
17.588478357986943
-17.54575274342372
2.1072830437741814
-5.591419442815905
-19.560108660627066
12.286894921477106
-17.466290070672663
9.226188066777272
-8.285397540765276
9.276010567229385
-6.800034886590257
-12.4044818350057
-8.834122908963774
-2.0479339378384296
-12.781090404917421
18.76364269834979
5.237084251640923
-17.869375695755195
1.286207624036475
-11.851497373462689
15.076261516792613
15.055203358276763
-14.401624854052075
-5.078892385650269
-17.16209179292338
-16.82403692796768
4.158587676953136
7.368694764717564
-14.281830518950684
-0.2860234639342636
14.072535810046325
0.8653522644595704
-6.683320273050057
-4.771398098532952
10.990078920539155
10.95769245220755
-18.739843357264505
-14.698828433579521
9.405679199805732
19.29947007812246
12.099828449677553
3.222227958378575
-15.123669117867
9.63547818217809
-17.31170658197897
7.025489169759908
5.618976974046447
-19.408623770766802
3.0439367269837128
14.108405017071753
10.575613716145583
7.067558789939628
15.296844073977105
12.015411609110899
13.437892533597548
-13.989383414604246
1.9684012601730885
15.750744187828325
-18.998933175726854
-18.289266671441705
-1.8470403733175402
0.27485273837192636
14.23037913728922
-15.922425626938992
9.106990160669845
11.774727145460822
-5.285292742437196
14.692836573136653
-18.78687129020447
19.405513320281152
19.499195147709912
-10.4947281013755
12.01843145362541
12.551689244536625
-5.989508385626738
11.454258375229472
-1.3577182525184455
12.451461330038676
11.228656464087393
-0.054636929779793064
-11.124992085170295
2.0088301913819997
-2.2245862331876793
-18.30591186116238
-2.908170376526243
-6.984478731439667
-3.1296488310182404
-11.52938995432013
17.449843489066623
9.77398991989373
-2.444502884974291
-1.2152643263723348
0.586424374587601
18.871825461106027
18.773848189614476
2.6747573904318713
-8.23196200763567
-6.5971512542655795
-10.705680699939876
-9.513783862857723
-14.78065434993968
7.61862682277836
6.256568557592523
-8.615778581185598
-1.4559616483492306
-1.5932550277835276
7.734164309805909
-17.662213917264435
-13.937714395737352
-15.017436909302582
17.4586145689642
8.34569344742988
-12.638428377810884
-12.056625281998414
-16.443462634878635
3.025946714427718
-14.030542030983653
13.34237993926692
18.382339878801503
14.114097273594254
-3.524923994220771
1.0682634412836407
16.290206457797332
-0.16211933781161036
-2.723653953716113
-16.362221641084037
3.9989577219794903
-12.749226593431446
15.055812234764254
7.858794498493001
-4.769380310567261
8.208104922386696
-13.180338066922971
-13.206297172694828
6.697775675865309
11.668514065059536
2.6512052498092586
9.24127466220213
8.899022044722674
18.077729304975215
-14.361587833369995
15.47560219348862
-4.043158873661813
8.906681941888653
8.55711856354981
-4.280884655855619
-8.277930584026695
6.230962504665769
-16.937993225418744
-9.292452182844247
18.804315410216006
-16.42940139036542
2.1395020188759553
0.8129266578441232
-17.729955667132092
-16.77671792976342
-6.743156333504459
7.074302044837992
-3.974828067961262
-12.364235200683718
-4.5083749515849405
-8.734552365552641
-7.22150696885369
-1.514949957020228
9.319974780234691
14.10060329321906
-11.236711285756527
10.744437674823327
-1.473750979865347
-11.740269195089734
-4.474703705419682
13.223610750481143
-9.240031749321211
6.824232809060607
-5.324004335829592
-10.151707526469899
7.265445553320475
-0.5011010364178468
-3.8915791375593933
-1.6329345823499573
-8.547745240580102
-7.737665380875747
14.471042343763763
9.663577770908255
18.854487568954738
14.47322387523505
8.981729889516078
3.6401936028954864
5.476951299712063
-19.517804685338863
-18.441005228328248
10.817986014097379
-5.525198051332843
-19.91167252286194
3.6692079230026735
11.640160906041356
-19.923684667378065
-6.553379177992355
-12.045447241754683
-6.371075596410968
13.777548326314978
9.501576679964877
-1.167001541657811
-10.235006962492207
-3.212609583916702
-15.629282630943454
13.911079861331615
6.654580546872872
7.0736974136748785
-8.18684745298528
-5.665608316673234
-5.0895054887377675
-15.135116632020399
-16.333029978293794
8.494879785156144
17.19310542668667
-14.12148635745449
-11.998666561003812
-1.464004702200043
10.25132483210658
-8.274116959106665
-15.467806410806762
13.766769352405682
-0.9280363488335297
7.2050088748313925
10.36822771800874
-7.174812290132962
8.339342580426383
-9.078057306535698
16.39729486470452
-2.0877726358458517
-8.967611475811168
-12.645742697430311
15.662423295459455
5.928919858959798
-13.362095094899145
-11.810760412315569
7.751941062312806
13.13032954673131
-0.39863657249598106
-1.0239225759787196
1.8187840173312075
13.578224137247489
-16.966574445005598
11.027050960509253
-3.03380134226936
-9.16155863580309
19.415309891628397
-0.7424382958464193
3.1405470493371936
15.795532308659958
19.274558946304857
-1.0295056312490658
14.299167046178972
-17.749222731660467
-15.572449350497246
4.797489015693248
19.116205333745157
12.520160309512583
6.476071030021124
9.313782806592368
12.55081132143603
0.43428191963661433
-19.5792765210236
12.100795149034631
15.643240235237442
9.098777962457966
-18.61768252212277
5.741266831553908
9.262813056009996
3.149277732308331
0.6168313414707924
-1.8987280208822277
-3.789867577939315
5.665381728537607
13.371362889789673
-11.040880239072571
-0.6930685677864759
-14.571365941369624
19.902892797522497
-18.79009491300422
13.575810204525133
-0.8753471652120801
-8.335782949612742
2.663787812699141
18.873391323483247
6.899748514869593
-4.619730449883566
-1.0729708365023605
17.936197600294392
-9.324991494531059
-11.36877504095506
6.124219555568754
14.153184674375844
-1.0443750673614218
-1.6099223171500263
-3.011772527760602
13.42362574171996
-19.1965711039667
-19.558577104617065
-9.818807788378447
7.93299477331194
-5.165525523229091
6.109246296628662
5.820905302636351
-4.512898753298833
-18.210717883520246
-1.112589587490504
7.028410325488707
-14.994807348008031
1.119181387882989
-10.46969692020701
0.22814504548502867
8.065674158813366
16.5156224947689
-14.66209084999075
16.84343655882929
13.503694837890343
0.6800842345010878
11.20284967579829
-19.814713325007247
18.846039574712293
-5.576312006393525
-17.159105412913178
4.449536863475618
-5.2397969823371895
-3.8576299500427282
-19.34765325164262
4.351508672805995
-8.348428214613408
-10.292613495605965
16.72262696199546
-16.29899368412087
5.081263645343341
-5.517855309360922
16.313652173777363
5.970364694967543
10.96566536696784
9.053042519875419
18.97947454000954
-16.888403302753453
5.191064488885139
7.184196230492823
-0.6672353625785448
18.120699804589812
11.975208797819196
-15.387851051483622
-10.408817802438692
-7.659721166210343
-0.3553512979204889
10.863986676727222
-16.608147941942466
-15.629860693858673
4.660018088981012
10.026716335541433
-2.802256893932878
-19.05116884394744
4.1229328730396055
4.990079304739389
-7.513836557329636
-3.2087535464799615
-4.380486758346249
13.663737395575765
-14.3799606481833
-5.413865280421945
-4.103373544079748
-19.116606214079276
9.146475739496587
14.16251432296123
-0.4716835152056298
-0.028628390558409933
-12.161786965154056
6.552725783265782
9.78956367479105
19.136139405376454
-16.196426397491315
13.422639141338806
19.923319748150206
-1.7230574661533709
11.337463996935128
-3.423711013351415
-9.218812621879152
-11.522175538022235
6.4955016657715525
6.623385895516357
-0.5351892159379545
15.66185303087957
15.289686133938936
-7.053592742327925
-6.759436743576174
-16.241744316718986
-7.209223391292344
6.095894483000961
13.298768705736236
-9.528042072348356
-15.797501783954836
2.6985792787099214
16.642305842962145
-7.048624448530383
5.961009914665407
0.08837247635637979
16.28932710773335
-6.728887991284353
-3.82550443667742
-4.769407555101441
8.611863020181051
11.595455130559074
14.097958860484908
18.099568226097908
2.5308786293089085
-11.707774142252681
12.705373514923004
-7.148021652936173
7.383593892325738
1.3049566287731942
-13.354094123581781
-2.6658491579162202
-13.197281216691334
14.134883432861251
-10.03313538948737
3.1566565460928864
14.368735594625626
-14.179718963980758
8.818835883640755
18.700288205717733
12.505784078056145
8.798591932804747
-8.213710777854107
-11.801658604951037
15.072678246551305
15.577155298588238
-18.66759600652238
2.4530191930259626
-9.798740483773667
2.135474980448059
-9.906488772121143
-11.652156642909773
-5.421049304263864
-5.878933770092495
-6.8499796070827035
-10.032773034595955
7.106320664771765
-18.78507229142803
-7.412291428731411
-12.007871990011395
-13.564198508428742
-7.960009805360322
2.547296615062706
1.7039509078819783
19.939059160967986
-13.154552798065557
14.884117809509647
-18.688622078041863
15.599545222657866
13.031233201685104
-15.533178562619394
-13.892227109940652
-6.979310705147416
-5.281614825624615
8.322757836821179
-15.253071860610845
7.052802476451404
-13.787741029839182
18.214426706351567
-7.220196413485876
19.12132920734819
-10.123703640347252
-5.977447536945309
1.0836477906829636
17.698089700805085
14.607686771486279
-5.771773900994074
16.626815015136437
-7.402809886879943
-0.4590583782943227
4.36371354762203
8.314349828293341
1.175756294398699
-5.876060979731154
-5.02616417187291
-16.334709380558202
10.737135487349146
-8.844782307527645
-19.182962278577552
-13.412367668815289
-11.25470239906004
-14.666090901917661
-3.782649282858692
-2.1744053929230986
8.948784186070089
-8.05013562006543
0.14467155655765396
-10.165323509125326
4.74302212600346
-15.110940144694531
-5.829096420672801
-18.706288978867146
1.2536656870818987
-14.01033206017322
14.887006690968711
-17.2110050492659
2.4427217473163623
15.393473365652056
13.192229626311153
-4.870327033504754
11.983977928341112
4.911416544460469
2.5744728139491926
4.220148869177159
-19.77338748192095
-1.6675067932670657
6.338809514594956
8.398956045235138
7.16964576155593
-1.753833539551394
9.239281276413319
11.051090794893476
-1.6524236985827017
-17.12362216173057
-4.28876750343305
11.877481328697073
9.588149743240972
4.223858835990239
7.6246965450332205
-7.325769219857863
11.232386421181921
-17.877144992452067
-13.644785089837534
-9.384725173298474
18.194530928536196
16.73272783041957
1.5226742338758825
-16.11608063721662
-15.807430952369446
0.042970053807700026
6.207079560155503
-16.5020740563844
4.339959126874117
3.344889576123798
-10.92280605006524
12.744023589259228
12.669038403615154
-2.6582390141658827
-13.826115655428959
-18.922151217956163
12.07130531185566
-3.6136526523684083
5.750366040480305
7.187615996600197
-10.415010610240362
15.709033583575248
8.482236580454053
-19.522700452153977
-4.544678185024988
12.000847769810306
-1.5988907054895698
7.563860781694288
4.192172097051639
12.321013949749712
13.935117727382952
-8.015411908277606
8.878017057420582
14.82866695508303
4.894021965311847
0.5648609648049217
8.704799084307552
-8.370829794521857
-1.5761257042361194
-3.1171768155674506
-19.91761691934819
-18.39445037495412
-5.373359464342883
-18.677367237134277
-8.249842590870973
8.335375975633813
18.847037923914883
10.94392379882975
-1.6816689026066065
-7.574025447154726
10.568035884635933
19.068957112678866
-19.97165021811943
-2.8985386038888237
17.64695797102766
-18.04861790337754
-14.774961497291198
2.2699597800600593
-3.797413631328954
3.5152947548237456
8.150661805695279
-5.233418100676289
10.304046212985071
-2.77335354011063
3.2564840893397893
-7.3947846054146495
17.974400164799007
9.116767854829703
-9.389459612486828
10.691951079528394
-15.684673465537017
15.80863480136825
16.292109674800116
7.394941183632312
-16.34650402322695
2.018133935718023
-12.266062905491912
0.7378842064044662
-7.499829030680294
-7.490403893022201
12.901019178897542
-6.811999322038913
-16.489121657409036
-13.575500550337276
15.988672539444742
-18.620133543384544
4.7126814333510865
3.4491947061200534
6.477048368634794
3.8370596054774637
-15.45609881344543
-17.659293172089892
-13.409375624323282
16.484294123197813
15.159620687460006
17.289155515313077
-15.35186798272135
0.960640641808375
-12.930625049287237
-3.0009476956347
-8.591306808362917
-15.839724659495378
-14.327133929030342
3.0670410823724694
5.208879809637409
-10.711731823474047
19.479736849779755
-3.517327536532978
-14.68487363045254
3.1750035498525833
9.91707270432563
18.294745540043323
0.1495422879155086
-2.9097348188374
4.679049722078879
-13.437239555405966
-17.571910842372343
0.4594317102897172
1.1252631570827312
12.274240040063525
-8.51390474795997
-2.9189589136692895
-11.397480062125837
9.933878848675818
9.945898562386436
-5.753695350106348
19.78849479226507
-2.4162568596136005
11.64321250690994
10.144024302076136
-2.3213876109234093
-13.48023685687021
16.44652043625033
-17.95531948743114
-0.8451715151316535
19.664319545168198
-9.301100302636334
17.484892148836046
-19.436778511381718
9.525348202229871
6.647390723395709
-2.6034234099290288
19.783581292880818
-2.187120946616872
3.8519196569319547
7.44377752329774
18.909763524765168
-17.771265000434873
-14.261655248229491
9.427074835478571
9.529599434444826
3.4587184983574915
4.704504441947499
-17.568066003249836
5.679318467462416
-19.73116144569159
18.025426596964977
0.25492014650909667
0.5878912303648107
0.19246389972841982
-9.835374433688578
4.470264808454726
16.15149501913274
-3.625505030118653
-8.822579656306946
8.607115794980746
-10.293811314915047
-12.763367595829965
6.693386550148595
7.822436405477546
-8.756001148021713
15.35672291849285
-0.8042286417512088
14.61137247758841
0.16390368960243507
-9.474795665414959
6.846067060164209
11.35325991424503
-4.388674347795716
-10.307601668267509
-7.590348377971189
-9.524156426728352
-13.257979871676433
-14.198653825848035
5.174656033378525
-16.456095731972937
1.2066403080314672
-15.208711509184138
-15.578391556111262
-14.805018209136684
-8.074808546689418
15.503493755662362
16.701119754231193
-17.894813697347836
-12.820851768676093
12.573422110798603
-16.141733869578058
-12.968715216113775
-0.08762340073879926
-14.047865086969686
10.562005753839866
17.509656066565157
1.9033025268916894
-0.8871251866741083
-3.739341008167063
17.194486146496587
5.837561446578086
-14.299329189302622
-13.034995305642788
4.361349810120593
-14.525857341922727
12.253391423719734
-6.065637836445328
14.427792968860928
-13.927856103921021
8.119815779386094
-3.3870376241996745
-12.548428914712947
-16.32589003812751
11.071494604882439
19.05422408236125
15.948324506825607
19.719742210026162
11.640678043007657
-0.6215397321046687
11.206129890812004
-19.241065707303196
1.4942262325256586
-10.767897422036569
-9.488044605760821
-9.447427148239807
-7.545037521440747
2.727716046008407
-7.393334968857342
7.522473093716869
-17.279240792811592
-13.150076885831488
-2.943887572818447
-7.732066936003367
-8.99265628270619
13.949393774036444
11.325864477255898
11.051797899301548
-11.674382791000927
0.8075009384740071
-5.520170537535819
19.07564601688606
-10.23532454750284
-16.284595359204864
-3.0515770728905665
-13.45938092761433
-19.068752345614975
13.386602916496777
16.02931558214418
10.39649228026984
12.073666647759993
11.417472707534017
-8.912893926899518
-18.308386063177995
-2.8662557725755704
-16.59095435089343
-5.256578621204255
-2.2759583508548786
19.783846858847895
-4.756764217506024
4.018446258235066
2.1688586322180754
1.991695094874629
-13.049661591062186
7.631708677415929
8.98151582493088
-9.382759670281096
10.01477082582683
1.7468650734656563
1.2130311843543353
13.553141671299727
-10.298242688441746
-14.75559947484248
8.569450243008955
-15.450979693143601
-17.04846153807267
-1.3810115828249252
-8.24292722697933
2.21934408043753
11.051415264363506
11.337433631636053
-15.907021486151042
6.658351170268723
-8.923510044681837
3.1018791496292764
9.520805338596663
19.27325518173079
-11.426732795243346
9.263756952453509
14.726810435739381
18.555056116457408
8.827302627745276
8.568562449346253
-10.285078927240775
6.61756625824129
-18.00862311019147
-1.1245706414948415
-13.956180364531004
13.38115858668634
-13.204617241435628
-9.524334990415815
-5.922524179487025
1.6977275490802413
10.743703723212057
8.00306525129588
17.154204394927206
5.848329623441522
16.04492856944863
-3.7920016215493675
1.4798141777421563
-6.641139509063979
-16.275949551893234
16.510977313060714
-16.134276456745514
-0.9897161735798647
-16.549516909196342
17.008669153123563
3.154922718562844
-12.938456510337089
18.96694235085603
-6.98939473034876
-8.340750564447736
12.401646370117938
-19.858579906793818
0.45687203115235064
-0.08771651914821632
1.8748592941003928
4.16277179484446
-4.9683736714264
-1.1743765797841306
6.6511815176581415
9.412580792155861
-13.915079798279448
4.774117058374344
14.977928331996608
17.29203904997034
15.454341755215296
13.996318830513005
11.684253879021192
-1.2622337172428786
4.353297368422911
19.097158905089145
6.373518754338882
16.05932271656139
1.7466303840465116
12.575375282662002
5.342895612335745
17.3858435195188
-12.14053551871145
10.352438441106933
-10.26960132732125
12.03484712593027
10.90277967775836
11.425532878966326
-8.674300862119097
-4.257645322073383
4.078205005508728
13.65599222860763
6.639698303217241
-12.563223459304226
-3.2943561782075363
3.7702528079397197
-14.84819058575377
-13.986590498310072
16.75825104776076
19.63561177968559
-6.944640340637186
1.9345175904484435
2.671006638775296
-0.38461103442616107
-6.932099153530885
-15.997876479414984
0.036930382481688895
-14.688771605419536
5.687239091643953
-17.31685852684052
0.3693534083930601
-14.36146997898549
-11.13627163787652
-15.779468433471365
-2.462050121098109
16.213801820997247
-19.269210870548758
-13.25393344549958
-11.421621192623018
-13.488385155751438
-1.4668416913610436
19.68132551629997
2.801154296777643
-7.104738764851422
18.648160500297166
-3.6093518252475008
-1.412079660544407
-8.926621390844955
-17.582999484455787
5.778956983854027
-14.385457622240176
1.604212819955503
-16.106038797682483
-6.195571203415739
-13.801900260319112
11.501257742355598
4.264417464541058
1.149591326962888
-5.611497452652321
-16.310228661243073
-17.3990335363527
-0.4643337691635665
11.79779537693106
6.046458643210528
-19.473036111304527
-16.617035959770483
12.54256216794515
19.148791008015678
-17.757615777325107
8.538317357494293
4.591078963485149
13.776270314840453
12.653494342173829
2.3828259266529983
6.029347876915008
3.935173149521333
-1.8912493004648212
1.1711269112615739
6.319323854248182
3.9501394244951626
-10.36745047449549
-17.55620168617087
-7.404297337667574
-19.527697151167057
10.755959909081486
-10.131570780568069
12.953662343912121
18.955214543348177
18.87332851406275
-4.39855291534494
18.02594386560473
-18.21186329729139
2.110048828608903
13.246509400297441
-13.232811478231428
14.411949662146775
4.961868023685767
1.0899074666447888
-6.901748475839966
12.07109995356496
-19.538383946202465
17.944646446687578
0.2911373178544352
-9.733784347841015
-8.304052282564571
2.5548941310834614
-10.792476657317582
-1.58844376648036
13.731847414177125
-19.657520592868934
6.899203288939088
-3.3005363716830445
-14.287285498610727
-10.101818908224613
-2.8667686921664384
-2.706261234502346
-0.6746181850219415
11.355979076584013
3.8844618923420455
-0.2723246775858996
-18.59374348249972
6.099516612553657
11.764941900561645
4.631021092713038
1.7843980959667007
18.739052446085317
8.969468111138458
-19.36188654965257
-18.990953430932702
-15.298263874686612
13.955852152199334
-15.34926254270884
-8.313619646256223
-12.187116724845772
-14.693099558958608
4.8139031325206005
-4.893643049812049
17.317240338286375
7.75459413523464
-10.904192076604113
-11.351724341100873
-2.570701950984976
7.620377717507317
7.483853564840285
15.690047681190094
-18.65159807031166
-4.162021116218577
-8.527504966886879
15.5907247437708
-17.843615039987654
16.01491718140855
8.159930578454873
-17.917600646330566
11.770235133956454
5.016104721241952
-13.799880536994253
4.144396096952665
-11.449541013847648
17.853150901365204
12.5699025742555
-17.668309559722857
16.44590532751392
-18.46192953418818
2.6757599061129653
0.46619110218877324
10.847801505392518
-18.3909655188786
-3.169824723243643
-19.00842953891459
-11.840655547877684
-17.02551611925373
-7.580487580559211
3.8464940187132584
10.771278494635737
-4.536339137964941
19.492939471056722
16.376004653048057
9.020507242243013
13.402523592209114
8.264039014108107
-10.338593910921773
-12.442639105098996
-15.547943860259146
-17.817693285095594
16.311345407127824
-16.205908018079285
9.6499664786013
-16.06423440236318
-0.9481749630955747
-5.626009379324319
10.525898782317892
4.492444809038261
6.687419629762257
-14.738229149469042
-14.400756362633832
19.299355074486634
3.6251182761156286
12.303023543910626
3.2892761963318122
-7.317952151209305
13.691943441379621
19.44601645579293
19.385833039790924
-0.7019600668108126
-13.149581521541315
-3.24908805576046
-3.938092386290041
1.425616789969144
9.46650467983001
-0.4462309890664393
8.703204215076326
12.018100971790957
-2.816423465216566
-7.534461316008425
-7.294858352433028
-18.82486967673539
5.41477492481296
-10.483202357423554
2.551817593493805
-13.94704763877697
1.4873714925594008
-11.654257682213242
-0.9586038716750664
1.7219615439739613
-2.9987031121505794
-9.24268729176124
19.074763551559407
-10.178592280047006
15.346883409278
13.22734500909209
17.709016989759412
2.654469366841443
-13.732095619105941
2.336933254020188
-8.42804336522731
10.411501512150664
16.78887066314543
-11.51134426157431
17.689879190863635
15.278875312888431
10.611113599107593
5.456167747106967
0.4034131327427346
16.83086249623755
16.004183701915323
1.399713016192262
-7.066879406519293
19.016948473557726
-5.3954382429432215
-9.39375595650147
-9.557333400196946
10.447589182886759
13.87783777547294
19.948091476046386
-12.626231129018247
-7.06715387639365
-11.159165783898604
-13.340566876444102
-14.054631687694187
-14.98618409261059
10.875084385593997
-18.787640385625952
13.720865414205768
4.168475964546289
9.783371511883953
1.721967275287625
-4.552629794063847
-7.522892716856461
-19.605192710670785
5.005904528929964
3.5460391109515186
3.242324428072326
0.2922595287486587
7.351369741119878
-12.353131816723884
3.7699580014623457
-7.461177987860076
-15.697340248913632
-1.0659812010105618
0.7594936163489443
-13.678899124438129
6.208404257562307
14.511776885603169
-11.61511240142216
-12.36182391636547
12.587054251928024
18.051542071417146
-12.233254459748055
4.947698144824926
1.4581272610293325
0.9561846426302409
-13.759440934981097
18.10293331449801
16.092983227076942
-11.416580812081666
9.571045792672134
1.0426720586755813
9.895255892442023
1.5217488465756936
-1.957848937768894
11.678862428138856
5.506202871233732
15.59314048140186
19.893601246448384
-8.467741683655685
-11.010522591021443
13.071164049104055
-17.323167979076203
-1.4580923114546067
-16.929278680554404
16.25442237779155
16.02386106890534
4.271318334482874
-13.23215316876646
0.06345445888585743
3.251541339453766
14.253682588554284
11.99107230501081
-8.908829953873735
-12.63646281242044
-13.02446146045769
-11.462078139979827
-4.672767541634704
3.431854033138272
-14.774127719643673
16.737278522298077
-5.6724582394755
15.637672889055722
18.467739491609684
-19.953193247349432
-18.673684287729024
11.217991745200074
-6.2130291684433825
16.085437347749874
3.452439764691494
-14.245880789178793
-6.652915540025525
16.889350005515368
-4.842762852860648
-8.116742592975905
-2.952735718731553
-0.5396054706138429
4.459117752868558
-9.368739586875172
-14.967261328309815
-7.963700860482511
-13.137844290490875
6.569160523505925
18.643976324398004
-13.380016299957585
-11.053812723141858
17.500438582242033
5.8108069838055165
-17.005246425329258
-8.673600916968237
11.726851338547046
-11.69796560494107
18.697385403835824
5.425105401966448
15.415073376475952
9.775500757304254
6.592081265847277
11.358865142726486
16.519550220526725
16.96660115572496
16.97245716373854
-15.377531787443495
-15.40749412532399
-5.8977798283585425
-15.859115410072926
-11.88716664778859
6.980675773540138
4.05851132189823
-10.655154617358136
-18.966132507576376
9.92531059794349
12.023389952995444
10.58116711690338
-14.42251610822533
7.355736746886606
-18.353256728084332
-15.811043357521498
19.89512117438523
-1.466978913422217
1.8522458117974807
-5.638677408424758
7.004632065182051
9.994374958899176
14.20849647113669
-6.993182978743015
0.29927997928938765
-11.328476865138999
11.003357815617395
7.789451826666543
2.9071401124812937
6.672144259728011
7.9303280561183875
-17.557976586932256
-8.51035371413646
5.802418861078738
2.912828051600016
-1.0546728975793975
-18.602801751699815
3.559186212552273
8.721031761328643
-6.611404788830884
0.31783211652876986
-7.64106168033322
-6.477323921270056
13.070373148047985
1.7706046086499256
3.160228125573763
-17.988523437986395
-15.397900687508749
12.586647340784111
10.551269078444104
3.317784054214389
-11.967554552111604
16.48053297705121
-10.402160256165729
15.55229057666898
-3.1261956051438666
11.093593088939308
5.273244819316986
4.310011632488134
19.490488994604654
-1.080654406059793
14.285686127553141
6.720139807012263
12.135438497508432
1.0949667185106051
-18.56075642569718
16.59586818550546
3.1321365782367216
-6.019254054547606
-8.298538125968541
17.22516803979596
-15.107397088913487
2.799856297412042
7.975196860630497
-15.200628830076951
-7.147723425573211
1.4125414626609079
-10.969457040454627
-11.436514200376608
14.873065470712426
-14.953979960711292
13.217595100709758
13.477470660995138
17.269873444734657
-1.7710041516088921
13.021284859450233
-18.41207946960158
-7.330438254241418
10.661806333387265
-12.843199658363677
-17.484182771432508
16.854491987856903
-8.823050939220138
17.69839120138655
3.0203836154526265
-14.800255124002582
-15.496550456141414
0.22571735607905907
11.286647492538439
-12.9395252438382
-1.5534248771080108
-10.13263139815872
9.929911208612747
-3.046560730094111
8.836190730887811
-14.066509373396837
1.4087850497849956
13.286826642574702
-18.69467176313341
-19.67661073631753
-2.8122067266805537
0.5193240803106427
10.596449669472008
-0.6851216060714016
-17.4290538731846
5.321453001991877
3.7425505317157395
3.169307213820577
15.963695683907495
-5.721755985036268
2.0589098704033795
-0.590549582048034
9.907449783239212
9.53050836004158
-6.994730688419146
-12.44801381381099
-11.757041532976382
-14.020069405303213
-1.9645312162619248
1.143764610322961
-13.56971030048265
-5.245876920299146
10.577017982463445
-9.527112544291377
19.732509283346594
6.070893794354792
-0.7676958843239348
8.382753671010477
16.044801446334304
18.92938269616394
18.51852024485899
10.039253420215985
-7.268999005851526
3.4296158618422545
5.140890624715716
14.633577386160319
-9.866576218378263
16.56111460053414
18.942487672593238
-0.20427325407810315
19.848724080017362
-18.926239194716665
16.647840413125188
7.857364619287782
-13.6183292900601
15.4361845397245
2.835941336193738
13.180305859244172
3.0915175092905685
-8.126812546156547
8.437267765619005
17.43381685138406
-9.419322972554083
8.956792799346758
-14.460479961444657
7.109808916582111
9.309771622152702
10.4749725712254
-0.9242982048197561
-6.40193039269478
11.956483780769183
15.887529171095444
-9.377854057762383
17.154529042079766
1.0538322478913251
-8.894521297517578
18.04053913241215
-0.32955200034594867
-13.269966280664175
-9.231245964838033
-15.222827472653924
11.172617557086276
3.3595788015378893
11.643699961722042
16.417976980040827
8.10107737845868
1.3290534272382892
2.5706126540056893
-19.481412055902787
-10.912511097770778
3.981289783740319
-2.940019983491915
15.41320776351781
-8.052314740975088
11.386599205561211
-1.5270594101979356
13.421700579774367
6.64283238039733
5.268204859355844
6.242145131497377
4.815123516496612
-3.2304172964379063
3.513276019233821
16.091421187794197
7.082946838060451
-0.16642209163870092
-7.5882541505913
-18.948133548548757
-3.4782592673393076
17.18991521857989
-0.8286921432539138
12.793911121200367
-18.106783775066866
2.4783523327796146
14.52651336298981
7.446746190117782
-9.756251999150983
-6.13666106667749
-4.822080243111046
1.1264160216248342
-12.326888659311045
5.238172851490276
0.15225649511527806
-7.389949575828814
2.0720642551080424
-6.60032039296404
-19.608063592416315
10.166602543072809
-8.260508610572623
14.143481923239946
0.9330795921175259
10.226562029509335
-17.849074619539735
-9.684894161313547
-18.722512760246342
14.660456186186856
-16.055385358121924
-2.1594282148533814
8.940222536098858
2.3670765803780256
-11.168170812330796
17.593520158190657
-15.630277829863179
0.5658994047375998
3.943909325755378
3.704365796057864
18.38662929239976
-6.281888972826547
10.33627913379597
-10.91637694840025
0.39637021274347717
16.121122984478696
3.609189013436467
-7.401770649498594
7.067041743990899
-8.705426061058951
17.272331568022416
13.851582275474122
8.66626216215299
-0.4523003192692485
-16.506597707184085
13.812500360504657
12.698843417939514
14.89268384571075
16.212923052340557
14.859350454490794
-10.156523186251727
11.840294800891073
-18.640513192811973
-5.382632497476166
-4.6865535621397125
8.07870320647541
12.495558402500947
16.68086980021411
-19.681472238322183
-6.410349376479051
-16.904704428595334
-4.762124267241759
2.9556369895529464
10.741052819631442
3.857873505434881
-16.137619532313007
-3.493192330459408
-4.648564745430068
-9.35590087548659
-0.17912044083339396
-9.739950432781548
-8.581443513721915
16.629018019157456
-6.180500525298488
16.456368677235375
-6.953129572050059
11.35095015613409
-9.405253585993014
-15.376128087793415
4.431554172644866
1.058019192985654
-9.04065979745675
-18.95300989015748
-0.45514507758028344
-6.144035984203704
-6.06663986818349
-3.887126276179199
5.73000522809744
2.3309493715173275
0.622430509370723
-4.967913650465574
11.751924683398428
-13.200373933346405
-16.48821834940753
-18.5898071021953
-6.431419065128164
-2.111865835734829
-1.0752983196231938
9.108325984304102
0.7385700192091562
10.475846581077302
-1.512201759616481
-10.641829678937489
-8.386897487142146
8.107590739794329
6.517656290788665
4.413402736840908
2.4283995483798293
-14.796788420699842
17.338537475495514
7.703500874186915
10.658025428259613
-10.718651752427707
-1.6308265775682855
11.153216145537463
1.00468128230834
8.30804374142415
-9.634497483995093
17.40737108867129
-5.899597191308992
-18.51289451617282
-18.609376578385884
3.1970749135676293
15.945986486105184
5.543929632874626
17.40587714946588
-8.120797686325613
9.991471125676469
-19.24273505168032
11.537777823011183
-9.434192992592006
-7.737625384594548
-16.0804369414268
0.9966708206529837
-18.367363120082324
17.091488140411776
8.47367467008143
9.711931407363181
-13.9327357129198
14.385004365409564
12.016201077885171
4.8141880354854365
3.2157210776432237
14.327338874683491
4.832388236625057
-12.348409367806985
17.078332087087283
-18.309838990040028
8.606884081333103
15.297935469344722
-12.415520664880692
-1.262224668308697
3.652051634601051
-18.388281277839404
14.294554430742792
-0.9516412035714765
8.093695513687585
10.529515380504346
2.042394702568071
11.87524686975992
11.387962871823703
-14.814981072514982
17.800148807005414
2.5643400110648074
8.948360494142843
-18.949134661718332
-0.6097444017691345
-9.163122230649856
3.135548470284757
16.228438252069985
6.140199706214435
-19.905059358991654
-17.338329135463006
-4.043301659745637
-1.5013309164699962
8.740395654376258
-0.9486160412599212
17.955820039247655
-18.99661819609852
-7.361420344641619
2.7557472590166157
-19.101643165393646
19.298365708802955
6.66614753491368
-5.50473422912264
14.96151987499762
-1.0897634890457617
0.9046809005119449
-19.828497486697163
-9.086386606466771
0.22585009303163872
3.884090580319519
-17.213375739703878
-19.361715870543193
12.612908093566645
19.012372351255465
-16.157535147373817
-11.216613766640865
-4.565145624051983
-7.280742270466876
-3.1912998076535146
5.9480502077416055
8.040974234952042
-19.90998572783137
-18.516415023326363
-1.9616326815897338
18.02093849469089
2.4547229828208685
-13.543525696397145
4.473906896827046
3.4575892440373366
6.191516639207556
6.025129677255357
-17.244853001691784
-17.981312929177417
-4.492608105780679
4.781983489310299
4.612812390540814
16.33383755063948
-16.285109011056992
0.4775411122881863
-5.867662213928803
4.790639199940472
-14.853788774248189
17.42565459691737
15.726256388063582
3.253823281334533
2.109756599342983
12.532124576257658
-13.983495256164197
-3.2267611236079574
6.494187696517631
9.98414345489552
6.104384457221109
2.3855518709700654
-0.23169036521871433
4.773878820905914
-11.87812236025704
-0.9942607039206486
-4.993395503294536
-19.057651123371325
9.460280086351887
-15.483379767200933
-18.98822860997089
9.559140626598406
2.600337252998564
-15.752760931967007
2.752066495397294
16.106328030166374
-19.32234460075762
19.609257983749558
-15.372806384381823
3.7636571926596503
10.315444045243389
-11.120306173417385
-10.300150519925829
8.896568110454155
10.862291687229323
19.47421495103862
-12.382018803017335
-7.745248540263923
3.662107919211163
-2.2620529583917417
5.207557194249553
16.85508751076636
11.824317862402467
14.088834708537938
-7.659038084740528
2.298439630630984
0.6928748820166604
-19.709037336179115
-5.846046864026215
-10.026979223866386
-16.777545149247302
10.719040838690216
6.716361180854356
19.00263422301657
-14.735695642371006
-4.839923764525821
5.593795079565062
2.6123580522673393
-9.097781033258382
11.838917525345089
-3.507731464322834
-6.049673977684588
-3.917786070092891
4.463236187602455
-6.375139080392156
9.877481987420957
-7.715009027187488
-16.2096868908238
2.9145459768196673
19.6963458094029
1.7027568304346872
-14.917039047918305
-6.473565496383905
-15.513403684507331
-0.9562936016632904
-8.645397981661178
0.9421398889373265
12.383849848657874
17.76728150880067
5.3542962619284005
13.263915377743643
-3.3586361272702767
-11.239728453972816
10.557947546810638
6.867040225409941
-5.0757646500993445
13.906291968292784
6.110847715762311
3.88371075578819
9.03539943321331
5.03428689591528
-8.324160521222378
-15.567061928935505
-2.0256691157009357
10.392768201626591
-18.11682518473218
-7.387783838621544
6.959797332624603
9.924064662888107
-7.357872297375852
3.6177373141424205
-19.56536448097448
7.548870777801639
-14.227216649970114
-17.300133295928152
2.0104866296080246
18.63667817714026
-2.8384490262676145
8.834823555475666
9.499675557558483
18.498054488420557
11.363112434735136
-9.960906543485226
2.6059156790446316
19.76472277940082
-15.339091602822048
7.28115571163211
5.678152407657919
5.247973399300079
-2.841985983031499
-12.197440047606358
-0.09539343665935363
-3.8041839669336817
-10.221472607232895
0.2719849035752908
-2.5392574933803047
11.94845268490111
-13.096189729002656
4.886654536897819
18.15927388010769
5.276274850433282
16.572079298898274
1.2027423597617926
6.659172924414946
-5.902546844565517
-14.420335865744619
0.308029747127307
-5.708630885120334
4.104682840973645
-16.44529888454776
-6.58937673959343
17.4490585104966
-17.40558509894698
18.225551162620725
12.348211412591404
-11.400701448058918
-10.547890784384006
4.519471063566019
-15.480967879070011
5.269718532751924
2.0439348653572083
-0.6727573073269539
4.112888146281563
18.651972838876382
-6.587895613020036
17.54956734482554
-14.476962974034997
8.564487135371238
-6.976959280675636
-3.509259773707292
4.942700641201988
-12.727899813838231
10.004561788272376
18.562944119441326
-17.404833371219937
-1.297236677934496
13.968034509408945
-17.888076104041517
17.855884110200222
10.757021791873086
-2.209530797471473
11.077994623305845
-6.49802535534112
17.029932424879874
-19.7316130837403
-17.055601258923176
1.0408014652709774
0.04450894564535446
9.009590614170634
-19.70375505337651
9.174538373099654
-2.5546517059492757
13.4902261773384
11.12344789588267
-19.089360706472792
-16.759162963503037
-16.906671441777018
19.583443984670808
4.596798566933835
-8.643037424115981
-13.17550225009565
12.58885806870311
-19.444173307886096
11.125656975552012
-7.9456871002061735
-7.129064690620023
-7.895728477182411
11.018828711307577
4.759867308444257
-19.699908170277777
3.997472682279991
9.133943378791734
11.888082255794956
17.051047147010657
-18.086500312159338
-4.90035442751077
13.135870029125904
-6.607617145501315
10.766950769303968
18.071166281211816
-11.408078992053547
3.8096900731391727
-9.582487283999628
-5.842367548001111
-4.203234896866647
6.386165576554323
-11.100228987762355
-11.526867951073726
16.04076124378456
-3.303589267750631
-11.129018342982132
3.5349050818679473
-17.665071767175725
10.728029282105997
-17.900588754548803
2.854341637271723
-8.46919576513859
-10.243914901881105
-12.075354439961528
-3.865364932802578
6.056542769807756
-8.96121530810763
5.4018913009244685
1.5972140356507154
-9.557144000036729
-7.544117326804422
14.418262131429898
19.83037726432527
9.377200897593958
13.317625968600225
-19.517656937092337
5.639349101587339
6.217714426627481
12.091437195053729
-17.65260876821766
18.98955965058014
2.0142117533516277
-2.7728030397949723
8.10620089337553
9.738805261764753
17.993683712796148
-16.636037183246337
14.356565460134526
5.093867804906289
-18.762815844268882
1.0362893877926922
-6.570817533520916
-8.31342535925042
-17.9859022919456
-4.015045575423084
-3.1697814866331306
-9.979159580248522
15.724290524151854
-14.970897914968294
-3.760057816008448
-10.78603015547249
-16.863151698254683
3.480709493561097
-3.2004401904452635
0.9543560339278088
12.449929429625897
-16.633493449599666
18.87671117713564
15.175463980073722
0.5419848496509552
-10.151019808032133
-14.150874645724322
2.4182742468520892
7.105203688311356
16.79181503860145
14.058787689838532
19.11436967561037
11.46745449473665
10.559684453391377
12.68852654948332
-13.134137253081327
-8.756928050378452
11.292025009826155
13.852686869436326
7.975829485443974
12.70192940234795
10.334727029685283
15.510484737301617
-10.03552974077019
-17.034411705897085
12.748665750537796
4.075909372835234
-2.963793311862389
-7.391610612434793
3.6932911435988522
13.420158245839389
5.604400185546993
10.14986453972934
7.469240985594745
16.073272557625387
-7.667783615689503
2.654095540478707
-12.906099582880511
18.90967819963653
-6.843378396127374
10.625186401914846
-19.45881483717472
3.2641205594771776
-7.324010374417735
-7.687972973588714
6.782986717336122
0.025146351908521325
-7.634029973400761
-12.325418144310692
2.2025397765323262
-2.4481457093027323
-16.43614563525032
-1.5805795992861924
7.674555238178115
13.788569564979667
-13.789309891067383
-3.8766182716100452
-0.3713140253303102
2.7656510277336963
6.010581598644954
-17.103229648628716
0.3547487295005638
8.62943099307956
-17.833209885076204
8.463017236665685
-2.8627970518502757
-14.2191668916495
10.602212052810579
1.4845163796907528
-3.1310750675159618
-0.09639877467991553
6.665519457658192
16.70594289875094
-1.3490918155031615
2.2112361378015812
0.49741449505057744
-14.05397587222675
1.7122606276773737
-5.057353921976846
-9.324579088412644
-12.116213947474828
19.95526125002145
-15.653466786324625
19.5245082895211
-6.995696688519688
15.620528859307356
-15.339678261973493
4.472019290016611
-10.299200215731826
10.658506331508736
-16.730090843672443
2.3157328395553556
6.32779752164199
-9.19885372941129
19.361655078487736
11.230781166843467
16.892225417575084
5.392960302118645
19.789990084623795
2.224254377157486
-2.5917653005211534
5.742449743592029
7.748835420337127
9.63049343102897
-7.665786773767728
14.838895143262214
-15.74191012951015
15.282896527274637
12.093020592834137
11.11435559345809
15.69480471996502
-2.900752666865305
6.144901438929217
12.848246451872555
-16.209983880356912
19.39313494796353
-9.758435610087473
-2.4805438709719283
-2.188347508440952
-7.18652568213157
3.1671080077479594
-2.119622928236126
4.671484409028402
-14.64906822925129
16.037652897758207
-3.812403165463188
14.379878365438351
-1.282956025298276
19.227970545675674
0.7956267133303783
3.3011110632906835
16.31380360395344
-15.231896730711881
-8.910504876092693
-0.8282345595903031
0.5325933944481598
-10.906871714977493
19.074478158341734
0.053290132436782045
5.54859210917353
-8.169950377634482
16.959665508760587
7.9976602609864855
-6.83237190728493
9.703289629879045
-8.339294815689122
-5.2564399801360295
-6.616987091030433
-9.090889899790557
-4.1170722770265655
-3.67472270394196
5.84043177499349
3.5373505271990844
9.754682648457646
2.733068992898101
-16.83189460617897
1.361689900785695
10.390476324415182
-2.2237126444606403
-10.147353222707967
-5.797217662232882
6.275510796229142
3.751690643013834
-17.055800410587615
-12.342472763972392
18.377523615221435
-8.688668736344717
5.558371918540949
7.231843928330296
-7.6067425040752745
-7.484065870206873
8.704723709822723
-8.857873942869997
-10.904241756022603
-13.978291066443669
-15.805693098486655
14.619718583450918
0.08942333152470283
-8.22967258007683
3.842526084875786
18.11520442512373
5.963388170968646
6.671344448039733
-5.132719837136124
-10.075735714505587
1.6117407505849286
19.566236413815197
-10.306052732252159
10.917486703945698
-5.645425055249804
17.143116038176345
-18.445906330896943
-18.077568895565324
19.985311916562516
-0.4179586118660268
1.5355875268421286
-14.890792969406977
-17.13393765983924
-8.091151726736744
9.589564967648702
-1.5913952083365892
1.4418016351996386
-2.832939870887195
12.700977858854188
-6.045742273434676
-11.189070945883
15.711616828737931
18.371277676994275
-14.822489596817686
5.668309253751698
-7.255713590283182
-19.88657350536002
3.2786901405574618
6.98055034012658
-8.40712911300428
0.1939529450510875
0.37476513238436127
-18.28311323952964
-13.879467480194826
3.663033125131065
-12.61490626304055
-3.3640181809697154
10.246786438768034
-8.728021720661271
-19.65850591114423
7.204168200187663
-12.243624582700651
19.564005192330953
-7.6465278972601425
-1.8051590770605586
6.929734815782748
-5.518658141778978
11.74736638476751
-3.951039953148179
16.4985432466898
-17.177339647260794
7.167345229467678
2.049319610833926
-0.2165097783728811
4.729182488856836
19.77603276196114
11.981864590957123
-3.2196147017576884
3.559485949360031
-11.636280317532343
18.225812827686397
-15.968213255944521
4.938399019506914
4.964492769341543
-19.85961011345577
9.338526165836186
-5.9181722053065755
-11.488870510148303
3.1071620429447186
1.1131545698222425
-8.341504632177625
-3.434832322216387
-18.459257539442866
-0.6999729922501743
-6.428895459449704
-14.970892713943273
-7.881933729692822
-11.02592322487527
13.488477820794891
10.958981578700374
-4.16816932188269
0.8855582512405178
2.951228733225438
6.091890819587004
1.8911346818055428
-18.753473136817057
6.834770750196938
7.359539056148311
3.686616132081962
3.2140444264859624
-2.8150063727329986
14.793891464119874
1.42774001430816
-4.962157388481803
11.018206852050959
-16.29871441573373
16.228025883638693
-6.650864083969514
13.330500790161587
-19.64031184145503
-11.73269901910588
0.7045858900909536
16.89900233441047
7.794951771585339
17.75644052764281
19.03544787925066
-12.109796489700187
-19.187389485343278
3.6916054116653676
15.130449703100595
-13.525813213470315
-5.843133748882931
-16.83255148932996
-8.922502650602674
-2.9511000198804602
-0.71966182135872
9.373701055752054
3.953266463598048
19.590232357216138
15.016370980611306
18.678265231853437
7.0756334731529975
-18.476871616447347
0.5815342127088812
-12.390683034838826
-18.13532539423527
-10.217255709964125
-19.856208323771007
9.771961539820953
-4.344306536333505
-12.599804755189243
-3.5487445025594084
-17.03989592213681
-3.3276031467317644
18.835963905113793
17.997583016023682
16.51637627273385
17.003079774536502
8.277759237562215
7.2084102950469955
8.389529921424593
13.06121912815231
-15.995800518111757
12.884476115848791
11.141281932579638
-13.235534775899715
-14.842223550423284
-6.792784335856247
7.695004170943566
-4.771597414591433
0.8470789144533697
-5.36953563120877
-9.610978009039108
-15.244377099583248
19.95930154909656
-11.455064156737054
-13.84523205723642
7.1273065577667865
2.9717222783582677
17.46287759563456
13.633847764933058
-4.826351257588929
2.588456960306207
9.32511780009101
-1.5544220544794882
-15.982505747862046
-2.7541132824511507
3.100338288546922
-13.522778574282285
-13.60012616362955
-4.4868168322452195
2.3437487770907985
5.835325187072247
16.407529961147624
-18.996924961698447
-15.199487902323408
7.287601062633428
17.900863474268817
-19.754807514187362
-16.721665670880313
14.89400538942457
-5.859711425386799
-11.640073842231757
-19.774510660492165
4.050211178946519
3.8523255304882866
19.694220370048527
5.01972500408008
9.63157608471262
8.078702164579266
-9.869512048130943
8.080461760508122
-3.5351100833936187
-18.224651122725742
11.15602831922704
7.793609514031758
-17.030588594479518
-12.552962692908487
-3.4277318023747583
-18.95290288931622
16.775194499308625
-15.23253960575083
1.5122454515753923
17.134241084717615
-8.807007772041793
8.975081574313318
1.0649857917486898
-8.745879720661826
2.7423154212421927
-17.174459818675203
-9.777378613461591
-2.3701730866511923
3.2993097711924264
16.070799506410467
19.592613147785897
-5.584363187943762
-9.085042856016766
-16.632299028807548
17.746814831180288
-17.96313080466018
-17.086865841427112
-4.459219627836344
-14.521824220759928
-6.467263012640299
17.517407675552498
-12.793413578056917
3.9934584289867168
-15.532364036724076
11.856397821940018
-14.957779692719173
9.049621086505944
-3.6807995533361293
-4.045469459081627
-16.243919211317014
7.373388954429245
-6.869897479317991
4.5616164022943515
-0.06921850652734562
-3.0233553215627538
16.344574303325615
-14.654886902769881
15.500285654830328
-9.941509536475088
18.486332932315882
-9.657081302282942
4.107947391338165
-15.640529724762624
-13.827936169380934
-14.403293830183479
12.393316830820687
-7.131264319812175
0.10335894352517982
-3.399920460873112
-12.47757907898639
13.696316875424834
10.229234078218695
14.579245189263553
-3.242402410295071
2.683621111727742
-16.928555771327485
-19.189803427854407
-11.810362383250785
-15.55508984568064
-14.211360116934966
16.16363745573539
11.474791537070072
18.727483735239744
-14.735963157689365
19.374701129724926
14.470572365662967
-16.456303328718697
-8.674980203661331
-17.964495921714267
-3.5033781331673772
-6.002954720401782
-9.997037245112775
-2.5712601365948906
-13.527414302091852
-3.073946826532609
0.49800825038353835
12.657342783655189
-3.318548398784973
3.2267715477094505
-1.500233088087711
-10.247471225808372
2.8726344009723377
-12.479009498241815
-2.8430862747918937
4.284983121200639
13.780071046652644
-6.693685288502177
-10.166620505009213
-7.50403070555512
9.58407840681965
-5.5018775796359485
15.145972067082795
17.952223312902646
8.383961339666154
0.7725436424746519
-3.592067362483526
-3.122269056454698
-3.522828035020936
-13.648840263096385
2.251030068196304
-3.961311110140535
-4.909081439215491
9.12890759217322
13.310808636580013
3.634560544529421
-1.0882854445454484
-16.133417553529966
10.35948003002499
-8.92225144126908
-16.26722620602234
-4.125637723967635
12.422507758979421
18.531119462896278
-7.373158703111455
18.067188773551592
-5.236755529040957
4.136968378033899
-7.187953346107626
12.588757979568854
-6.157780665655634
-4.945424093045659
3.7252883045648666
-18.188735096984527
11.254317853210818
6.047782766572283
-9.714939155493788
3.530229068606495
10.819370953039673
-12.047503078754552
13.103905798062819
2.6506701488653306
-10.894255412581252
-13.891735444300295
-0.8390480120949846
11.230470631861333
-11.739826607180643
-13.193075812851841
-19.717630279608844
16.771502255517838
8.494586218925665
-15.757733454773636
8.959166933030751
8.74730860531993
4.388025179099291
-14.520571597841908
-17.125515157123306
-18.305301282561743
2.829105451799684
-12.259230291525265
-17.431486315641127
-5.69181687481092
19.674084736911723
7.4548406599639385
14.236827979519127
12.784060342053891
-5.056013770891488
-10.027329828183454
-14.387867806667952
16.09431840087546
-1.3106443048894576
-2.495579283509727
-16.471701351345054
-10.992011670660853
15.976130508866788
10.607763339495161
-19.982227792572615
11.844482537105101
11.19104868424387
17.159549181344403
-6.769055932142351
-1.3208208078551174
-18.254973868257093
12.435465430176876
-0.326355203290678
8.044166301996277
-8.215386661277693
-11.818135060280742
8.94136722114888
7.212566865482696
2.481499202644393
5.6848622538669815
-12.810522584794093
5.231367860075732
-7.886569618589299
-18.323734753907157
-2.949051701072108
-4.447591048855756
12.607520259616706
17.653993325490752
-18.53287741834116
-7.795713468913883
-5.800602160691168
-2.785870800329615
16.65632580517265
-4.209696707253565
-5.155342329687173
-1.0714216611861396
9.623388432053396
15.510509261112617
3.214748641817277
-5.3858735091342105
-6.158331242686925
-1.0982234635049224
-13.514169609368691
8.228493378913221
-14.588803794514655
1.312048689473471
0.25628332303066514
-16.899426356773795
-2.759037255920056
-10.089566449434336
-7.103577504710694
-13.63655399630992
-8.487474063673567
0.604055465828452
17.399006286817873
6.861400251613912
2.445447849720818
-0.43557341183623066
16.36699713666718
7.187898516186451
-1.692518993194394
-14.911352472870245
-4.118045140467528
15.984105130309622
13.687136151299043
1.1723817179365952
9.813343452551557
12.403463287041419
15.532669338645618
15.04572239180682
1.4182656062640362
-4.583304347551707
-16.154358014859902
-15.659561150955819
4.4801653714053025
-0.724208729966179
0.45334842096791306
8.711022005449557
-6.106514458384908
2.7342219242641654
-13.7133904923558
-10.440120244950762
-8.593113644445417
-0.8354722428052632
-13.618583507874828
-18.8919837609378
-5.928410677970541
-13.504752163078479
-4.086922658873231
6.38532449389735
-0.09694672494801182
4.835318563553784
13.014364563766414
13.850376135903218
17.81592357087097
16.51750711521754
0.9023458897321035
13.516603916602357
-0.25733302484636766
-19.149149155422588
-4.540289316101003
-8.991781673044624
-1.3377050165176243
13.495650024699017
-3.701513105550301
14.41709720424572
19.202697695543357
10.794652592357714
19.460734217707746
14.60029122181394
2.457557619227572
12.73813452023434
-17.56518517298663
-9.885837159997234
16.01622493845104
13.668121314599496
-16.810583990436573
15.955164590930892
6.893805835715714
-12.167847356354716
-1.3398524999286892
-7.193434900378266
-19.60203406166636
-4.636377422782143
19.49836660551116
-19.1689191000043
-0.39674777144151463
5.924557408756009
-2.8460242499360575
-2.770996934197804
-16.037415446263843
-19.08802889287379
-7.890592868594064
-15.941345885290952
13.282081794300822
-19.51241200892492
16.962039030717115
-8.903708495119321
-16.023975370509174
-2.034143566666664
19.308362766659513
6.338898268609654
15.079904054691795
-16.705115189732346
-5.887668407083652
-19.139807420335323
4.33708336481347
15.893870249394077
-10.776610193531813
18.091550298411732
-7.858767882107077
-9.759306871332122
19.241796742200314
14.403988361364135
-3.9976690393369907
-5.324062966773283
3.3229653005498463
16.972173098747383
6.8875670331434335
6.554557820004213
-12.841280768581367
-3.9306916931844604
4.567022330640942
6.913780126340136
-8.865256440949256
0.6811676142610956
8.578073862010651
15.145831117853305
-4.506239856974389
-10.330843950618469
8.533026595953434
17.92642888935829
18.91041937494937
17.226690148331798
-4.485967795265147
-17.23946519887168
-7.149727829481659
0.5716473811470664
16.186649869304283
-19.64687972243698
-10.929577058177617
-3.5849922706759507
-10.196399494865709
11.008864103696187
12.674576067010143
6.516761330029837
0.4204056625945469
-8.261260178460121
-6.040675341547001
-3.94600615287667
7.630603110377482
-16.829362351012968
10.964038333757564
6.453775514270127
10.029326800892079
0.6868857812382068
-8.06381170786198
-10.084326800086938
9.467585511543135
-10.212227623068873
12.896204148983998
-5.779350050833729
12.059714477247283
17.243792582735324
-13.542637837163696
-8.860550144946483
18.50915720841794
18.07176532520848
-0.853723794262848
-15.235732813261592
-14.059672838564893
-17.181520236205955
-5.039101849944725
3.6214636945140484
14.586229073758055
1.5815534764424726
-3.985792249233132
-11.112639882998053
12.332683908288416
-7.204518929641495
9.957729836268243
-4.316748493568143
14.379158911312743
-6.199776242540857
-14.136260066567402
-19.218596209087483
7.910971585640102
-17.10672305436227
-17.141666482204766
14.628555992693734
-2.111541151530343
-10.614526971356813
8.820250481359963
15.040949929728896
1.0877239581611384
-15.68290723730042
-18.02913435672124
17.829800260492384
-8.763187613949505
-16.728154290667167
9.964231848163308
15.536975699768398
-5.036288018418453
4.597148517672068
0.2718452813143202
-9.156059079750513
-7.9689476933895875
3.351208371327971
6.124006431915529
12.047965267364297
-4.657203780580939
-18.162503175482666
-19.66499286066119
-5.215837747617549
19.4886016864021
-2.8784145032908555
-11.610351557437157
-15.423951573360055
-8.050191920243922
-19.61654086961901
-16.600751509369772
15.198761690461936
15.629486466174555
-4.358041460450636
2.320180081604871
-11.109774354285245
-15.385592915450816
-19.372651764886037
4.263226000016054
-15.174725621453057
16.82239492495077
-14.968992267146884
-5.070917580420442
-3.0235501784037844
5.786156356136395
1.9686992320547922
-3.3882298359527567
5.450460023579815
-1.094543422770279
7.547892620485346
4.98843684177373
-14.648943251097336
-2.9685904664992577
7.0695330263193945
15.97874663118374
3.7273700355898924
-9.304444935850249
-6.562258858198069
13.004334734026259
-15.77926855287231
-14.700981208452983
-6.115427066608179
-10.808333006270194
0.9103643321350496
7.242149307313053
9.482085979932297
0.4320069994371032
-8.258852665078077
-12.646852815017455
17.404280349685962
-14.013138116525653
4.317618595829039
-12.107003138350843
2.1106370116986426
-14.05883408430431
6.369841063766355
6.3203730225330474
-16.921929792933504
2.5828994678097175
-9.031642305594897
15.637466825257896
12.267986933536775
-7.880038947140964
19.89878112500496
7.617797005691894
11.230640599162246
7.71743128435325
-18.208371654676384
-11.59045087522735
2.9781295468458424
10.500446733904237
12.5588725205142
0.9825074433592107
10.446664682735264
6.436625027267379
-16.952773998248922
-18.03927201285596
15.771313933761633
4.989338037338502
11.653394693483161
-11.202124993654742
19.590105405576978
-1.8362341266155404
-18.501237273013164
-18.924452082420554
-5.122378694631337
-10.584076930028932
-7.249687198842922
0.9828064887301302
7.066348074553488
15.338339329406374
-11.92124849232659
-2.349890065404807
6.535980395571311
-4.325480058446862
-12.670800693004551
12.332901481440494
-5.009301126084008
-16.422967112462743
17.86156972426469
-2.2583673310600645
8.502274905653174
-4.7612174395063
-4.659753827644213
11.171277944265196
-5.229511977582586
-1.0309287919685843
3.892895075194815
18.43764339461962
-12.78832243312436
16.96222207366938
0.7887295735554822
-18.09131920429827
-10.215659134476986
10.547315913310293
-17.84618353974199
-8.949960095690344
-0.1707717993894775
5.537999827876682
-4.741715057037531
5.006697170705941
-19.007213154981443
2.237743682337964
15.9007531792723
-16.636616170973223
19.34662037847363
3.9738628700239786
-3.073303859084561
17.65178177079933
11.221715325312186
-12.244028425483954
-8.15858479601494
10.302717962388432
1.6070641999200532
4.591146015785704
-19.94549021017857
-17.381982191350783
-1.2385342762563027
-9.945613710524519
15.963615427403326
1.4293394724396364
14.284661459892263
17.19433171153036
-14.122733816995492
-7.352914661556667
-8.553453713174921
-4.451267000067771
7.225094726396417
-18.551582360291256
-5.736043885641212
18.254319752764758
-9.519168386038599
-3.4195351543304717
10.590973465972677
-5.425127241963281
-0.309923062111249
-3.018640436723352
-19.76159141888583
11.442941883497035
5.9872310172757
7.480467741237856
13.631978299483464
11.569524503223146
-0.5275610726080586
-18.590657366125566
2.3097213200875686
9.253525215100098
5.197823561672706
10.227292547712633
4.406582804584463
9.737415916289727
-18.416639170320742
-2.607053671529819
-17.733610651554585
5.958539063340346
13.86720685816966
0.7030825327549515
1.877546065739569
11.766388213985188
-7.991450218319539
-5.621764413829812
-10.935876137343703
12.752199471425094
-5.388946111881253
-6.259866009307826
-5.450173852187866
-5.9355803369130555
-9.830341099847173
7.033192447345094
17.46477451882091
-14.499945254157014
-11.546431775052168
1.1375967524796735
-11.193136785689482
19.913276129484366
-1.5559444207483324
-6.8597622630165525
-4.694147568020153
-19.68107205518659
16.9181113989155
1.8990425555152193
-11.17970327829006
7.1822201559200565
-1.188274521444633
14.311853818242938
15.278676400101645
-9.414013033768569
18.711147785085423
-0.046557026270484414
-19.448050074032054
10.794038035929347
3.409068209563415
14.193649301577238
0.7872374825274875
16.61045539834513
5.0856227881088145
-15.606477453936517
-8.74215511737268
14.326649234158957
7.6784136089179285
13.290437331666055
19.17894609749895
11.348890859880814
-19.852989062681665
7.4480665045764916
-17.178865306724212
-7.617865335274194
6.237657915027178
19.914265378485425
-6.560434540983353
-9.693571859434606
-18.99399213799262
-18.57015849851169
16.631285782281807
-4.7817568924787945
4.976042307237947
-5.7619222076474195
-1.5400987994688187
5.04367270696838
16.555365267190076
-18.987392337116887
-2.338533204257139
15.01906349089547
17.020991847365046
-9.485811439159342
0.9866948386605614
-0.6398403916005719
-17.718909232775964
-19.16218781697569
-1.8090424081547631
11.774631660705243
7.539500299046335
-1.3386008279528951
-3.9495740210839756
-0.08200930292881736
10.850750879453422
-16.948459466765918
-17.392784612279918
-5.212169388791313
-15.316957541782198
1.3515204914504544
4.623410000046274
-9.717706850463443
-2.933513712356902
6.12834367630326
2.0104268105429846
-17.6932867575157
6.617552281332159
15.140618798969143
-13.449746161058457
-10.311533969432624
-2.299366169698832
-17.1291003850223
-1.009047646731819
19.03679781380965
-5.133707410185572
19.41217877640107
-17.162033195187885
-14.674068471413943
19.785756148791968
7.489932750561884
-0