5.444080236049974
11.150287837643525
15.053274968199084
11.736366522972723
18.829725857082693
-16.717287112397734
6.451884614551631
13.240054262574986
10.362970716757442
5.65683356216087
-15.41464726561173
-5.398498117576551
-19.711577201645504
5.295621748801015
10.174725900961544
12.018006450885899
12.652589707442068
9.261199362993846
8.774306726691556
8.280934315515687
10.96989484882835
-3.822349665487401
-17.19228024430174
8.368293365842028
-12.36366460273902
6.679053427022396
-5.4080610967535705
4.2129736895764935
7.778806619509684
-11.022844370096557
0.4482694566447165
18.195626110148467
16.020407131204365
8.754681028760423
11.659785745930094
13.613382524630275
-13.373548553506879
-18.925964446226054
15.138251820714657
12.915645474467937
8.102043972176716
8.851801473105866
1.1291542902822584
18.8193163998953
18.211874957819518
-19.11211651922684
6.68632355815366
13.703278644437248
14.892873979510831
-16.660329370468467
-16.306920454900947
-14.62987632984099
-14.422207724226146
15.645522103832668
-8.001709213694927
19.50082372230927
2.280131485041025
-5.164989129852028
-8.09137950574752
-0.6367756929231589
3.1126392963552334
6.748539419275659
-8.236497680085627
-1.3714782791690148
7.047833548164707
-9.063727105281277
5.701409561634534
-9.522672206973226
8.056962747360252
-8.907153577348934
-12.564109089120654
3.563384021981033
18.913727808122246
-0.14207058320828736
-15.453708131075334
15.289212583231958
-4.709035318078865
2.0553982786883935
6.353139853779343
2.3976910600353634
-6.316197418841387
14.205626954303362
-0.5721188147987846
-5.959738701853912
1.2819764263677342
-14.378490894561974
16.78358825976855
13.975039945987803
0.6053553437672186
-7.862569643331021
15.629441725531763
-11.816419640873196
12.008575734687355
5.009048514070887
-18.454783666363028
-2.568015179231118
-10.009006897239367
15.677812091695799
-4.438986990473129
-15.525875293738105
5.292675669977569
14.035375675378184
5.485098293043009
-19.78819284784073
13.928575451769653
8.912446207838173
19.844469441751713
4.5176444334947945
9.671263672632513
17.02577338108285
-11.631243088347745
8.137026186891458
19.875807696558347
-17.99587419552703
-10.465289557661741
-9.79245482488135
-3.2827606356438324
-3.7033476790291644
7.006700165096042
19.557253143359517
10.20187085108639
6.18754980408746
15.79339506944207
9.789217227496238
16.060329596602195
-10.930719892624161
-6.410341237776223
-2.106305733517317
-0.8784400340972383
-5.846351244449753
-7.643323416897072
-17.380671956144656
18.1914999286561
2.3670430644820186
-8.285296884805472
2.445772123312132
16.25770311283742
-10.83476383826136
-13.094363670257692
-10.81197195592031
-18.71787849854139
18.32850594401843
7.410837682361283
-2.4369318497019705
15.52799540498669
5.194987825401892
19.728466015110527
3.501600136801123
3.254789788223018
17.28027496289755
13.128264940109688
2.5004858958519733
-15.655939041142513
0.8346557791241054
-17.502278800628982
-10.261007821464325
-19.674691325505272
-15.923876200269582
12.237892285282953
2.6343876233105767
-12.616578711063479
-2.236146957736711
-13.194972419398884
12.15583086752337
-5.619703246822837
2.2290381842609364
9.724534433612355
15.639264604824334
16.293952248973007
-10.106673237792982
3.7853582919721873
19.027619909313415
1.6924251501035599
-0.3166344850757774
-5.129386085359027
9.073298969251976
18.20879076008501
19.482053462000067
-18.63425503518269
-3.1418497694530174
-10.971130823517248
-8.699764293275486
-4.575720117049729
-10.4424861967905
-5.443518635303391
6.973583734726962
-13.050530212027134
-9.981710163884294
17.222423313683947
-7.352376398297009
5.3403172798095575
6.917815555905889
16.16509678508926
-11.277184242873467
-18.036536017640007
8.587384661659797
-9.02373352787954
-14.055234747524153
18.06080914806452
-14.710576032918423
7.045041723965845
16.290240543310965
12.280182175049951
14.552361138957998
3.426277354944748
4.200004448213548
-4.751058969756151
10.007202834291455
-9.094354656405432
-19.028797300259477
6.921328500356218
11.745176367290608
-17.618603050822266
-2.4375957843986065
2.6170936715861473
19.264509445262284
-11.249402360135479
9.528736000522194
9.592508954283758
-11.6281555111075
-17.355555674022064
2.523182394100232
17.06057604923869
-8.900810959102357
-15.074088981437136
15.928348188324776
6.853404289420489
-2.211026343136396
-6.321726383200135
2.0877021285271553
-16.753456048352
6.784945752751042
12.832696259911998
-7.677081300911862
-9.191034114342589
19.537444018913426
-12.775795829353559
-6.243961453558512
-12.452861249667118
14.574265605791965
1.4540828426547172
3.5438983830889406
11.591768175382086
12.253016443829978
-11.032612436391913
15.88079569103887
10.322765104049083
-17.04607436745384
-1.9650011193347439
-1.1815163593856042
-2.1263605393691165
-19.26231605179352
-1.5276224055119414
-9.003532774244626
3.4348160706200126
3.5768939095377625
14.989771272895787
10.176359548972052
10.244214520974644
10.214930928370052
16.805802114216853
-11.634636822667703
-1.8719102594793
-19.718178541328392
-14.621273096521247
18.084025499588734
5.307545202770289
17.99058606052872
-8.748803341946822
-16.690117689414645
16.898868663283324
-11.393185267134793
18.49179275294687
-13.94590698496176
14.394914234977513
1.247311859648633
9.328204568153847
10.092798910653563
-0.8572234873207947
-7.055545314907246
8.364718358810492
11.051708951972063
-12.05640454768806
-8.732737924736691
-14.647328442816626
11.544919488437682
5.0126225135608315
-1.017783832779834
-11.160100970323361
5.769344623684248
-14.277579586458963
-18.99614823204174
-17.02991717299431
-15.009695554050854
0.7962249847659599
-7.033352247759549
-4.039731003440931
3.6649019061469446
-10.226598986737514
-4.468889290290669
19.458045531105256
14.672316264473281
-0.7056006508735564
4.978649655533442
-8.735862038340002
14.529845742325605
-3.10046150729983
-4.901210699083025
8.36796612428585
15.15977987607316
-11.47099446828884
-2.0179081329395103
9.399893976574276
-11.787617221096692
9.164275883767239
15.48641508996107
3.9967775614253007
10.984758450668956
-13.012724194879377
2.868439610452171
9.830666639329685
-15.429295544502457
10.92563069500531
-9.07002297415584
5.595632889063321
-19.18116451891509
16.558698157725203
-16.488680804889434
-9.315914079607213
-8.248991758295885
10.343130859562244
6.8804863137815
11.79290748819174
-11.635853042030533
-7.229532418521956
7.776146237522074
-13.190553705345835
-3.4755778520082323
-2.915975386292068
6.92146011661173
-2.5011937908680437
-17.815919674891
-8.83544637400377
-5.275112064103178
2.7466918395629314
-12.5705810051169
3.1534215585405363
-19.682648822958193
-13.540222349343885
15.083665593307515
7.271536381943523
-17.58497486924284
-1.127564228317052
11.140384449081079
-8.483742531517855
-11.975052636315993
7.170873700402083
-14.834749963614975
-18.525594500857988
-19.479911588666923
10.92421094484207
14.703696430033418
-10.350240838933544
16.896401908459573
-9.407431609591171
-6.50011376136173
6.226158652871959
-18.01239128969385
-16.69786334883589
-16.25949045071737
6.370130284180181
8.700649885796935
-16.04523469221033
16.13127978271021
0.5588207402459133
-18.519730593962628
19.96239291757928
-16.27613346712876
-7.994831440957416
-2.39940155555945
16.401329183693207
-14.45480792608687
-2.3990824438904355
-0.02739828138038547
18.003794588021343
-4.624093118269684
-12.786659558881418
0.5131756412490027
15.125707771770685
-9.259415050191514
1.648784282220177
11.81808770778607
-5.494764499877135
16.582089468648604
-4.427591309045713
5.897840455987069
-18.135107343905506
-17.79973575724124
4.5012071259986115
4.218434620298002
-2.4140245984740396
-0.9399535100717245
-3.7158443545476203
6.330980621707575
1.840106017023892
6.853712540356128
-4.597903898746649
0.44960424878201977
-6.658847457165882
-1.9885915036466528
15.372594848792637
-1.9752144474214326
17.77181531020262
13.544685067141621
5.963093145812973
-7.620888297320461
4.145970106452811
-8.111789294105765
5.5909947262622985
-10.332026923479845
-12.746035628584593
1.741416092741467
-7.6869284992169895
17.2975269545664
1.7632226080759885
-19.92816752488841
-1.852121202253599
3.879736788602351
7.123959952176804
-14.145786334442683
5.99607081417977
-18.97056594972165
2.343602941808747
-14.164763621136753
-15.676183352512245
5.029101258861161
-10.444498163945752
7.708269783052604
-18.727230853122382
-5.911869978399373
-16.55381295305056
8.25169253253764
9.450570096872127
19.13102585926937
3.2973314196893995
-19.063701157683628
-4.848665624632357
7.843452832156146
-8.121391405648112
-17.619200214800834
11.469975055073057
18.983804218789096
10.478401599344899
-3.5390807589472395
-14.391878478726152
-16.777959289951166
4.231490235330604
8.14920447511927
-2.06960593543398
-8.176082709576447
15.222872104583175
-13.467586334275673
19.790900894007244
10.214423245624793
-16.28318001256755
-12.392757070294277
16.337042839693176
-2.448322952809324
-13.509216509459723
-15.836278314108313
11.869838364739778
-4.548799442862741
15.999144916900725
4.972721938563378
5.236077364318788
-11.896056766913983
17.46405274267869
-15.895665340973197
-14.970933375373612
1.473058527572583
-1.4089024489631363
1.0010138969921734
2.695874766892601
-5.380306116198991
11.599671444643885
19.89301860198701
8.367138856797226
13.296309104059453
10.587413217639966
0.3448853281235422
12.491568477313592
-9.441696284423893
-7.689729989246526
-9.63772482304953
12.015093122725503
-11.178228961416066
10.900969841162677
-7.81395865324146
-3.9130617361987383
-6.858951024912301
17.416163010397177
-11.540890544528693
1.808930314882005
-2.228295195736429
-11.698477869024906
9.716068737159596
-17.00820518192735
9.869083797142157
-17.839614764818457
-7.61288891833043
9.158797039865014
-7.805995187031517
8.161141086676501
16.316552984235223
13.721298460827207
19.472430137509427
-16.2954389397284
6.360300706939334
-6.7911873774445795
9.925472927891327
9.539269408871487
-1.9770770602787309
-15.819855506868294
8.752718823494448
5.574617739034146
-18.496179586108298
-11.701872340199188
16.683248242028235
-17.77877637216159
-18.72464638525937
-3.5851685655093988
-5.491509549117758
18.219763135612915
-5.972432531217313
-11.366589824598776
6.613666968529198
-15.435482383589552
-11.246584355951054
2.275241868712172
8.892903916677206
16.85674488689478
5.719185517641115
-2.3796346359876672
-10.44108971199178
15.284748835205065
7.359267175329901
2.439602639950344
7.762572246038687
12.714998854442612
0.3600564733446845
-4.141113715686808
13.294194672023593
8.53893552338269
11.158600607214328
-17.87321400416833
-1.5821406278086982
-7.918243515741338
-8.483898603210376
4.574469477838761
0.04330440024453708
19.211816976107386
10.80484502228704
16.20833715925891
11.049049104723082
11.18111945348916
15.09601305892184
-13.330297866052083
18.808889804661064
16.458227043763372
-15.978617216911267
13.671675696862103
8.28439563699909
-11.940317140372766
18.394185910767973
11.689150882124316
19.966422290336908
-6.392558020542429
-10.203496411693557
12.575749714398242
-16.995456317451513
19.261076439085222
-3.4649640838491393
-11.695252561223803
12.18373776142733
1.505821470892755
-1.589083584832757
-5.403904819599044
-19.32175652369604
-6.613123499396863
-0.09978318249150675
-17.935961110662248
16.086069986930383
16.981895523028534
-3.310784308738249
-15.79386764895757
6.545692686166447
-14.20799911459413
-0.012402157184958185
-14.888434655583236
-4.09897981051968
9.174267436265747
-8.883564780732396
-2.3263308810615584
10.002883486135335
9.854570874689344
-14.989769487408541
-4.155863892986705
11.353121727533868
-16.573700476029394
-6.369242111600425
13.807144183481284
16.02046919069422
-19.64247713585829
13.793482084660681
-3.6863883859915987
8.862971999572203
-14.513539748954232
-0.5164221548651646
-0.06229068548306316
7.349849842646307
-8.71096241600743
-12.762146736244695
-17.570589050904893
-18.01274495916649
4.358529559804282
-3.610894181505998
14.734326126941646
10.712526843736136
14.532067874471423
3.2097336300540107
2.274466698557159
-1.867545188785087
14.581258140383063
-0.8911207643499033
9.214995805226287
-14.986061582152729
-6.078825491254683
-7.807512134611695
-3.864196191682808
-16.786711445962776
4.080998240556649
7.970188038323283
18.259616766821942
-16.356952909207862
-10.715211689368807
-8.879723226144867
10.286499604535564
11.23933244891792
-4.647465709142843
15.853643434457368
-17.083455657056593
15.587442609804071
-9.154878470226283
-17.600558402568048
19.352143992594563
-9.979148366084436
4.070881311363657
14.013775089208707
15.638526102489216
3.0434522320903596
-3.9508176590468906
-8.136526475734684
5.631274920911451
-15.377202743230463
-11.437321781699508
0.3737878042916307
-19.4634987179178
-8.570717118456423
15.525055989706772
-10.003008887132516
-4.588874836757132
-10.819713318913347
10.525804818837045
5.375426129516402
9.904944238450561
-7.924236908165568
-15.212474097658642
-19.20414804211778
8.440107191713103
-15.436911590694603
5.144991811602363
4.425749893583365
17.827266898675155
-10.01379591937333
-6.618351601959386
1.8147719809145748
2.026972963054618
-8.699437421650185
-13.802090327347042
15.472196171794636
1.062703294266882
-18.597185036878948
4.727880157315354
-2.634027513225064
-18.600039621536556
-17.084245815544804
1.1913665596727654
-10.20451803686722
12.743615300837654
-16.986802994737026
-8.041093064323292
1.5981192509188986
-9.438722843643713
-10.324323459866305
-3.7022026432322797
10.146816112908713
11.724644218367747
10.213060225856129
15.522009188369957
3.8233607223036543
-14.73024332874822
5.627543963906287
1.4751400871132532
-17.24427203208481
1.9235921263122506
12.605878630521822
4.175201763714082
11.382382360228181
-13.261555032982159
4.920976976873671
3.312503559898552
-13.377036485056731
-4.1225609715428035
17.128206557308893
3.412257412306225
-4.143814297610437
2.5347706228264464
10.310921861817015
3.4036187158434608
-4.356229391832379
-0.9678237823587708
-13.427846112501541
13.422943597893983
6.696147506378438
-7.578399361569076
-16.846119475441412
-10.428217842690582
7.268067421226828
0.9889344913808884
0.8457987702264731
-13.548248949031908
-8.123770954772592
-19.273232698954217
10.562395962888957
-1.1031168881321634
-5.306727953402861
5.699552762101646
-2.0732485988126115
-9.355750507328619
-2.5565102246564706
1.202335901486645
8.132641727730388
-6.474721986679302
19.236839356501427
18.135758391004345
-13.899274776489152
1.4618502982052561
-2.070682997661308
4.114069359053083
-18.982476505693477
-5.514609961378767
-6.031597405252098
3.481468384484625
6.543278475614166
-18.050454074809007
-11.041149613358389
10.517886100011282
-2.8488214373743688
1.6563097577173522
2.5162038039316172
-1.9174609592064904
-17.482190649707633
-10.395871866076547
-14.123850989544241
-2.459700460236661
2.3472498807077393
7.929555522388412
-6.4030515081272465
19.31093923381833
18.005905341671458
6.8052492414396255
10.42177997872004
-18.550969871469007
8.432812903354861
-19.745312510996108
-1.1042889051001517
-1.1400865959557862
18.144456427967796
5.835191515758041
-7.491369241319754
-7.09184743509844
13.827718945398182
1.7708307329109445
10.35282098302308
-6.012821377599096
8.98243476539676
-5.335153964072417
16.547558983124105
15.25984520916721
-13.286809359679088
-19.84501731570157
-10.511895193402525
-7.119647569569683
11.539290228764813
-4.774398273596162
12.50297052010697
-16.03192586148395
13.68203171207238
-7.066588755754978
8.653391861384634
1.53411773555678
3.2855771526367086
-16.778369704479793
7.147993555232723
-17.943556637479038
-2.332289233799905
2.6473879761646124
14.030376898088022
12.749578438811973
15.479946832536385
17.10140560665249
17.523482477254234
-4.682041309035295
-17.143338343487173
-19.362180498621647
-3.3373839270283945
14.376129302912673
16.327534508464915
-2.703233832705351
3.7923931589562123
-12.895550986780515
-8.21468112244327
-9.939294275002295
-7.131854754306431
1.4741825002908797
-9.702641453293941
1.0086809783246835
-13.499266168533651
14.673954185161108
-8.959958249614903
11.835244524291252
-18.539719954527904
7.440051635794298
-12.096657844731538
19.866872146624466
-19.724196441779704
16.06545503009952
4.900290837902652
-19.224332669025568
15.61821527316981
1.4864513323451476
-11.677276774494466
-6.7997928161153975
8.075398868290023
-1.707482107878839
-11.2476578975118
14.203279883441198
-7.254733302306558
-17.801540007266784
-13.44085666829901
-1.0103568811097894
-7.539353745406817
-10.310232095257682
-17.646396499143687
-11.273918310960326
-7.66886696174193
17.70749274403164
3.2537507260493648
7.799312049325433
-11.83307106437475
-2.479599481848428
-5.0477583131752635
-13.168296724314153
-1.7296845062526103
-10.662012830138817
12.391576555168342
-17.106540634789038
-19.261308381586844
17.601704959266343
19.05750419608016
12.811176722503077
-5.560367874533455
10.28358704235481
9.583221242815444
11.035771291148802
3.141163823455507
5.682442260195479
-8.232541602747808
-17.71573604814412
-10.466050371885824
14.602257247170698
-8.834349027832623
-14.727083738329974
-10.1720437846972
-15.26161282370448
-1.2773027628460198
-7.547077428198916
-5.797540051427523
18.00721828960873
-15.49356145363177
2.7257900777769137
3.6777148095336116
2.6449586161243275
12.951725321732276
-11.5835862416347
2.004433046972487
8.649252301864205
-5.904609852814598
19.142025087046292
1.879910286347318
7.703260520047024
14.006839762607967
3.8050719748115647
-12.49907336663318
17.40188079110338
-7.1275817319613655
-1.6523539863690075
6.6143015386478226
17.708322141585434
-11.873986795401121
18.13151047606189
-11.43787019031886
-4.350897254347675
-8.209996010932565
-13.180110453744085
-4.174442789370353
2.302737589148059
-12.05539396428923
11.065960421393552
4.920276508803699
-14.890152018357995
-13.94395112650454
0.25930115274535837
6.536634031769545
12.303584961705994
11.769843484128817
6.673645428679002
11.839067184424792
-5.583413987569109
-11.92406916149299
-2.663418209867416
-5.848525983790992
-17.65152353829179
19.155796924627744
14.435731354938262
-18.375624041878137
-6.537947528371259
-19.677665490721242
1.2245586235420092
-4.789248684096869
15.47693699283412
4.067588356085885
9.077023720284533
-14.377881030079127
-10.240771975137232
2.9362650594985418
-11.493849457450755
-13.49447360902742
14.876887666176366
-3.3172803159634903
3.157903352062039
8.208893542947528
14.84176879236449
-11.034788942654021
15.65434346562823
9.039722735540447
-9.654414090992972
14.672484079143537
13.14884672517723
4.308086569510451
-11.465939528991985
-1.5621969535163025
16.27593950265664
-16.76179893658916
-2.5347264132925247
14.612034239029235
1.627045844215953
17.91759722572607
3.322237985830597
5.862257597119225
-0.26340905928139335
12.936526756850895
0.34143685180924876
-18.102340204667705
-16.732133952077145
5.071295363856649
-13.21359781162839
-5.2182637270473755
8.152455468633146
15.387951722454602
-4.829365325135697
-16.828398865748156
-19.876290964329336
10.057934708420436
6.266043536277653
-9.945719812390434
1.0652580193222825
17.7715455105916
16.292723893691672
-16.309326345876872
15.775577769622984
8.6744634880861
12.744439854861142
-16.43233072297003
-15.152993409583896
-7.687118302521746
-3.8972510439922274
9.860873043940291
-3.3290506238698505
-8.99450812158889
-0.9877751619083384
-18.378749883662046
7.397663422999013
-4.667419229987848
-19.23781369088472
16.406652597729
-13.86812505799794
5.902021744320848
18.089604076619338
-12.923434798252407
-12.025385643125794
-14.459526482173391
11.368351825884755
6.4384016727305635
12.317821391878738
-9.176455468125244
17.117437364808993
-9.231763213574125
-9.89018427685037
17.98720068666703
1.3102829466340609
-5.598993620482361
14.735265712388113
6.472491230803957
14.238929294959
-4.928813934094883
-2.95133076160095
-2.6653729182715296
-19.17380840274927
-12.428090591278567
-6.067296083733966
15.396536808381136
-9.106981182554197
-4.29292543367421
4.204451954011368
-11.624420601253647
2.6389733158550968
-10.010356622363856
-10.887630114671758
9.761563138209265
-16.1485662368065
18.237417132637674
-19.147497600161813
3.151663410213036
-3.258251071616524
3.6774515703190147
-9.340757769518863
-11.824482404779086
-15.321626354821065
-12.828206213528874
17.47304873525968
-13.85575997500887
-13.520255579119693
14.634327203782505
-3.4537528811603977
-6.011803984355808
-1.7830336554098345
-8.083641033240166
6.248153639826221
-2.711399681525645
5.497929605450164
-18.556450098201406
4.393352980660538
-17.03491021764468
-17.9096729410087
14.125998726883488
-6.99866309732727
-13.794328403740138
-18.637025340853633
-11.704239745243235
9.364534133850174
-6.973225047039936
13.461301912509427
9.335862390922173
6.262270429660106
-14.282149402431976
15.319263027675937
12.713835250515302
-15.85385614008755
-10.134318823949013
6.65569151611054
-7.92607335474651
7.451912679914507
0.3087152774170292
-7.258815784773777
-13.41230592679505
8.737117712629939
-4.4421184802032165
9.645253208195818
7.065818123079666
15.542276971180613
-8.968989007966076
6.043585706214529
12.850880360778902
-12.130279601663773
4.626208911956731
-16.98509344045831
-2.574275436842889
2.162856325756085
-8.323241975991111
-18.48647995251987
-4.3667090954498455
-7.588884352782731
6.414821901119051
2.7866846006310126
-4.660756010049889
-15.87556865254486
11.600614347739729
-19.330126379067046
-16.657033168676033
-19.14314360874027
0.04778333006647273
-5.354346509185941
7.129644953145139
4.103722297141804
-9.843985612243017
16.62776929277092
-18.374161089675326
-14.762121206863785
6.940517830934905
0.9547254464129011
8.396424881695665
1.9159950336213392
-6.592350711991646
-9.798487329000501
-6.083697724669669
4.25018437303703
7.6387734577152635
12.231891972420144
7.42932270490828
-12.004944011399665
-13.887640085055786
7.831846264857177
12.540929681057676
-9.769072536039118
18.47003807947913
-11.391983779210655
-1.351022855704155
13.475403347771298
-18.345772096617353
-18.09612748755037
-8.525710416849765
10.012771551699235
7.466061102390128
17.873351410693914
14.6991020183739
14.366900595048968
-16.341622554217132
-7.099258372352155
-2.5626825436017207
12.5190318159529
-4.730569956318016
-4.945420084266207
1.015289985358649
12.146013091211728
-11.209682964751533
8.465873364384613
3.402725648732016
15.860037924513428
14.776458347571115
17.386836240777697
8.731169605694873
5.837664075909249
-5.9515577084993865
-9.22941620764469
-14.077454860311086
4.680593858096053
-3.064568982696155
-3.424860441666574
-4.030241243522923
19.29495646456752
17.43533230618023
-7.407350029791502
9.564236099727616
5.426740583267431
-15.075270767076745
15.160732608476508
12.06214430431497
-14.140616206078711
-13.748587432485007
-8.042159390317064
-7.772413520148307
-6.023385579716184
16.701497099383033
19.305487475116436
-7.811350829957453
-6.9464854054785405
-9.794526904240634
-2.1951572924981413
16.211933655608995
10.616864934049708
3.746700574199977
16.93674014043949
4.72941577452605
-10.767522338023623
1.3908542713573944
-14.604496728244971
-9.879973943080431
-13.289841970818888
10.299075085161704
-9.860609791023558
-3.7141998786005885
-16.646233225266847
-11.870301828589804
-1.985148223365254
-7.678728362978887
3.8661727706179576
-11.161522643016383
-14.12666086825769
-5.848406187608379
7.737707370146229
3.075188567640428
-8.735711310560799
-12.395452006981177
-15.139716035857841
-9.186991706933103
5.525388618956288
-1.3842115631813847
1.5426739582277627
-17.00569503748174
-18.735971352004057
-18.2031745160199
-15.698559249538512
-7.236632461200934
-16.875008501273413
-12.008859965154883
-14.966551913413287
10.29486133993402
5.3529390400585655
1.2844666244591174
-0.5896868729488602
13.74560833713133
4.550621432165936
-2.742014005518026
-1.6275589352819217
-14.033649203755987
-13.94924831578531
0.18291257819097595
7.469418388069698
15.17444404599334
-11.611002480356403
-12.747372762256028
1.1543286876651315
-16.769870293885404
16.878127372409402
-6.910038952224266
18.96277875900384
15.771140637433177
-15.449437830718127
-6.446089676447784
8.584937295727315
4.481385423639672
-11.458306243220399
-11.454308521601156
7.654566188076437
18.863845236081872
-4.898310847879252
0.8388437570602036
1.5437884018351369
-9.771587713853549
-3.778132154593301
15.082079964143219
18.70016913677197
6.113671540939919
14.157691170881165
-9.403294098062878
-17.003041932617077
-0.8809508861481632
11.408886370565913
16.658670699890763
-7.288183364403245
13.871718857695043
9.91518809248985
-0.39380963781500355
8.613107225962278
-14.502572850615323
-5.328363186563694
-1.6566816926935886
-1.424900825095218
-16.01112182525671
-13.691776150534377
1.1492644656556585
-10.62853290783596
19.29626594777354
-13.77702067149706
-19.85953683877874
-14.780401411939241
-3.950838709443225
7.122546253364355
18.93245807821436
-4.14585211708895
-12.330038124952814
4.557898747607673
-6.769590670519765
-18.66107837499991
-18.572585956499076
0.18319010775451616
13.696629945014429
13.772370146071651
-17.92643800807996
11.968827895677464
-7.051791684615946
-1.166083081968324
-3.049180187780472
-3.4620810430632574
-5.017846506524503
-12.980882993737968
8.321561774872986
3.758324806283259
-12.784573144243021
-7.038037623188709
-6.39543809086172
-16.003160663528515
-5.770254258356005
9.154287054572308
18.735564290919797
-11.296581259572346
-2.0166559719903674
-12.769705089001793
17.195977117874833
-19.492972265432755
4.377312697503406
-12.296942655056963
-10.055118813715849
-16.62356708607306
5.004800833122424
3.226126223389638
1.2513493040385093
-15.694343069915377
-10.805007992926235
-4.494140049387063
-18.825234728226157
-17.93099124840797
-19.129589301653755
-0.897634789590743
-6.898155013223196
-18.860011729329162
-5.525163796447771
4.165188913274104
-10.431877995494382
-15.648029994001993
-12.608943936468977
-3.601748909675223
1.7664550441078362
7.233488370241702
-8.829062805505155
0.20037038500058202
-11.35977805999758
15.9175512486866
-6.02184406455104
-19.53233855035249
11.649308961208739
-19.067303869363826
-11.794567146584267
2.9505986933591757
18.14076470741164
0.1336904948665527
-10.924416668669874
5.907776440801904
-3.620352165115456
-5.20680178502127
-12.214419879511293
-16.435931180663022
10.90297928357517
-6.4648954723861465
1.4097433311064549
5.349842215785326
1.4241384476504138
-19.926755577164602
17.953425790164225
-9.82586227382123
1.619745197727017
-16.631300985812786
8.992495090075966
12.846163831417364
8.008196382204243
5.9063000760591855
-1.4826917072390202
11.391970651909602
-2.520186164591685
-6.411814854061252
-17.829960852672585
7.4520498637111
-13.329024086701985
-12.730017242074387
-19.33643927048832
-1.9263600561689422
5.980817760862813
10.65224771751322
-12.70528468504175
-16.70220103203228
18.343013542169317
10.203108265535224
18.912001523018212
-16.520349614989016
-3.3088959893253467
5.022877595249273
-19.539793956681667
-11.837522152177744
-3.9738986618030196
-17.735463782707033
6.491631331201869
5.145087185208382
2.9434692447916646
-1.6888303983139288
0.009879305340927402
-19.874230727697174
-12.082456094155201
-9.95409430895419
-3.2777736971453777
-17.89021814427597
18.03728047196121
-9.292009965115309
9.65691938048964
-5.656911091964174
0.5893189867722306
5.531908926309654
11.698604525394675
15.592611723338948
17.349377981688654
-12.784862788302043
-13.587481640228809
-8.838882080321389
2.5793443756434655
-10.641160058437503
-1.2323623786379478
-0.7352423164593063
-0.5948761342318178
-16.119304882225435
3.069326411410053
18.180975043582414
17.086552274006728
0.019053349986833723
-14.067841615820168
17.22970542033707
4.281382440687725
13.576972255437084
-14.000622627620785
9.951947554594703
13.760102044348471
11.351710754334867
-10.806406090147952
13.436366270726062
-10.511300713853124
-11.838338575852113
5.4067067719975626
19.382275105582288
16.19035038125429
18.34272287556913
12.03023427238994
1.3169694615603156
-14.35942947597427
-4.867908226365136
-4.042351189562293
-3.524273253084054
5.4825999667079195
-18.937248321174394
-13.441789391257473
1.3790108760488273
-0.13931118053321256
7.693319628711777
15.080421828203896
-4.689601199934344
12.778465355551887
6.09783296581228
-14.518862403690873
-11.266697424446598
-13.410760297003378
0.0018326265672925501
17.160559821439065
-15.569366084177716
-13.663380191592843
-4.348941817717202
-9.559245369979234
15.060357095409955
10.902413153094386
-4.6588051662637255
10.780101686688166
2.391281902981479
-2.8900025399303573
-12.306656546106197
-2.5171076239456944
2.1623782017728246
2.077030205172555
16.038066633182197
-16.489738432010643
-16.512640926921147
10.12370940072886
-5.4453578371211755
16.996953285518856
-3.3854761283410255
11.832764286438916
12.4249867620479
-9.636829571647292
10.054441942094265
17.792134836765243
3.074755512289535
16.269905663284902
-8.614190068461287
10.663493057652474
16.564123717548426
-0.392796878243562
-17.645428583642108
19.62447842930444
-16.696070472910662
-0.7817926479070003
-6.752790594271163
2.861695819002801
9.949569678446537
0.7490092557245163
4.175169510485635
1.6554362042001713
-1.1235276239840744
-14.277210115439445
19.72098348954593
-16.913405586244018
-2.411164289983784
12.270111148958932
-14.000946957798037
-16.022072677608396
-16.080072067795996
0.6945233514146238
19.516935781608225
-2.9022658847496174
10.53026979349163
-1.2114781635579241
1.569279122404911
17.656040725128655
13.402296492261677
-7.360002717795243
4.956223738646909
-13.164707260759387
-1.2458855606433445
-18.629738386703885
-3.0908088996864045
-8.88145092517001
9.353750954121619
-14.635535019794471
-5.898130702119989
3.9194956639747787
13.53122996104964
-6.8274077029552505
-1.7335635818242245
-8.312514816755838
15.881121047452744
-11.791489876681705
19.783538976625373
13.820713467958598
-9.997526236001306
1.5672053868157896
-13.552295564648675
-13.31692567183483
12.835816117647113
14.399319693119907
3.640725844074268
-18.274993879373746
-15.662381251946101
0.8630659322684693
-16.564158255667436
-2.8925075549371186
-3.3985167612761273
-14.363476340094694
-10.540697751267825
18.14218515060604
4.434202596070371
13.16813433697316
-2.920064914239596
-15.447541756523965
10.75784502099738
15.184836780177633
-7.594698338233709
-16.451381577897163
-13.396054610555531
2.512563054019587
-3.7751125998882387
-6.748152377720054
7.745933734159387
4.610665378500332
3.489685669360849
3.9548515743716592
-19.66046964321206
15.479543583780014
-7.893167912115157
-3.85144626136967
-2.841420541569075
7.719315521799203
15.925894469818132
8.631801448615995
8.92423262268617
15.405894964887501
12.586458481590029
-3.116867455068327
12.30962629130952
-7.448190622638254
2.8462039706852735
12.760801571128404
-18.8954413822929
-19.331123740056896
15.687244481816876
-3.512207407400936
-17.26167741839642
-4.589006605352019
16.104659272187682
-1.8211409545177162
9.502346061648751
14.049326347267893
-12.139797663177546
1.2801425349429074
18.321082106875828
-0.7455739544684015
-1.375970073849075
5.42547339321704
18.07333220166172
12.231194635428807
-16.922459563824233
-13.006447242753904
11.663267696959615
19.947210601493232
-12.214597746741136
-13.523711999561217
9.276279218634457
12.054762250457742
-9.357124928690745
-15.818053383490662
5.0839278984743
19.402694356011793
4.949671694170817
3.262671131657733
-16.490859038796
10.63597921984072
5.211996438917495
10.410803554438175
6.167106407187454
-3.598189760991602
-6.861760791067493
-6.0140816490508
17.44782369641996
5.457516001513877
-16.736634831209987
-9.809411051333704
-9.26167234187837
-6.229052793021722
-12.054978907629392
17.3997489775918
-3.090124155725519
19.992725674595782
11.439060879879808
-10.750719074536686
9.655006023241569
-17.877078360810327
-14.152451918827609
0.505050738142657
-1.5947031625071588
-8.16589484346352
-12.012248392624837
1.4337495985631534
-9.480767559765058
-1.4604627322699386
2.6002669037272312
18.48397523073062
4.735813342989871
16.96071897147307
-18.19616009226256
0.47408763171828383
-5.769943766764873
-9.343595971188346
-4.86096974645962
-0.7937507201949288
6.256209736507692
16.005473091924813
2.322012170712494
-6.069981879911467
-16.183821325607568
19.62949784608511
-6.638854138752489
10.820465218040894
-16.65603458947752
-5.211090477366604
-13.841412758425879
-17.50835410265555
19.78145961684894
-2.0112990824625854
-1.8988401155189365
13.327781733083704
-11.55189076200315
-19.14851671100407
-16.089785910740915
15.779850491761835
-18.325229123289837
17.48503951939398
-18.065300091899765
-8.263311044513149
-8.363359067876171
12.732794637528443
15.636654356939246
3.6919465202983694
6.630173879488943
-1.606298059186713
19.628314594711
18.862271026606287
-17.903514259751137
10.388930125713912
12.631133758751773
3.6798934493471123
10.447216409707394
-18.417615868596688
12.577965097649162
-10.312450857964738
4.396507879698504
11.604542600648898
2.025676023833295
-2.9793664617059754
-8.572378235183532
-12.968799231823414
-10.77464515530008
-3.688357722891901
5.0334648862003775
-18.827556478398606
-3.803850643462429
4.181935844678229
-4.696102261505297
8.30576583348499
10.872000219009301
-14.60935268560064
8.207546367607556
9.943834009278923
12.722639342025708
4.138888554941616
6.32627005926425
-14.778802272951005
-8.101081536128895
10.205864153233705
-17.383263168508265
17.31392436225478
12.710247572638266
13.934355783581282
-8.511170428592404
-13.42433706401296
-16.39304940661882
-15.318147497238975
-15.253600240372304
8.42680746989469
14.389086300689684
0.17061362731783447
16.606442413274735
-0.9071848262170157
9.099472412849273
-1.9049681420944466
16.094716367642988
0.8633927891316233
-3.119841123032888
-8.482326908735711
-15.377690407586746
-7.724700391967744
-8.468906922480812
-6.130711435233355
4.784514692876677
3.8790540558112028
-7.237764466579787
4.238647770859359
-1.8917868524865078
18.014761162547444
-2.7980188340850347
-0.26462878571756576
-12.072430943042676
12.304387020015135
-0.43698994262872404
-17.393116803508715
5.666354309036667
-1.1639271740259574
8.733014560873222
-3.5561431351212356
12.866767704269073
-19.368091250497482
7.354426147675113
1.6508373346055265
-17.00867110118282
5.2143654777924375
0.6343169871627232
-18.199984727665594
17.098919524523488
2.7417099882997533
5.6572662266672715
12.17123400038328
13.035248715459794
-9.888237716665401
-19.410980623712373
-12.794390760890408
18.599549261013244
13.02715469865285
15.752606638265291
9.628543407164699
14.755843417429375
13.454861010046393
0.9497014700177644
15.005800308191283
-9.654157905727923
-6.109956727759789
13.462234438445869
19.228645349656183
17.259738189422393
13.780356814793642
-0.5984704001690702
10.52017020648547
-14.021828541279122
-14.334224985487785
15.753220556658817
-9.720723467105397
-2.8955475837112417
15.323877386817188
-6.94292115323683
4.735037814686805
-2.458741276067645
-7.241798673261709
-3.482885100232501
16.03722960630403
-5.255010927958219
4.259030732143657
-7.112404058997246
-19.67036238396361
-3.0624929636878306
13.571657968085887
-0.43063373924752923
-17.630527210989683
-16.84571155128382
2.620012024568954
-8.581799269008634
12.51920774699775
15.477291037266824
-13.080845924510772
-17.60480133600366
-8.624415651885906
-19.64043420496235
12.478776079146392
0.21089718321935536
-17.083502753734287
-19.56979505357525
-12.09375841857133
-9.037468090905678
-17.27185868504211
6.482668139235418
-19.1422867393641
-17.563649889083113
-14.723209446841379
12.76499552574414
-18.530586880453846
-4.51088688467598
11.148620403468641
-18.610095983372553
11.050050872042267
15.501446957629113
-17.027461445870994
14.754829354454067
13.555277993605479
-2.253894515019862
14.574440385168892
-11.163847065527497
-17.704630922140293
15.533251419210416
-5.427830394293087
-9.852919431015925
12.510627437505434
-0.5267006757404538
3.8519722960524376
-12.689088948828644
-16.830084442328996
-14.729909611797613
2.93013807144332
4.2679394383523
13.416199995829466
9.819152325591105
-8.041427473973002
-19.083358543176328
-13.019597477249105
-2.253962926240277
-8.083965417517192
6.872247216833394
6.644560343367129
15.205571231987626
-15.774567905048205
-14.48379317719219
-12.040587729634385
11.966990485058936
8.51895309404064
9.876464234106649
18.28105306887008
7.611275833626678
-7.785434006506815
15.791681272543784
-7.133970277674511
1.5061601932891513
5.378633006684723
-5.4758743907761875
-19.048908922256118
-0.3608574926960699
7.4726984379502746
-10.547058416445655
9.57593613642689
17.470479749399352
13.306984555558316
15.245802507566879
-15.627611037505172
13.146754088468754
10.507272930026907
7.5417636168702415
-15.537068347543897
7.218675208364964
-18.581555460540798
13.032773862019972
11.841865681498565
-17.386197548197586
-16.676494568335265
-17.867237744234018
-7.1956709657811615
18.709470804715153
-9.959588381229416
18.92812515735821
-18.803197783948953
-0.3986473969199338
-10.741012125819957
19.32669918509758
-1.9261056238121412
-5.614127766113711
-2.1293347426993563
9.02908850118827
17.867561834731468
8.704232199389867
-18.898711636825645
-17.117233516391085
-2.330949679104304
-6.839475424415188
-7.424878487806499
9.359466186366738
-18.065539033977103
-13.506553206660104
-4.391948450441703
-2.3493397197354327
-14.532065942489037
-7.0645008722561045
-8.45699648715116
11.135052988767352
7.611258132264759
-8.341610644201033
15.761104458818366
-12.129392754879218
18.537587875497785
13.963015973675013
-13.409351821660458
12.307759641185186
6.5615302564415146
6.363514979681099
10.497685768273143
13.873174230982507
-14.088740936319404
-7.235392995318254
-2.948105126476829
9.521886160820742
-13.264697706957183
-8.913733329855255
3.135566602126616
11.763739032947292
-9.320527401610285
19.207805856798473
-14.233686662626814
5.302589362396187
12.027785774190313
-11.298983827160596
8.276761624727328
7.376954941855978
3.9913377451826513
-3.0273356131501252
11.867562272559287
12.173638853660485
-11.34590525332861
9.95389743725196
4.175333537392021
0.01690130791077138
5.9247121799275995
-4.849147189383833
-11.575834393704994
13.545359082050645
1.4342167886344406
-12.349190074296295
3.9002067491307457
16.689970080769264
6.916845466651097
-16.148900831955622
-9.357895936474549
7.713128679182137
14.244025969708296
-12.008919167966754
-19.55988762574052
12.980727570182275
1.8020171483023972
9.955651780138712
19.277330521678913
-4.711877429502028
7.744725374860803
-6.795372409077633
7.3974623178709855
11.727044802948324
-8.939187470141201
-12.199121798539348
-19.026672369808555
-4.481934628309947
8.964753380988029
-2.329650659228818
7.404472226559928
2.031642461851124
14.663479542834594
-14.773718599248063
19.970286844066266
18.316388203916738
-8.783316800025895
2.8309217585520443
18.62339038341689
4.518739066018362
9.274607645695617
-9.992154616364918
11.763379316943823
19.754488886293572
12.772215744527635
0.611732064113184
7.774917458573967
4.378054013234333
-11.819398171215383
12.340746140708575
4.1992567561430505
-4.985985614304148
-7.061414505935964
3.375990728542135
-17.917031575016516
13.994246321043448
10.724345450965039
6.440577574181759
-7.771376001697824
14.138605383721547
-16.16806878782132
-8.465661227404663
-1.7665521924778176
-11.324979137775504
11.926331892495487
-3.640530842988351
6.874316200060775
-14.556744185867778
-6.361322647197255
-1.249320906985485
-14.819210460747732
-17.01220697804953
15.898715206699435
9.176340217066038
-14.262317313737576
-14.666285411284775
1.0383865127493337
13.357069982925857
18.46377919434474
3.4706927610136447
9.03919706489524
-19.5417723953994
-11.928674661032726
0.4888526880845312
-13.833548498577063
-10.120902799524192
18.964002339499736
14.658078541688539
-10.506679304610618
15.918265371560175
19.89412917907898
5.53204129443289
-7.02543874939674
9.315808417338346
1.379087322990145
-9.908448000285834
17.08743518762943
9.817279815965719
7.401755637950803
-4.566454708123446
14.96931631847098
-1.8013442152871164
-2.980951809411266
3.381962724117219
6.507086476698124
-16.149892484395707
2.7457236836844743
-11.118273354576939
-17.83683744340437
-9.959090168566217
-17.610740656163312
8.254888748262346
-16.0386043184933
-9.984534494247018
14.446800829287135
10.47975484730404
9.086884293098393
-3.412049267535309
7.426839401759718
-8.743904741920474
18.3905463494308
-15.032782809125314
2.668394177475413
14.111608221413903
-0.7062721093762079
-13.574437689380087
-13.44887522895771
0.2379787275821883
-3.988473187973632
18.09399003087845
9.814050187346147
-10.777055040961931
-18.020125135398438
3.3992280043601184
-17.212330638169234
6.142420206364051
9.27980976170252
10.528622778412483
-8.240305012558334
-7.090112730428881
16.189292474787237
13.305797338977435
-1.2653307085848944
-8.378713731121103
1.956209112036852
-4.342454752406271
-2.9299696694484787
15.123722429628657
-12.268178800566027
3.883403963439523
16.001395629920637
-1.5801840813291577
-16.6505993784186
-17.043610556331746
-10.34538778897797
4.7931791646319475
-3.678310001081581
12.648819903213663
-9.820810375876864
-10.142788147668567
-8.901112318585046
-18.945513867021372
18.193175259606974
3.9828743444384394
14.124505746760136
17.746812587366236
-11.590860388237827
11.137625565311104
19.20081430000929
-19.755361901090552
-3.298415272693749
-2.6129374450956853
-17.40748370689893
7.2622811243731675
2.1748893708637027
11.85288681834356
19.731105818885233
-5.902557541833975
-5.948817036102469
-9.744499549374272
2.4064122960610206
13.691086740795356
14.051362645851604
-14.106984126798366
8.581881943081562
-14.640357030516554
8.796223934419075
-10.67691163392698
2.9792874770700877
7.063267215717296
0.7050471267474769
-17.862352527168245
-3.3814171569462346
11.189796228861894
10.785855241754732
-15.00307795247175
12.554888427134756
-8.039826949410509
0.43953583736891844
19.13308297912475
16.122427914412278
11.116138930711784
-4.37564030109661
4.361222409441282
-19.861007081650715
-12.941085680641265
7.152493990782514
19.13255603244025
4.689098199105221
-0.6161324949136642
-19.411984782976837
0.7647155259967704
-16.906180925191205
-4.635385147255748
8.413860609606036
8.79479989873905
-3.255575840440308
7.567149108522784
-13.137102661072673
-2.399989599861488
-4.731718944539548
-10.470702853476293
-11.460848295838272
5.73834598278556
5.211744281199454
0.8181832366600688
3.4081175422478367
14.92345140768525
-1.5862443513644742
2.3276985837739197
-9.114012216490327
15.456173843584445
-18.760602052652914
-13.486210384773996
-16.156112565165678
10.370476894575283
-6.0707564777644585
-9.985871986550707
-4.0740941683319
-2.296801534303601
-16.700697017483414
-16.80156227017257
12.98316805088816
-4.072229298500947
8.20736348219856
16.484754628359433
-4.471961041134641
15.135857292683362
-3.162302156926195
-0.5149500997228706
-17.397254551398728
18.131346767357456
-12.33362850775852
12.811015163382322
16.89081044519635
0.24115556379573988
-0.8681364944208667
7.259551748427317
9.080498787430137
7.084128932518851
-10.788748312425955
4.920141318821692
-8.846898474014445
6.034018198588026
2.099538187789168
-14.14830595429979
14.174419250357282
-11.230855657801095
-10.392696631623695
6.783145060324674
-19.903465446232218
18.275862028914638
4.208420106679434
-10.766108523775767
11.06321380452361
3.0145701737413333
-4.548975329188263
15.445746708162979
12.353579814676799
-8.563159176002548
3.506421939515178
-12.29246557088604
7.265774669474698
9.385122706348504
2.4033270621440472
-17.0174741622224
-19.95949083978729
15.704463454930156
1.3908441338042508
14.226243785105723
1.6395483294808457
14.594788789160418
-15.644078305387188
0.7079318259199638
-8.801943212657136
4.307927424846312
-12.461210948520339
-14.883623117722959
8.914075920601235
7.139674717200165
-16.292893447314274
-3.36472837941605
-4.391667654815446
-15.3655221290459
11.671945787165917
8.195970684787572
-13.028288192906658
-1.332117832498728
7.104066660734553
-7.83710373430463
18.6044931423737
19.23265476082898
13.876364131937507
9.231625118105661
12.106397224380522
-0.3854082844991602
-6.6159259458179775
11.38483246037893
-15.59536537175366
-12.253502487115146
-11.628940353933928
10.974727572525346
0.029659867558056163
-0.4971264024359847
-9.462483968724328
-4.895093467547934
-6.888518080883195
17.450086154022557
-12.020551830036709
16.146454472041285
2.4308394929108985
10.800490541643725
-6.718922625749544
-15.465998712040264
6.595596962533104
3.6052243026795594
-15.466264173481523
7.774659454260224
-11.463296581707553
7.75083357175393
17.704770765685723
-6.152694361105233
-2.6478974362415713
19.014750530458222
3.319934308722697
-0.3215317461958378
-3.188212258790813
12.699960111325872
-4.034959142413674
-5.6741176355879475
4.803148519138393
-11.263768314297185
19.716893059353765
-5.121271291061586
2.184876807605889
-19.39029540639984
9.06646204163891
7.0772366864883125
-9.962845896412116
5.709398505210249
-2.1999007759685867
5.630569038057519
-18.392624329458627
-10.921603264678858
19.25440056584992
18.77025612938884
13.319697861380646
-0.3655193692558676
-12.54098894563219
-12.42144602527894
-14.971746169984064
9.103403474895316
-3.273698719820434
-7.180439981112201
-8.218006986305921
-4.121015993914515
7.464178551479385
-7.259423314294594
5.807730213876738
-11.819586903168378
-8.360176663970464
-17.346744913511532
14.330434687928218
5.439808433073516
-18.848405046503803
-15.862261857858574
-5.453369862339956
15.967305417466811
10.126889772281427
-3.8233164453056467
17.13121405400058
5.8681094550090975
-15.373942181367045
-17.367551721330766
-16.940469100833955
17.913481491697432
16.370403474459614
10.351549161905634
-8.05910344389924
18.787678359732716
2.058683223846053
-1.5417826265450785
18.470282399930603
-9.97607740614081
12.311100257318024
-13.200560407974308
7.4424019641013075
6.150042231823004
15.911442791388751
3.1052368821570937
4.497562426370557
-7.762157929823164
1.5869425567095021
-19.464705383425574
10.866540786654841
-5.944148085010447
-18.817306063396295
18.40173349177178
-3.771659858391022
-16.50007990082767
12.705230997935082
14.29818959335136
10.075742482416867
1.1188131315843854
-18.555785749263332
-0.985155474317434
0.6639244457469395
-17.939056857896706
3.7537337525060224
8.639215417696843
2.253205360712961
18.032819320226935
-10.442280436902935
-12.584251345375325
19.024315924600977
-15.44104341599974
0.9668091113488941
-4.627281937472754
-12.831659234951012
8.737881736132415
1.0139247573628154
14.759609085462692
-18.392113772235064
5.600882497668
-18.88914502682679
8.32656829003897
-18.145787293069276
-18.495065711935048
7.894631535922763
16.741691732116635
6.938503878885236
1.0857984564631167
-14.257379570860135
7.768891848931297
16.956236673392844
-17.009070071515296
-7.7951158778700425
9.747777721510321
13.412136138250709
-12.419487925102901
1.0004238810683432
15.798287597023169
17.525341398459005
-17.636225789895818
0.2243111048689137
-5.340609290107189
0.33934315652422953
-18.25270301542432
19.347575702562253
-7.690189927905333
-1.2412333937047357
-2.0586569568743265
-19.382763624877466
0.6056075769674862
7.449610724041879
13.05811367612285
7.852436133207181
15.501554514876062
3.2422784587704214
-14.686729854827515
1.9345608370581147
-18.787691913983583
-18.544525460868073
-15.112577190398447
5.608001264871206
-19.379568821310947
14.649795633541281
-18.347119893892724
2.7553051717475725
14.206190219616047
-7.13180838648929
1.503249367896771
-0.8120250778552851
-14.710784256869873
-14.33604875998415
-1.3901380575429485
-11.999181206078436
17.065005525550575
6.43529730882873
19.219836611794484
-6.365929101329332
9.680104901363965
-10.80500651189543
8.678463465063118
-2.9790816855319022
4.696046187078107
-16.489654218505923
10.892980469017836
-16.227294207841577
-9.068702730845217
3.7698212014919292
9.564326358382505
-8.98749799386846
-8.59962152237793
-4.331260464814184
-7.767666023380677
14.413208172799976
13.342291287915373
-13.665727806635068
13.121100104392568
-15.156906902539667
3.8904365648173567
-6.060163164874117
0.42804277795166
12.183657277626594
-2.016059150362402
-0.9149266207030493
-5.587439663812411
-7.372275488958833
-1.6228982207058529
-0.7286234509659728
-17.0582411501586
-10.996132779269407
-14.4611070834009
7.983881690639727
-0.764865067105017
10.701456189014674
-5.619551497853372
-2.7580042568177348
-6.548375238191863
13.661509657563826
-8.068456795497024
-6.8879249697998155
3.413486623126637
-6.709577102945815
15.933470094055785
-8.539892411007841
-0.6852141655323933
-18.217513238862637
16.21506697122853
-19.08907453111384
15.545938953210829
14.777965891302578
-19.93703736293742
2.1428048899540855
-10.90478876847795
-18.093811974354605
-7.730245668573858
-19.35458867901923
-4.0219508901525725
6.978826756876142
-4.364552965490148
4.953576235733692
8.720137946002339
4.579337313444313
16.040793700975208
-18.444229583204915
-7.66996921948456
-5.898908461105066
-5.148452832794108
-4.224794272739917
-6.824618358858716
-3.118803972072932
-15.182401848636484
-10.449677662313528
3.4776313823655016
14.653168717124977
-19.911309784559275
19.61171462363223
1.6096779432761892
7.238659987726113
16.560639818705518
2.9810660437938985
-0.37494462034527487
4.8258803144440385
17.21186485014418
13.706777679137574
-19.399891400159134
-1.6247003297383245
18.591542502538402
-18.433661546212583
-17.022952198080354
-12.746732674844935
-10.56304734502814
17.818591596696123
-15.958660248975685
17.153253421264715
15.620821672312147
-10.804850657212457
-10.26938715154123
-9.399326353758205
3.896614201978533
1.7923395724623958
-14.492388824716947
0.900612956988688
-19.999071768229374
15.444343661074114
-5.6900126858741515
18.35464208372793
7.184852840030093
9.590947371211016
-15.041447323068047
-5.371001828815363
7.3307899006353985
17.488088256594587
4.367416130473817
-17.9217663550299
12.852339239312293
-10.47050873892947
12.352040548060053
-2.9257422005114577
-8.827593039589093
-6.666176257613202
16.599332092618965
13.51087721111196
-13.67129514984378
6.161545557037535
0.5045140017594427
10.013974191020225
-13.519705811772038
-12.96268978286632
-7.491781225237748
-9.24550804818959
-8.13423144123879
-11.236715600151
-3.46366561269825
7.756335929123974
14.627737932648984
7.39638575231875
19.95964054749127
10.762734783115924
8.250447137930614
-19.04934333802746
7.277630461765231
6.9395643331624335
9.289289177195297
1.2190169036725607
-8.275283999118503
4.282754144854909
6.722052003260117
-9.613596639803266
-12.96478253187435
5.7972432992552925
12.574065307254656
19.54808855688009
-12.443162960422875
19.615488555951423
11.643294462732502
12.639840305558032
-0.18339866061297272
19.31225425806862
6.515088854628985
-4.983512625272413
-5.874701714545264
3.5283776069414046
-12.916827907212873
13.682091289678752
-18.995664293831453
-18.337838892129778
4.275584855912086
-7.985826670856145
6.8669545441475
3.9532224421984843
-12.864047083288268
-6.259189872941256
19.93640406633685
-10.777266614315621
16.057426372547127
-6.385093700370463
-6.4913792355351685
-15.312223121698189
8.267162891521195
-2.5053284754018144
-2.466160829907924
-12.892406058924998
12.770177358300074
1.8107190108741236
8.761857588590559
15.342310834011826
-8.646550476038094
15.737058473993017
17.630075964512017
-6.102239936010875
-2.8846803789179667
-9.035219320551477
6.938743217958688
14.687301207082882
18.348823886107766
-13.176190695569074
15.473956047158744
2.12802644286856
-5.5110160076403325
1.1856165130930982
-0.2252861629945535
0.36071929354866583
2.9851479207313822
8.264362688354431
-11.459948415508702
-7.793096676707902
14.09060984477506
13.636367210441257
-1.1227573905681894
17.55145693596379
-10.381296116782242
4.033752057124701
-13.132347223028699
3.3883728332302887
18.54847976451984
-6.313225987558177
15.308419952000136
14.624305703667993
-13.797996138414067
16.874149314189715
-11.976273145061068
-15.904773241780873
-10.593665708156523
13.226023724459367
-1.851378774651515
2.692163656246329
-9.024679262034736
4.047456024352975
-0.8679143554855315
8.054339516645733
16.620596532141263
0.21672305107315637
-4.5421171722215306
16.75930292938599
-18.52846806751392
11.375176811764899
17.40988692805142
-16.88872282343153
1.6992907051488615
-8.515726384365191
14.537934639303373
16.99759676895043
10.04794991727676
8.963997140807951
4.959042957493608
-18.60391965032418
11.0914829113463
-0.5130987655181514
1.2276601209448899
-3.0301564041115867
5.889513338553481
-3.5560525437712016
0.016469666532564986
13.740815813279042
0.2569109206214719
12.624629332996008
2.1416648792078554
-8.894542166994581
-13.302265012864387
19.023755349490166
18.864207679676596
6.4480938644918915
13.952335350010749
-19.51501782084975
3.667924552312055
10.702675179715214
-10.412065332459575
17.793629457083348
13.529545989759484
-14.505723274572095
9.43367908865445
19.921903108311277
13.629384900494507
-12.65923408011096
-7.087617979132887
0.6606187489651063
13.119619793955053
-6.686658295884937
16.253401516712906
-9.203332736836668
2.057633386505721
-0.7460542968678681
-17.851946253426565
17.210125206161393
5.336336591167207
-9.075724097322023
19.419634237692996
8.71018515261322
5.781522057571216
-11.130374339013498
17.380600774430206
16.952464923012343
-8.158765810464415
10.937350483172324
-14.491066136111304
4.496603819016727
-2.1302664022600446
15.038424705315705
-19.055888996359656
-10.27501992107756
7.479526457982235
-8.202759695099564
13.42698357864667
3.333881588414318
-11.030199039137084
14.244571783570251
18.582519025732218
-16.066265214449462
11.755081114616296
-14.43133333249413
4.6462865746768856
17.951964185471525
-5.852427413189002
-16.759389995692835
9.85366864623062
4.5936244939221
18.94821109489073
12.778580368994781
-9.60981821821434
13.223959663807925
6.102038675486231
16.35129952183486
12.944300104080384
-5.77151087705146
15.146100689698663
18.17017180405395
-5.556056759151563
17.85461389892673
12.95249529738431
-14.158010175392231
14.849360144200347
1.5741176725649026
14.45846239645352
0.3617196990195737
4.273425419320006
-5.409924322014614
-17.434851177717242
-3.548755015774958
3.0205674680889096
-13.883819761617286
-7.067129092816749
8.68102678393566
-13.111947291487818
17.185591277760757
-19.882684572208483
6.258510062268652
2.565808419300865
14.4666204435661
13.315175890857077
-16.021674755071228
2.4991729386576047
-10.72558819816361
-7.137126667820283
-10.69332970332085
-1.431789065899821
3.383817714265085
10.609424390340813
-10.801920262020097
16.035546109293065
-17.531858728473292
-18.363352730202248
5.719487010864906
-5.780469029075693
-0.056799310019165716
-3.4138056639146868
-5.570293360605794
-12.389152668475067
-2.4002235176853723
-18.21221003145379
-12.572877116583058
-11.368678920618294
13.086874990641405
9.35307001932809
-2.694135458334621
15.791880038918379
-14.797661899724513
-6.545795593857516
17.325980780682066
-2.0247151034488127
7.82032830406343
13.831329065871444
-4.624526677802363
-3.516806695787409
7.558219917015808
16.537699177316377
-12.555485015709413
-19.10645358654672
-13.167427638132523
-7.486915239426025
-4.0401537378218
1.9503431094608743
-2.216203412561274
17.94581122080431
18.36356384413633
14.217969130928914
-4.780099090236956
-4.69358723726295
-16.57271459757996
7.572421977235461
-9.619841318832618
-7.545645296490079
-5.53081107886169
-9.425097360040407
-10.557729731603365
3.8522555161132033
-18.881788915318385
-18.821020820856592
1.4528696593809443
-17.64742772937193
-13.89939665848364
-8.057567446486843
3.223938303921372
-17.728669688370893
-4.15998166200357
5.945202545920925
-3.5072519438756267
-0.9835815644676345
-15.469237612506594
1.2164881511448868
-16.10202359184818
9.171278494336388
3.224850629982594
13.37388222984741
-1.1042299642779874
-1.585639660219588
-19.819455888948077
13.40238256576027
5.725774752825082
-7.229044843468845
-18.957611971116176
-12.345837315595226
-9.322174421893088
18.702441490564816
17.180004079926086
9.306950025450227
-1.6104608401019824
6.150079120563248
-16.401432543752897
11.015002454020898
17.046816252605367
-10.810360286477563
-7.154085598857481
19.733997460194786
-11.927577198842329
11.134645264144986
19.18840529805702
-10.433562158390544
17.701078443727624
-0.8055052844379063
19.922180214571107
2.5741828833778904
-13.291137956970411
15.709030513226736
9.620220310353616
-7.739517455434548
6.61220931513386
-15.194760096933297
12.585189284771786
13.324475477665764
-2.5440294392680443
0.06793391063929732
9.800191724914306
-3.8275133441437923
-11.395961580977648
-6.7364365193190565
0.8339566588097966
9.33487021872875
10.34916121628211
9.751659850428318
-15.594344990629683
-15.582502637617006
5.0745932117487556
-10.914340696661702
18.777895054572504
-16.044385891776322
8.907124428625156
5.818990982491737
9.139197449377239
-16.35892028621026
-4.412026583890727
-8.13790463010815
-8.39936655901969
-1.4113923528191599
-17.66916881243631
15.110209216381001
-4.527536800275488
18.882422645004283
-8.04711241495645
-4.6922967629000745
-15.757975911890227
5.191295624574348
-18.672762800032206
18.327398281576215
-9.487933846879804
-3.9454246880807062
-12.923909077107965
-1.0176166275765475
-1.1723817241030332
-19.469435905725433
5.200269801790974
-6.700517771865314
6.7567713516410635
-8.570535820333252
1.037259843906611
-11.108747614009008
6.025614048436591
-13.156307648180544
7.300487579632687
-18.919449160764255
-1.2930118440640292
-4.555211142859278
-8.106089593507733
5.759447180536938
-9.901990567028754
-17.332577368276493
-7.878574790244951
-12.906960535821055
15.72340076225332
-19.23104860253619
0.9203694807594189
-12.3929784010544
8.421238678256447
-3.6771825564315783
19.61957275434537
-1.2114387220103815
19.168802923069336
6.752349757246719
-18.982167249183483
-14.678256842853248
2.66722508970134
10.419617712662316
13.387139886989267
-2.2542988481902206
4.440712512100845
16.47756727996603
-6.820727017511331
-9.44181452358944
-4.6897417221279625
-11.427413404304755
16.590362913864055
0.10710148894556681
-4.689650594786086
-18.70878449418973
-18.78984067523129
-8.171766539349466
-5.350226211729797
-7.424306085360355
-12.475160437504659
15.131921294257012
9.006324367740977
-7.381338538148947
-15.984359547333668
1.031546682263489
10.570761631840135
10.007962288678712
11.454281326816954
-5.496901855064905
18.947408924578923
-15.891470579274358
-4.855300546413378
-2.605816939210534
-14.49251846498591
18.26595451441989
-11.442028715302598
-5.269820760531495
14.984005048010452
16.627511150012552
-0.8155053963636121
14.898692961002695
17.00786304207484
-14.771676126873894
-17.356330871026596
13.514175896424966
10.996767438662033
19.183412930636422
9.33112264903827
-18.49316789736033
9.174993831271955
18.266217887407343
2.8459672434490493
-3.7547794248556876
-15.70044923752195
6.941311708173309
-4.658008320980018
-6.715719695120374
-4.772675743084779
1.6393023268886928
-4.275650116303385
-19.658472875272697
5.076006125154127
0.9052393704638639
-14.814588285134214
-12.65735629522316
-2.288497675394776
11.361221194008632
7.436087634759655
-13.7202005661136
-7.0854690642810425
-8.068252138970502
-2.1048405696242014
-2.6397268239640894
-13.241414108625019
16.14978556126848
-6.929514291714112
1.4125339016625986
-11.270731374439
-12.638487211180323
9.09354408469579
-19.24698899874268
-4.162144901705727
14.999095320408024
-9.055628322097906
-17.60366729986941
15.898555760552405
-18.09497833614451
-15.881429668236557
7.179678741690903
-7.036198353221215
11.55457768717552
-5.192188426507368
-19.091679311267463
-3.0133846971124214
17.174402030283147
-2.9937992760148475
-7.618932761945075
17.314759544775356
3.220243959871631
14.72035691721792
12.571773961071735
-9.650565384866226
-4.242679913813369
3.1886174095242765
19.84113781648596
2.7453804840095017
8.441835768724253
-16.808072370365558
-15.931449810647337
-4.074564217994272
19.892776586759567
-14.05950012966031
-17.13593223431692
-19.612571879859768
1.1038130425007289
-8.955927867266631
12.299823459224314
16.505188218146344
6.775206556746941
-11.145313044413268
-16.60417379374001
6.396750955242759
-19.586868845759938
-10.58770813596027
12.542381167759423
5.403913636776643
-19.452613070200506
-11.278354972328382
14.145894923473676
-7.266038232841453
5.0064714865219955
-15.508438540555854
5.611948493227196
12.714482677505792
-9.099815819005489
-2.187882833704702
-10.015706509557841
7.286568733019273
2.1759789811479138
7.2599830516607184
8.28400197828416
-12.887255143678523
-7.164769666686489
-10.88363854678352
17.496622266696697
-0.6021621754782771
7.344089024174124
6.699723227051088
-13.471724431744022
16.5835635750392
6.8874740662878295
-8.046089705458872
16.91841548904228
-6.1337468209936254
4.565882642297517
11.067069581245129
5.487093157209223
7.636293532503714
-11.626233374820782
-0.8585799185333407
-6.155469023247143
-2.4768825414063187
-5.050571990943213
13.906718375672085
13.606401396724038
-12.905439219540945
6.808169284899584
6.679107040988125
16.23220952742149
-1.5736959005012068
14.825899986850978
-3.983666741067047
-2.143922461207893
-5.428792159141317
16.900051176441494
18.358104527687352
9.222704625062626
-8.772030725397627
15.694526087097856
0.4532660702721074
5.873564660278959
15.598358610992356
5.432987862895622
11.056919723007397
-3.259699580210011
-4.543376393947058
-11.085416559229952
-1.8640086765348158
-10.17387282305906
8.980781773100158
-1.5953642379619595
13.933873882219075
9.242727306710204
-8.279593062422235
5.190129364246637
-8.605823154475862
-4.381911372095519
-0.8422244162461325
-9.613064005655009
-16.399458626998364
-8.666822803327928
10.745496839420909
8.424467965412902
-8.46924941902179
9.066819002247485
1.3908423971054944
-6.415942930196984
15.545789323483291
-1.676846039908149
12.845982818427927
12.959290700697323
10.129539853863243
-8.75715149496964
11.769354510025725
8.25763341762945
-7.723304847954191
-19.772063867692246
-12.580846047764723
-14.023048755954793
-10.131078831274127
-10.667990050221254
-2.2739564066304325
-12.37276325614503
-8.457402658670222
14.069213536647595
-2.008074886025504
-0.20732523379575696
-4.035355373949386
-2.4440232923136804
-10.824880267700703
11.623116513524675
19.270545047196286
16.84287873664241
2.567676501922879
18.316130633676913
-11.10430896608516
7.874118934677426
16.414161187710896
1.9155881982097753
10.640902908564609
-5.806710138485904
16.31314636615931
-4.559310026058419
10.425884818615636
16.603985046248326
14.89802810952365
16.179591602181212
4.331686884195882
-11.652543460406308
2.9383383500420805
9.126784919939226
-7.303124130923631
-3.4560880306530493
14.87694108434313
-4.678106852717354
10.964106982315847
12.204756421777347
-5.650196295983218
0.13310858742684317
13.789209378149138
5.6536785454228955
-12.637933470200707
-15.410746397460006
-6.32752037272275
-18.634432441761742
12.544943027731449
-8.867560602563582
10.539707789289242
-7.111293070153488
-15.164848409916601
-14.296215891749796
-8.289788872780036
15.634643459396898
-13.747963198261996
8.118266157447739
11.373225831462555
8.875534832559545
17.66365253905974
0.10679620310044413
-13.85918443472475
2.8317320813718148
15.830702224903348
11.955862451016316
15.46563918258633
-1.7318436396359225
15.147804596299544
-8.499732633492822
-13.61651356675921
10.134820487528373
1.308284451616089
-14.025741163670208
8.230646265020702
-8.286029948989754
7.776234639375371
-5.396375324939928
-18.750955697125775
3.430145043171521
-3.8991929922282367
1.9042624992392199
17.343598995112053
-4.998793051317012
-12.465415249253535
7.990423579713376
-19.566584575041844
1.9671727420720622
10.668822007847119
-3.4927274311603576
-4.303168999322459
-0.6537877976913364
-10.68382419955209
10.74621120310368
-4.476944504547159
-13.845744209414587
3.6777273381627573
-3.6809794485682445
5.100444498692575
-3.9438122658809824
-7.63009201044583
17.773738405625615
-7.718336605237699
17.000289351291904
16.700220087394115
-18.987375296157754
16.970391740007102
6.488566490339096
2.1798869951355826
13.27453510618772
-2.5574350216497024
-4.520974954023856
-19.89096464634519
1.7522877314459286
2.8513667874948894
16.252084652159894
3.3594971752319225
-10.618389920741853
17.296741748770764
11.870239534603918
-4.048878773423921
10.065848988607037
3.286522121509215
-9.731638226565789
15.966243879046388
10.239241212737706
14.232678954623793
13.612452609142807
-10.065289101687696
13.02639651301618
13.107045757915337
-19.81002619437281
-8.404563804335648
-17.533826954526674
18.673115098676156
-14.790920989324787
7.047501158748084
-11.819539293487171
12.808228761216021
7.473674211999857
0.7063451587134253
2.018090290190578
9.16964628608035
-13.530004624612424
-7.765830407923776
15.707390385953694
19.385491470483124
2.1417032292370877
-16.28425919853722
6.886340767738272
10.413260631877904
-3.4486697217602114
-11.432881687383079
-1.9600376079120494
-14.681142667114976
17.4347182161329
13.59902000273322
0.9753417909296473
-6.241901558617236
-10.532702767272717
18.42404456444627
2.433374881614437
-7.724799551085173
3.4843131291161598
7.4176364772391
-19.30068989588436
2.321610635300175
10.464148487051183
9.21010574224658
-14.02237734768336
0.025940527143756498
-6.136611983055342
-2.6100614055915017
-6.979985812565612
-4.893194108564423
-5.196887666490738
-18.325345083710765
-0.9854709618121262
2.3123232586277744
19.471845724752974
12.48266258962476
17.00284142986615
6.613070174826557
5.666817058825863
-13.09344045940962
7.692474911040314
-1.8311357518638935
-6.081014714798837
-8.726943129673428
-8.955399496387066
-8.827746202698115
6.246623025792239
9.660304802374977
-17.766350550301322
10.485020408933305
-19.314502610312744
17.169434936304775
13.668342264630418
5.253780500248144
-7.070658161744339
9.07704083011561
15.738841473496095
-8.382321633678767
-15.787981907983308
9.499910987707594
-9.061477733182745
-8.369670429091776
-1.293528798459871
1.0044432548543938
-8.231189250284547
-0.9510101792247063
-14.517157773383115
-18.433568977648225
11.89384373674578
1.7078472292909836
0.7348920764180669
-19.12243704159224
-0.971526604628167
7.606533484826663
-13.935595470866842
2.2362807867649934
8.153500118029676
-5.650165569919601
-11.826702619201166
-10.20594843675604
7.409269494680149
-13.107129398039215
-14.738915623834203
-19.021546904009668
-5.614596535416062
-0.5602803799201475
-6.6435190865131375
17.679869422203637
1.5167530747133071
5.488670341389561
-17.830251516355588
0.6842670245504294
0.200302498109572
-9.482243181064863
-9.332815168662453
5.794769682552975
-13.490607021935986
-9.430537683423786
-16.16080872081243
-12.046511146142254
-14.499810294150803
-11.12180309848064
17.156636057438853
-12.416021654976115
0.6228730845364829
-8.156522366801982
-19.46366155519883
19.87658300591835
-3.0495151425796223
8.121132662147513
-8.487585227392414
5.267213583397851
9.592837365684591
12.398181367376495
17.69692517629659
-14.031511259566955
-7.022812234766018
-18.60733695452579
1.6830827203002698
6.434581793142534
2.113991026152469
14.079444816858228
-13.912854812431776
-12.801145792245773
6.916242529529356
3.9731174066785755
-19.58140230270663
-13.086052018113893
7.425323483326672
4.607851406232935
10.31489462793866
-18.938369866129726
-14.433137853185372
3.5064943293188158
2.8530610740857476
18.534956797996507
-0.905015426371321
8.139618506241092
-7.887687526774867
18.094753035550667
12.511315461072144
19.550868269782896
-1.4067491687698208
11.863658330636628
0.2347140191172059
-0.40421434916475363
18.15102032970931
-1.2860584633969268
12.912528793810523
-9.783546846618956
15.586497604041867
19.704883723223183
-0.507463647814216
-13.250403151259412
-4.16386046820152
18.19327852592604
11.227686466084265
16.064698398411814
14.200171430744206
12.509288639979431
-9.59829674596774
-10.43674830378853
9.190065402199416
11.888331814357326
1.1276101618516066
-0.5306169076142027
7.973670372178976
9.02770194041496
3.026499127931679
-9.729679395748558
-15.293698346340726
7.622563581503705
7.071177497978908
-8.696693392998887
-18.67167995989737
0.7025188793572958
3.5438810274651154
-8.79396245781761
7.736079914531221
-4.37498546939163
-16.26067696226453
-17.795370463768503
10.959459582178468
-11.705994791375023
0.7837302786694131
17.771543240959232
-17.415054277556337
-6.398290790415846
5.616752907939308
-10.053972756106786
-17.043591084507433
1.358319931063118
-14.928814684509346
1.8452385174070756
13.93389957554443
-3.954312196289571
-16.762827937337647
2.3178597727866865
13.30361487361315
-18.908043408914956
-8.41444927248685
10.443489838541762
9.810705824370629
-13.78540114146272
12.267350453066292
-11.944127082509937
-1.9898633980075715
-0.5910131034021902
-7.743925477481813
10.063279845450971
14.854747076163044
-8.51069813823635
17.208875935890703
-5.057181020739847
15.409229671169143
19.004588205936372
-12.68781381623706
9.841270127261446
17.73644037432799
2.7043079382417403
-0.28822312772416225
-12.692972452406979
-18.336371708148953
15.926931697447316
18.80050243894415
-11.364171334286981
-7.59712245027195
17.957533713196618
13.827490317537169
-16.365300402677647
-11.338010611931963
-1.5605069942492449
2.6947969129352245
-5.703668622120514
-8.320599537969837
-18.8243707857686
19.642915656973997
-12.148738241465189
-10.071060503192758
15.616152046959954
-4.797701678772238
6.46165187054935
-4.624985143738588
-5.704118101001399
16.49428370867203
7.031013347298384
4.731210656601167
7.558141432972807
15.342860199607678
11.926842775043077
16.754492855625173
-13.874781373578685
-14.73800312072389
11.601058719460546
0.07547767217126022
10.578821197374182
10.178951294588803
9.792996482820236
-10.765993667054188
-8.103905964109543
-5.923057673537073
5.8262347124197404
8.107838586279101
15.080100727015939
9.7652775191855
14.012646450348988
17.7888209337047
8.593149513044288
-9.11394169091924
-17.831002647784928
-7.096029135321791
-11.801145608852718
9.66096253657578
14.73573961103125
-11.068370874920577
12.34910312669438
10.856761457217331
19.887295607670012
-18.54133116347822
13.77266348456618
3.072241667428983
-18.304445540111644
-9.855433306667711
18.514450393642136
-8.958883550841698
15.685099088542806
17.53382982333534
17.493075379258883
16.397450519794162
19.861888563722573
-5.527709458932012
0.2745890368003323
-7.579711262928557
-1.3227263865989798
18.229496416147065
-7.29538198572142
-9.569027686934533
-6.885980120830229
-17.222376489312296
19.755787961861643
10.00940022601242
13.132918589587746
-13.026994836016943
5.700639151684818
12.400577297271276
-2.3044379109571587
19.019440408584607
-6.659733702548344
11.790536762500473
-9.177851867881653
-1.0056598956673959
3.661204469885746
0.9141268737081809
-16.02816360849235
6.8238044619876845
10.043297327055171
16.654563448732887
-0.9871660987146171
10.962391790226587
-15.989193724272717
-8.611077715395785
2.834076226066557
-10.77138246430648
-6.564011442970333
0.07233360263747812
9.69639741229988
2.5102088540141665
8.124482345390973
-17.027255911878147
10.706742470985393
-9.919780547842265
-13.958029924033738
19.278388124753164
13.805006651751924
-17.17338955025025
7.22591330683677
-7.4233980338359284
3.2622430798579884
18.10020901067061
10.836680958138842
4.575686451937962
-7.759603360320085
17.857023783931126
-3.6520693126683312
-9.000668104608675
-3.4447660085826115
-15.587437102888542
-10.07538672320531
19.207638333285296
3.5216850099875963
-14.947543412299225
-9.222478636130806
-17.363389877970484
10.333451952256354
19.57338866095384
-0.6948873564419245
15.977711727512059
6.403960314781255
-3.5848045135244533
-9.29347997707508
-18.33571590224463
-11.285680244957517
0.15103694673790002
-1.6696595195712227
-18.436850544087395
-2.0175878939014567
0.7523336634581526
-3.105188689828296
18.937799225911725
-4.025916436350897
-19.5382813271072
-6.601793886701689
-15.300688320506879
2.6105956406572446
2.0288572800986096
-16.935957861455808
-16.799165048088327
3.3210508282321136
19.995816851151147
17.313436949141085
-13.548342198067008
14.282451239232863
9.11353178119004
-13.08245068630232
-6.017270298313546
-4.931532272292749
12.019089336519414
8.10446955982199
-0.24252238513803803
-1.8285690852042258
10.329273153979088
-3.2022458300841414
7.704653192352346
-1.5958454365117518
18.81965151826128
0.7260092756516237
-16.90848134704421
-1.981122610826688
-1.8298088087167201
2.856390310441128
-5.595899587838847
-8.650147205963048
8.36335332894651
-10.331296019632909
-1.6636845512369902
1.9662487067576393
-18.3971327962858
-2.8427573633828658
-9.393424418486553
-1.35649945082557
-1.5759190993314967
15.361203425519733
16.771059084754498
12.133172962111473
-16.650784744445563
-19.67933687548569
-7.601769624183849
-4.3916872571291155
6.649031374801588
1.3386549263140033
2.0751960469213735
8.906680563825798
-14.122007820794202
-14.78920908079437
5.11759279507806
-18.541233649647936
-13.739746635184119
14.229889763235086
4.310924283351053
-4.743312099930378
11.448102665491888
-18.263799132299322
-0.5740224377066063
5.873605408708528
-12.101177645093157
15.586939842076639
13.377299380958164
-2.335079463189011
-3.551732182156023
-16.56665381855438
15.006540117356614
8.586774466005789
-16.079177736596378
1.6189534150259206
-5.899154593453396
3.7842567790607333
-16.61511779610221
8.591023060989244
-11.907154705015856
3.155226960712202
-8.040311110419598
10.722222752552248
-19.996451344123408
4.699422282800359
-8.46529341657455
-10.916348477757056
10.00350559887901
8.033735643202427
5.947759053363416
10.67395903261161
12.9733132099324
-11.143706589206799
19.621204433340473
-16.634728358286818
18.208027875720568
8.982591691576339
-13.891674181730318
-3.6612008719603253
14.018882030375792
-16.306403512544957
-9.011099145991421
5.641494585814506
8.671075634564435
-18.472141634235836
-15.134140581496576
-9.530312429715213
5.732440179155734
16.793512272161692
12.893741758049188
15.742310012780393
-5.902126054472173
9.901556069703744
2.005197845711688
-7.710022003147712
0.5425100963335581
-12.328681039683014
4.282605910327774
-16.435038955477523
-11.98549724075531
-13.424385441033891
-12.502600598402406
-6.810870517692823
-1.1357999349463626
-17.232741925341127
4.718575488300139
1.5075842992905208
17.852579148092424
4.4108946479009745
-2.758584924875045
7.155252952580284
-11.319877735359526
1.228964754794049
-12.930998491029957
10.87205071832788
-16.775813360196423
5.687950640934108
-4.934407162377434
2.845570886839557
8.744136315396105
-16.792099015552
2.166952323850481
13.003320420235234
5.141777335306802
-6.6690235293350995
2.140603457828849
-1.72721076996028
14.886817637669097
-14.544993378756388
10.944592715288195
-14.068293671041934
17.638383707309785
6.910275175400308
-9.11495835807234
-14.18489702126596
-14.218636775302912
16.74760404115051
-16.368067053859036
-15.551059670375572
-5.032502117187473
-5.772596714804251
17.465409648748725
-9.57142796508351
10.57379027249667
5.777994155442659
-14.95277719739072
-10.832472834533565
-1.4657966449480462
-15.892574525666493
-14.593655375587131
-1.010215662406985
-5.264490386765592
15.994728852026668
2.0815710812618136
-8.702276475121348
4.635511154775802
11.542123443786089
19.607425464624917
15.541206924520836
-16.23214909446427
15.486236326338798
10.252631872971591
-10.81610041943238
-4.753960292552325
-19.21452928587634
3.8923503068691048
8.63827591615712
-4.235026475800815
14.473828726070757
-1.4836840919630703
7.585742044145576
6.414892835278568
11.143971665525221
13.521187669389995
-15.376146480257686
7.096561648729125
-9.780683308519333
11.471975518607419
-4.093529113337944
16.59498098296733
-14.422989657530598
-18.563703723211276
18.047217669691108
9.561939517111668
-2.860040094592282
4.41967884479892
3.347173312578022
9.804923501198964
14.320363465718017
16.251522574901273
-17.718189673870025
-5.153797204734648
7.013897514231786
-14.42758095374797
6.811658608946992
-5.070451828029663
0.9427675042944905
3.189172581456674
-14.955154153358276
-19.037276162234424
-10.802712767395803
16.706175117680985
2.481407006056628
1.6504931354889862
-5.60188502563944
-9.491938919617468
6.899802166841592
-9.613998134906518
15.3192704857331
1.4819630949818041
4.630514728540575
-16.18872347502862
-17.413330742865625
-16.475254138205617
-3.5181118110629654
-1.4122897293815555
3.341105747880718
9.464813781560547
-0.19013559956202641
-4.232741723062556
-8.585191883237847
-13.898432551121713
7.519994900102187
-1.5147315468296014
13.935527654782895
-5.392206507283049
3.6143973975090837
-18.046830693545296
16.28699062517326
4.49123061722814
16.50249840607985
18.11487547575537
13.14339333972167
19.62110386550294
1.0080436544619253
-11.14712687921513
-15.777654630141264
16.52133088261283
9.911111612659354
-3.827033726748329
4.7105711322009896
3.5858172517531557
-7.860125795065969
-4.902992515424449
-6.0714653312994
-19.99461068810172
14.112601355843992
-17.498151345441812
-11.32085837397538
0.32974483799034005
2.946033053453057
-4.11340756240385
9.331104550470457
-15.861200476400295
3.432771946118109
-19.799893271545773
5.946403428146866
17.806337102979974
-12.0831390291927
17.46718378712834
-16.489482613838348
-13.897225660999254
-17.75732627676573
-0.8316402794523796
-7.310311744264023
-19.638788600884624
-18.690081599094167
12.620530266006298
-17.648789783332415
-12.40781453589728
-16.357515909058428
7.1024771156127855
-15.096915270307356
-9.220797153258413
18.186271803492374
-10.479422844934732
14.142993702317582
4.789496392789836
16.778515330492397
-18.081784118559217
-19.013951380363594
19.603266668351154
-17.5740155494197
3.288408599148106
-8.181833845788965
-1.5415747936846529
-15.731529767802588
1.5790476911092384
14.488661239107898
-5.772231271980388
8.055252658531344
10.437302834533142
-17.098252827501298
15.065193515563479
12.316363174857955
17.374630328165964
12.626965780237398
7.038037393201751
1.9192166330944538
-4.082251644210896
-5.597457873137625
16.225754308381497
-12.671546234939868
-19.893448874730662
-10.119666693679545
-19.24547245515855
-0.6782153010147312
-19.215871637980438
-13.469504022598535
8.957726887240213
9.718293027960257
2.483706538608587
-18.791635392749377
-13.694355945124954
-6.673772132578289
2.013234551472813
-17.53199233999211
-13.094003390271363
4.159049401026053
12.565469067928433
4.344212240556708
9.289554149131469
-6.784897320679338
8.463002991018683
2.2595118124181397
1.0250247670223267
3.8805707441034585
5.795709185104755
-18.959489597050727
8.668814638694627
11.534357190563146
-14.761631272445396
-17.158618320074936
10.914295224059181
12.45269647698553
14.594853183817314
1.1749813737205237
-7.353247924765203
5.373647666415412
-17.657940038246338
8.71194528004034
-1.9140418401638044
18.21968008764938
-3.637955742798681
-6.653143765737202
-13.007379367957142
7.055392229197803
-17.60094315362979
-16.983838860659148
-6.905878423653281
9.286963127579632
9.779761028424765
-15.347987604303066
1.3485156080170668
13.930410148412491
-0.7496589648771881
11.34901361863703
1.7680625044220797
2.8463691936575053
8.150129924226526
-18.478016533942
-10.860007796221103
18.51121326116572
-15.263654525560554
-7.200740103223771
13.357651266036903
-1.5588317998100756
14.269687914018505
-7.25068500833633
-9.090446397151823
-2.418560476679726
-16.735011092452506
14.359544350813493
14.528689672314044
-8.315888588490363
15.350037709976128
6.0550066700948015
-10.0282664025812
15.922326071120906
6.95467043279708
4.851387151141843
9.191670341449964
-11.843089989311672
-15.829975577788101
0.5583998576950187
17.407682122665577
-1.9905696429303852
-19.262738813326056
3.9771947399287626
16.40984385670982
4.275489485788949
8.974972898619402
13.323257922524448
-12.952060384236916
14.326134450022302
15.919142605468103
-3.2198844980772954
-0.27618242549255356
-19.15456336717967
18.355024830299044
-15.570975334816017
18.663096499113998
6.503261254381481
-9.315206205225772
3.653139459118968
-7.896188967443361
18.034164520522772
8.371590007347951
1.5286341583066196
-0.7543824261478882
16.779368157909857
-10.661535118987695
13.64844110367504
-12.160679106187079
11.225768041305507
-4.313849526717938
-0.22107134759898628
6.680973850126026
1.330335082490933
-3.9150683232453254
-3.340894558227035
0.8921693642444595
-17.54761320843688
2.118118896203889
15.994199574108038
15.178795150424847
19.37917139763789
1.5565438579632982
19.68115756435963
-16.784224358057614
5.763373562822444
0.15612950716644747
13.656132138512113
13.005948646082018
-12.475068695541376
-8.314753832586774
3.2842229858483165
18.471349751790278
-11.601224216486026
-19.235577549990165
3.4507281074456557
-14.347393043168001
5.023342553481264
1.0754296514471484
-1.1696497498730878
-15.235187454849957
-19.047779357218584
3.4483965886961485
-7.7590065146284495
2.210480198563932
-17.590725412615917
19.768566568737455
-17.483034154317977
3.7122990934721614
-10.768769672940248
4.287513911191002
2.71447631939634
-13.489993946207495
13.966459688534002
-19.560458264584838
-9.075528824528645
-12.918089866194542
-3.5970451218876285
-4.469226264526313
9.943135767204673
-8.505361122231069
-12.587347423623033
19.692448662914146
16.953626275120058
7.142308194958126
-14.855337385384683
-2.170246042312222
-11.12223137085575
9.397918966353636
-9.67599600647742
10.312711144868125
-13.383573798366942
-0.937069013843292
7.207344233895114
2.0641074950314184
-13.943743758781517
-7.284350897154695
15.167750211908213
19.29747581314227
-16.487849544289155
18.95364226000374
-3.0386449775524618
13.966171245439895
-9.389975184255523
-19.67115672623846
-18.65893161607628
4.363033862233525
13.570436850655476
8.612904233843196
-10.638807663370095
-12.79152060267782
-19.75612609107333
-6.790422676538093
-10.138448365358812
17.836691996692018
-6.137809422836785
-2.00316668352378
-12.773414078319561
8.37367380317076
0.7034183957793232
-15.050680752902906
-10.85112965119329
11.797624842660987
19.25604064037507
-7.5369498406402045
15.1071439324746
-6.894775219339589
10.779738521676766
-19.556202341047708
11.030663246225028
11.564023334482485
14.149267976037137
18.149234194258504
9.431047680682529
-4.787737125626492
6.704705756553139
-0.6180752338653761
0.20706582998123224
6.989343508292528
18.369660494044986
11.030047600176566
3.2666778376015984
4.417760455350553
3.49043355609162
6.1813074853761485
1.865915089490656
-8.032798737689202
-19.9075759220122
-5.979730052028591
2.884634480289897
5.573951054932998
-3.508667309793264
-6.304212020172368
13.717168064537987
-6.05657029965621
-12.794129008627802
-5.549410306473877
0.7544163300150899
15.541308758547757
14.352949347974317
-17.2014375166392