-0.6248049067508497
11.694322402635564
8.143777675618274
6.2209078169917085
-16.096873674881202
0.8947126582340026
-18.992873284365164
-16.519678739562778
-16.990687858799763
-4.1891416612151
-2.2805457647121514
14.104960366822212
-17.780232081564105
10.185748329385575
9.601063041797712
-9.591996603100746
5.292563332401862
6.3338390857385996
-0.28890661712140187
0.2695583388518443
-0.3032919294932839
-7.302327549358537
-10.221662754845564
-7.21740369362799
-10.110481318291065
-14.055290022013631
14.054092630356394
-0.6113522160889815
-10.387425981408253
-9.22904686875571
6.337699951123081
-9.682089118278139
-6.498061880084283
-15.671519372386364
-15.681745174557488
-17.88295541815312
2.229193709210154
-13.470239371514396
0.8190654493565646
12.301588941838922
16.83147158219819
3.250029918903241
8.878338246084368
-17.32194491950377
-7.323663289737251
-5.260072580837276
-14.592771616477837
8.906913367254322
15.22814171408261
-13.368441066772458
11.058840247175073
-4.589582066196982
-17.511455208477052
-7.77702912067717
-10.831062580334358
17.39413488436395
-6.628363977057678
1.2313226996442204
-6.674881921158846
19.52593602513339
-0.6059140062657455
-19.04378201394561
-0.5624044385268192
-4.462886481766359
-16.283538485864028
19.61304878857456
10.93689271489232
2.2862178473363457
1.9361935706020716
3.1687082107524667
15.388574090508413
5.7633503230221095
-0.18330991262715912
-5.036876425495578
-14.779343459153216
-4.348910382313051
-7.641445335562324
18.59120192469063
0.4861396533183395
3.3202028669207166
7.884603263169602
4.023859860191905
5.542488919480398
19.73258152445149
4.844011336075869
-19.29296715426956
13.460646162669711
-0.2104931816359148
5.1126795949023816
12.647293221311322
-8.450589899592327
-10.952868608797353
19.501430227545505
0.972234923776444
15.87437984966546
-15.7169134621655
10.46428759097374
5.031460175873704
-10.488704374208204
-10.569389781732195
-6.0560606895551405
17.350226173688803
2.9872350075321528
-6.26008826577911
-7.829961265518449
5.73319992175319
8.044905005717574
-14.101949665742946
15.677560544029575
-6.565300720945411
8.060674831706478
-5.364574554258699
-5.019714438684071
6.765180696071717
10.584805086632116
-0.7139545081397145
14.966409259268147
1.5865490131773683
11.836222828270916
16.55352484548858
-4.542781467535439
10.312883870713616
15.457788254511541
1.4891674344596524
-15.054088298506084
17.438113671666848
-7.59568241791909
-12.341684324805296
11.680306598211242
19.58153291284784
11.722529512918307
14.612373529654839
4.448266640497614
-10.455077678432584
-3.489267007043164
-15.013928380641396
14.301261106331566
-5.135301698807471
-16.116591066209736
9.269809408494346
-5.752405327913941
9.887773406060894
7.240166972343044
-8.353661630421755
-9.690778320327777
-2.7244701413289185
-3.279133969949875
-4.2613875012554825
-8.655957728204493
-1.7811742630264824
16.487309927016092
9.733569600109412
10.0079671344892
-7.36107526371061
-14.764601429509208
-0.5893101159220002
-10.974167095713238
-14.234611210832263
-0.45529375256417737
10.094189103290926
-2.3579579404227147
14.88600900277401
13.279226762781448
8.248545867616816
1.0165632660887454
-6.091783542783125
16.658691274317817
-10.725753312124038
13.51695294656269
-0.8307905025901228
-4.087348108310373
-17.7831690969497
17.0394947389632
12.258205005311218
-19.26840781199499
-5.9409097333828775
-19.011758774363862
-17.76979333522876
1.304894221202339
-11.354249713948947
1.598657573251252
-19.650093682372535
6.852397261331852
4.405207544760351
7.434406547422121
6.9396551823066375
-5.458787055617833
-2.199697788243732
-14.194528941574479
-2.6869535006552034
15.963227038517381
-19.617052893056023
2.869550188274573
-10.318693186266659
-3.023226778182618
-17.636385453320365
16.894755976900846
-12.607720022204273
-18.277820635519518
14.950116850959063
14.985789874822679
-17.21992655960307
5.408373264403629
11.94842793897024
-14.032852918825217
-4.355839987999005
8.513948623590654
-1.2223912347014831
12.173730517776058
-16.73226757072517
-16.16253536507704
1.0240653082555475
3.5158171153981215
-2.899109690931283
17.476084501680326
-12.809813004540302
-8.313627268718133
-16.67413013969897
17.1895404927971
17.984841008701252
13.644394299419503
-19.632121285665164
-13.565004324686134
5.740050890677075
-9.663834312207374
13.84487138079377
-5.823691593084366
6.9934978179084055
4.977882131203728
-13.625139964311757
4.4772129115950605
-16.700017651936605
1.1433747324137258
-12.42822186558708
12.793663781644497
-9.793113312700207
-19.720176888315542
8.196490212863061
16.19348237844921
-4.073977392733772
-9.570405474507048
19.07175468943987
-7.708220135107551
10.607184691572886
-12.239762573541011
7.880945023459706
-3.459202660466847
5.243425656326771
7.5737982174128895
7.201817888893416
14.960598908320492
-16.42930166743398
-16.03207107894479
2.017335134625469
2.8946632073479392
-9.398126993516232
8.626216541455356
17.99909875785135
-15.178155146589653
13.89165801440435
-3.6636157627515473
-16.21205921666855
3.7595254320302303
-2.7317014152890664
-12.159940269039566
-13.628698547120383
-17.426872970759636
-3.500659982136618
-9.51146561130952
-17.5975293124679
-8.550998166255614
-3.140643691133725
-14.209580625175825
-18.810846950946257
18.806473631977575
7.866253374678088
11.736940251694161
17.878903578000973
0.2933875171903786
3.586998714002565
-2.500336076351765
3.009198201771742
-7.463053819143312
-4.048704023772082
0.358623608774181
-2.717985114375473
15.59165758530061
15.748197918868428
5.427278790025845
-3.8792412477252647
-13.487183307004123
-2.2354946378601213
-11.39744989520075
-0.36910852596160737
-3.3871889277844325
-2.7017355283824607
-6.65865258812261
-14.859438917512243
4.907398887412853
-3.242914644708115
10.171355178637697
11.711002855194938
-1.201736370741603
5.227182111985474
11.413954917875657
12.263987806192524
8.949769216519961
19.753332385600878
6.537121150483149
-5.866816597481751
5.134044796838953
19.884101506068276
-11.19564991350396
-7.972134650461541
2.8526535285086574
-15.381804523893013
-18.012864570290116
6.523818544253437
-19.556541368638957
-11.077615106692349
1.8870123051766825
-9.658945854223887
12.876119570109893
-6.526010018620925
-0.2990979719297542
-15.233550142178483
-18.937835131352006
5.96365273130964
-11.727025363166032
5.6684537083149955
11.605463655575736
12.654943625770798
-6.25077080704196
-4.902218555474672
12.575305774952653
14.67520420692523
-14.995863267025925
-7.354737052754995
18.859269039277244
5.313227446540388
4.27122659262805
-8.149712369930487
-12.229087091401837
-11.635841770613577
18.068661945515238
-18.20111252967815
19.513614603934805
-9.408369849163165
-7.012662433939214
6.558274060378931
16.896326595032235
-11.803749772844991
-16.455600837381105
-11.047043103315012
11.969231403967452
-1.149375111878328
1.096408573010347
-14.981072626968324
8.557996316417444
2.5739254795635382
8.461177907936374
4.512012105870028
5.809742949409372
11.275653662231942
-19.268507634193753
-3.333535417033211
7.621720802517508
-6.2072868319232875
-12.076364512272972
-12.097794650665005
-3.4401484046504507
-11.40081527611779
-17.860620500318383
-3.9041931329236306
-1.609443894669024
-1.1697323110209332
17.128557155118123
5.404897094704655
-14.927532202076485
1.9092199036041926
18.157726717877793
12.403958817024026
-7.974492311249811
-2.913007184052084
15.566215905427484
13.95192803727165
4.893496361075815
6.756993576472496
-8.249082375943729
1.2398216589416649
8.540543257909373
9.01604475254944
13.606750933027229
-5.926988719559855
-1.0978988511979324
-18.646965084868555
-5.526078793747708
-15.912097830948264
11.115214868617336
2.1927717812357344
11.341585066168673
-5.215722513926417
2.6055950151422778
-2.2293778431346247
-0.8773133950813836
8.20748864963809
17.659822412440192
-11.579413873925892
11.361855241306188
15.955924696242356
-5.910902915268279
-13.346862281382998
3.1715919495153955
-2.815467618194699
12.16890170071548
4.830776358204055
17.646856347648423
-12.03916094159673
3.4497448445504055
-15.482705187954497
19.042664516809708
-12.31078748137151
10.12946997645194
-6.648735179305213
-9.65662427787301
-9.873508687475843
13.050121636565173
-3.8865400504423455
-6.082157073850372
-7.487083366365276
-19.247589394551778
-5.716557268755572
1.6142798020924687
7.603364267687155
8.101174253721858
-10.01096662532596
16.823647280039694
4.6019511441984875
-10.136240585858896
-8.700071708883105
-12.878050071988145
3.040609408939254
17.195102275371255
11.406978946107472
-12.961442577971338
7.576800330875564
2.4757042333633237
19.32721152292966
-12.580038367027925
-2.5106044175723525
9.985485367594041
2.3980688999103066
15.1347064551465
3.2658554060707488
-15.950239201899002
0.26500700584442427
8.98768239522083
-5.408337108657584
-4.156316593861277
10.020828858438591
0.0412825545479798
-15.240661545356806
10.343799712363268
13.075235805673195
-17.284720397723795
16.704917156290506
10.831939416975317
-8.203871361113993
2.3951886860436
-18.30579024377789
-7.897675745338638
-13.531376723290549
2.8108588393472544
-1.1394609719433113
1.663498651682609
10.528197271052871
-14.59003380704785
-19.928210089303438
-0.9296621702617927
-0.7658192101844072
2.129483288235363
3.117032993757789
-3.4831287490509943
-6.238272997391427
10.927666822055748
-7.542637240749027
-16.134685698503407
18.50381805277261
17.50756929940404
14.301364707858895
8.809071844121124
3.862377437301401
-7.171442658879066
-4.152076618482674
-15.32286594799717
-4.607816698968161
-14.051409665169597
3.3447214180383895
-1.8514799498692938
-3.431569554248604
15.073870394205457
-10.388751158775055
16.83146293566832
9.750614237669506
0.08038219359434606
-6.835583529437805
-13.023250614513845
-2.7615717672066182
15.85654466145072
-12.625838512263115
0.01725985172630118
-12.034611657080227
-17.43915708449936
14.170554606811322
-10.387816643415299
9.375814315001314
-17.542466936866113
-8.454517072950738
17.36576155264227
-16.11725555270447
14.331141883580585
3.966481576114692
-14.786756462553555
-18.102434346549078
5.326223359948045
-8.833532895829297
15.586272811039699
-18.270149904059558
-17.249103480091136
17.852216014465526
-9.911707679417798
2.215312629625359
-4.897050778662511
-4.471441364072231
-15.906818520839714
3.454791741985673
8.592521467680744
-3.059299961522516
-2.494210844195571
19.51684025325263
-8.966439003512182
-19.924766872658864
19.71194506327518
-5.694325428788893
-5.040136878447372
3.2058738306423322
-12.567239196677491
-17.153242177664847
-16.24808605506951
16.31405424657428
-19.49379000835545
-7.351859017779319
8.568827670295033
3.537016316300768
3.6051326438823317
8.809331292700318
-16.89369225860064
-13.683215137594576
2.4885900218854218
17.60713605792057
-13.88975195396537
-7.3446590623679775
1.0231449419897203
2.6398301820140055
14.3659000449127
-13.287831991730217
-2.5653033873239828
-7.212806341090108
8.801908206517886
18.2605913340006
-6.583473810013988
13.377087560069278
5.032032124227243
-16.154610730076044
5.335124601174009
-0.7527785522811961
-18.8800785638885
18.28418907670718
-16.292291829895053
1.2337523449917995
8.481789823738673
-11.475886659840935
-10.10795634266437
16.525039169635434
7.61427595861802
9.196826581921641
1.1173087186041322
-14.995836060505084
12.587020502908615
12.02422222733847
9.73710705122743
4.931334382734569
-15.91780785488786
-1.607605192211249
9.804019521901786
-6.516792035178561
-13.890224130410541
2.170503017663176
13.589220797952109
2.4876957516768385
-12.134054427435647
3.406925274127328
-8.95188071795802
0.8661531201076969
16.280779151314803
3.501504867145357
-6.75959648919231
18.485012554433993
-2.166970668408979
-17.111547199931803
14.85898093518992
-13.345667212461262
15.303549423450761
-5.605121907046456
-6.57671638696999
1.8294633580586108
-7.248243691870403
-1.3354402085388841
11.241587718201057
-3.549370563169653
17.820032851115116
10.588437018048829
-17.24612877090914
-11.048413698315645
-6.8305737524950985
-7.7099355950151995
4.63448922633086
-6.3177867599618445
-6.3495189078358205
4.714361266888453
5.3707369275581165
-9.050673633722202
10.840688515184258
14.730951087958786
2.222229205255111
13.715798896447197
18.25296451824176
12.660195403208277
0.7091986346701482
15.472738291123342
5.063418639003366
-0.6277321037911712
15.676821380158842
6.131462528773163
-1.2340133766743477
-12.459131972851086
14.794107408423145
14.773802250609485
-11.76137085400093
-18.0764720779549
8.65286075604368
16.41236468745808
0.8039486593736456
-5.9611655684743425
-14.154546111624708
-0.5558340631026901
8.953530352408116
-5.571743016632546
4.2800311594477165
-17.586656712353722
-5.246402961035713
13.168550910677993
-0.7678552072208902
-13.473570062657764
-8.876964687364325
5.280612378923006
1.659169800455281
-15.595636429106396
1.3377574760344224
-8.203366603872784
6.191789856770264
16.174793985543346
-3.400747095550688
10.714246221995431
18.632609047688263
-12.655723546625786
-17.308234439889674
18.54870781482846
14.546458238535372
15.804571447768097
12.408103593914618
4.827750831069203
-14.824582269515973
4.222719179612518
-3.4367611713226722
16.628280442090187
10.890290885816558
-11.415659849432082
11.752796958233844
-9.699623111774262
0.49521185906693077
15.714570563876023
13.032072069546537
6.672432888471313
-0.47456540119176793
-6.222493699481504
9.97551938694679
16.224688938089216
18.595994546090125
13.784262254680485
-5.248043480569757
1.572768780085628
-19.83539536118423
-5.0078739454303545
-17.130326650304273
-15.410930178100873
9.159776819932791
11.908984445708128
16.721061110220454
8.07330591075877
11.84808858824826
-16.03412013023671
-7.115730431718227
-9.051285761588419
13.067736502759395
-14.119795578916086
-18.36933044307814
19.233505045016834
-8.684015905129211
-0.4901871477394373
2.94587167303078
-10.114520385676467
-0.7152976662488442
-2.4118934880782916
0.13812052516572138
-7.455658811014425
-9.367988341885244
-18.17508896960996
1.3538513963541092
-9.987126584508905
-10.40719811190054
14.53044473828379
-16.787777090271405
-4.694380082064789
18.283169472385246
19.93149222355894
-14.95827278772567
-14.543097350533039
-5.025915379622079
-18.621868751022305
8.190204927114799
0.3784078709182559
19.951021138353305
14.603426885867748
-8.292708016923477
-13.187226326427698
4.9398168237087035
-9.01940258520876
-14.715264388401055
2.9233675392662732
14.780070634163835
-3.250519346232167
-14.299611682809958
15.182039925340511
13.099748432043164
14.848572595911058
-12.281218650275413
-14.054751087831004
-13.18398662388066
-12.420245065459504
13.757324601831712
-5.924097098428383
13.361969711073328
-15.824596824585067
4.411130021069496
-11.413872141815165
2.471886928298712
-15.351096999891078
13.630023305471738
2.6313528260182224
-17.189141386952844
-8.390477520316683
-3.1308229147261137
-10.220148401638692
9.642876282090064
-9.102938624664718
-14.546054785259027
-9.49813250047451
-4.773770090916724
3.9549505763330295
-19.972689273751133
1.1337847230928517
16.69367486094439
14.99197148505619
-17.743023709917402
-19.63445913446959
4.325759169142472
16.786518107222093
-0.4327014382954033
16.54662707542373
-4.67269763110064
-14.867741640254298
-13.618110599648805
8.223467217901597
-9.374448930179966
16.599400957408136
-7.392018257177346
16.86581104673047
-2.2926747122060007
12.329082255875534
-13.528714586335013
-6.29359991437774
19.69448439583121
-14.983988462671176
2.765902229595298
-14.883193184384261
-5.631280058190956
-15.447234947625619
-8.980911711352132
5.5627979360596385
1.6122549990340183
18.456586605202524
7.435736732963676
-6.10854712095338
-7.482938803357197
6.155849281924027
-8.306480655481444
-7.00683448419694
-5.52529914506675
-1.0992706264811503
-0.5765958670438955
9.855409537119133
14.942344087207566
-1.227469633430335
-9.553246113861302
4.552312037047372
12.877423428386699
-8.510424359943144
-1.8004786851916101
-7.486985160614555
-19.543578976371364
-17.53155790210149
6.535809032119964
5.4955757217475885
12.612611452516703
13.287654723529705
-0.20296724949680112
9.533610921036527
-7.374561643456916
0.7060175198326455
3.99957967221928
9.01836843050242
-15.752145782021557
-8.524740162888236
-1.2189364674475271
18.69920541890204
17.66455948603287
-6.679949979989468
-3.313539442908912
-6.366036861545243
9.800269089302397
14.609860305664775
14.127953082379591
17.670806053894452
12.860874316790571
-4.694278577157686
-14.842164298972467
-2.664156204325124
12.761000505915831
17.481923562990218
13.772937162028363
-9.780235271851957
13.731867697700167
4.72193965367293
-4.297578201649124
10.601810423228791
-5.3897457428662765
-16.699146833655455
-3.0155801723866418
19.207444899579485
16.10715928347605
-18.99405358093705
-0.7104202710000429
17.083516435520096
-7.669691150499162
17.43316989836803
-3.572517154144961
13.467002513237361
9.084677337596588
15.851709367606695
-0.48248463345784387
-5.358710303652421
-17.349875956500547
-18.914428197694818
-19.174432666917937
-14.91988396768486
-2.5080658165646277
-15.674147465409778
-16.63675653927833
6.619933281178888
8.418674012249916
4.785622700521518
9.92198562892057
4.518211823095623
14.10919172094453
-12.012557848532811
9.044344318797432
18.795459341821243
13.906000124158048
6.269633004818171
-11.718774384078742
-4.081575137232459
-14.025145879832618
9.978344015106511
-7.419187708285438
-0.26938294747456126
-8.355479730504744
5.9445178052777905
-0.9329728012004388
10.251448483655523
-12.738347155218106
5.976477399424802
12.611742415936263
16.93270008356899
0.8457586900847822
14.028494114269947
-13.199116497131595
11.070937448544292
7.737881076353862
-15.643972700794855
-18.73625971476217
-13.890652087325662
12.185903862681265
-8.020811590285234
-10.860141198155414
-17.376910311316603
-1.122171150626535
2.831297798606741
19.933128491592228
-15.2055006721138
13.754266792148371
-18.73491092950335
-14.61915101298985
0.20504162741876186
-18.027766196272758
-13.637775849379278
5.955591205245682
-10.959133439526973
14.08611847234495
-12.29046616440666
-1.9254593732929308
-3.1888809062265757
-0.7332102107928762
12.99100588597765
6.312291372058105
-3.6762855945634527
3.056470197692647
1.1070500278560083
-9.528744993816662
16.281135397374783
1.7660116595680933
0.16596540765002743
13.982818186676226
-1.1736319213540654
4.424534317024744
7.423235013536843
6.084159665016912
10.846079729968345
8.294246187717608
-10.440440094011315
12.289494860414614
-12.568575838412368
3.327552774614624
8.828916597483495
-10.060161777089288
-15.303408459108617
-15.230968224297703
-16.184185534829926
17.385551654613096
8.971214491452603
13.895145880857626
16.79550623611658
5.061699712294157
-7.344371879676901
8.438531788414714
3.2375687235599457
-17.336235378294358
-7.800701716964408
-14.912607174515893
13.33977562093171
14.722938906936896
-18.76933451158115
-8.691588990884757
-17.841964667839306
7.402364660064222
-15.231390135023087
19.772528477193916
17.58242234131839
11.682502362193226
11.120360323612605
6.264993082253056
-0.8533397749216576
-0.21819863538923556
8.991440331163258
-12.517010634977943
8.904242917753052
-14.66491116512595
1.3634292377907862
-19.188271054369707
9.36054852421777
-14.047710333216292
1.9872302604803096
1.1851680192712521
11.269187929978148
-16.921297975401433
-6.476093450696396
12.701825300280241
14.997683116510736
3.1349854501319996
-17.59225008051716
14.896593137324587
-2.855515096376813
-11.182548180748242
-19.010352457278096
19.652182747139783
1.6986626846745203
10.375984706028195
0.43996473979694883
12.307748404902497
19.20473059150556
-2.5557604004758616
8.007203946142809
10.899015635237323
-8.838154735545437
-8.50273166663122
-7.8358139335707655
1.9344294084634086
14.18982891381765
18.079653583591238
3.3156952109071227
-6.881607873395218
10.625220251632598
5.851366986140938
5.958083956113676
-14.006400633159345
10.36216775607992
15.301503481767831
15.459601900110684
6.294835205621503
6.525587494425494
-13.4152557362119
2.985101315347226
-11.44748840915581
-11.164545859579231
-3.925998188884833
19.46078160241305
8.53860510172673
-1.9765695283431697
1.3496023830090955
9.852763630764791
-18.04580733618522
-18.20282061658788
-12.67978759089245
-14.758858329454693
16.034822624240235
8.55262600552043
-14.576311200411581
17.48306042835913
-12.734835019089044
10.53204539376392
-11.95688664029566
16.2074391034865
18.353773282585173
19.42454335383058
7.007154140130005
-19.424369982323864
9.202533581798207
19.524858970648438
-19.26685431501275
-5.332935692000319
-16.296002436242205
10.713346381828437
0.46289502676337335
-10.941287181922505
14.402995844947192
-1.5223904868949774
-4.738479190545437
13.107801050819035
-0.7535855085020735
-18.472730416919767
18.769014232032973
7.838497882070694
18.996079484403204
-17.24773617636552
-14.075458666411226
-11.939250123130897
9.005885907739184
-12.103744000599935
9.680078178462423
4.883238367895725
-6.589182072802515
2.973660764496451
-2.102029548333899
13.90119803824571
-12.7134921564231
-9.275189203921194
-8.521861294278654
17.376684491726742
-0.4851014933546338
-9.904235203575823
1.0928567924557768
-8.656429344918998
-3.3747589268995135
19.463232061292132
-12.93150136028042
7.371680823157234
-16.656255247514366
4.335638513915345
2.70387845514378
-5.000022395772339
14.412715554342817
-1.6215046296654556
-10.056967497744242
-10.042088776776211
13.781430150806237
7.960191500808772
4.86274907349646
-17.850336089964344
-10.75313085358404
-16.23311778777303
3.5992876133589355
14.16865501659926
15.214856276907064
5.87955887216237
6.045520344118781
-13.705254759840809
8.957948595125664
-19.210844405808835
-5.253528564205126
17.517450935756678
-7.58513929730729
-9.37468640071685
3.509686467626363
4.428551143490761
-11.78819563347707
15.074204193607564
7.158664239313296
17.703370840689793
6.356181301779259
-5.298945946146887
-16.289381248550878
18.63934241505831
8.46647628835479
14.206984491431612
-3.7177690022020045
12.194665115468737
15.584239592522167
-5.673992516923466
-19.241987609348467
12.033490095236552
-6.964101737177565
-15.643250809351969
-6.6165910329757835
14.175319547460084
-10.419260571812362
0.6621903734504215
-16.0393776647271
16.61207817715364
2.280859137595588
12.121253680012948
-3.0025228428609196
-10.220860363585453
-8.016745862108706
19.30899839399877
-13.949744257872352
16.827530378382434
-10.862935889630535
8.981003226114783
-7.570793151215742
-9.606139630969576
-2.3904159233371693
16.159423432097974
10.478431010222067
15.692918391763364
7.066863495759485
-9.264229224785034
8.883339897463355
17.928361232836004
11.411932708463574
-17.291624482050292
10.786438437820593
-10.314536102550903
-10.867602266970371
-8.6797548158843
4.550513259177823
-1.8973568936421117
-13.291267019684017
-4.189465092196517
3.112653114117748
12.280855153883373
-17.577921626802127
-3.381506219883768
-13.42823495653256
7.799971037065966
1.4654567034156862
4.862893497742764
-9.97619121403968
14.691208419052266
-4.161317055970656
8.189178169103805
-13.295564056993992
-4.691866652850267
7.365566363864527
8.148936951649915
14.201155918968517
-17.442935844103076
-7.682501165315223
-11.361712969804714
16.257578181627686
16.94790146983366
-11.879416959348514
8.96541503470096
-14.267092247698923
-10.58135947405583
-4.328540815847489
6.51535467197003
-5.965071452136549
-13.029026695128296
13.324460065912788
0.5657692333834063
-19.741480187654
-8.334071047927543
8.291465748985594
17.88077316617833
-16.532271026396145
-7.923075166411904
15.60792996209458
-16.933487761114236
19.38570437848376
18.97355355364074
9.659332841566854
-0.7621153835953223
13.853236339762994
-2.1131867502289516
-3.277754908752133
-17.67490142537119
2.4653498655101203
7.5452292556707015
3.239920611707781
-0.9189841725012435
13.496115680388314
-14.950751481665794
10.449886769506435
-15.538716093728757
6.192831809121447
-10.272211473160905
-5.831187036027515
5.403735270284777
4.3504905425170435
5.683575246144571
18.526528645846106
8.157045999436274
1.4286424539566482
7.701613097625895
-17.377567809387028
-10.54410152918261
10.716622418893898
11.002937328614486
11.713865926064749
-19.51494891321827
17.353260250756932
-18.246837851097197
0.8039527105598268
-7.701641064791463
-7.681173710938104
19.402345900223345
6.385183021024304
13.308479991432549
7.70882460718191
8.217900701840065
0.8669949710089071
-4.814119711810285
-8.13123454010372
-18.53288458763178
-16.045171985386464
-16.224468059389437
-18.561079810542136
-9.164098410591258
-6.191099527809403
7.830730637568717
11.18600638943348
9.024017240512734
-13.252846488121648
-12.202042370862166
16.429084972623208
-7.283097939809743
-19.68375347098508
-17.692987971936954
-19.41530256400157
-15.031705862489328
-16.51093602570078
-5.018480528928237
3.211692432116749
-5.372706512762324
14.056809572379692
-6.254230982307938
16.95095952450913
-16.620945888180756
-15.566249274273982
-16.71526294187683
-14.20479955253012
-15.366434179497368
17.120492606505465
-10.357908678016617
-19.552482636253824
8.454097356141691
-5.0759134693016925
1.5782250497311558
-11.242423040381633
12.280520109394836
-19.29166599543737
-11.908561624869499
-6.870040101058205
12.165369119425662
-7.110395807283085
-18.333697335095188
-15.24198332233972
12.905765492797919
6.221757032066137
9.650274995721052
8.88790036240384
8.362131509236729
9.580250526885624
2.784821648079692
-14.470644471583665
-8.580242971572796
7.6740825236785355
-7.5851408763340356
17.274332564176476
10.786289961333804
-13.113630869064385
9.154861960594282
15.355971888263511
-6.421441463136395
17.193400692519454
6.850398769058046
-18.385350761333605
9.36442868434549
19.406661368865237
-2.451137526160572
14.703314026487668
-11.822533420447773
10.071809018430962
-15.750194368792538
11.307171746871838
-16.884140991493982
-13.30664259242177
-3.313807288205748
-13.876390325282589
-15.570300299106584
-17.28660505834032
-15.725437084816395
6.624087075257087
6.171429760816963
-0.9747998817256303
-4.691834159836983
6.6645382248676555
-17.03850767283385
-2.4009065819619657
15.788637748505657
-19.708745942467324
0.7424175242970001
-19.728005174834827
-3.4149375448111208
18.2368107726164
-0.14045769457519341
-8.615532315504414
-2.405786338938931
11.854397480086945
10.315948471582075
9.876483442657047
1.5963222870275402
-14.087238578715029
-11.167941122549433
-8.320345093754407
-8.192099750672138
-18.4986899793107
-18.65449854805493
-5.202080846220593
8.612991158445006
0.6430077570301904
9.219174997417888
10.387579085262676
3.2797169257649337
-19.58956460081162
14.960181950238763
10.013810717945258
9.057342346682752
-6.542329122117065
-7.407146774313741
15.123354475251205
-2.239518458802266
-18.854991329352874
1.3997834544283165
-1.6245375590350903
-14.974607495084502
18.044220426918315
-11.47844461645169
19.26596331565159
13.455364584414497
-7.69101338195108
5.826917521212881
-2.6513616563660634
-12.39784267829775
3.497561171176933
15.149778856957163
-12.642782877195646
-19.93276432698151
-13.083513080877411
9.961084480503523
15.453332593091538
0.3532881049973611
9.900543703839062
-18.912908408893983
-15.082451779409066
8.461370832705626
1.613990016939443
-19.166108494068524
5.356616466560894
-9.048110858923923
-2.6964255688468626
-10.634268312279346
-3.67831230250275
1.103313916827453
-18.672589146701675
-7.754052873040468
0.2748531982003044
10.890651418412315
-10.637981070935648
14.77569952390158
-5.835685204748735
-13.239162849141838
-17.228729899397592
-17.05190740834636
-0.14778969603985814
-12.128390552873455
-2.544363570686805
-9.447393419317205
19.880176913117474
-6.476390058044213
13.641901256472593
11.89759793668912
-15.291428803848554
-16.716533781021955
-7.181554179223561
4.981333904522359
-15.520641954953241
14.051925902446214
4.571831979746008
6.234775187745054
13.761278896800647
3.1725874453364185
4.181163823690266
18.02002866097905
0.7358039239198675
-2.093249105586942
-0.04545007361677733
-5.325971624523644
17.842283871841083
5.288344638513255
15.432686059992974
19.629801695670793
11.871301297260928
-7.330650559750875
2.1673725727839397
-16.679706525391058
-19.428243064587924
14.094733970487042
12.392122930055343
-5.602815454512694
4.793405202812991
14.796683020938602
1.4052114349713598
-10.981275709609601
17.73856425972717
19.38022128012713
5.587106362477062
6.2958796265796835
-8.512345385744013
-13.29788298198292
-14.303665720464686
8.360478448222146
1.614861825028342
14.971328420021976
-19.861136037834658
10.768607750325742
-12.554825867798037
-16.03876339850997
-15.697047347745258
5.531752640105125
-12.016507978104979
6.848421737488891
4.239953399072508
12.897690650844957
-1.9054388954940933
11.676367648966462
-18.599747340072327
-19.497090520601557
10.782084783189866
-14.884957295250327
17.786105684308396
3.189263704282645
-3.9505832057138406
-19.29603746030457
1.6130031093497053
19.646477055767747
0.9327972396985693
-15.948706536842522
-2.9382079479411125
16.3372339491212
13.289530771804948
-5.064345201020956
8.953745379302894
-0.5055171182636471
2.4923409589370635
-15.698639505226573
16.037040009285846
-14.078027878140285
-14.573188634625819
12.670132805631113
-9.505129554722064
-9.208200549990035
14.765178596882066
-6.789590200933215
-3.305221522479215
11.954858050354012
-12.205255382807545
-16.61613412642781
6.964231413658947
-6.132681357709529
-13.072037086707375
-2.1880771451584913
-10.32953294074959
0.8973276459619441
-11.988741777692912
3.1927229848398433
7.256520827687268
-12.669405794369148
-14.596860022477895
15.165326728916362
15.140325899971941
9.479079743270407
-11.090707662001424
4.457817099856367
-15.318342568741112
-0.717056923136262
-17.128449723590645
-5.896312833058573
19.619324350100833
-12.843498583139809
7.2622564979155655
6.880150259928648
7.311023666836988
-14.051785616177224
15.316044158518956
11.121730377727847
0.9023928229892455
-6.61860772431675
-13.425457636370709
-11.014608436792056
-6.52116687642696
14.126041976807343
-14.864245091682449
17.04260080851735
-11.903213629011283
-16.43486627421739
4.303217139728201
-13.70396242765159
2.7135176467263733
4.274920592280637
9.254507417315601
-13.762066156375873
-5.248220613097159
1.0717263814050106
17.959301470690697
16.361517941519928
4.83507207458381
-9.968809889467437
17.470979462630098
15.045154042241663
-0.4977561908641768
8.423825980540546
6.002315949928992
-0.7063301474972548
16.760925506030702
-12.502004939670957
0.8319434917013808
7.559522877825529
-4.989815350153787
-4.987716176501383
-4.760713473116063
-11.063245506073747
-3.7475016367726894
13.469598275856406
-3.224219484911007
2.1952043303866695
-12.06745207809837
-10.704566865429133
14.310937718118865
-19.985104888242233
11.449694439471504
-6.708669410324557
10.322861599562533
5.479879964377645
-18.911675601813723
-6.27021171306804
18.432084075471586
18.08831785041675
-3.7927131022448
-1.131431933354854
13.421579261100128
-15.851844818068548
2.129273606131761
-19.726855029140317
4.382209351303828
16.366110091249638
-9.22098170767757
16.289165743250173
-7.711674801018486
7.140905948356647
-7.196410936566071
16.203836055131248
15.724051328510676
-3.934597705231223
7.910069239285946
-1.5161251468786503
-13.770028459689296
19.274867730201002
-14.665892412968763
-17.753985681219667
-13.907544283939481
18.54269695832086
11.151825383963697
6.400045444058463
14.926647724142768
2.179771443129855
2.9749886414617386
6.582866213391828
-11.963104094673849
5.2103730245956115
-0.7417560792232791
2.778155589142454
-13.284074434737953
10.8273927407445
4.237762325986914
-12.383460904994447
12.283960818014108
-6.447763059766331
12.034974909696508
-3.965978018590434
-0.8530718694134549
-8.100022250935313
-18.536132357380307
-15.546010068843227
-4.100783180527792
-17.79416690329077
-3.2084572028550085
-13.441397516627704
18.892802129353285
13.094886940857357
5.400419874223836
-10.352285093294245
-2.0068461234737356
-6.59742996053768
7.111104703823415
-3.682084383103856
-3.090877505425297
-8.918476144975243
-7.23860594418975
-4.744147696602067
-10.530479701753649
5.923180719144998
-2.19347761441238
11.051037121770058
-7.095218500668539
0.055692802887183035
11.672989675786404
-19.57937034342428
-6.88792961843439
2.089672859797709
13.773313746332612
18.823678858711347
14.850750040169892
-16.059473382764654
2.747497251056771
-15.040845606265378
-3.0419045062639043
15.273895945331915
13.311456880896486
-16.761772905215146
-9.245607797463954
13.791315801165752
7.84919739149116
-0.018825731333894424
3.7172823724072757
-2.6111890108445195
16.016091649226723
-16.5853772884765
-14.710593058620663
6.77016248988204
19.243370130154233
-19.507231788444127
10.335874817758608
12.903115229517198
-17.160265178660925
1.8759043163588132
-5.7431444122124695
7.552779034307967
-1.1122202156407788
4.303818775173994
-6.388808118133703
-5.393903058430816
19.959309377320658
-1.2169214919704032
9.945249170023377
-7.79152418082402
2.969374069180553
8.940642257529078
-15.721696406598543
-17.08316359467132
8.59396408572789
16.089637046103896
9.854234877032411
-15.566196941243078
17.194546049031956
14.405533079404108
-3.3163878171466585
-15.341619725123783
3.5328404075771687
13.240705230101383
18.002617852877776
10.956870331228178
17.97777400837795
-4.934985474388892
14.1660949350591
-7.103901906465463
11.573403799569274
8.366466366192505
3.4913758676990803
6.560373888739662
10.505109746460441
-6.815777859668515
9.737608085305986
-5.919331992436941
-5.173497725547023
-10.442569295910879
8.938668551794624
2.213631073404308
8.589652454194407
-7.941550398511907
-9.749116478675987
-6.776501309380812
-14.212391323308498
-0.4548913062371476
7.204802080208186
13.436062816340964
0.48179061334831275
11.345734357503542
-2.5920120591258993
10.389054299065169
17.59846677587896
-13.992877932684259
0.18378813509200143
16.421146922348242
-19.471959251715166
-7.544923841024422
-9.870115272050302
0.5962926880743851
17.924079190815043
19.304557224794003
0.4902702460814439
18.44431905377889
-17.34962941395883
-18.624615901176234
-19.56620461019686
-4.861788837567564
-9.652790104981865
-10.055123612270481
13.096524235129479
-11.49719537443981
4.498945195101747
-19.752188951727774
-18.792107000160687
-5.539138990364133
-3.23288632510166
4.198629923110428
-5.043714266421162
9.594047507814594
11.171960165606201
16.00278369639991
7.656184697030778
7.206739012429377
-8.240812100086012
-13.192274662118892
14.219206942458776
6.219223288506413
-2.753611928295303
11.953684806937204
-13.418810546567332
18.415546745387402
-13.977251593819
-19.89481414363309
-15.414006672386332
-12.866558476423728
-14.35440797056458
6.824023849293781
10.458720354636412
-17.107179815425376
-3.787763932533494
-14.960899433897147
-7.08799398245473
-10.48789600655427
-13.59655447061117
-1.5894714418642977
-16.039341877485622
13.614942850965079
7.345897284086131
-0.35718347510876214
-16.807180458045735
19.188948702563323
-13.604899959880846
16.619010260184616
-10.630366513592335
12.442687595755096
2.9370684689513773
-11.58846063006617
7.214829664120103
6.700020697372359
8.275013856021843
15.127747033958372
-1.4571656818770151
-14.268120758438538
1.585233460936152
-10.665617779135022
8.12539774548273
-19.19993316112079
14.763434724926874
0.4639141913114422
14.377967967538488
-5.422283736870078
3.310731220904426
1.0615559209856507
-14.845664897405285
-1.879217187631287
10.001036876295718
0.6409164776015928
-9.765302625391637
19.05271673863796
-13.947421821941962
17.17651980759316
-10.318080035219218
10.122006476790183
-4.631757482364719
-7.052564466923542
12.017124057825434
0.9955126377853603
19.261219725246427
-14.388563274355292
16.988994940400957
18.263791736978035
4.1062573372380555
-5.176550967581104
15.210877676784222
8.375766629167096
1.5799764780667367
5.4424255336721785
-7.199231351640002
-3.312398792511342
3.4343842869613503
-4.186537786837761
-17.169208195750258
-12.896940600487179
9.812795599318825
-9.049634677603823
9.697012370054647
-3.2750538525986848
-7.620894593572544
-7.908986418372951
-11.033077047946055
4.045173802185982
-3.4978415640223943
-18.318086723644473
4.229674231478722
13.301751011527955
-17.25018532754099
6.856771610801374
5.328258125157351
-17.318547434165723
4.9504544263599755
-4.4914345008328915
-11.371288488521994
-16.354766381203977
18.936200576629176
-2.101732812382025
3.6355349533681505
-13.55429086131068
14.602174386013743
-16.757312590073052
-9.744167838122992
-7.549525037563626
-0.22360009749922938
-19.6266002203985
9.484696801441423
9.078814987690418
15.539058099008393
13.151783684840247
-17.376076348662895
0.08021686985558318
6.945571306355834
9.401693665628152
-12.28456177242347
2.246715380443227
-1.7843752060340776
-12.8943185319376
4.617702654546388
13.089238385483178
2.3728191804545027
-1.8410908692521986
-5.2422268382068395
11.483751522496362
-8.806424972496272
-16.574605169407008
-11.85686791272036
13.416702429300472
-8.993184740374831
1.8961750821587344
-8.372435248934579
3.7417791368370814
-9.220058866176451
0.6552697481831515
-3.0342482038175476
8.902943549381028
-9.603234084999759
13.851883189829728
-17.038393069817076
-11.616264284641563
-16.322742388778664
9.633472994886624
2.4447550672140466
13.68457778532293
16.261601828916113
13.114481113883535
-14.464672234688134
16.653012829402854
-9.66222489510435
1.6955577850308678
8.70749584216724
-7.687531919532692
-7.2994015772467655
-17.123602988520197
-11.677976847400004
-0.009875688243951686
-7.967067576620996
0.5041302637250489
1.920565210022275
17.005961469744804
-5.750565418431975
2.3456948958405874
9.225837665247564
10.644315436927467
-9.861170859139957
-8.570929541276705
10.37607967726597
-6.9204560000569835
18.86859461753761
15.393771323504787
7.45100610274207
-16.224956031301183
-3.901026735805285
11.07946336424753
13.667229366224781
-7.320776389470222
11.123255637150518
-17.270083182286122
-11.728586817607685
-18.193195479861863
-4.457471910196489
17.195960585393046
17.309876095756835
15.352997916986737
4.982824773756359
-1.2238839384763693
16.556985688852784
-19.68396132373421
-3.9569346443932076
7.50010394591779
3.4876206849805946
7.823734868772657
10.27505824324194
-0.8742511246069427
-3.697693097353273
-7.364366411475203
5.344133317101996
13.029011207047262
13.42231904282913
10.681751791623174
7.312716930973725
0.21274670812912433
-5.816752498882902
10.933443065881573
17.73983664060946
14.772167067139904
-2.875746378866623
-18.47010769537559
11.540781058572463
10.486205566732597
14.442879423740472
6.613903223178919
-8.405158626319746
11.197849924437449
2.501974885814878
2.242577662146296
10.721179933045274
-0.5711191197171601
-0.1560614430688254
-8.312606204338842
6.217782987773578
-12.664427954286438
3.3656889096642253
-9.097220260366253
-7.97399438034866
9.10703520500028
8.920519526151796
13.25761282395775
-11.389674647559925
-2.4673274646483243
10.825408592698547
0.19301866344667218
-0.4490676710264516
5.074728497558855
-11.31685677724002
-18.614661737649683
-2.6743891408363893
16.579638522687475
8.578297995930093
-9.73783959275531
-2.3556192932030626
1.8204970876326882
-11.591051993384465
10.784400293416123
-10.432228956092363
-16.77213561603361
-14.272366384843046
-12.897464615900622
10.271779117700369
17.20564524266556
-5.489530576834181
-16.340807761361546
12.32418184034885
-15.557468404253116
11.06714043661323
12.42141557589364
2.3775009259821402
-14.522146516234894
-8.13615364869342
15.438172695125026
-11.40984947233283
8.015358955049532
-17.90714808635701
-1.4930496132154971
-8.367513452506046
7.898430325455465
-19.866818228022368
-14.277326106207205
-6.404636137024147
-8.989124280506191
3.922391758713431
10.1804178532803
-12.616768800700203
-4.421396628208502
-4.044300199221805
11.53648726813314
5.898698790260589
5.0481962980538775
1.8387246767340386
-16.52066858692123
-16.875987718098948
-11.385372102638014
-13.44436105772207
11.643810580565258
-11.271557676381176
1.2341102713986913
-15.781012084409426
17.26134116446216
-3.6418922349037217
9.344438472284551
15.63480428034029
-5.39145183321779
15.805578615798296
-1.5751332244914948
-19.14050050695911
9.970203423904348
-7.446972969454443
-15.982043325046945
-4.3150366432982565
14.426359510667616
7.349879765525937
-15.322231932537322
-3.022202309483749
6.448004749985472
-16.224876180838695
-13.33860747344949
4.307715953403086
9.496203077619455
3.8093282094806895
9.900541831189742
-4.9866509777682655
-13.408710323729256
11.953108070949185
2.758946172914179
16.721080592298662
1.8753641983621776
-18.256494278223407
-7.219942977405767
3.190020995190551
2.5662285335384247
4.899177650717412
9.139373381164077
-0.1784346181756007
1.8682297250303534
4.30955165391763
-17.294374862076765
1.9749590905384622
-8.532585615848758
12.56968607946795
2.704859333710118
16.10507509927075
2.8280789794987555
17.98858530955797
-15.954207307135997
-2.2694224505634537
-12.251199339510164
19.94803911499409
12.821523745394344
16.317539976867124
-8.205689901730544
15.568562574414734
7.61214222269362
-12.276476106282242
1.4353126364285949
-18.780861080430252
-16.240081997280278
12.616330054869017
-17.33636995773679
-12.48952162403786
-8.834078717447603
-13.36662453286245
-3.054274482098741
-0.3577697973109686
16.80954301400491
-12.133971358136208
-12.193483996281532
-12.263369882704156
17.753725042129417
-9.519464640788824
8.210026204056486
-1.7416118133972134
-13.981849397000548
-8.236618952968144
8.194346057808715
-14.385305635839263
-11.277226263827105
-9.856422840635641
4.029163817923983
-1.2808857101346938
-18.12452683027985
19.260311486331283
13.134156950607114
15.06967712955187
-11.338650402233949
-18.857611323803894
-5.4875712848156475
19.349573255925257
-15.028429962165557
-7.906565671882802
-3.5899937262396406
-10.961326652675147
15.248382787745598
16.759530587501594
-10.700392777923664
-18.184028032908795
19.980302507042126
6.877358058044987
17.18337339936108
-19.07414181025914
-19.656956564059136
-7.143729520961148
4.681042087024142
-19.01368784428598
-7.773654555775273
3.025510308021687
-8.14144033764915
10.38469341694572
8.196661381500462
-5.858300000472889
-2.5155861821490753
-7.330588191792229
18.865633571450722
7.87015615838396
-10.749231201972144
12.923539929783821
15.190075412192307
-0.24124252808048396
11.688636238053107
15.601364106485192
-9.969267833819258
-2.456119693714591
-2.6929186979898674
-6.2956424036643455
10.718668517855932
7.4314961721962725
-1.3433539599524735
-11.49498119643685
12.193914832982749
19.586333820021558
-10.587142337295319
-5.9041084762138585
-10.342465284559745
1.3075603769598665
5.130129504189625
-8.606193939425042
12.962870935536117
-10.016621732533967
-0.9806264582536315
-8.622831544372666
-13.33815603488679
-9.332317835038193
-13.374918373635127
-1.6424233913322084
-9.541353340023342
15.77193170682827
-18.53789971766964
11.594487598336123
0.6306743199052711
2.1047433910884514
1.7544670994294407
14.51295807888603
0.555663772219944
-1.507428523115209
-1.3996533884099023
7.781384047063781
-7.2183432750612795
-5.87343713162015
13.779563712921544
-0.3176329971281433
16.951398151226755
-4.65443302747099
-9.23480366846623
7.146051915760729
-19.26892346450906
9.247254896316015
-12.382264424039704
3.04510768427847
4.900986532375242
1.40661071857307
-12.093779321230024
-9.420517318915444
16.451944715270663
-14.89729942194681
-4.575201482050417
12.243006920895745
6.3295261031474865
8.563403763984681
-11.956654549940126
8.54662163142702
-15.97127673349799
1.8677243017389067
2.2049557999510014
-17.515649423229185
-18.098597670863114
0.4068927061996952
6.493424001619793
-15.522932961066168
8.85660793082133
-5.259195726901691
15.34271194921088
-13.400218141203716
-2.27413353225511
14.110825267258306
17.41089367783293
-12.736121963547467
-18.339252246443145
13.43575644597847
13.471970921907115
-17.26852158587414
-2.0906717373127393
19.90808354028203
9.566593600285035
0.41903159012337454
2.951555274604381
17.676901956956748
-18.815674651201736
16.52602846908097
-4.635058760576944
1.8658862167972465
16.149018234847915
17.316603617945383
-5.619347414925766
-0.013321688523944886
17.40518415600883
-19.357883615819507
5.920594175657538
10.123137934230087
16.356822044233255
-0.653627707657094
7.418378525155568
10.281067486229706
15.29375453290158
-1.825685690642569
2.881866233471481
5.692585706258644
-10.623497922114428
-8.59572145791233
19.364239551803315
9.119186053622496
-5.121197744887418
4.015999534680006
-0.02873422956056615
15.025297496421842
10.187919575154105
-7.398787311811104
19.63491643755995
13.88831286289615
-3.931138798450988
11.102863497781115
-1.0205660365921077
3.2924096635002122
0.32332973888859584
-6.486364457061198
-3.137945046963438
-19.042644416686684
-2.2140175697191964
-3.7316264312937477
15.482244869027667
7.338988234611385
8.430049939526022
4.610159208789547
17.348463857926944
-3.198082898867387
3.8437619447644558
-16.988571431805614
14.711806780536264
-8.332721347902092
6.072600327410271
16.707991862171163
18.140044546047037
-7.014257591001094
-7.591337851952256
-19.560582843151867
-4.949002691025232
-18.130951919338756
13.750543087838743
14.663579138195388
-0.28329069210609603
8.08723880821216
-14.824406107999435
-7.230749318290513
-7.39007550606928
-14.080192125986798
-18.175405951881807
-8.801532227444579
-1.5004496551837434
-2.689800814104217
11.141080162085935
3.3698516588649774
-14.058371671643908
16.805519694450773
16.573540032323884
0.8852361965524125
5.990047646369369
-12.959111486248203
3.8298897044793634
1.7775687893043184
2.4731256717130776
-16.491992826103573
-6.048228244948678
7.690110455465703
-11.193638050216848
4.09931441152931
-14.698211219683003
9.442153311086798
-6.84344833484294
13.528556879659675
-19.009320910288636
1.2635047092753062
-15.431371028326385
-1.474286376628715
17.492958861694554
-13.722815009742684
6.0443783159979425
-9.243924996011547
-12.561914806241097
-15.822496940089472
8.608530340535594
-6.920010566324514
1.8421397103451334
-14.62263724557895
-18.29078291008907
-9.276987211655134
9.212157022949135
-16.190474588096745
2.753502873001974
-14.140812532963558
1.4676573017368888
14.7587518768865
17.031785435108652
18.56351247174547
1.5149224043648957
14.911560321442735
-5.997621791715591
11.817368317543078
-12.000642237757816
19.34023062767522
16.41478752824925
-11.387403854921363
5.807625810930933
-12.146212428577936
-18.497505473684054
6.428989342925185
-3.041328132772904
17.64043475465985
-3.6983105939714314
-3.7955211472204695
-16.07916123065766
-19.388527728250263
19.082516506264156
-6.437976687494999
-11.626034980974879
-19.608525134792146
-17.670552172390433
-4.889848921142747
17.465843016050457
-16.63326717368185
17.69415045438474
14.895479870185312
12.981932175871258
-6.860054723638616
-17.197902543335264
-16.42634246774957
-2.107180895016022
-8.51069259102458
12.336474534033357
-11.374157538561786
7.928401316750776
3.910264105818495
13.027561710049184
0.48434733776404926
6.18449212081407
3.603407285860115
-14.408683380066979
2.5230269441215647
3.7048082616586697
-6.508146024085505
-19.63085141748829
3.8571487398768944
9.177584818443187
-4.204434750987364
5.070814873822155
16.039953737875244
-8.88590323305548
9.95191577175143
6.909453882774695
7.575393355350609
8.398988126405715
1.7653055273317406
4.160259160707817
-12.530236521999566
-5.188299861075883
-1.8732663336611992
13.406604237403961
3.268126425012259
-2.4621094932193586
17.918379613785653
-15.383803149910275
-14.229133222899986
-17.191009551950245
12.557299216391229
7.839933471940277
8.370873574501555
14.564191526900501
12.17285784016903
-0.9877407366133397
-1.2986196328780863
-9.631462028183568
-15.423225440757733
-7.530803661652229
2.6358246609846816
7.298508852484108
-6.705427690540615
-8.084317761401593
-2.2614882543200245
-17.608431649780275
8.626611381720227
3.100204979991851
-13.561716847578209
6.973352429883764
-14.455642933441801
-19.994962184325754
-1.077436431056448
7.0456911973709495
-7.727368542601152
-0.5293469283690335
-1.690202683459642
-3.8679957366298297
-11.243962837809342
-4.779005426335846
7.050491566455008
2.8808094935240405
-10.340676630121415
15.175188918238021
15.712556453427936
-0.8174747710485661
7.962331072121643
8.40095027022403
4.718741390805313
7.442909547562774
-4.157451292583239
-17.64200901361875
-17.439679639574823
19.443918563455327
-19.04142897703981
-16.65100211835346
5.226418189715353
-5.711120307102217
-5.746505764153657
1.020652323009518
-19.063213794318603
-16.16411499160673
-17.039857557686013
13.098289037051181
7.651997532025586
-7.299360412636844
-2.5056990744165972
-6.658664023326901
-2.05338552128584
-17.446586756854217
2.9857625395545426
-7.719779293746164
9.923075166161382
-15.702674691684875
-9.992371046205438
-11.359059782991432
8.579027708562897
15.983883536029573
-17.786973418529932
-16.402212805118545
5.225877739411612
6.884638935907059
17.54639544429172
1.7324962337334604
17.219603626847388
18.102601214815955
-15.638944049177352
-11.661711317394023
5.666710836413543
1.1362226685230468
-13.549131963581864
10.443887287967435
6.425566731339785
-1.1791114705673813
-6.513628296382903
5.20839897465336
-5.209096379925882
5.088695756738986
4.715926263785253
7.138470120155489
-6.532186939900235
3.785959546188856
0.4428142648953255
9.080541808914727
8.4189344606553
14.481391776590044
4.081155353213916
1.5587091246163851
3.214241444363786
0.1599347322955822
-4.6407322787094785
-10.947662361697109
6.471523377940894
10.813970009324535
8.854530378124757
16.597454387198567
-0.6900271658795063
-7.73480360174743
-2.603368237862547
9.192462735945295
-13.272590963482745
7.04561324982981
15.059917288749254
-13.035028828328489
-14.664946039253905
-17.38010148745986
5.333006495300822
12.770640056684435
8.279535590481881
-5.5388941208402755
9.055237652987323
1.8725240711583702
-4.322567322997015
12.43427357163911
-17.65295776149034
-17.715136675901462
-6.756532054117379
-10.489140563849016
0.05167125193285216
15.610375253339576
-9.697762487732282
0.5737186465051849
-15.659498025973111
-14.718989927752787
-14.669574660917895
7.565202549022601
-8.631531367222806
-13.840070979864493
-14.085025102831793
3.30492737210929
-1.5984158889919442
0.44373677839835324
12.467985808016245
16.845533104963543
5.820571239316482
-5.54589157608406
19.299255140060183
-0.41862061485787194
17.65256303474262
11.869001176212578
-11.225034623483241
18.686046616114922
19.825469307622676
4.0111475789938
18.682130507366395
-5.310510782513273
-7.04140458370054
-15.769531941798336
-3.5121613304178467
-2.080539404987917
-12.597522808037823
-14.92799089200815
-7.50164537627159
5.020215553569592
-4.664819290322036
-3.702379393952402
-12.935418868182907
-3.2789283930666926
7.326428338888135
-0.8607915959475854
-12.653052978269423
-16.13839977090459
-8.16839028474809
-19.039084177460836
-8.10000076234826
-7.273037353393601
-12.456192831270329
15.071632718273364
-18.98584275819585
-1.1523885699956509
-4.4898895461860135
-0.6547403646917047
-15.999556234344059
-17.45260683292658
18.252547686142364
-11.399410200090854
5.008733937924667
13.119807704631626
-13.190673606139862
-4.272266731475378
-17.021707749468753
-9.330653555521572
8.794069299492115
-6.435176321008402
10.098623917233574
-1.8015989233088838
-19.450028529354235
14.504644834348369
6.051087393618406
13.554406723387032
-14.426717251057926
-3.8896632959697115
-13.485665190763232
-19.253839712663876
18.21457941409397
12.811860256765947
11.173584431723903
14.47720332711755
2.2565150428330227
9.279032049451352
13.664269933689177
-14.566632834180048
10.75002286937189
11.880739138821106
16.54546921898927
-12.274959697837048
3.8542590947179214
-4.8386735692460725
4.840879210561106
-6.976645186716009
-5.437631624103467
-2.7361570197792133
13.722328969267593
9.838154363240236
12.924513644274143
9.667307524563213
-5.05978916887857
-9.900370388192092
-7.39575174989616
19.885028811183872
-1.6501851419737505
-1.7774918217873292
18.99420346685585
16.85148739356314
-6.133638573715263
12.495511099838055
12.854846792490065
-11.930855836117594
-5.220581493563952
-1.2101809936816394
3.769115099658464
9.459258914102069
18.110608916737164
-13.431830457054673
13.410827908657637
-3.446182687225992
14.4881498024329
-6.953103318545395
9.397835637804334
0.18319776622765005
-19.424842210071553
9.640435824642974
17.254076172269194
10.1027888947937
-14.146927409188773
-13.920700307933993
1.5922958450871505
-15.01103501518196
7.409116110492953
-19.154610325645542
16.132406549394076
-5.7757105271581555
-17.11932078506592
13.167141687636388
14.782008581181088
-16.73608307192765
-2.164944123487082
-1.3676215187653256
-1.17327676069349
-2.441747547713746
14.408774308451775
-9.319619861484107
5.59174216954591
1.1467700359026196
6.989609808559276
-11.03531131214568
15.936895746539562
-7.997917441314746
2.87788708216204
2.2907694651825814
12.123344818207556
-0.4898125105265869
-5.904004899711527
-10.070006971029649
-5.792044939455948
-10.811776692791973
8.939659822750002
-8.47116623511714
19.183734717806153
16.15553323968627
-14.575597533702279
14.522875394525919
4.398264142409229
14.585219126168745
19.71655488589213
4.814840370174899
-7.89386897139873
-11.793126208641356
15.768819614406752
9.929981616751999
18.858609991460455
-15.012554766281854
-1.7025773183824668
-10.992782118151796
16.795334150274165
-8.566897799658895
-6.598908915989377
-7.445128923016426
-13.742215294143097
19.104111109539865
-7.310470979982039
-12.493447723820701
3.721821227033928
-9.712373163757903
-18.948006218053848
-10.138206574246741
-15.034945570905291
7.760913092133276
13.398987940200811
-6.918644950199496
-18.09572950567666
-6.9390388062622765
-15.384684813937692
-7.0900549859496245
-9.949730372126751
-9.823397594449643
-11.022058181169324
-17.364844392940448
2.529519178440257
8.249872927420562
5.662162499685412
-1.6419277596041049
-10.876077621836044
8.71371058483281
11.15736028881176
10.340458792733035
10.987815394025159
9.339905345081874
10.728397318660676
-7.1232784531339846
0.2845327905011956
5.667124436150601
-15.921837063865905
8.918377877672881
-10.719937831252366
-0.44228889035755614
-6.33218820059502
-5.014375062185156
-17.86507782342337
17.5442632568382
-11.855817713934123
-13.609610786742689
-12.012026755963351
7.189473853694295
11.786714949145939
-2.200160055978337
-9.80170951242371
12.39460062617183
-11.38777831712475
10.58139281750531
19.305972910518932
-16.41430369955828
2.787802978459709
14.71517889881222
14.245784982775149
11.28820243463786
2.139295366787948
9.860978223701956
-11.931443935883
11.632724994975675
-12.446698359273679
0.43136716168885414
-15.248148260868465
-15.390658207337427
16.644731715270332
5.068124357110673
14.41768843051112
-12.590314614611602
5.720478446378383
-3.0904864374342296
-9.925388252475308
16.79851218848188
16.367778304621503
-13.019677720929295
-17.562668504992377
16.212545984952243
18.59101597704766
-18.62251990015868
16.150666423781324
-10.534207205589748
-5.983821971535175
-16.74352046433629
14.796338382958638
5.7740069428307415
-13.697950138077136
-13.09010389874282
-13.170905923959833
1.5823421777125226
13.641591698137226
0.7846229296529827
-9.346715190408537
-4.798915547047251
8.729553658790937
-19.352904175505543
8.741700537715161
9.053429990170603
-4.666558954975223
-7.580412952683687
12.864937787319434
-17.549327421512615
12.70597163296302
9.368269242004644
19.595092979170687
12.095674935787123
-18.708983288625824
8.017816029939763
16.883267910857846
6.601027288042268
-13.25264873339503
1.0371014455223744
-1.3844449040864006
2.453410176491655
-0.8535978398315649
-4.067411476798476
-19.094581628697938
-3.4936627862487413
11.346835537559517
12.424566558255009
14.376799174073973
9.890591239928806
10.21122899785155
-16.130862410332124
9.608637824551707
-0.6165917422856353
-6.245972554176159
-7.227451045397375
7.472999012919242
18.895289371299313
11.681426657088796
-11.665940593346363
16.545393457305217
-5.338673156330852
-8.631052986306539
-5.990859056335157
15.166009130301426
-14.12237877864342
11.666929132190166
15.154565478802319
-10.353883462134572
-6.07213067237331
-5.226704312508312
4.026405953621982
16.23272472290754
4.647903483386386
-18.862868095014846
1.1378388843930018
-13.982756700929734
-7.147972567145345
13.80162157513621
14.389798784358177
16.905339251341978
-18.659616800711767
-10.438699056827577
16.611924535529326
3.6035613830092537
-9.705405825937516
-18.579502570392812
5.685302143465055
-19.675967689096986
-14.140593520604558
7.49960101432389
-6.283839619379986
9.066382746595103
10.876664455994593
17.228085604466813
-19.024670299841336
7.10564778734075
10.034533162521093
-11.763841117939805
13.054063360107698
10.023724317487211
-9.992792650990117
-5.324135067942155
-5.866695105311788
12.890621241959103
2.8928671035378457
5.078060823627389
0.8027805605301417
0.24977981910647884
14.359455549814484
5.944694826785657
-8.678067197541473
12.349456314544952
13.926282339295511
-15.777232214723247
-13.763589592468772
1.9052328445348188
15.605360697651804
4.552980609436389
-7.1591266605371295
-19.09565602839936
6.2540150723501
-18.7100428866642
9.252694141372913
-16.46070388035747
-11.573710656357674
1.647171187596797
-13.489312007176988
-0.9133364405195294
15.816118592381542
9.12280495331244
2.2587860550182555
-12.074542050827283
-13.97409988528009
-9.011284110440059
17.868152486791253
4.945144600386225
-17.52656672315899
3.389274695192558
-7.414393240393
-4.912436034634485
-4.1441734116199935
-6.751158436855867
15.29631944334237
3.8665784132068666
13.25085976363053
0.19707302331213228
7.07404944869068
17.47281224322925
-17.154281754175436
-1.4131803835435086
0.6197854103991034
-1.1538107438655416
16.163594103186057
-8.540557080555494
-16.762626042372993
-11.648952436210633
15.595498346658395
18.143034844561242
-3.014372131268523
-10.29741820697215
13.830026368217297
16.205664828516028
-6.734229188474142
19.374649358565478
15.111712523941513
-6.168436797921784
8.405998038607542
-1.17124703729894
-2.410054374422277
-14.612482603148745
4.7185274450303964
-5.72077332607757
-6.704453683362765
-6.587739442982263
-13.470776930158301
11.212590079743254
19.387592122306657
5.752413998845988
-16.599452683193924
10.564923012074871
1.2447019447221024
14.188779664549983
-13.472685708951717
-4.415884740038866
-3.975349360131286
-12.306888097897302
6.759159028696708
-10.92407404873966
9.460029425925182
-15.446480005493841
-15.104861766876612
-11.201061530278906
5.921328153582259
-1.8818953332488384
18.36974926763333
0.8307259515082102
-15.23156303967658
-4.672489465590953
15.884342251170736
9.267385202506382
-6.558407395851358
-6.746933022114563
-9.30830006962568
9.964621637326406
3.1257465251668677
9.641482024145041
14.120389493545524
-7.924193391909347
-13.073536000704657
-4.572680192434193
-2.0688194525343384
5.657024227662081
-10.021946999412933
2.628585356698391
-15.884493010414955
2.641880159836461
-11.546815109401617
-8.340789562138644
4.514461270396055
-10.826361707708575
-7.438089986279991
12.69889748447818
-11.733442915797735
-15.860573004086218
11.66951295270724
-7.743502414398469
17.505335983102157
0.8871123545017632
18.081486602329946
-3.398458386189894
-3.8386502549172796
7.156121927795169
17.671532981559317
10.346666276707278
5.255616362661154
15.640996728069808
-11.97138259196402
-8.676747071801966
15.515607625497438
15.58956867707542
-15.728545289979268
-4.98204866191494
10.261058209488041
15.604891772792648
18.837266869581853
-11.020639478146371
-15.684680761003115
0.4771445462097823
15.365272682163152
-0.46075822851447157
-5.467443792568121
-8.634004239419486
3.335517351286793
-3.236430974445245
3.944361536248291
-10.8783989844573
12.13945769308468
-17.623514472828717
12.05705939321426
-0.8656005568935328
-5.5118780466371255
-2.595829339897552
1.1651949893011881
-15.969178731684291
-19.042753113584574
12.065298631922097
-8.087274141611847
-10.474062390895028
-4.026999720885875
-15.640278174380402
4.181035660627742
13.879961123324073
-14.783858939978977
-8.937508073800107
-1.0722622344187158
-8.753043074149467
-12.546613297948408
-11.891937982228523
13.695165299575336
9.753097735076864
-9.474946420906889
15.992580092552764
2.7922475690359327
16.03126152030275
13.250605042226141
6.701911486465146
-18.59245625261453
-3.435605818845943
-2.8354946351884145
-3.080930577405404
17.223782351424248
1.4645653507634826
15.172229037508977
5.639447547127453
-11.237759034898165
17.096587443275688
16.560287298529943
9.25601627313003
11.646857419037481
-2.1107879385212023
14.76508096670213
18.54169379067963
-11.320675784354219
7.348714111285062
-15.193536319087105
5.4173782049102
-6.113228119259766
-14.355175961913709
-11.460684655522186
-17.99169265578563
5.0772948080330025
-3.1143599107816335
6.925403501959849
7.08485961300493
3.9302067885598824
-7.373878849336597
-11.029783040984281
7.556075420223252
13.67003922026717
-19.82054306236921
-19.660467150830712
11.098756300951411
-18.20913763677091
-11.193060232138743
-16.714990291188045
13.780899650874858
9.015117356662504
-4.527361551987621
5.504882429705738
4.400710972948069
-16.794198880123187
11.201206834004136
8.003591626001313
-19.07414673848709
-9.299904916539452
-5.787179151389106
-8.288227096623256
-1.5911702060124782
5.78326509188312
18.682448233953693
7.290868032525999
8.644883302629303
12.005674330358865
4.120927087485242
-4.462872750810236
-17.147724828007966
2.899056099619841
-15.070273011683891
4.302075941074275
11.745761331784934
-6.997373960608195
18.095147140647484
-18.40962459622652
-0.9113781512395072
-19.031420248546294
12.681938060243006
-4.779531922889969
-3.5719254509160656
14.12850258227791
6.513593068358027
5.239041583278951
19.693625874265102
4.452523625294987
-9.712647917426045
-17.41002842768673
-13.172007979506466
8.645813086517151
-8.51582721758052
-10.320852366647726
-3.8507814936460747
-18.350914484972193
-6.40368856228649
-5.722172981785283
19.82388330080981
6.672579852603484
5.369614286282921
-4.259125301176967
-2.6491047316219536
7.291471128131825
6.210468778657269
18.356006768508458
-15.784575878943198
12.892408742630863
-10.194484859618917
-8.014378692332077
11.806652112772532
10.303161841363043
-13.64700164078958
-2.931814674200286
18.885918606540308
-13.601511254463933
18.04072022611566
5.3413697430756955
4.804166968245049
-7.670202804928348
-6.008093171032751
-4.571579076410238
8.612666495498331
-3.4464371343211653
19.621288500056806
8.881900203809685
10.831356897682443
8.340179516375148
-14.933945548793002
5.906337097176433
-8.073469198129931
-9.995217015557195
7.307865469550052
3.8611243168159284
8.02547603836338
1.9014923465047247
18.664708703637913
-17.108592421977246
8.991089629295786
6.6305206248860955
14.9842307717662
-16.315215930558374
-7.301157995018022
-17.857760873392216
2.8776154806737466
-12.008268076194604
13.796806048546735
4.385465562299213
-4.962613173050734
0.15899260915311686
13.76694172521897
-4.519824920234775
-7.991378240862241
5.153017370811668
-17.76080041414279
18.351583357810398
0.9931446473206265
19.71623791287039
-18.62135245657096
-14.270665336321859
2.751528467046086
-5.236353793367066
7.402249898653579
-19.563082162894094
-7.996830034736853
-9.060523048892817
5.540723069301357
-8.25452587198248
-16.754523708419867
12.285247009022036
-19.705817386306485
-4.909349184500451
-6.3568603855262715
6.6688821940977085
19.26271304331962
-13.656745792415581
15.256641399436816
19.32288105356192
3.995969309995388
-7.055065439442743
13.1535797612677
-9.002580253268695
19.3688678054423
13.499767942496362
12.392811551530471
-6.6880704482692455
-3.493758319934763
-15.946861724351438
-19.099462182927613
15.98282627253063
-4.38092794076085
-18.342076444538765
3.311085205508558
-10.685511510803067
-11.947616296781156
10.547930302036743
-7.5251795423761045
-17.15678646671632
8.611695554875396
19.63841775549134
-17.022045898864675
2.5354049133922416
8.804386183083142
-1.232433249172935
14.235320445616146
-16.97103573502347
3.770539757932635
1.9290190010583714
5.355596391527779
7.018632522798441
-17.9902456793447
3.1112753786485143
-4.105713926242366
3.0753298536405964
-17.804137979369333
-14.118510298796583
-16.761333832653065
-6.2568707554298
6.238402714052079
12.077826025424713
18.91182569323754
10.29468870343765
-9.49295303313722
-14.69649422819176
-9.263211466271928
-13.31974281132274
-5.0386508206652
-3.286143187622752
-11.756198735690791
-19.72766261860897
10.90094129799909
0.7183915349338967
-5.071906266028483
-5.564846067042595
-1.1679977239684405
19.94938949705481
-6.447914521746242
15.921697445673402
13.203294995878167
-13.284110588692508
7.777616411864123
3.3773036273670414
-4.050506827639214
1.555298618408063
19.421199267026246
8.854450651524996
18.26216557178234
-6.240616718329024
18.95618510512675
-16.30799249453187
2.0873131962152094
-7.430743389669434
-2.1858998334069177
0.8279477748116228
9.00720987500085
14.017418841371565
-8.823500523597506
8.740757200295725
-19.110953041010855
7.2639512524218475
6.621549822252788
-8.037679813029492
0.795872425262246
-2.020526093006044
11.970926115383051
-15.055270328418406
-15.079888192073003
10.753868306482275
12.730211414519985
14.123662615382393
-5.367607309614986
-8.681828793151446
-19.65921551795255
-18.8788423169917
8.82087894569056
-18.64388823122404
-9.908135119702614
11.399790841383446
-0.2875888021257076
-16.295645533024885
19.949907637627845
14.127757954290459
6.32985807474045
-12.082934424675447
15.29049888358108
5.77933651020707
4.142516139553088
-4.410470323558243
3.7546409724341316
6.271466748893701
-7.6592332489607315
-10.45643723226327
-17.50435260233768
17.233516913566852
-13.72167111134026
-3.489585727202954
-3.4195619812178
-11.057739882863675
-9.150368541011002
18.103909396868275
-14.377704931376027
-2.465015388173029
-5.493806759424885
11.108312830019518
-11.494795942383602
-19.461529102881947
-11.296723520269506
-9.034445303568717
-14.639712673553449
-19.15393833872033
0.9947764848298206
16.151861418952613
-17.7212218065787
19.829280841227842
-14.572527461722778
2.0215253478917994
6.645707524539244
-8.329702822329663
16.814300890540075
10.412964774877082
-14.868855202028207
16.978722263065144
-4.989871643075778
-7.076210520105617
7.07822546571386
6.65318800707891
-1.5696849457010913
-7.963168409868935
17.964326705870008
-7.693005642480202
3.315492297918361
3.759503912950663
11.711022863187303
3.447199167266504
-10.040960734440993
12.903291359528389
16.706478921866577
-15.488042217027118
-6.973132673611779
10.60939467384354
-19.958207904456785
11.607078890069062
11.663440057715597
-18.711774663448743
-6.494235061398115
8.446213551881243
-7.34075852080975
0.5886419859474792
14.126335861712498
9.426333689433129
-1.2869556942361662
-3.3998838396684796
18.901559944959388
-18.782213888404364
-5.709212875598645
8.895852876265472
-13.401987810040081
-0.5712174511582475
1.6184948463828661
0.023119560977708176
-2.481036018453832
10.062652822423669
1.1389947613830245
-1.4505811770846755
7.494968629029806
15.2399988313609
5.984573991103478
-13.712352130131912
16.751281491575682
14.595780209941147
10.072154229756759
-14.962561099925109
13.303869329341616
4.841232374014822
-19.853146304500097
9.98108457523896
1.8365057248873882
-11.038261024123086
-16.921422930303727
-5.414942952736155
-10.53538198330128
-10.171401307066477
1.1349785518705318
-0.1067012406615433
-0.5481956696090826
5.428183076769955
17.22711908079259
1.0954069725484814
-0.1979232969666782
11.178710329465954
19.23935093451965
10.958733549825443
11.824679129986471
19.7564299692202
19.071482669887388
18.419591449275444
16.292958284144447
-14.224721739995513
-2.4789613679335645
-15.523162326098845
-6.74935066725511
10.695652859899354
-15.859998037372467
-7.334190615642381
12.883117691382651
1.2315065892400696
3.5744113123608514
-14.475005169727147
8.129824878868199
18.875448572098612
-19.91045620414999
14.671843059959897
-3.4994974746648246
14.185167704758712
11.17206565326071
9.800035081605767
-8.506560391486842
-0.1519358198356855
-1.704216503390338
0.6148302095215499
2.3345450370620533
-14.186635706062027
-4.799837744651811
14.176502471028712
-8.50300036770227
-16.94358526861622
8.683819306712884
-0.31798093660276194
-5.957618343035502
2.85800784661447
19.04413959442398
7.7099573500670715
-19.331243920080414
-8.762037678340935
-18.162122842288962
-10.149756249950599
19.82472254434527
6.710108920667448
16.39621046510345
11.411911039304972
2.9395454272534174
1.2359837446051074
-19.89302525267513
-16.03452549193967
-0.22776615918276377
-9.383836346402079
17.722573035696193
-5.201188570030158
11.77429634519875
-13.326420359220279
-5.765235104781045
-17.761121728354677
-17.999624299593936
-6.659040669741415
-18.24174469813888
-14.436853707879163
9.705135821293375
-13.061367611119682
9.465175781014125
14.246061295006747
-10.17134301807829
-8.700404111708693
14.709551125165092
12.974550402426559
19.96748825111463
10.16267690282563
-6.6805656607613795
-8.047746431834032
9.747538527216616
-12.665011527145499
-19.352705164340463
-18.779321520302815
-8.428427139001098
-13.278182475618996
15.826813205366498
1.4627700087538784
9.323307743105651
-4.085645038081175
8.346418818549349
-13.84603270802855
17.27655998512863
-16.90709070958509
-7.677614717891803
5.137676300009126
-13.489307009502895
14.868475440786533
-5.587116247037308
0.8129667124589268
10.115359760623186
-9.81211643868833
14.529700175359494
18.493990604726584
7.198629353469247
14.301017982820447
-18.337450629334697
17.92049557132018
-4.808538878042615
-12.236014922361726
8.446621492646777
-14.930528325027112
18.040260050293213
-9.408332196319463
-4.033473948930105
-10.617671140253528
12.020072784733244
19.752982711886474
-19.243479878327726
-2.7602191641444875
-8.277598468843706
-14.344653566445995
-19.040197617071158
-8.087893801966901
3.612893988098339
8.647201482803169
8.731091721721
19.839841024485956
15.844394133689946
14.461578389167457
0.7360233895937185
10.766333073193273
-17.48840832069472
14.020997237216896
16.567430398228744
-19.450726460873874
8.634391049032288
-5.8133560833181654
-5.059960216236856
-18.330512129506072
0.12464028933759153
-17.77740882721617
11.363628488739117
0.5579292907695752
16.902063537432625
-15.942516946697655
18.176325084671753
18.928083988458255
0.5650680668255283
-15.327465303098005
11.958819357913537
-2.454140058791797
-3.227745556572156
-3.9342672944492385
2.626320774658943
-5.828452936320087
-13.753799550673463
-14.77004353436218
-4.7383711558789
-4.207641093432258
3.487124382681408
8.146257769040016
9.05875171087084
17.36933643555534
-3.219771767033862
-10.523398955555168
5.954472794239848
-17.048568823244622
16.453808809262362
5.461180164321551
12.150924464043548
-13.804082477238069
6.185476155634589
19.773733771287866
3.3892605770268176
0.83120587861589
-13.574569804386538
3.738610689060579
4.262894860566348
1.8207290350262468
18.50447710933085
-4.536885595746462
-3.8468875019827635
11.942900294707442
0.3558044089705277
-5.9384540119983065
16.39087269995987
18.253404929730095
-17.505187029099467
13.31041315883978
10.498317754929719
2.188272659293343
-3.5803232469017523
-6.951034956676709
-1.1021609232633303
10.188517221141709
14.006815651422897
2.145345690669682
17.85466958932374
9.032525216684114
-17.573355899245406
-4.126925872347439
-17.960157958162007
-18.246221241833798
-9.581653896433728
18.233513772302167
2.829205973726488
-12.294092000446476
4.447780341142394
10.340994564847694
2.0184282406531224
1.5622635319696876
17.37576943308533
-16.372059871328347
-15.391991057240574
-0.4402020422921069
0.8201018213687519
-7.02939914252207
-12.507569309990494
4.772437666023489
12.985987628939114
17.25762821005914
-2.3473620449702324
-4.511485494871067
3.63148660086814
11.44593929971846
-18.029876840570967
7.2431990988397885
6.296977350562997
-4.776085909842367
-18.195244262753903
12.079923740894664
-12.424220236424151
7.301940349398809
5.815588758293796
-16.52808966232401
13.621378626087179
-8.59296039795645
1.5117547609024093
-1.1500867602790308
-8.72750528719604
-5.336142457921248
14.777963659830668
-7.570773404551696
13.630344752691876
18.982970741825525
-12.513652285713142
-2.1924885674112886
14.350153324988945
15.300450346150356
10.797549604065175
10.512293984886817
-11.559069164106614
3.7420603718311725
-15.145191640514145
-18.39760983191297
-14.101465922905
-6.591854039402932
-3.1777546418720775
2.2376783796711095
10.754928384814065
-5.950275661788629
6.559826041433666
10.792754022387733
-19.37606362063636
9.199652264605767
19.94951413940101
11.356256003497556
11.518574038533647
15.749399966540693
-4.348569867563906
16.4299913805863
-5.394559519840364
-9.540966708075228
1.19445512641391
-8.247116706326496
3.717545424060944
13.716391439939287
-1.6990424473532109
17.88717671033958
-4.661994520917085
-6.241894066596817
17.44982482872951
5.170883656973416
-10.806716672892538
10.633906039568494
-16.6976282208288
18.061653448243852
7.133655958021372
12.168269643687353
-13.162127658983977
-17.17424200998404
8.482360933410057
13.591845570976005
11.44978011490975
-14.370500710109955
-7.888613661173945
15.85773027816537
-6.653270089393226
12.91433779066952
7.461274114382178
-13.122174889162967
-6.271855395117187
3.0194862588583113
8.160151856662065
12.619608255016601
4.677766808696845
12.807292833277849
-16.408697222222678
15.375091772596
-3.614874183938099
-9.70833546965407
-19.903426319382422
5.286143353954689
-6.799555768170027
-13.479158231457259
14.161395224180758
4.341052407723012
19.428962613905234
14.681833218807043
-8.481702768159213
7.787051760228355
15.597248159734384
13.887388674044722
0.7958464806150225
-14.496453468828093
17.197899618769142
-2.948155543542377
15.241526272408663
18.662772236892863
7.520943812126596
-6.932132572874657
-9.402653332267846
11.454246959085328
18.551047092490137
6.236590704925398
-14.281340748242602
-4.069372439654121
14.841733501341082
-4.84740553179468
-6.827468941734844
3.949810484110774
12.851999969260774
13.231943760888512
17.920319939699453
15.858671804369251
13.369606665126298
14.68667028624158
-13.862555643982773
-11.068881958902438
6.228986558447403
-8.376606239689819
-12.58797204007713
18.643511503736185
-14.715313424776397
-15.879098418851068
11.518196695239222
-18.626981938673502
-8.494351317978701
5.103630199623659
-1.4972414364513398
10.125685666420168
4.558524378364357
16.153415120588527
5.8247573