-13.321204861375318
-3.2588520471344573
-18.628526418751736
-18.863376650397687
-12.11191069999595
18.397084225221995
2.5301492011063758
-8.699205316948579
-2.0440639595274774
8.826358362855604
13.722460486363197
3.5032567642817405
3.894108078559807
7.827027540794241
-0.537685724158866
-12.33652003967736
-11.240386507070546
16.770136477388412
12.248754560654987
8.934669036625387
-9.534292604010975
-8.727439656155585
-1.938853824930323
8.757851471133591
-6.521886764996477
16.295392847280077
8.221231310683692
-17.0881512279404
-12.50429460863295
-9.999026108883093
8.529048964248659
5.580525792377635
-6.7138769889439445
-15.125451607744175
-11.540151362570018
-8.072269673238415
10.247460436026827
-2.7190908108463887
11.567661497736552
17.277002106353933
-14.668860209782446
17.69102908489031
-13.204592601728265
7.1696722331156195
6.520864243614501
8.769303013647075
-4.5830885543783495
8.127276036853285
-15.669613641030068
12.731790630245776
1.9284069254240244
5.871965901141003
-9.197493305923556
16.811817065643808
5.581638171045498
-9.234408542650261
-2.0574432021697078
-3.4147798849451902
-11.70219842006392
-2.327130920903521
7.144060503572874
19.96489931208305
17.770347521376692
-13.74745375314625
-16.339362118950064
-8.087987613751695
-0.43781983427437865
-17.022902203606307
19.129518362946804
-11.304153084775015
15.284591065476206
-9.601613062737165
12.723424505307001
18.193361872202367
12.466335364455873
-7.977828724764343
-18.08726837297375
10.222389005814826
5.497809399880083
16.189363298667544
8.370755392732441
-18.21048395720647
-17.328360756271262
16.03244308504017
-8.745671228899901
3.6194272605881537
16.80465580221091
-17.179394941296838
-11.594057530215768
-14.38111664680767
-16.18155085177106
17.197965696391854
-4.047826089467193
-0.7622792505842533
1.7850974707496725
12.254239591271755
-0.8826015463376358
13.384782167239798
3.104108405365828
-2.091226597162759
-11.346291984653035
-12.601006942436527
-17.740116322025607
8.869267324219923
13.522107733903667
19.41376739779517
-9.349974267582969
10.346432603246424
12.7194456426204
-16.764298855270336
-6.627513742008899
-17.014145210804262
17.847091227013443
-16.979582982512696
-5.57332178335297
-0.8879154541929424
3.798256188639222
9.459182405001645
-10.856907941743081
9.927752245614528
4.341947833890689
-19.128337863418864
8.255811652430076
17.53144942436306
-5.494713942217061
-17.55533271843541
19.4028154397311
-2.3518229170668477
6.947402356265368
-18.58976765910775
6.9801139073929654
4.003967824708244
3.6933499919628474
0.6781866986662664
15.799489208130936
-12.736252995421623
19.733101747380864
2.8496570612824073
-10.84842421402087
3.0970806889829987
0.7653751735995407
3.640424004249784
7.22784341613167
-15.947295465162092
-13.609546215574678
11.869341491117975
19.698012846128094
19.722559731061807
-16.37888671990773
3.1359965440111246
2.9790400058037108
-0.6637660075569656
10.47084399216719
-8.811071837667775
-13.93557540487279
-19.61377360107319
13.629660717318217
-15.14243168487206
5.3888540489564996
-11.759440618078795
-8.981916649057533
-0.12689986386230956
-7.219653599192943
-1.3275210213031698
-6.719707098921326
-10.583848733169114
-16.038847156963424
-4.966119904683
-19.87858365067016
10.995990853213904
8.407583408126179
-12.453704708404857
-0.6520417241498144
-2.510560209473013
16.80915749962969
10.816732030745474
7.442633230619606
16.915723189963835
9.242181156724449
-9.454241564389939
-9.17609691334977
-17.85090662954795
-3.9743654732843936
-8.4471255522689
-8.584945157591637
-13.319892837573505
8.67971762580872
-1.1705204357723815
11.06966462178444
-17.527080075404466
-3.3913605703762215
-12.789923773336188
18.12288699275784
-0.947196318920529
19.408301029003496
-3.8410818665170368
14.463564336485355
-5.936140902345004
8.29406550219566
0.3134471948368578
-16.11364784616771
0.7940752116560219
17.657261790521325
4.034699183457317
12.770541673014733
5.111836133880363
-11.66871620959756
14.93154040506559
-6.86813838451474
-15.617515372470026
4.178475521500747
-3.342523456604013
-18.409298706322986
-9.586282949962728
4.772397464364868
-5.532463740988035
11.500415647498393
-3.8868945865192757
-4.391860951979858
-5.434477182046567
-12.003884795745194
2.3013393835968223
-5.648235862103226
-7.835588610461862
-10.456472789736768
-7.129550409115954
0.23818404927082426
6.340538850011299
-4.072629247960492
19.06437007142881
8.678813920029853
12.281636451500226
-1.8310653164377655
7.735929525279101
2.50093621381194
-15.126513496001168
-3.4245396830763113
-14.476891671957572
-15.14066537104583
-1.3009565822525886
2.058113534212545
18.306615269658344
-7.708710490590658
19.89201965107646
-10.788832886127992
12.565642382777376
-11.92278054985442
-1.3955101851796314
-17.823980323975626
7.780744268998504
11.651059594053184
19.29778218424972
7.3498196790453605
-12.129179410562747
1.9074356833968196
-13.844473521136047
-8.707055470054765
3.1105723985430274
-5.912466841356455
-13.408878153100048
19.599255028168372
-7.086895228059294
3.8204721396350614
-4.974437505166186
-12.399386815109313
14.545955029213864
-5.606301193155527
-12.119104054005842
-19.530305911589974
-13.694397931073055
17.94174248177889
11.23562395192771
-18.86562008311262
11.149656033483055
-6.236327927068647
14.265817639423531
-14.840178815777989
-19.48738609451412
-16.8374740416937
-10.75844800518539
16.663427481107355
14.597494992005558
8.589733966919194
3.7894836687147233
-11.912503791723301
-5.128419922290002
-1.9979724605565998
-18.660382586861427
13.533623677418731
9.944192802640927
8.22864577512146
-16.637963603772246
-11.217814069700726
0.9197034087402791
17.666898880049743
-17.11528382110085
-5.424369985015879
-0.4064862209365714
-3.3381536665640255
12.752047400869067
-17.291342368274215
-12.099018098743572
2.5074788920910507
-14.482141033501478
2.261655152367659
17.12756747417413
-0.8396869162505425
-3.979003482771489
-0.8559088298349948
-4.671042978516425
11.358580006729756
8.187652761256722
-0.588158075456839
4.694956058813361
-10.299182733803939
-3.7488040564646816
3.38191131572556
-0.6737768027716875
-8.819900765364226
19.860224840690314
-15.023360809740396
-2.551093746044529
-15.130809840549988
8.914307522733687
13.448923248584485
14.611948856600094
-15.526429823048353
-19.760809836816534
-3.578443998009206
16.619122158603716
-4.341629726225712
14.006420521916702
-16.171390249809857
15.644482773484647
19.2020575022864
-5.716362790909519
18.872392082786405
-13.38007927370603
-5.2439229213998395
17.58112056320298
-18.006799420728235
-11.055150212295949
-14.00445031435221
-9.042382753037131
-14.368980687940534
0.17546735307474393
-12.935865506814942
16.689647571905013
9.904105022510326
-15.257922232253787
-16.970674568802764
-2.9290106835874425
-13.832492746675719
-9.57621942020197
12.72087946340659
18.593090326776803
-0.6749264622948168
-11.416892277527237
17.646260989206823
-9.648050343362833
-1.8034999421704683
-17.826219236458016
10.58086663203494
10.983865943138248
16.749272088836456
10.08096001477248
-18.1294794734116
12.863409140059943
-10.370602637948814
-8.586140888769936
16.837656775844955
-9.112262986477697
4.120842009803827
-5.327168892204682
4.255720275960346
12.551275125764136
-3.1979727025254405
-18.281541037928974
19.35337489895246
9.726135735670564
11.833799437377131
5.166427938194591
19.937316099065853
-6.76948547051766
8.435220923687993
-17.471036674132982
-2.9809446693674637
1.592240395735935
-10.658563834010115
17.87667345554795
-12.225203826660449
17.74026521177519
-14.661087654701506
-18.412489921022868
-5.7954057871178435
-14.673270713052716
4.972992878522874
-15.521605259649768
8.758058792479169
18.59028997388768
12.998409266042835
-16.39438924958393
-0.49025604807583534
-16.877224586999127
-8.19250269259026
-14.979797574400258
11.709660949701352
7.885605002664413
-3.8422879518158304
-11.8027516093418
11.424398449583009
19.47222015979763
11.031697310843292
2.6701951550976517
-3.0774139106003204
16.033003429845557
-9.700215830839078
15.67525725262842
10.186579165715415
-9.448371297344229
-19.899772112784508
-4.976189855514587
0.48638070330511596
0.40403932593535785
14.565529276639708
3.614815802452469
-14.25804251469852
1.160437194320135
14.844570908056347
-15.711870361575283
-0.22847250667834018
-0.9059134168295557
18.25012141299274
-16.560157561535284
16.507220288359505
-11.531320952711752
1.8374279672938414
-2.8380242010921535
4.912284793857154
-18.157002953592066
3.948815666128205
3.21045601123987
-6.712341376200177
7.621386133892191
19.755544844675235
-17.84796047086686
13.778142505144125
16.952342689396176
-10.764848765623114
18.128017202133726
-15.819802523750553
18.63393761570508
-17.91197346148433
-5.0533562649275865
-3.1603320910128865
-5.876434790153272
3.8682964273361087
13.825188713231768
9.367854554211892
13.408139319213177
-9.16027383003637
18.14541111736881
-8.590742114831436
19.690358583087963
-10.884269864494396
12.926904794273554
-8.742159225678217
-7.609881168720802
-0.4085005875864809
-9.974394117009219
-17.4577485713594
10.181118000484894
18.490544166204316
-13.01652702270546
-4.749170805965072
3.2561146637985274
-17.837551611972895
-12.80309643593299
-4.755125735686523
15.299155127600969
-18.660787606370548
13.966293781317333
-18.47546121770749
-1.6042348038239886
9.669746376963438
1.0412260162769016
18.626459120234188
16.49498069776061
4.719743056170891
2.2152194572008526
5.779598215529262
-18.44196124723892
12.438359896210436
1.872998235559141
19.575695751350935
-7.417602499309357
18.53429862989016
9.036757993698608
4.97625821124862
9.374028754866167
-14.813879375539614
13.06075254338981
6.976340594984901
10.987750622692577
5.878224698799865
0.7143424249436272
11.202979662872636
6.24683990567048
6.187481110857394
-1.6672509286675599
12.379010504322629
-19.90338005693781
-10.824396735205797
0.25247376353897977
9.850277225967975
18.838759979999054
10.674021294974278
-4.063495758728779
11.465663199315593
-5.4889183146338105
13.582782651548008
14.144190441043698
3.0096314816995644
-3.2275643432027543
-2.612776089427939
18.74683756740953
-18.778825736730088
19.932053979261767
-6.1115708702372515
-14.60690247292073
6.8620417450377005
9.063672233983961
12.911004455707364
3.0964330724473186
-18.510881497112088
-9.579461176077878
17.135366242531617
0.43924101147429084
-10.692649645851482
-14.445882141512087
16.646818019953614
-0.601312979559534
14.346737653870882
0.6463948277400711
12.280872054182964
12.77669611381527
16.6548028553052
-8.403421654202594
18.220054918826108
0.4948828329211068
10.279339953515407
-0.7361167704696001
-18.227365246285125
-14.42114299679853
-15.722597738426813
19.153175791173958
19.793063895079655
-9.845056334157194
14.695051020033098
15.801174867755321
2.0026081585469626
-16.02964176621473
12.933313461966364
-17.075001133583033
5.163561455712603
-1.157434120447995
7.606617035405453
19.512928127660352
-9.655544014581409
12.373374213901897
5.077085240380306
-6.744223985250514
0.3207528248906435
18.27144233137416
-0.2448387797607765
-14.064831989103265
-4.6134803277195235
17.32824845751862
-9.75369567965981
-10.666332573765157
-4.4856637802648525
3.8997289976572524
17.868709330553543
4.442488866103361
-15.32651277975881
2.6431260896794555
-7.744805403458287
1.3252233185045768
9.841761986324592
-9.901792523180134
-9.749779462528153
-17.795275297671896
11.416489847855004
2.9065526221717803
1.4170402387852334
10.32954597738373
-17.4179877120728
6.562570375039513
6.533176455557598
-6.756594126249915
0.6056851640336127
-0.10525164640728946
-0.4411547330993635
-11.463867817691273
-14.391896086646469
6.068552520696638
-4.026456617399386
15.880695139214865
4.967391986651325
4.880951468317193
15.554245161987069
16.572817338654986
-7.14125466586875
-9.021383124017603
3.9406574323709904
-15.437075872813452
-15.565136396313864
6.395100695987459
6.437074149139043
1.6343825725484322
-15.784982932353287
2.7671927044372
9.827468790450816
3.6709223167986025
-12.506985086562459
-9.097196136360154
-1.672437387673618
15.859338082414752
9.87748120997341
7.70396054997277
-13.710871689445971
-13.673345567679513
-14.733590472172494
-4.400719517000816
-13.92888521931213
-19.960810408911705
15.700398086527983
17.898219699992836
10.087688146281032
-1.516495159068299
15.048215057427427
14.329846520804082
3.3236477424587108
-18.34215389869319
-13.592752262077955
-10.730996861728377
-18.431132903569477
-10.743282168192705
-8.230091246837281
-5.592181260007125
-12.867571230002056
-18.290148625109957
0.5844969693605471
-13.61539138204257
5.0922730076680445
12.776584494374106
-1.2160292127828782
-1.1499521761993883
12.864492247164769
-13.22620866517056
2.674399811468895
7.867272710592637
-12.62416907306509
11.5107193170385
-8.692304598569152
-19.115239194971455
4.962264706233974
11.535647525948288
-17.61182625145676
-15.730808629320002
14.696105401389055
3.7093342653570502
0.561187788941897
8.458871092974555
9.15762044262673
14.25914091821015
4.520209413444771
-16.831653154482247
2.953962671207723
-2.0648304299673548
12.711130254074348
-14.661948137170523
6.654635996720813
-10.743550160135293
-6.063432226307061
1.5201518659545918
-19.534861423510158
0.9972460989703933
-11.735449711314532
12.037218262860726
6.0264174907104895
7.894596660137225
9.050858789151526
1.0320306076443302
-13.954539547206636
-2.5852749830083823
1.4707500869100407
-17.24718614834897
4.119325952177807
-17.16470645130151
0.3778673370320149
-7.590054697393104
-14.746556560193675
5.170076036367867
-12.627351787244137
4.452052990024331
13.415774444536702
-6.253537754706668
-17.402116597695837
-9.316759853985195
7.768817749809035
-2.4860947299325105
-13.339718895591556
3.635260775394677
-9.121597526157226
-15.99144938860833
17.818036277615924
4.967343485356771
5.421848991292293
12.48609594165088
12.347382609680913
-14.339928648595208
-1.5947597001820384
-7.713942188423001
13.562164659235037
15.634965118580972
3.0037629590557913
-7.970511115124026
4.738232502234911
-15.483895720073576
-18.781067635691763
-5.282495961951161
9.570728279461264
-14.720440831734255
16.8830032839127
16.38759355786688
5.62589218990173
-11.51649560063984
16.45787862802363
14.1559974271794
-16.106805498063764
-13.7065175936623
1.797016084165218
19.54939312892804
-3.366470365787432
18.648614972439454
-6.606357495080424
-8.698835178922426
-2.5588564474801814
0.2250415679056026
10.852097971091034
-3.8150850096748776
-16.708821332634763
4.171962945782951
8.846127395590603
-19.8802485840171
5.995179349348248
-3.145375740703006
-1.3110029504618623
-5.979289596294102
-4.373494125785399
-12.162529198282694
-0.20735935358927549
-19.509038033356173
-14.37171525417976
-10.200905927914125
8.915620667203541
10.554447719444369
12.847297716423903
-3.2489503484509576
2.2218044258710634
5.318025962085695
5.986388896131704
-5.950599517754437
10.915952910992154
11.272527441134127
5.723096578674216
-0.6589087395340272
1.5739658518738189
-6.265095466388981
14.417281089578886
-18.058753895687918
-5.154475299818287
10.591770057771313
-9.905573560834489
-17.643591978397524
-19.978270695308304
-3.304338539843762
4.481836354691598
3.3620354129359384
-16.63514456336769
-3.8491105112677104
2.2849718320119514
-19.28714719961154
-14.185587503403735
16.392643959818926
5.435519721531627
-5.234793233243128
1.6659137846630827
6.491442969965856
-7.8039819947852465
2.926804519615473
2.6336898922812537
-14.069844551866773
15.237246662934325
8.947133768340944
-18.980678031866816
-4.487339079010324
10.252474290634666
6.851996337650483
12.960352841490518
-13.561053832772348
-10.662423034068746
-5.3144073075894696
3.226207781930519
3.627479389216223
-16.425175434566697
-5.48780846271157
-9.019738125356675
-3.01156044787394
6.155300088397205
16.06299350085297
18.267515649105817
0.42685786035842455
15.70562700179584
13.575617793743504
-3.1334339325382246
-18.971245601265316
7.598412584327328
-19.05233315372906
-12.433763092591445
-17.1671651121329
-13.55548786832951
4.421215025267426
3.463823024920085
2.7143738236294794
-13.113457509432763
-0.057957146797036785
-18.876629974128072
-3.128798497406308
16.693336400376616
13.300185600437487
-3.5983012335666764
-4.5004619163890816
-17.716505422999774
-15.16700699118957
-8.828971653822695
13.139660380651648
-19.451896867756375
16.439354279314067
-2.751677382327344
-17.89941763678204
-14.073200842285818
-12.049302762976177
-11.171215404608613
15.658941206242723
-14.583086632817736
-19.899737709800647
-3.527994537650759
-2.695793985149116
-3.5256918916000544
19.12652939027253
-12.584530101162791
-19.825826954493067
3.846855924939881
18.593219472350604
14.518011843671403
3.0560242399784876
-18.282728922519517
-0.3026698702411643
-0.4067291815248524
16.489479286643018
-8.425799013071554
10.350222456723625
-14.830144598147044
4.9647858029277145
18.425390471036323
-10.598631148361196
17.360237714589843
13.7077814451725
-4.247477022966052
-13.45072928189618
-4.6591610053506205
-14.816172995927923
8.66070872160655
-1.5786970640223608
1.7682442979433475
2.685820221953797
-4.781646232675438
-19.07258792205379
18.983046195078465
-17.555080299026848
-5.472604936375593
-0.4324715827852117
17.422657510672437
-8.119250409959712
12.021118864536383
16.300007832678588
16.501420607053262
10.20899114868454
14.329329774932383
5.4101878934771435
-13.824753966657038
16.852029514390914
19.35590922512376
15.92993802125958
0.2452227003421612
3.8359219147852244
-15.61852745807637
16.358780146373427
-1.7299079267184645
-3.878235521370982
18.78617056791405
-10.252356684171877
-12.584587657664983
12.404867963218173
-4.106487341442744
-1.4062260882378155
6.976945379638828
-6.75778168357577
-16.15267042261909
-8.647834251159967
16.814227768447687
-18.308397197459453
7.131420515311589
14.52174230794084
14.262117197084628
12.622973358009922
0.4910609374890704
-14.902848911963783
-7.764954851723488
-18.319097793593766
-3.566165389229681
-1.5478524267090101
1.4860070935834315
17.855809286015102
0.2296891909630041
17.162501226317282
-1.573722079395484
17.20901349392149
-19.845766247410875
-19.667288564575657
9.60600381614547
6.468954335455294
-17.304274135107555
-19.69434124355171
-5.468486283838816
0.5188422083849851
8.1099379888107
18.573963932963295
-7.775789660300813
-9.11908272874638
7.711334617463503
13.042241352634832
-19.95861854671916
12.325228342390318
-8.223008209030409
14.657232519325746
-1.12887343407262
17.382211872249883
-4.840592982064544
2.640377405940736
-15.782463887792325
-18.247558665626165
13.154913954521803
5.002426566964363
12.087092570255429
-8.174177109144711
2.242218515897399
-8.835889438248682
-5.422645942522127
-10.415471910318242
11.60883398111637
-15.345823140885466
14.308960578621146
-16.81454498868925
-7.8944113516806915
-16.034501266090032
16.66424670564743
0.5806889336511425
-5.084698925285579
3.8711421031030326
18.123046831701807
9.066141143051851
-10.485357532994076
12.183731395329893
0.781693910447391
-5.960265557999955
19.31240942243923
-4.816483525413577
1.0796644512327518
-16.875862931336275
17.994538576300805
18.288166794532422
5.293927432816226
8.623644135932285
-14.781265880559552
-2.1653524939677773
2.7460977925325665
-3.02399513550246
1.421001144854074
-11.99393008253689
-9.879042278671694
6.760112356213057
8.685148295735772
16.50861335710519
-18.485152753524524
-3.5600545449677448
6.025092884760266
-5.351677917820755
16.632671257066306
10.501583552273189
-11.882905300376589
-15.296103365870684
-2.633388917750729
15.116060836537144
-13.300704402496093
-7.182959480104891
-18.648772041711567
-18.74423608010428
-11.3920330194853
10.150285833416504
-7.97621233071952
8.225220912691618
7.516140354350117
-18.782838982028554
19.358517338271525
-0.6309357570769478
-18.018779896558357
-2.690360914263202
-5.517454102374671
10.328574187431077
-4.716741762475252
0.29463260064991914
-16.606229338887985
1.608982484401018
-17.31140228583541
1.2978699953781856
3.7130229884011996
16.210782878826564
-12.361782245329751
-6.4262889637156295
-4.14136006996217
-2.699713247349635
19.1277302537966
-0.7590161858264466
-9.09256731167373
18.807979300454697
0.6343476614128853
-13.284093852160499
13.672407482164637
-3.2565129555669827
7.394487476792541
19.647366980692183
-19.15658053589366
19.487781540011134
-18.921017938223326
16.542078359617534
-18.74477718653271
-12.224155316995464
-3.064443381396188
-4.870996532736331
-15.141833996969897
0.9517119609241789
-9.523939937434767
-7.4881735151975235
15.122136562488727
-6.1485163031314585
-6.913901436233578
-6.166139191144904
5.957996009304807
-9.202040605479485
16.384530907705077
-12.425374352960503
14.643036632129203
12.946072225414504
19.0262353564262
13.886972529362836
-16.35048801401919
-13.249101499800172
-12.175492913940754
14.214935205863924
-18.0559925510904
12.088035186493713
0.1745742464858253
-17.76963248766331
9.698236197012967
8.844545796251225
-8.174532339301024
-1.713204781698817
-17.467222396053145
-6.856079845721887
-8.276095705767448
19.285224715412348
-1.7339014213585315
-9.364854630431747
0.3407967968563277
-14.37541515886528
15.87579930492663
11.276065494814414
4.360910284252487
-4.16757486173514
14.754692923262105
-15.0760438510705
-12.172064465800254
-16.836980401857446
-13.546906657106144
16.748962416800737
5.225537040222051
15.299829101905615
11.433098671588514
2.844541063171704
-17.513216552601296
-12.596065586400771
18.66444047203811
-7.519583588102234
-3.3344298257336504
3.708102768549036
-1.9277494454733635
8.658467147557314
7.2593576143521155
12.563813513728007
-9.086171371072922
-17.362491096675335
-9.637509299013697
1.142164283121545
13.654780455507016
11.356988937848715
11.02453873193663
16.072438701786623
-3.4661034381693803
-14.755989996563436
-17.783949028498345
-12.120660284788535
-4.05245629230906
1.8500684098100386
3.844942522201329
-15.047148748091278
9.68240208665748
19.812144993681386
-6.407990838695952
1.2381841140715046
-9.187756856080348
-1.9188220459909573
-15.91131163698591
-11.756262652168022
0.9666514875098358
-6.638610127341881
-15.443398236360522
2.2657963773805854
8.35685972627671
11.762353177396434
-5.6744097239984335
19.577649770802843
5.749329882135754
-14.067545726988175
-16.61052932706294
9.313126009421477
3.078156630571609
-0.29380344882433107
-18.598921266965895
9.572140401819254
14.559930205519713
12.573135606999678
6.997853981907873
12.483326875501184
13.608565441566576
7.502710943574055
-19.347750469436484
10.502909848233529
-13.367497352277438
-7.615667597279593
-2.2890243565460864
-2.0918051385824086
17.260622089361448
-1.177320273080067
3.028559239910919
4.338566805435285
-9.866611397807477
18.2172164134913
0.08195993238324917
-12.671668150268257
11.902562696623637
7.705532490651777
5.941691027739999
-3.7236203564214847
2.928275520923922
-14.700956282946148
-10.75627478142053
0.6120635129975724
11.996021430029437
8.895324917896993
-7.660135292252557
11.962903924057677
-11.85035859505312
-6.801542015720802
-2.3391697768933675
15.113689821434193
-0.6879839301498656
1.1782625639904545
19.891585224568544
-11.08573044081314
10.437896406754174
6.352271421140472
-9.312729951529683
8.626808107325768
3.660410908771617
18.255400736877036
-11.58594277946146
-5.303556606304136
2.8113771136355012
-17.825994270756315
-14.715631145742304
-15.637069163073809
-9.30786876351338
17.950256573146014
-2.7012466967851694
13.88032697480557
-14.439707881347633
4.837899506336541
-2.6542513892597874
14.290960611339493
-19.39192248855424
-11.309120650395794
9.990049377282915
-4.268809039069183
-17.585817366518167
2.190689500562147
-5.12969438614947
8.749896772647876
3.539331579270364
11.312616832655
-0.6071589350791555
17.697498938613435
-10.593986815245465
7.557649296877926
-18.71752910608713
12.714917618284794
-19.92477152054918
0.2819337037575842
-15.838358728297347
12.561490044651428
-4.888779048889361
-10.912532005549123
13.116751635975348
-10.109480179199654
15.737847336890376
-0.8261309033582052
19.714439510297538
15.150561930419244
13.312501197383916
8.550762707584575
-13.112924257020712
15.620422867238354
-6.409585615092816
-14.872283843384228
-10.790994551586671
5.101366727823063
-3.0189891180026684
18.386953011904296
5.414845705823069
0.2298909772730724
13.052594133569741
15.407509892919705
9.431683960945222
9.649640767249945
-18.79915003127783
-13.70388222056732
3.025227856727337
2.7953606389368133
12.726345329986685
2.083980837147962
-13.677583669305736
-13.781586879213288
14.870568954564192
-14.446164517880486
-10.260909819716812
15.042850071921798
1.9037173402126513
18.04438414723628
-7.6996979305803706
-14.622830075737463
2.894275363580757
5.218271117287351
0.6830918242561204
-17.33557259495956
-14.183448324401766
-8.578914824251488
8.152859623267645
-0.4917488318227541
-5.053166422770982
3.9428368489622123
15.362642968165915
-19.304566979003738
7.172757125614986
-10.443374399693317
-5.693803893965912
-11.568293809811493
-1.4948288476743201
-0.722742174409241
-2.045931190596555
11.300491068608988
-15.849093958427378
12.283563307021382
0.827714068955796
0.26817635685811325
-8.515213576641854
7.642234992413467
14.65208952454099
-6.380036664948516
19.12402960044141
-8.886768325428967
3.2209793597410155
2.4670212174961783
6.535159189039948
17.143322194251425
-13.91936905662282
-5.7128220923094375
6.585902280046575
17.481012928130816
-0.28084410073717336
17.169685588023057
-12.592164467308233
-19.074506535250443
-2.425974663565569
-3.8692451354492903
-19.59029509242591
0.34180924722360473
14.482863071329291
-11.207267545447674
16.312727117246546
-12.326156152744808
-0.07029032399639945
3.4741200192368993
-10.896497050950211
0.5592488013749914
14.595945909744636
-17.27896793159367
-11.091362282708118
19.784396529576696
-13.382674619781977
-4.349099739587343
-18.950040560002577
-15.741962295265463
-11.417461828358157
-15.983437676366732
-9.211857626018443
5.976536553539923
-12.129362561808229
-16.111457585086853
-6.475778837203091
-2.2652183977448175
-1.7551420809149896
-9.308147075276674
17.85553591634004
6.983368140142975
-16.041475639549926
16.124290695267256
10.241283610578659
-3.3200764748129217
16.206400737900807
-12.010672561699959
-18.973345842684836
5.172318882472307
15.399328860227072
-3.696532772946945
5.590530685213825
-9.529333598025186
2.208042467692451
0.33213644431299727
-14.617275356773947
14.20006675205589
-5.465356799473952
-19.932936646691676
-4.878844870585972
4.574987117558251
7.130112816964687
8.232008933174445
19.343424861494086
-17.04017501537846
-13.833606813564483
12.041754432357472
14.207126854099386
-18.743095028131194
7.16392895426344
13.166865553960314
-18.978137043824827
6.381971562623143
17.72230957416737
-14.37962608925563
1.0017092476229763
-4.625847308458484
-16.579257139693475
9.917761301006966
-4.045885564083175
-0.42482515897957995
-18.567104821601465
-0.6500384566336379
13.791231608038117
15.4984273865619
16.734786716077053
0.7846716781556609
0.6302081675010918
1.122831027096936
16.000232341990007
-13.722609461425176
-5.6029145462169225
2.779211605669211
-1.326544733522752
-11.783227404608777
-1.9630504103432322
-17.601670126852895
-0.8998830825621731
-10.335257300855663
3.368385672942452
-18.438781681631674
-5.3489191662694235
2.9534360734766842
14.22014106731043
-8.325817750101452
1.6632916999660772
13.890896890288275
11.651235943099127
1.9082051179715265
-16.5151138107432
8.526535970502941
-7.212783052583003
-13.603737937649406
19.358206820783238
-8.555414544327263
-10.951519668225625
-16.968045662625364
-2.8058862895799948
6.437989906190648
12.02974533060921
3.219675463123526
-19.67647405920856
-9.88034186117269
-1.3639997476777879
-4.1778107073143325
-2.0589783291713815
4.912307410346056
4.38436318293104
-14.820431364043696
-17.83950954932028
-19.788597049047727
17.215326022240546
-3.787549901043402
-7.666563564800249
12.522004720174095
-9.787019540673825
-9.772627908430973
-8.139619503691646
17.21521767021156
-0.09774113465975987
-18.85801097204994
-3.090771702143712
8.930926204526834
-4.260294639831859
17.981251408844415
-5.688042214976887
10.932838521111819
-12.157632423064237
-9.111723490399912
-16.487107284042118
-17.51289762911208
17.317850133263917
-7.805222305972475
-5.625469564308144
8.657059637508603
-3.0263399191004865
-12.421970043905638
-15.942450452802683
-18.217752859212123
-16.70195517407405
5.192196821431381
19.267499290755666
-8.602651918516964
-1.0040149112440808
-16.625662172121338
0.3546124763127949
0.9635803515497621
13.583972572096087
5.4534772590860285
-7.77620327765856
16.596091371927884
19.696269810964296
-14.622612572150704
-17.03753937379488
15.388694837649268
1.4040819475374278
-14.137932949236646
13.421233159347523
-0.8131857656557173
-5.4335453321691
7.812163770356527
16.78748508696428
-9.39059442176212
3.935767916395175
14.214374482589534
-16.685791786367687
7.8968704943826395
5.877968385553114
8.132296614926965
2.175835211074162
6.385552174017917
4.864815943260226
16.813993926879085
0.3131556326310374
-6.71700781491035
-10.504043725623408
4.3933109123564975
11.512504857046146
4.543731418978872
-3.2112461238617094
19.357633146562918
3.396190940124569
18.389672248899927
6.462229158876021
19.624666093909056
5.4412916651721055
-15.376066304927726
-3.992820142785895
19.332197926776153
4.162030527140594
-8.782011397942453
8.347802622866777
-19.387339187762215
8.41180276691746
3.933954957619971
-7.2017417431817865
19.07825622741585
3.290107307360355
-10.655222013599301
3.081182114596256
17.74897386689379
-16.867769486267328
7.812009890198247
10.519457185783981
4.945364125600186
-19.08522953419841
18.166624256306704
7.427283397198281
19.42702593896871
15.983925313419974
16.065552505963417
-1.8861530336416656
18.349145340034127
-2.2835732369912023
-18.43181436443028
0.682180804539879
14.279037440716266
-11.772727211865108
11.637870737233492
13.860034242855292
7.893576800971797
8.332868736551085
-1.5851946788674454
-8.686346450618071
-19.38917307394153
-9.89737838584334
15.411705286327205
11.760668070083135
18.99980130160443
5.623972008114361
2.456926562867796
14.429404075409295
4.886349166877299
-10.453437974702506
18.018310235722417
12.849725724748666
6.18624127476949
10.556696555120794
9.504891347884072
-4.073773531840658
16.65881810725439
-5.461063706038413
-14.667689993631292
-3.1754784122608655
9.46108736584683
-1.8708425335295047
10.610825099740637
10.552290011138837
-2.4307943740633604
-4.099703425763588
-1.4729728356867433
-16.709042824267225
-8.39823952909828
-14.491508732187036
10.822188992708742
3.859908913616856
9.21206144458312
2.5471795439674985
-6.9854181219765685
-19.033869379824708
-16.86214400949052
-0.21469948679358808
1.8810200927520384
-12.080626312022078
15.672029904149042
6.958877172664106
-3.3857117539832373
-9.431215524082287
-5.563886393029662
17.577571612177692
6.4544809909756005
-6.507453302999728
-14.231748740667447
-9.323660851217767
-1.1687166961236848
-0.2939152480567664
15.024960840581294
-7.2186096199501435
-14.410605553558366
-7.197626132581725
13.817345762967854
9.527308980503069
4.497354933845045
-9.320378759296686
2.843902125627409
10.72909296853037
-5.6174995967854215
2.0877421412632486
-12.649423938227176
3.7269975829645894
6.898357650134798
-3.9911171527255185
5.384598753970543
-10.561783629184141
-11.459572926848352
17.13932578331191
-19.165192136237774
-17.934479909230873
-1.7869523641978766
-3.336472292393921
-10.48007909369888
3.787859864104796
-4.809113395902603
-17.529287631352428
15.136967837548745
8.315215068542471
17.436706574651716
14.683004561827168
-16.863230542360892
13.576539286287385
14.362361960534678
13.56799756622869
12.03762365993395
4.892055957459792
11.39832003866362
19.652557808469425
-18.274352157688263
8.001174263330167
-3.0351168964252615
19.52067351181151
0.409241323223803
-12.314165397222204
-14.509659752507345
-9.765487797921594
12.243244503862059
-2.077806846146327
-17.94788101742819
16.242112428034815
-2.866436316862785
-7.146563654229588
-2.3597974262010055
4.429439166982139
14.832904145895107
14.229684206819819
-7.263532574255986
-16.931499949065977
-12.977565936673328
-12.785423812262291
4.0809311730258635
-19.630879244823106
-17.070667180574603
-17.76843548547901
18.16217640050408
-12.139912090343689
11.672170602182636
19.920966977915143
16.7897917271246
-18.54780361657848
14.132196198030208
-16.07972627939699
10.48196181364169
17.858874697109876
-2.532330589964012
-11.226206279503174
16.125708519140908
0.44177142873940056
-10.075107194156265
-15.387948623423755
17.113185184495023
4.775234872276606
-0.38087290418843267
4.0082892577812075
14.079475158823158
11.871876323128198
17.634817764097605
-2.0759791223071034
16.114391790320028
-15.587632094177582
-18.88582947721343
-17.788515240000734
7.111483583675039
-10.993929624976278
0.2583537566954739
7.03828566724723
11.364753570786363
-8.766396323007593
-2.8895595826333746
13.3649109050138
16.993338505925934
-17.218037157902994
8.55753814275593
-6.881722305610602
4.426772776767546
-13.550232125607646
-4.2598254379118075
-7.424788835428867
-6.08344617845907
-3.391859838560393
-3.9277230149789872
-11.706107438952005
-4.323423691012675
17.12775665860596
-7.889775179901184
-6.101662291966171
2.4958297175364095
-15.694318741704798
5.015483108870356
5.317266077427366
-12.044920800114696
1.2504098696138755
-12.540276493859581
10.524943906285316
18.77365023862535
4.674830849278134
15.914808057374927
2.113640917158609
7.28882834449163
-6.851843210769841
1.4503134417588406
-15.023822063891675
15.460764584633395
-16.576676303845126
7.940704236954076
-6.214040162052164
-2.781633486111442
16.01474163944122
13.72816017277222
19.56027522990805
-16.320337560448976
6.318249449358593
-15.123324518446548
0.6864230355414023
9.650569587880934
-0.8624389154571261
-5.170073302457059
-7.387128181345183
2.3160193329060235
-1.3457214121641101
-3.792540258390396
7.280910898552531
-16.28515396839534
6.604698744033204
-3.159558975026254
19.015280294939544
15.860286990234343
0.956946109799869
-1.0051084478712902
9.835345444221936
-19.105734307568888
-9.713743959262224
-13.36695613981517
-7.168083545780366
5.873496260823437
4.45712416603466
3.193065020748712
-5.596699726976006
14.469800766125182
2.5106352127223204
11.036707655696972
14.563743757905378
-10.407710250436718
11.691213384421623
19.37227153463742
-2.955917346689688
-15.72100156379721
-9.753903810974375
-3.1780182871516693
-13.44899860209586
19.657859020425008
-17.49283111028737
4.119865687050375
-16.01232596181283
-4.608005520810465
7.508771615165436
4.8447148833919655
-14.718382614970222
16.8608554422121
15.217993117148168
-1.6401968744138316
-4.118773580943564
-8.635333125305431
15.880823870111108
0.08535644260134845
-17.181762273563766
-17.016631790082826
2.491670232729085
-18.126868454689195
0.5244859989674069
4.31023629554182
-13.15162418441684
-14.127044984359678
0.7309597109955135
-19.91310785893246
10.328893455984538
5.729179243387609
-1.1669784199978572
3.2531801096188744
3.189630703158972
17.978486582498554
-2.9737121239238746
10.357161753601108
14.629445735920477
16.26944565753577
8.251592885956729
10.361386096829936
-0.9207320723823855
-7.1969869688084565
-13.683249927235654
-12.574626766400412
-14.295609546267647
4.3089553166364425
17.555080607617832
4.893138753239789
-1.6406632575513527
11.451988764129219
4.89872450986876
14.88428436113442
17.344836509304947
10.519924241323494
6.803361267152191
-17.3558108880929
-15.436766181663142
2.564347216160666
14.72426777041396
-9.849972808086317
-9.508859399814614
12.493340212036735
-14.099389030600818
2.017330625150393
-12.543632335447255
12.680156113857379
15.133960472845942
13.95008058097703
15.37209897935989
-19.681671957252075
-13.775051678062269
-9.544027527364648
1.9719233799248528
10.908751157785911
-11.9008674463455
-0.35728523307044213
0.49628297675992883
19.068865669844485
15.11730156978247
-16.32928199845868
-1.605754020509579
8.314192879171841
-10.348904456529588
-15.005241099381848
13.835562393098527
-15.858614100568662
1.2955744897090362
-18.816933291308754
0.6620304184745187
-8.682262142207854
7.389894399652903
-19.725553506712146
15.910605071759683
-18.31463613882976
-6.9823977608413745
3.9059061645167326
13.6077425141876
-3.4444088380466837
1.331575436728901
18.433979577750634
-13.136071057671973
-8.186938040855928
0.025040773623420165
-6.617148999417273
19.053912067386577
3.0283208888111837
13.397406285466438
4.275345881806395
-2.3853402197009146
-7.851145892443343
-2.1770430279153743
3.574622965261316
18.27143862886225
13.252450869429737
-7.460215657661751
3.9862713615280114
16.963600721269465
-11.730789791150325
8.924001969061052
-18.012875574061113
14.15681803076265
-4.713554928336885
7.749575229955372
-12.508189246465697
-3.4177058437452885
-16.651431631944554
-3.1377217802113258
-3.0505871848151855
19.51259157054232
7.053302030209917
-10.639682430998523
-11.393035116856414
1.276495437031567
-15.934749082728956
4.866738020644842
16.85587337540268
-0.9343521055893333
13.82931724394436
-13.547329353676933
18.121013761621363
8.081718516908495
6.220920403555773
12.767407472105674
-16.96675830268361
-12.216427733621419
3.926994823857793
-6.111002536491723
-6.380809641462136
-12.331851898081823
-2.619531144252637
16.181160055945206
10.057205603896495
1.9410780646035235
-16.79409830952888
-9.922310726159473
13.682909303699454
0.6282317761822398
-0.2614529412834017
-5.1016938631817155
-14.234821344668083
19.590259171964277
-5.796540693586643
-12.58831578395753
8.222737387206802
16.62217788113211
-6.5289147487190355
-17.543782662495357
14.3275397856914
19.54381696487146
9.345470737439314
-17.091715477519365
-18.200846031995862
-9.465588398515457
11.789539434066224
13.792299338783472
15.925631343583845
-11.070128983573891
-3.5053206125874325
-15.935110777643079
11.53729548686404
-15.072226454518693
-13.328461548323784
-7.838649146553486
19.458315898527886
-14.624739465258507
8.605320698873268
7.624352196149211
-7.8246804962547944
-2.7085845512982587
10.03873060440312
14.901512500497937
-17.24096494297016
-9.915961817045007
11.787445773001785
-5.716539745746241
-6.475618404058929
4.905246906162176
-7.02497621426955
-8.074082378480924
12.343685869234086
-4.9784495702182205
5.435975584824991
-0.8243822522493183
-2.491681009280313
6.6449520727993345
-15.2637890634151
13.453092039059705
-16.869971335325
-5.554300313609243
-2.590598094042381
15.911358109761025
-15.256116474543266
-3.083575090503569
-19.690435492550492
3.402347386514002
2.300693576171078
13.303972562496547
13.107250106401125
18.26349018836182
-8.065821531700248
-6.560426656579889
-17.019559823547553
-19.84824503914346
10.401726994809827
9.721114243915459
-7.004578378741879
5.9761508652579245
0.4950077829754349
-6.4416883756654855
-6.0130532509666565
4.899226644231064
19.334628124158655
8.799350766042476
3.462349546229394
16.486659525849262
-18.91409467651059
6.773683151178226
-17.299638613913665
13.951294424302773
-8.632018518598512
2.748412616829448
-10.391684592001154
-12.378235654842973
-2.444454903922214
16.91929426002426
11.746163339227415
12.364786731856952
1.9056839312375047
-5.516940919263874
-3.706459821562433
-11.479912426616101
0.3626399865616534
-3.30002850061042
-6.937805008124624
-2.799613986737114
-18.041530826121722
-15.22005503849262
6.641804828092507
-17.09815449131196
10.682890414750585
-0.7105174531825007
9.407060596767568
-2.1857229803919367
1.899052302857779
12.525698885503559
1.819234386061801
-12.348764162434716
-9.937059612649119
-10.159817883124532
17.31614521969123
7.129311076639585
-8.227125419092701
-9.196919460464962
16.370002188085493
-0.5920536900078943
-14.104383739307412
-3.3132399755802346
19.02031828410717
-17.46019566068625
-18.07539193913645
-2.785870897255922
3.925608259936702
13.138755235848969
10.946309875937672
7.854795383100949
0.38358145207381256
14.718061504227734
6.176145581903739
16.861706640756154
19.277790599281353
14.624466099585305
0.2601308589961775
6.262230618814911
13.56461570867505
-5.1872269147212435
14.663550877077547
5.458095146933886
-4.671134813264771
4.467721786944928
-0.3476798870327755
2.37905644141669
13.848571436706344
-13.672229757477968
-9.260629200042487
15.600063828003186
10.171234737758603
19.91542866720315
-10.929564204234623
-16.006560396066508
16.003253325603815
8.09941910644126
12.194611459634771
9.843350015164532
-12.018616793318039
-17.681512204701114
-2.45150267962849
17.741211064125523
16.67926581237873
14.620599937087185
16.802327561318563
16.38092325469397
-6.976427626411379
18.078188669798145
-17.613370585732998
-8.12176407830763
-11.374027080761318
-7.881664435614027
-0.35801413549591743
-17.796993125148152
6.161291818404884
2.1160708251723293
-10.217952388084326
18.362030878962877
8.708231692445217
-2.4984291420276037
-10.557294285269737
-1.1821235463066806
14.425562969705538
-13.160579141552798
-8.533853147822231
3.017029534040031
16.85014967281753
11.510096784108889
14.134018596010108
2.491624476772408
-17.541047574894794
-11.752608318614906
0.7227033350694185
4.954160204250272
19.85616986807119
-17.546261833414093
-3.465914430235152
-19.841004749121613
-18.924407220807847
-0.6491108739229716
-13.61167051682913
-2.1343780094965226
5.229070860814751
-18.256509577440767
3.730386474148119
9.584666604730323
14.593747108869792
5.723711180455666
-12.206921226024914
7.209196783105419
-12.002273035166308
-19.800160079274157
5.934130939286106
4.547760699647615
-3.2163124259222045
9.868761810439782
-19.131784675965097
11.060925440945493
-0.6520503734713188
18.443303815618407
-7.578844420521399
1.8322263071550857
1.1299819344367066
-0.7480597578363124
1.4949365011199411
18.50220515891246
15.341480383149865
9.818821719804163
-8.143293487903964
3.1022160989683627
-16.094200952280783
5.663323141795683
-17.767066133532406
-3.4700315861790543
-8.493809156067819
-3.8942364266134746
-14.851045482954945
-9.042795724776855
-16.512251298206046
8.288929049638625
-4.743682652248623
7.605475708423398
-12.313131724268036
10.585940968983213
10.210927207398118
19.244737950970062
2.911533311324085
0.5151122092367508
-6.6105129873162625
-18.88634699763039
16.499069921991854
3.2207489400971987
5.4478324432738034
2.174038101885362
-2.274056859268324
13.075889427024677
-1.404020749494311
-6.286113001456837
14.835990247566002
-7.227705821910643
-9.324830858716059
-18.800314577708725
16.445333719230966
-0.9525085065083552
-15.619689611700691
12.985980576500118
16.635595934637728
-18.511762369386815
-5.976798187649241
16.803700070654983
17.56582467010292
-3.496251360591465
-9.085641167102171
2.0812315840088367
16.948997056970306
10.845915660114585
-8.445891943764163
-0.6780756591526966
-18.853844582775203
-14.81181962922378
19.226028799366937
4.996711283095742
-4.926217386005863
10.752452438144498
-8.241706401285436
-2.794967508216608
-16.226536773183767
8.684873915534173
-3.886379140960841
2.596584492605693
8.460628516037087
9.629873798249704
-11.612498666095794
-7.044051953908944
3.7389895426073316
0.31399702953307695
19.822923821368448
11.06836823472495
3.7448086823323443
-18.840820596067562
-2.9416711526193886
10.304274635024807
-1.2798049955762316
-14.502793788856959
8.039116526539448
-0.8283807436015458
-5.905948322174739
9.254396337872329
16.467135383548992
16.51483714988327
-12.380233652241696
-6.8370444217604565
9.949876107156392
12.992646466728452
-10.838132162773363
6.9455278063893005
15.076931615861056
-4.166608690490502
6.7607358370107775
-1.1978116778965742
4.3803574056496295
4.82628959863996
-5.696992674874849
-11.685299371278802
19.948168129719583
-19.186528737683993
17.442996149168373
9.85458101347923
10.151138032824715
-3.4928097732714747
6.213261049078529
-7.384148658633528
-9.085044409184636
-9.787819857663953
-8.916609593281283
13.749545030523656
19.380718995099073
-7.50218606061412
-6.877962087672408
-13.105842079457029
-10.031335025392153
-15.085516632118757
-13.585394693773445
-15.082298820004372
-17.001275077904396
-9.967463538151705
3.559578243565511
-3.573262220207006
10.899318493501994
15.409097436849606
-11.297488015304875
7.288895307615707
-18.204384349354203
-14.03651062412787
-1.9091257783868159
7.096361210692656
10.866617429500167
10.708971000697751
16.223185018649787
-9.11185479739399
0.6167578155587776
-18.405585842378372
5.444962795974519
-12.232558873386154
3.616088506105175
-17.179645286508716
18.610523914015914
-4.34355537127094
8.049037096650405
-17.31211750179031
12.616156629068605
-0.6762432640405471
-8.756684597872365
14.530790088262705
-16.106951360911733
-10.099743754236217
14.578562959067007
11.475396019494944
1.908942668143105
-3.609707631175567
2.932122055688204
-0.8208953543707196
-17.257781262403768
-3.2146191579573085
-0.09436089878332155
6.225426477105845
4.862465828275347
14.918705422065052
-1.6804016253004086
6.785762223939344
-4.722440704112113
-11.986496023174876
16.66105829873527
12.61635361315377
-0.165344821193262
18.008614732898536
-12.97408277390343
13.117058861348056
-0.8424466818600465
19.7964075562291
-4.8311439493821595
-4.4384500761622725
6.238565849196345
16.045455199600084
14.526775847709331
-19.141747616007002
14.40256086247161
3.2965228732828287
-13.315103356543707
14.109541958923508
5.000231710051072
-18.20992882620041
5.674943163547667
13.33250633997688
-2.6316640528010105
-17.90209047040783
1.6088088740463355
-7.699233652088683
-14.16700422088562
3.6937252230011453
-8.713267905599608
-13.158927355721293
-9.76391685139558
-0.21659115300030152
11.185179199246843
13.875205561278086
-15.772356167313738
-5.698008950224027
-11.463003413021262
-10.180036180885018
-5.710424118580297
5.560242854434094
-4.881046316685866
11.323475771392324
8.107565948942842
12.379310162771603
-18.942143434843146
17.07686372045248
18.939693979278516
-15.028171716324694
13.143978367549934
-8.824498028644339
-13.291639509426801
-3.2664634796409864
-0.30267926477239726
18.799277075813244
17.61955146187791
6.947550537605064
-5.718768867672651
-3.524680299458357
10.46092514279843
-7.5619540573670605
-1.58132533648509
-18.72775305323699
6.004437716339691
18.6059018285292
-15.458712385417472
-18.511996020858884
-4.51022156640272
-5.764093241286954
-4.233898134670815
-9.098399781986458
16.16669007026575
-8.30628785438654
8.614381863405498
10.898921073245965
17.40251646161626
16.766020345875134
-13.882918353252926
-19.757491910068946
-3.8254378768691595
8.185359622080096
-5.282238728775432
-14.53832280203676
-17.58355060277205
-8.04780363399292
-14.469633999054432
-11.78954413900161
1.2263360026520544
3.18887189660299
0.767000868920455
0.18048344106409075
-12.70360502534782
13.322593249993766
-0.9123225841574687
-16.996891545647784
13.612705402642618
-1.2382575943794834
16.457917132670296
0.6611915854680959
-15.139618506473994
9.980439315570631
10.438654704738852
-18.244683837130257
-6.9722266339538095
18.79308000302712
8.725569978180062
16.763943041850233
-5.45017624025296
9.100588069098443
2.1976221280919503
19.527618139440726
-5.3712243813969
9.808313125354452
18.773896018326035
10.974925715947755
-4.8757009937111295
-10.245515197470159
8.182821528351951
-9.111689696048373
-0.6382902122142369
10.593844089728393
-17.058830453272847
-2.5380652745552688
19.122985963608464
2.445908548049882
4.641609598506506
-4.2085640489877285
-4.046841457365762
-18.835614074247964
4.902650283708489
13.038480636381891
14.192014432131387
-12.09631661716422
6.195099107492869
19.701922995993954
-0.9200064496003257
-3.8068552293495372
5.468423312284024
13.237338024880486
16.689722962359617
-6.695896314230939
-3.9432839340510384
5.525474615625097
-0.8139983176862877
-4.692231435499652
12.016470449299447
-14.960276641078076
13.98734423910468
8.15061309154138
-13.786092537173392
-5.319400536204411
-6.734039381735876
18.764750389020534
10.998838756676076
-13.042467193573133
-13.639829117444018
-14.501258695602978
14.90478699952969
5.193433207906011
9.78504398508143
8.832558318198501
-3.0909348160317442
-16.670986201506505
-19.36704112587062
-7.961594666101512
14.873228809731991
12.0839524212507
-3.1119625915549847
6.767904301759842
-16.524253290971064
6.843911923245937
15.391488977104203
13.72830205690397
-17.846417350018445
4.283585850002449
11.604498549496679
15.246593935088981
6.730496037584221
0.6693068865119258
2.3040605493610578
-7.699461288526521
-11.270292124341355
-4.183375263038425
18.011203616114358
18.17518062928322
-12.695729940486267
-18.30074223670288
3.81115923218578
-1.9325927025776792
19.221344332653963
-12.313965950993154
12.433149951265477
17.298638263841774
17.661101102489837
-16.897396710079008
-11.115851262552274
-9.399724461320478
-5.235709486414226
-6.237633030143485
-19.159472342358757
-9.001045700378455
-17.63754408062337
18.247989069444152
-13.109294350159463
14.935089246741697
13.61807946552446
14.543787695909977
-11.821943844104897
18.15219245089701
-3.1125684930927093
-2.2836674969341964
-10.791325522662728
-16.80683390157522
-18.13866023253724
-12.37335895031646
-8.521701396799365
8.78140933245686
1.1080801880350108
12.57411063503747
15.634087846407859
12.38152315101923
-8.307884082858973
-13.582756471292367
-19.2727206211462
6.2212178745446
-17.893899120803937
-9.051601604151148
3.6400319643766856
8.924879942090111
-7.115868464398618
-4.053103671428943
-17.058625194226366
17.089483163394398
7.244142773268095
17.64915943629009
13.348822235967816
-17.10264890675139
12.049702701300319
19.209454960074552
-17.331412734953297
19.71406212863949
15.489328228589947
1.9083804874335506
-2.3878202216417
17.278722179299173
19.362514065761268
14.595008987433367
13.904879818011452
-19.186838667382023
-2.6312682538927916
-4.745361717178703
-13.049886011743176
17.4059456990893
7.972355362915259
-4.6515126232297845
13.115668458956137
9.288484446712975
-7.443083996498373
-11.69527034793154
10.790327693155746
5.097541678072336
-14.46576978039268
16.187601953009278
3.453484981442273
-5.1624905945477195
-5.541399482566899
-19.954759380555338
7.939463482105495
4.318878531715878
19.530861247434785
-7.437727627373945
16.91455523777443
-9.04581702394439
-0.3373473668009588
6.7328205574227376
-6.009434066875459
11.725609398406355
-12.86639664262934
4.167221960088618
10.436140299281934
14.044964316036925
19.140011207191947
1.5780767098592143
1.8750627934813622
8.953952766984884
-5.625580762016664
12.851141288963504
-7.502984018106966
18.434452315736472
14.065623878555279
0.21460608376258605
14.227565645772394
-2.802117872743004
11.94843611820955
7.952814855288501
-16.977735326516292
-5.449594863362183
6.549872494106136
-16.428348617614855
0.49519225095124497
-11.604653698609336
13.291152095789698
-19.24898977399326
6.396072605812595
-2.4328073840220874
-0.04293581672060043
17.498918626928003
15.139638150364455
6.333486361009847
-7.583196775897099
-18.261810410153004
18.360476621734975
-6.619174095654055
-7.372656551522967
-5.136514154603322
14.493832887692363
15.749442356614566
-11.741294406991436
-14.962718303954725
-13.932388653878762
-5.1254683139614485
-12.246363061655394
18.99514222360829
-5.791197941813838
3.318153053012047
-11.19254962770194
11.699918596279556
-13.559766019978374
14.68961780363631
-2.990946256906053
17.792827923337008
19.11470844849015
19.16953059860417
-2.9832209114044446
2.1639843829881755
-6.372428566344684
-5.851298527635894
-8.376145019868106
-16.810674981313536
12.337819968630555
13.586617125709772
-7.04942850629649
16.815406975729566
-18.18684402761236
-3.073728254094373
16.918331039644386
7.045561453893651
-16.041792646373587
18.578272468042314
15.872671063522063
16.57322583590671
11.113884403934996
10.163880057767308
-13.459290163111032
-14.986345649835421
-13.809690817580895
15.382691045740216
8.095612646780666
-17.4048078177097
-12.878801821593777
12.719610550592897
17.32107897457987
3.0604004777468887
-8.970799422452075
-5.384237222611418
14.486044490164034
3.15589152632457
-14.107214308189779
8.100844523064794
6.814634033725191
2.314151351115953
-5.262463668500917
-16.944702344416328
-1.3178552718525225
-4.384167306315199
4.747759202515375
-8.176309116632329
-0.973725990440041
4.001523780032272
3.954028748765598
-18.53904669766041
4.750125106773581
-14.222525972974594
8.953084891999445
7.5024465923940475
-2.5297220470854995
7.8233218833699105
10.501502433365893
3.9661250548320908
-0.9846110813171336
0.599609281361488
-8.553254873971866
-5.52775300815172
1.8526621334583666
5.66651170713596
-14.439641830084856
0.9666774440585186
18.891602385261365
-19.679228054734498
-5.21045256433375
16.094811079337184
-15.510281761137499
-10.757773485789173
-14.5163535846648
16.994067432303652
-16.732541889903764
10.15114538126155
-6.215875985834266
-9.223903451587399
15.041681829220678
4.235108274743183
-12.460990374354086
-6.9112114041136685
12.26497127422845
9.795659033618985
2.2573110085649546
-17.327631025153583
12.16476273862233
-9.49935298995019
-15.323057194340436
-1.8547728156202083
-4.811406047395405
-4.378172370447601
14.207717437314798
12.60146760790677
-4.300442289840728
-5.5560983570295654
3.850924620229314
-15.40260908261699
16.92887705221998
2.519836968695394
-15.481591375600857
-9.236000436510565
-14.328718950420352
-10.17703549363274
2.8688654964882154
-5.327902831944563
-16.903170259120742
17.178879451000157
-1.588014376935952
-8.4684722324671
6.080520252426869
-2.9863000811938925
-5.434295185381117
17.480816975382957
-5.8818960571434165
-4.3947142942712745
-3.8218716278651463
13.135310651282879
-5.545971748690581
-7.423587509393098
8.765201296798907
9.859721195508982
-0.9331855608533068
-15.79985349757779
-13.845158354792332
11.969985501984258
-4.435460939529401
14.106769695907204
1.4420908633214289
-17.58596516319212
4.000710122119408
-7.28776664809995
-12.383147214156507
11.218396250412663
-7.23159650795683
-1.1512466997032043
0.8546019576734096
-8.481000374609833
-19.8699158726312
14.709857558358117
-19.56898377074088
14.266021192427061
-16.59230518991807
-13.095923880805739
-7.245956773156767
-8.378597737758273
-19.03964969395306
6.065319204398914
-7.357843220441737
-13.260720617019075
-9.564461379718727
-2.0056301067642046
-0.605846662607135
5.658301484052682
2.0128622174435975
18.769101907833445
2.2634390856817888
7.539331734647487
10.710908156524898
0.04373708357388395
-14.342825083368677
-19.212129138114634
6.368561819208473
-3.6481810647207524
-0.259885979138069
-9.444329679634498
0.4000566747124559
-1.1769930364638412
13.543092609703372
-7.027303696376261
0.30071321896625847
12.840120413400953
1.6985665917860828
7.191769154784975
-14.009283154052516
-2.9472700293475853
-1.572489996425329
17.77890594364139
-6.5705293046811075
-11.008850730381061
-3.9016858701060357
-0.09605606849534354
-14.844688909187767
8.572995973100777
-18.52068014749518
4.545242991381755
0.78324129807093
4.359544711519007
9.510809391559086
5.5674425222037485
-5.933545543055363
2.315795040585357
7.118032749051807
-10.424264226891843
-6.7666500766869255
3.0892867507622768
4.469133799698692
0.47422526583824265
-13.603597113577703
11.962325187780497
2.605003739484559
1.8023709448880574
9.764360171967024
-17.78676326066076
-19.654455865974473
1.0667096850357325
-18.296134752297743
1.2488426033152997
-10.448994092402643
4.256938708312951
-18.896732282190744
2.70891797574059
-4.400064586919449
-12.720386478617943
-12.733077829612323
-15.737452211536667
-10.653840894597248
-18.298962504058505
-12.138663278617475
-14.369038715500224
-9.96955625553932
-1.711713324390871
-4.076085393745776
-17.542079641199194
-19.892200936097744
-4.556027578018046
-9.092396998956453
-4.238819819547093
2.5219200461561115
11.096996513735014
19.585589976179598
-2.761597116880367
-17.126443052872368
-6.4906817247480895
-0.6326742162373051
13.647215529218194
7.43136958934544
-12.017554057119586
-8.28195291915273
-19.38942083705358
7.096903811912732
-10.505000665692116
-17.358669099916447
14.084217752206989
4.634654339008371
10.574424564024024
-16.7066505512624
2.8741723858256165
9.9099472031364
4.014275370032006
-11.354178771560125
-1.6040907111949139
3.705112641113214
3.2286187466054592
-3.327213588159598
1.4017310212216572
-16.80753118689786
10.390013249594297
-16.652302102856673
13.06869251347075
-18.413393246475845
15.513921477636444
-19.17291964027354
-0.969223564224496
12.215376958429893
-17.25084760773418
-17.448319858408453
-2.506660322493083
14.680583036770763
7.045394793678483
-16.6672862376968
-3.139554298382837
9.753272315944308
-1.8667164069483917
11.695349942547892
-12.574170075111866
13.402766351501064
12.447096514038932
16.50831761416132
-18.859761276457057
-3.557571836434846
15.670520623791198
-0.22580677552384287
19.73333554020683
-14.81450949854436
-16.75222274209424
9.181513491777245
2.406303505589534
10.797902702947226
-10.743212479718288
10.92425958178072
3.1866992607474103
-12.094516511827456
18.339110080699427
14.399099896901888
-8.206424756065257
7.478557043329019
4.159320020586293
1.245596090425174
-9.145068629081221
1.9328528099442224
5.314907613351501
17.45661905229693
12.966515184870644
-18.11664786685879
18.14777013786896
13.799227241671325
-15.754744763025865
6.285895166484043
-19.601911293017935
15.936552789871023
-15.155787249470837
-6.249837264464574
5.324448525761191
12.752023275480859
7.042723492254623
9.205918335079172
-13.774261021647284
3.521449442262309
-5.591224570891381
-16.888077093842778
9.331911458431087
-11.628045526113233
-10.694496034885441
-19.479247667252647
-4.112218711241429
0.31745950200242135
-18.446932985420474
5.738832566903113
-16.16622046346603
-11.414238013895446
15.023000123710332
-12.193598986897802
-6.593448067277322
-9.19597970030881
-4.96161859870265
-18.577198006591328
-15.78017566561285
-17.541383094983495
-0.8530144447631294
-0.6659672960415186
5.737752766964235
-18.198924540296936
7.9718325828796885
-8.708752218066426
0.8232225752523412
-11.931725253885919
0.0830368871166165
6.361233442039499
12.013979880885046
-17.250444531863952
18.729129521574855
14.817672925346493
3.7768429365371787
19.098328794356974
-4.209858124394712
-4.189654397887409
-6.522950212290652
-0.5555819073118826
9.51993310536897
-19.73069461477738
18.339064355124968
-8.245260142525686
0.41750939630978223
-3.3287327347793365
-3.7443119419446056
-10.375179196249192
-5.9534817484710025
11.381574066702484
9.524551398970097
-7.288878561633311
15.586597238930565
-3.218584109323139
2.346061695436589
13.862245510237543
-4.762179675718361
-15.423335888576858
-17.783937745845503
-12.044686038932477
4.7052097530830395
11.20691236235444
15.017125404512292
17.861063671851355
5.809276130627978
16.50772991071051
11.643503711555567
16.710128918701315
18.813892902031363
-5.706432832505314
-4.759204726714694
11.376283716530384
-11.349675866244153
-7.043945766188852
-10.736694434253478
-14.262793583053202
-9.990157508019934
11.08658731574539
-0.9006494658055999
-16.607932485377937
-7.813185587700456
4.665888313430404
-18.923896560474084
15.794796606948644
-13.936905495382295
19.60580142490845
6.116638819225912
0.6025317657871767
17.796522730817934
15.982801336598335
17.019628863035834
-0.3286205359655945
-15.235820272475639
-19.59852082756099
0.614801522990561
-7.774094477392733
7.4359725312321885
1.2722478961023675
18.083561068941243
18.209270058792647
-14.23460167858844
-5.089196097882688
-19.748637320388664
15.556937563513493
12.137872441322187
15.875150349676595
11.950673395860644
-14.153488303910322
2.0711846482860494
6.695565442775365
-15.550580378877804
16.977442976287215
2.5228584168723245
-14.110235373361505
-4.032887443045032
2.3920021091200354
-4.16402639654355
15.08543978685276
-18.587054338611374
9.772971949760283
9.028641157011435
1.641306525839667
-10.181908511066533
0.31669954697079916
4.336772016114473
-2.1507954007950616
17.473219997109453
-1.695839900910304
17.788223135169304
11.031467999573543
-14.698540608887672
5.696861515081043
9.013703943785849
13.86235494558386
5.729180518135411
17.767597972424284
11.68248594496404
-0.6956523743409022
-13.69631531080044
4.964432906679292
-15.189589846544873
-10.705508953523747
1.9443409416159128
15.207373409770973
-15.723400228023126
-8.662119552042725
4.955467155929082
-7.296434327335968
-0.35272684615509675
11.469793686178825
-2.7200972783008304
-17.424475984690613
-6.049096044494785
-10.535684647040018
-1.561541764321852
6.099049043968932
12.750926723772693
7.6512506856074225
16.954876465047292
-3.936732803928173
-1.1522162428798879
8.08432630741002
-11.31311349214782
-7.053007456320719
-7.457261679357877
16.261153624647918
-7.622670985715093
-8.942705418872588
7.14650135675808
-13.306380771713545
-19.037275556799326
-5.365071108479405
-4.796957098035923
-7.139727775949787
17.820292542931185
-15.417865630038028
-11.999094372021538
18.731496620705762
6.0348802673827535
9.249205752787159
-16.440402944343404
-5.0941425284581054
2.2673552558355894
1.579508862643216
-6.716521436473046
18.286145186186637
15.000885796656775
-15.604471200947657
-14.419572976813683
-8.699462643938682
17.59150984742704
12.968724046424263
-3.6295186885318707
-18.717340389416247
-4.634003385053402
-8.051341388022815
-6.407010443587055
0.12651517909437615
6.73101787782285
7.016473452269125
16.286138684804698
10.219175575474093
-14.818490464798035
-8.56278137615269
-13.232626090298382
11.179981953755359
-12.632842316937985
-4.789937860249541
12.595026139154498
3.234265017632147
-4.698021507869372
1.4742081463309091
10.405097844120846
17.79245124009971
-14.805005087034285
-4.565051369152545
1.1095010067418087
-8.546444736746604
1.3626093671842732
9.760270345024807
18.283997834158363
-19.27405604321459
-6.078943241033631
-4.71029599257303
-5.702212297930025
13.026939323282718
12.258754329000631
12.620164347818495
3.2886208793340757
9.758400901157653
1.108221639157069
-11.344448509094756
-16.561173250546712
-8.980003344898924
3.5422709192089243
17.44803141130444
-16.325736527036753
4.650417593639396
4.437393223699111
3.7818477357023923
-4.131619176589968
15.424278280020005
-5.525444082528637
-13.49779372170274
-16.544174130334298
8.001746556383686
3.948503192113847
0.5621700521633208
12.674490257724152
-15.351860971171853
-7.702122520834958
-17.43550895754881
-4.4944874503788235
-10.187486573792178
2.2329124543357004
-13.717646967945392
15.383403053875618
-14.196439965573088
7.9109859657868995
-12.722623564400317
-15.859856547558056
6.350642193295499
-11.036796442692314
8.121274504237327
1.079969421719209
14.918348264439992
-6.394157760934661
1.7681219800220624
-14.74639469663531
5.40469384762573
15.83756592555742
17.7437573174641
4.034882103401635
-4.991410066442953
-1.4904970847484549
-12.342587053851425
-2.647261900541487
1.6076310425595182
16.038015146747405
11.508025764592812
2.6467767939315365
2.434486718652799
19.57328574724513
11.522669924153263
-2.1454580285884717
6.776225736375391
-9.539782854994229
12.503156890150201
9.486613787369997
8.954797945631388
0.6504789401380364
8.690521383215248
-4.0670792388164045
-17.933576846941605
13.371691319005173
-15.677004548838852
16.9511382447088
-3.920464148631204
-5.32650774894941
-7.063326322178973
10.386833780816069
10.413005325126726
14.636146522590792
-7.154083604983498
14.874045393338413
17.69950112330187
4.65483568424823
-7.426607181794438
-7.833495507696057
19.649123180970534
11.107203497321759
-3.853362223415079
-6.735558592840395
-13.473060516049141
9.10696493132983
18.246429781023906
14.552855136482641
-19.419113894220494
-17.392441458029126
-14.619339659971931
18.098927032538697
16.371238851039152
-1.9167902453022947
1.549512619483707
-15.863169383108069
-18.055878503336295
-17.299592097063822
4.64797873566031
-5.595635033397466
-2.403480735914364
8.713707427032773
-4.892748339044402
-5.5913451662186056
13.701280511269488
2.877485678918596
2.283392801834726
-10.058138179709527
-9.228238130548242
-9.120859651287855
11.25965387173639
0.33296414395465135
-15.803274626154051
4.350699967134467
-9.258839701456601
5.429204577255142
10.075574325181059
1.8938402849862968
-10.52057984184357
17.882017925474628
13.496098086546638
11.971007118264708
14.174327090540558
-8.748826386452745
-8.419801862000092
-19.991257887672248
18.590565249782628
-6.476971253054252
14.185401893960112
-10.342400450191121
-15.605162140510522
-1.1504295988557978
-17.397155831670183
5.775114309345071
18.703694292284602
-15.491257886625348
-2.0747086672548853
-16.02492519424419
-13.630363005196347
-5.847743480332838
-1.2328646818813347
-13.130631523136923
-13.439316383835278
16.49003562466263
5.070323872144176
-1.5864873085650508
-18.850402548528045
-17.382108612017355
-0.3635627207303642
-10.488278870423603
8.138247929025141
-7.028220765619441
4.871860010150982
7.133651490035895
15.988173392182937
12.285890832436309
-14.180381899527257
15.171737925909667
14.81656924415762
18.81609178901421
-17.07438266898574
-14.63538771806343
-6.35653832399203
-11.397560512322652
19.80188321485158
1.9769200862654621
-8.184153425599545
5.282931115548646
18.1566037097557
-1.7571391807793404
-15.603645689290989
-18.136661894762746
-4.69305490521835
18.973086462607228
11.384678135788683
3.7190175213704926
-0.6541989196562916
-14.18912024151664
2.830990081957875
-5.805339684678845
19.591699751631452
16.45272281888279
-7.605387613459849
3.917107637100571
11.767383435680657
-6.886895510094874
19.334516099991845
-8.617736902412858
19.921797800526512
-11.418444792111364
-18.28709689062666
13.255188738675308
-13.637482290255756
9.770418307511267
3.5768596889230864
12.582118231625884
11.787569528105259
-0.28970019415815074
-5.635542728075457
7.132236945989003
10.799523599039965
15.450017626044279
-15.391500629113128
6.848131199535601
-16.93374207356613
-6.08060952681627
3.089966104457524
10.375252067069603
2.0215660430415774
13.714621038577036
3.41768075480924
-12.355469900659903
8.99994809653057
-6.203908839509008
-4.6189595565923725
-18.244534002142192
-7.353250890510283
6.768554261148797
1.7082694829952594
-3.797838117085348
7.362186674755854
-9.146666620133388
-10.513778309158193
-14.441068269109728
-16.758269500070632
-15.768744655669732
-10.965832895463574
18.089695816639903
-13.896827911071682
11.864793362459633
-13.884773625693674
12.45967261752056
12.644027930525496
-7.025998093706187
-13.504236473431899
-7.432087374934163
-1.3871413410097624
-10.621189157323737
4.870990245732759
5.9190200338874845
2.7211195357699793
-13.495183997044538
-6.376543599226391
18.34534486442513
-7.996047493296427
-5.205245172993283
16.701303774331812
9.098316906552387
16.70203560741517
-6.065576748273177
15.009394742288293
-18.320880019601326
0.4457818505626854
1.8743951287345482
-0.9358190035444345
15.184461040902818
10.907457848271513
10.598336263247276
8.262741812084698
11.51661090617204
10.359076214529143
-19.06803300739309
-15.792654859665355
12.663321360230867
2.909635680596825
0.2691482359410742
0.6382172346908845
9.687841098866524
-10.852194830117682
-9.071207565878332
-11.925103789688457
-15.684507404301588
19.378139623392954
-17.93240960596321
-4.3007525928819526
-18.941238850188103
1.7255639394455038
-9.183838549694862
11.840329862659637
19.83836046754729
-17.138887178490503
12.345330121096445
-7.663460724914399
8.803396028579083
10.323319256649768
16.446733556497
-18.56427314496337
12.759009381645072
6.630094475362476
6.717985162550363
-13.271861411935259
8.631785114301383
-12.08319396324967
6.270950871282885
7.719510084675193
6.01049400073655
8.71614276568835
2.4254252877661706
8.51745536102273
-0.18430263499944388
10.277347595992609
-1.5085586784515606
7.081892572030149
-19.05824383401871
-11.998721869205578
-4.533670016340277
-17.74115824789648
6.008480781691937
6.0093459037790495
3.0187915992813963
-16.230146896953975
2.069884477874403
5.717645242379788
-13.889532024803216
-1.6540033657596993
-7.350193427405532
3.1296074824334106
6.168088763937369
8.088905491181102
-18.703298271098618
-2.718044578146916
-17.51559613776586
8.124699066628128
14.75590695630057
5.12991643490103
-1.8437239094853162
14.696192512612342
-2.9848935114899007
5.902499353207343
8.27670714609022
-19.69113444034415
-16.090942431469657
-17.376154299553164
-11.530855614609123
-12.311497051929043
4.062217159008043
2.8016876128194568
-15.983340557939446
7.74010859985037
11.268165909065011
18.090259293854018
9.420659172611032
17.892582690067073
11.606720464103326
11.795242368309285
5.676355102898313
-6.664380930270411
-18.922707117387
-15.494936633968424
-6.361738762581744
-19.523752135661702
-0.7087174579759292
-0.14961083806421982
15.165134142811283
-11.993401534034405
10.146733336271968
0.5823346477187776
-8.478072711174045
-5.06225713288654
19.760148768258915
-17.156909702709996
6.5907342683236045
18.161664946957664
-6.908626102542769
-13.838999478368411
-1.4700768256353989
6.867194475484517
1.417316500239373
-13.863973238812264
-5.588952431823211
-13.926162224901152
-15.714453692783454
-9.63634462848098
-7.099489990560951
-14.416775871307967
-0.11306983929951997
4.585307157814892
-0.8211134099704509
-8.558147531581977
-0.858951217295612
16.563822614075548
-18.32833996384844
-7.755980735789771
-1.4939540131145392
-15.313912810709699
11.33390268535464
-12.416673261180522
-4.733797716243862
16.977046387184785
-2.616648806061562
-11.029966721110235
16.62798914416784
-2.469992467383996
-3.528034856753351
16.221881236319533
4.305335558377834
-17.53873514607141
8.638148740182633
5.846679603180924
-10.462342546121874
-8.770988791068085
2.8364888637956653
11.09764587059049
10.406421941455797
18.433478068123577
5.868312930198201
6.880121340163047
15.357839162465815
-2.2114026800436264
7.334548439149291
-15.346296036751053
-15.268994286004354
-8.421434166915152
-9.230072234882085
6.431058475721354
8.918152103380429
-15.12181558201564
17.51725700404456
4.842475982279982
6.8390738166388445
-15.566321872515854
-12.080498354770445
4.497704803765071
19.14564393462338
-12.370492153973585
-16.780221552340542
-18.785650537622352
-15.743054341797386
-11.614111960225983
18.422185458455345
15.677209675237854
-16.10674298625434
5.4436512522663705
-3.268000392459083
17.12222534724313
-10.246002783498254
-6.957668825193393
10.379929177216546
-8.841966950539764
9.20045209131677
-7.643218158475085
-6.0803010873035355
16.38836221333736
-14.998484606449253
-8.922614863809502
-13.869387412206322
3.9519481833697903
-18.52028750095655
8.230456156333105
14.578685017254756
-10.824489794397447
16.647968178043115
-12.494996324805147
10.140075463001065
18.656697896558455
17.177567083403346
-9.529441028773554
-9.55527154127402
-11.850499817523549
-13.611364087069466
12.95452607270417
-15.018778972390168
13.34875425873772
12.346073264692876
9.89405932439167
-12.809301537324632
14.187802697970461
17.820879288965962
16.329020959367796
16.32618079767341
-13.83204950895034
10.789175191509418
9.582471765305243
-7.295855823765137
-7.752962214104059
-18.681127377723087
14.727041616573416
-17.951752485131642
19.101376439940083
-5.947613576165693
-12.485797676839375
-15.980720477543944
6.564926430216957
4.176575631999452
9.617659864571575
9.645355961279257
14.726715232693152
2.3107425180941803
-9.33779955462728
3.4728856798587806
-1.3390453784284837
12.319715383958766
1.347153706157247
10.107667711552637
-0.6160522109579034
-19.394839752157797
-6.853728436026522
-0.8013236001750741
-17.697899412363803
-1.908120058350189
17.73461613479055
-8.192950743945184
8.799973403185582
-11.352219461150824
7.734114863187422
3.8144732882195314
6.7881781031071355
2.8179027257731057
-10.069482675188478
18.333904197682088
7.061247723841788
9.613824751618338
17.932653183567837
8.77074268603775
-0.9327290143747327
-15.897438474312263
-6.696773570752136
4.869846310715744
-16.538971530214862
15.980450475761778
-17.26751574771977
6.643301746909422
12.92113100504497
-6.598365283137216
13.05537167466197
-18.548426195347197
11.406248421494617
5.843295695658011
-18.892465316740555
-1.5911623591319959
3.391444574386661
0.6043485518415395
16.172212467177715
12.4069876748067
-2.80809715993545
2.764941813952582
-0.16572253071329612
3.1107931711380203
-12.015478059139557
-3.63136264539974
12.277603631316147
7.318605440657443
-0.010458183522757736
-3.46365375256358
-8.625388650239083
-7.622915560269208
-4.9588044338038895
-17.764341654526923
2.156490458805102
7.9267125594743035
-10.591976239253134
-10.382195119796993
12.057783031369183
15.115075049536536
-11.013883722309723
16.554915289944617
10.050745497569405
5.999920813374295
-0.08579810428445711
4.640886975655153
12.361252683848903
-15.29841943911717
-9.894349274236838
2.543263623570713
2.049933387590851
15.75297881684137
8.93130351984049
-0.8536775938989614
19.47930106796126
6.051062625158792
-4.338973501274639
-12.305527453961878
10.532424290540959
6.295357482285716
13.987677620408022
-11.770685973555599
-3.9042994363965278
13.989283307024138
-8.005223173580225
14.712002527326057
-12.906674967546437
3.959873388971552
8.618523279859986
3.91974607041686
17.623957088342372
-13.347334877984483
-11.51289532795789
-14.652915713600215
-16.8101660191822
0.8552613712409531
-7.096487898402133
14.563711991563856
13.551724690615494
0.08914910349439964
-15.535207749622067
-14.629223359950174
8.910925545537388
-14.744720287367766
-5.818230269034196
-15.429737846203828
-13.465849999724586
-19.436715593065635
10.525328449673445
15.422939191806996
19.660913449290234
9.514219927032535
8.986886847804886
-19.922115454743135
11.137478912499745
11.66081079590706
16.854490029821115
18.158701512350362
19.766318953498832
-14.385861793180243
-17.620824976321114
-1.5551495864317353
5.107294577215399
2.415311044024673
4.9138048051090095
-5.65067691223534
-16.710816133744267
-0.678496603167499
-0.2498464004724319
-14.69212412659338
10.586224248306255
1.123341264718583
-7.75820663432131
7.633372440796002
1.6960121435183808
-2.2304894192972853
8.426151584190755
16.931527380995796
-11.407842038900968
18.909726392011585
3.4674791802420657
-19.552144272737518
14.019209535966851
-11.842049732347363
-19.885629063841197
-9.245696035612486
13.790548959840322
-9.088480594970827
13.382635543864495
-14.527120340699845
-18.147470974243973
-10.389177335711079
0.7030053955396944
5.9695095485223675
-3.165759847294659
4.067702912191873
-19.226784803639795
-11.331053150206003
-0.9085510730281534
18.4634127953112
7.814874679303298
16.520952771210737
2.131490513227469
15.477145068321889
-1.1643057904696832
-13.999733726857585
8.919547627199723
-11.960571890636892
-16.27000187752992
10.934592136246689
-18.93683801127761
-18.671411531189857
-16.159588315410435
-7.563769973502033
19.120895814965714
-0.6534751882593
14.66952999993292
-1.7061324266415454
11.04919077537426
5.0613813288719385
17.047912971178015
16.17593548740969
6.731471266074745
4.488856844207451
-2.6856460241202598
-2.56035800272382
10.472906654575333
5.5612271498899375
15.771653604979043
-19.65413483584012
-3.3576588400304352
5.276604706757162
16.20909631027098
6.122314106527522
-19.60330520293072
18.892450138245273
-12.100623321375261
-9.14247145705643
-17.240101111654788
3.053566562768207
-3.2102286964324946
17.66893000212751
-7.115145046602297
4.536764413012154
-13.925060533856302
6.096603194453763
2.1665941370261024
4.652835990821899
17.37490366965519
2.691960095332785
-0.42755604939494063
-3.0249502606055287
14.805785296612065
-7.924209069381444
13.347853681883706
-13.782279733770997
16.853659270457413
5.512317904614097
0.6933988873443688
11.201121044361674
-11.034107821510784
-8.815392278694976
-6.087528798965703
1.8424809875041461
-12.141352490589238
-4.437764159593716
-9.994819078049243
-4.630180017120713
-14.419940155791648
19.40208227253634
2.0164461899175734
-2.0220002838781106
-0.5126332018737685
-17.624118224486466
-9.489121826938657
3.0610849040714463
-17.963507904832575
15.228162461798348
-7.57687019463015
-12.93627259883452
0.0679188942777813
-9.889413153419259
-2.1165533380048274
-3.5127225966932087
1.4177665461313396
10.703212308698639
-13.12462195821519
-2.4354990437287007
-2.5803368316921222
8.868420832646478
19.427406298190746
-19.632646963446717
7.432853066071065
-3.5549548500336314
-0.311784005893454
-6.485765433464859
-8.85245582533225
9.992290505128665
-8.92243540595587
-5.244184957794449
-8.673222334261489
12.513190346542544
2.193813247480783
3.519821846709519
12.475760178323874
-17.998601208102166
8.206183374413477
15.108013192945066
9.595631442816142
10.06844213744083
-17.638663600796892
-1.2099780762090226
-1.174292956199384
0.38180087081442693
4.510999790863917
14.307502658635642
19.91777209993397
6.464352001887178
-6.163731432491142
12.053842372347177
7.701044418641132
-6.518656887704953
5.729027146604572
-3.696337109436911
4.358609017050284
-1.2720151117331504
0.3658524803202141
14.73041442189335
7.912173106805476
9.43059102851182
-1.013182253338961
1.8516970460762465
-10.845721401683655
0.43730185794856524
-14.082135597489147
-1.0327918182644993
8.948102634848016
-18.8523083859753
-13.882497020794272
-16.072365287964928
-18.844610794634377
-19.744975476261907
13.57308128519768
4.2254596964877145
-4.874158812085989
-14.095043138712317
-12.35351199624683
10.412401801857968
17.03944583122518
-14.445812866555885
6.366200473498218
-5.403011974796428
-12.515314126697934
0.23537984617026098
15.048402165898501
11.721073827331171
19.553027228618838
8.328514635599682
1.6072199273069465
9.922025078502973
-15.704450194348505
-19.899688885394035
11.594565336114574
7.482533958000257
6.554106296436714
16.160736734061047
-2.1151938945405533
13.104267975695592
-2.6867604599483457
-8.94960713508992
-15.327551164000424
12.99237529906194
1.1975680309980028
-1.0110899816876362
7.160239900525944
-9.028850922942567
-5.835568579480128
-13.97803472082716
7.354169879837649
13.58829463086282
-18.51708228279854
-6.5951283077179
5.3216564337548
15.582754695089534
1.1902822071731407
18.66604643710452
12.877678618772954
0.6338726474855214
-17.400581412848716
-0.14809181548438488
-4.3547342392848165
-11.336313183514113
0.544072307732435
14.370854350730795
-8.87581788853768
3.9480936014928645
-2.2087430895929145
9.553766333285836
-12.895544916147808
-9.202763542543607
-14.81578251379283
12.306981903502667
7.27295774614786
-15.078924475311148
6.3490861286969675
13.319909371784497
13.332325942011636
2.4108814806088077
7.600895818015321
18.83941970633643
-18.264198717429416
18.2461397524322
-6.4363437444661855
2.1245417870774546
-8.981475980265232
-14.507760873055823
-17.476556962495234
-7.466258812513544
-0.9482153209625146
8.809722310566585
-19.199548442893107
19.384820025904247
-7.784152223624506
10.682731908348998
6.695259119246341
16.274389997156717
1.2714742130171466
19.189918165987564
19.22623720117265
-9.080240960578823
-3.5601146677500672
-10.641743916189368
-9.865067983580289
-17.532837408262104
-8.782597441769177
1.6480818423645047
-0.35241998910868944
-18.46109467052452
-1.6259116470659727
19.74215795921816
-8.08174434359573
11.173599691538225
-1.4580316538308296
-5.8308992576437735
-11.046498478459865
9.05759079750602
17.1311836605105
15.322201431735344
-1.9238019865577485
18.007575162086525
-9.372624174863402
5.967356522838799
6.361435624006244
18.167536760349037
2.0348851277374465
19.749323420197044
-0.8649742935784168
10.140339398124361
17.130695368786228
17.204516348868793
11.249343362707172
-3.7210097598486236
0.440561828339618
15.220149988136477
13.090324010245752
-0.5094018475497286
-7.0686832136361755
12.229564879110306
-15.12711865801846
-5.116982341575733
-12.416598570703773
9.198390618884957
-4.004952035042022
4.806079498504154
11.07088967471688
18.164208471298736
-8.760046034002853
18.56862154737204
-4.285109311415578
18.133409940150578
-5.44380702638291
-19.258216644138596
15.51643200991775
-10.375981310076
-10.4838672209031
-3.8063987936400743
17.67147932435593
9.878647851326079
10.539273263765416
7.175131786269098
16.215736900843368
5.162632103220382
-5.8834493920505295
-19.142688828914018
-10.000066791910776
14.188671554832155
4.384908613561699
16.717456180076653
-9.596235891267675
-11.567910565590216
2.2241551220496447
-8.455083300021059
18.579070515288187
6.557321980320943
0.3465750932605296
-10.750465674550211
-5.1154017210489044
11.60933632217288
0.9050072211310365
18.872744889846643
-3.171793972298378
9.22409558053268
19.41819457353079
6.860531287706454
15.58027146112294
-19.81083713660842
11.30774927634684
1.3410619763524387
-10.27186898502734
16.231084470029046
2.3063856073990507
-3.1929008232428124
-7.775612069939331
-11.03575400367081
7.602760904817551
14.973390140032407
-10.082098976042882
-8.102767289165861
10.391262885587036
-7.446902656364092
-19.1897336032166
-7.4957379179129635
-8.038829230927306
13.265564033094172
-14.497328682353983
-19.470322412869443
-4.559166250101306
-16.157244417977594
-8.30142472778097
-11.774609144787703
4.715521070991478
-1.4186001612080048
10.682079391175133
13.099953690237683
10.150984394966429
-11.974660020719817
9.629562309764452
-5.24031655795814
14.682751443051487
10.934411747868541
3.6177938928718376
-5.01330173115254
-0.6608523488677562
17.029447071736627
14.95061493090705
6.2762681812558405
-4.869996512693282
15.771925516795058
18.286422735897354
15.458652751036425
6.240794426523962
-18.864725475327194
-13.242199181417504
6.432287660563404
-8.879739798418417
-10.061980574472136
4.68741180916966
-19.43958834905868
2.6847205356055603
-15.300841667462066
14.018541913555374
16.86247263966331
-5.610317567212899
11.968637938379917
-0.6859536113677436
3.971366175802892
-1.6633591886872843
6.9074232919009475
0.09118066746260922
16.97149567846766
19.639068368599567
3.9096888147716697
15.857381167481684
12.40240509765092
-9.709404711591215
-19.41348227281551
12.71509950733659
6.89737203025166
-5.755942563760655
-4.463513982992371
-2.3615345976470117
12.511052047166856
12.177174928699223
-9.417339511723682
19.979440795561196
-2.298225579951488
-7.55129310759429
19.868592389866762
7.1268113512264755
-9.564012935507495
-15.113971361952316
-17.912890929922902
12.02820431368621
-6.704245817740988
0.11783907140790362
-6.358847143113934
-3.432871998878934
-3.4199338315956638
15.712404007949281
8.044873157055651
-11.075624514527252
8.905357278270625
19.343451369019817
-4.855494440837283
-2.154259252409595
6.153277726263777
-0.88337019458708
4.921585884815304
-9.038090048634992
-17.621907122812146
-1.094364640534021
9.24286911643907
-3.2085529610251484
12.811361641885732
-17.796622304081406
1.85694804003181
8.080662813515389
-7.855753128157833
5.963415446115334
14.12328102104847
-12.753263341521395
7.083898318283779
8.588527112381414
-0.9743589649901381
7.405331392588209
-5.260879829014101
3.3193024092366983
0.8765835863711224
3.5903597773713436
-0.34834940684050153
-12.12268398608