14.644241620290046
-4.487933327246267
13.18880871776743
-9.215549302443593
3.5658948815061393
3.949474357676614
1.2066106453090413
15.278520445997252
15.010202106978745
-7.1411192690489145
-14.915508621184127
14.138635317357263
10.921419264512057
15.42133909213615
-14.484389497625362
-11.769976598738236
17.69298893576118
3.153657313733479
-9.996612387058445
-5.70127988326718
8.231171870995048
14.805807029689056
-18.364299131499727
4.560528604394079
13.042455930481715
19.566555500728768
10.597821133932364
-5.8226675729721435
11.983260993254067
-7.618652682801695
0.10856028945032037
-7.376043814041351
-2.6745013138435922
17.547166689338184
0.5987892994709014
-19.551848378676652
1.232498752606432
-18.74136362551424
16.005007064345065
-8.513445084099889
16.022309700071915
-11.230716328043915
-18.361135606260433
11.85319251315416
7.119762446096956
18.34875951061963
-19.43827798155819
14.519750150983185
-1.4057266637171892
3.2719430717877707
0.6351335619587282
10.914604146405122
2.3148800745803726
-3.9521091516208706
-15.528379939992089
-16.63499934299626
17.52487806809208
-11.436921831077353
-6.016807326997826
9.271513472445573
-0.1496848380630169
11.34611181884781
-4.713820111657107
7.061455188585988
4.040268751340793
-7.096213366378464
-16.58073592308615
8.59509660851801
-4.99805059489276
-13.590216032509455
8.932959329352805
-10.324246274454222
-6.227668944718122
-4.171224547506856
15.917491321105814
1.0430786757334616
11.922862941819794
-18.429478911263566
-5.074510226353187
5.277553251709314
5.429442464447007
-8.310121074100486
-19.072787473607065
11.856355068687378
9.463282491193485
1.118221944089271
10.032130338429106
-13.532465274891958
17.462934091468696
-10.17420696861381
2.8457404137606517
4.214088795761025
19.45146822965868
14.2423470566103
-2.168065488296076
17.191936473296487
-5.655770503193732
-11.62360759584982
13.413405503620247
-17.93802003899298
-12.208533549551351
17.88972993213165
-6.7532242115475185
-9.397060781287143
8.662186781895027
-10.976354818853903
13.288599552590362
17.71330963999266
13.524290800847467
5.871409180100393
-16.385692484701284
-7.105430202923483
5.270630064983379
4.407966497655874
-4.519263343783821
12.815950393279785
6.036748572273115
10.17251637682432
-10.971538601715398
-18.695445651802864
-8.208426004041938
-3.197943943873028
-5.078135837974433
-4.079618294763661
18.305020247073628
17.303830067176087
-17.72975162562361
8.075526308745452
19.97162648033398
-12.928859466100455
4.004680706046763
-1.0872524079506043
17.091022899411968
19.906581018285053
-1.790283448222624
14.198336318825469
-11.47138473718337
-2.4414858766456184
3.7340850991642647
-4.0856630743354
8.475205862680475
-4.686405862495363
9.974453684049287
-3.9376132698421458
0.27543493253953955
-1.4109280794933063
10.039882558232556
-1.442636558196444
12.941507282536932
19.501994506311846
10.796958639317666
-3.8683694757919156
-18.059704771686675
-11.53866493186467
11.185919307616437
19.11496053804609
0.6740211607270723
-14.399936314515362
15.709441106169557
-16.62266505565998
-12.561549327815928
13.425412724791407
12.339491496162765
-11.59099769606879
-19.59862415709141
-12.218271688926636
12.230844881380236
-12.378829449121135
14.604518324089923
-8.144401257384043
1.604309919276087
-19.51800237651721
2.844051008934535
10.769295122704833
-3.894874376957098
17.478331582231988
17.585319769614067
9.060387507298397
8.454755215345642
-9.345420581816693
19.017988107650062
-5.6798931394327745
-12.7693442969931
-0.09079989397537247
-14.600643493046555
-4.938410841762245
15.577132441110592
3.1497487928052905
12.42266747585306
-15.129558239135847
0.4131677809669334
-18.326511666105812
-4.06549525007517
-0.9434196727260442
13.597407294467814
-8.348761098881038
4.808936883201177
-3.5427822365657526
-0.007898471937551221
-17.806108728986306
-9.78637527179159
-14.233545300037544
5.010492346113907
-4.811922714679628
10.712388740845519
-15.463396528894595
-7.502399108871764
4.620931234645376
-11.901630816623165
-6.327554052874479
17.26281257691911
1.5357868418279281
-13.551842368423559
-11.396796517495144
-3.5212318365735307
-15.676502766826763
-7.977104905658647
-18.47271712483095
-18.13636274128114
2.939806265219538
3.0366040474919274
7.1207588769292975
8.450828172883153
8.627352061533117
-5.322445772260984
3.7731104505111155
-3.6579920425795898
6.244115719966672
3.253569623281223
18.565488005166102
9.545355093125394
6.165173000768284
2.711815711759428
10.964248018785714
-0.9323634778377468
1.1657830754548293
11.323960403181847
-9.375858230669397
-18.852423919500865
-2.893148800995945
-2.5864660013704643
-11.832209224822492
8.044053346120563
15.119646568243247
-14.653509612746657
-15.343569598564436
0.7678631355377519
13.47161809053189
-4.075849780562892
-14.50110062338075
19.362094542017957
6.271510461044745
-18.454829170322007
-4.347658099303086
3.1829151911115794
1.4151194968089058
2.388396685491152
-0.054087062688147114
16.000412623881083
-5.204092861722685
3.3466942910867523
-12.693415437627529
-13.894921066059434
-7.748432459717218
12.406867518871913
16.09306634187704
-10.43915349719937
3.6361141405959287
2.8661383612800435
1.3994732490294055
-18.36230022884363
15.894509345956948
8.861718866149971
19.673653912685033
2.682409667659911
3.4906852639143473
-11.68125586657042
-7.407937460684263
18.235640379957914
11.27750721534587
0.11600127832427631
17.792457558246106
15.941370043972185
-10.816825551387318
-3.06506818567059
18.516897440497615
12.436304526661466
-2.7063843916455887
12.134778255254616
-1.7470382821690222
-18.170827313208214
19.175267525788534
9.854436638833658
-10.090086849510325
-15.513631605889252
19.23527017442092
3.4074797762256814
0.6672018554466987
-16.907233906579606
-13.075676658253261
-2.5584883317354112
5.23922049177537
10.588237670780476
-0.9833395745888964
-9.427780623936943
7.910346467437591
-15.83918855136394
-12.281852459501028
-9.784390590599203
8.233229430460852
16.43038596790315
16.11395384028775
-16.390427432372835
2.9356414924363534
16.045916819335105
3.2890365400636092
-9.449588043197918
-6.6527926873241405
-4.540018358307844
16.74380206992204
-6.323070832553878
-2.5026257847532563
-5.6394085143376635
13.322541806254108
11.67202505854284
-7.000431815738191
-9.13138440665275
-10.56864443884069
-13.71678538046079
3.476945309552395
-3.4215155559717623
19.172220999169404
3.083909413300031
13.157199931472462
3.5847792711761954
-6.277005581020569
19.057588361222102
-0.7237839109795559
15.332854518808162
0.1395032004589538
-16.018090934305015
-6.029985258641002
12.900298204750513
3.8430361491921907
5.9556978468656006
-12.187302035997183
-9.181020026311021
-9.711255352713803
-8.068210115779234
-12.682875076096444
18.51719504479864
-13.41706107487585
-12.442704869716433
14.423925388311922
17.714801403734768
-5.459756735342074
-7.175828066261506
-15.593481649114782
7.036771830532299
0.5118314368637797
12.4507023896629
19.454298131267436
-16.496273913759133
5.218078710810193
-16.45271409864349
-17.987905580873473
11.42845370218355
-11.69836321684465
5.337600056340094
-3.329019363292801
-16.10517877497508
-16.72080311739756
3.3334185446650864
3.6703801895532173
16.482141306123147
0.1863842062753136
1.0471370012872327
5.482994153855742
7.413788501050462
12.849248384557583
-12.8114726409372
-8.353186377860386
-4.92116086375734
-4.368073964242791
7.147710644521869
-9.831364925940456
10.191630750287576
11.240301165862824
8.252060991465392
13.43893352262117
-12.001553506863019
17.172510302363392
-14.036528798071135
-11.427382406112292
1.2329431541114388
10.4079527925524
18.251098602308858
-15.676844984420036
-15.73039407122996
4.572617382695224
13.96107162688822
14.058524559777162
-8.175544271366796
-4.331013702270155
-15.102167058794254
-12.141517621126084
-10.269689711813697
-17.17950630596014
19.521883738585082
-6.9179292038489315
-3.401533946060784
13.239961622632016
-11.864329791636914
-14.70001236305655
18.31629923500457
5.572020338167082
-1.82382034484597
-3.1164926493662293
16.40216771805668
2.6622443128859743
17.311781214646345
3.7972845065639405
-5.0923651876948295
8.771949487432828
6.6145963275121815
8.658043729243396
4.792750214894216
-8.296506772376118
6.892324054794699
-19.00800900191912
-3.733408257631062
-8.521921600368326
3.256761617586772
6.6666519837212626
-15.135438842771975
-3.107939892483749
18.75182753375475
-1.835466299562846
-3.8072334689002716
-0.6198346938113097
7.189426815873212
0.30652367869503294
0.9226500340904167
14.671994198910681
-17.79231600597136
18.8431432266334
-16.718400328478594
-16.298026544211787
5.597862164404276
-13.495685826811785
-17.662555097513398
-2.260597563032931
8.658406568531419
18.736469784673133
3.2586892095891073
-15.492897775765467
2.1890690710024145
-5.6128412746821965
13.553895754064122
-10.039726099250208
-11.816614188608344
-18.375149143990832
6.507567629950056
-17.53354963896989
2.8202615467022625
-16.055416388864376
2.5809841912539184
-16.525426923032164
-1.9602666006290157
17.28060984861733
-7.27793457774451
10.644781468539009
12.271050157136912
-17.500265060889603
19.295121412369454
9.875126360416008
16.626384825036517
2.3695177334746766
-13.05071165253215
-3.5610716559757947
18.591228252294208
12.007704361428125
-6.500086624670974
-11.627772765712745
10.714259005290327
6.335624383216107
17.04987910218368
-15.700630904625532
9.741735707132722
-14.95121541201884
-4.438779916154303
-1.256729186680822
-13.239073648175603
14.016918881852249
8.185315405692357
15.25063616852173
11.173327587828954
3.1759287986802
16.372206581611856
7.130429802157067
-7.208969923455717
-9.311780978951889
-2.5031476360060587
12.377373291028753
11.693264864888476
-8.927901930733327
4.075457054094912
5.725174451696368
11.171569094404774
-2.759495192455752
13.473841293619621
0.11505452218214884
-14.741217488002793
-19.418136239132558
17.50560285944964
1.2830950661377543
11.919077962075804
-7.680783220923617
4.331184067290245
10.844611845733038
5.932592522158128
-8.81554285717062
-14.336213104973172
3.7922940125958604
-3.5195497294640674
-19.694190245940707
-1.4008103428925978
-10.78077985789957
-17.973687064705018
16.939541768600037
-14.523133285320927
1.874486610258156
-0.8132190217159518
-19.60852663834713
-1.6182700107385806
-14.84414283303989
0.03664044054933058
-0.12516205483839116
-17.660776278902862
-5.446615979571501
3.8126870118117395
18.863862717271886
12.988895148719983
6.828073393147143
4.951191873124813
-1.0955664891238115
-0.5263018408336286
19.03926886752484
0.5602981297053873
14.653431401774675
-0.874821849795925
-13.894361712915867
-12.808833631429653
-0.9319301928422163
19.923994473686243
-3.799653169471611
17.948141146128215
14.520444933939984
-2.183962581573333
-10.927752999499738
12.34539751479084
10.67730354946584
-19.18672468871723
-10.984498141072923
-8.71993549790313
4.74574874803336
-19.710456270010134
9.170648461448572
-2.676430660770329
-5.662892842233269
-15.840019788874953
11.616047166322765
-7.204081798224561
18.915882228637464
-2.1887972693687843
-15.366597448659132
-19.454643636116693
-4.379733502314096
5.768196545126777
0.649422865090461
-7.245632147392964
8.917114254717397
2.8605509913618263
-3.9322071642530076
3.4314407583421414
12.66087841723968
-13.464469733651265
0.6801858261594305
-7.8733266314866235
2.5725997312273208
-5.1776086363259655
9.221419394317671
3.407661437649381
16.6356612415928
14.563962511600714
-7.036124602832544
0.48302529266099015
14.260756118749043
-8.757583072858743
-14.620265683795811
-1.8194704992507518
-14.72260549051478
9.758222083710706
-17.962209941619317
-19.773439839066032
-6.193439735485642
15.834090291796208
-11.015184097462383
-14.290226179778891
18.559927245173668
2.774099867934183
11.988800662450622
9.11753350629317
1.7885785485352024
14.31389738166731
-18.61901260453201
5.8939326860747165
-13.049708273966694
14.6503653122071
-7.000403006315681
-10.875426255641054
-8.815518137254937
-16.004936897005976
-0.5476841555929042
-3.6427937524936738
-3.891518316949135
12.544656853655404
17.850708200886686
15.845140976103892
-19.452405204530486
-11.099773157963607
8.56479906805793
13.31280592661669
-18.766502751408925
3.067010353961841
-8.90915109396223
12.95114804292465
-7.168326653181193
-19.59608756433639
16.512940860508948
-12.375104520361454
6.492102615150973
3.7451574440051445
9.556612082038288
12.060378771593932
15.19023369964232
6.421312491711429
16.058099688385695
-13.8188483590696
-16.136537585623874
-16.535518322227926
1.1121972765343493
8.800453224074388
-18.18674123217884
-17.82600015942648
2.3382233522177707
3.3776252340344186
-7.5744471715333574
7.275511331847014
9.626738639408963
-6.9433503856367995
8.630696691758146
6.0240587667460765
4.137917053706978
-10.840406334768481
-8.41836091920921
12.420948106643365
2.5612408577634866
-16.945938124439614
14.068842957432572
-0.9592975374625681
14.58359766028223
-3.982552676540706
10.12153513683679
-10.61788974749527
18.435808202767745
15.04388495148197
15.668007131217593
12.404525085834138
18.218151919809543
-17.854148146423313
-14.28120517516897
-0.03923185952132613
15.746714916952826
-12.249580602312733
-9.024875092284145
12.176451077760213
7.102852325668671
4.212866533106659
5.0414978087850955
-1.949661907817898
-15.775301077440016
17.263531914766546
-12.411788504237746
15.84184298685264
18.006886670470188
-0.8871607142554865
-9.37798052907661
12.110477263082856
12.893663133348
-7.756566972877273
-18.88656480144646
0.46344129730092476
-8.457808063161728
-0.5926183365779849
-11.188574683258835
4.4946900979275775
0.9745770038390553
15.295526780415805
8.115269846213565
17.56183266937741
13.376220075397413
-7.522680653024416
-3.9522867230271856
-5.230104289770473
3.848123374858705
8.754052414050246
14.364634197461626
17.015972163636647
-8.449314306207306
-4.403381492834576
14.68175257581025
3.4393880000024843
-7.681766631154572
4.184575850889626
5.307608881751374
-7.583732664117528
1.6015012025993158
6.922118772631968
17.506222135569224
10.566958339874223
-16.714299627863504
19.908200744215875
-18.246684487214235
14.040558533995913
1.34737585029875
-6.173907646761268
-13.123951648577368
-16.46315498498558
16.749219414303177
-15.23068427190215
3.115004005376022
-13.905444912072124
15.6973740973256
-3.38180900084971
11.65449659107912
-12.807278137103243
-18.412018335686856
2.0590254101464964
-2.6978967981258037
-0.4421194422008412
-3.860396614559633
19.898804760539306
18.675364246669496
16.01219409384109
3.59933145799058
-14.796098521531235
1.6622445771625074
5.495769749885024
15.278779806513576
-8.787843906658157
-16.66006745557499
12.14946760335409
7.724593422769679
11.895899442900692
9.326425892565297
-14.146686384475746
19.07383828004363
6.39634751195668
15.936105388297236
10.231428129166616
2.000052361234985
-8.887267682257116
-17.92605067328563
-16.679877861465155
15.612349113067353
4.498184266452803
19.85751055518363
-15.183253300646392
-5.311723447223127
-10.027218374285344
17.762105745056033
13.641847138718141
3.7793686778485807
-9.966870395602857
-4.078045697162164
-0.5573868249549463
0.04997632690210452
-12.732694886961223
-6.968540736451807
8.894979132549082
1.5632987750288478
-1.2732172662863626
18.092680837807194
3.238951962783183
-18.72037362578378
8.222862106991403
-12.807761913859839
-13.659178980956884
-9.879270778839246
-13.993413917742732
-9.107528862330835
11.076817635322733
12.712824564538991
-9.019557857434556
-9.996598887121774
-17.175845543460614
7.944658513592557
-2.649977429825565
1.7830574699021824
-5.5070175172871885
-2.9685699522452182
-4.019235418858337
12.326298384131043
-1.8815343530789654
12.90006515971308
12.437278223652541
-8.448496600145292
-17.183890331567085
19.701709801807027
-0.6810126254161339
18.53824055458113
-6.101543202693836
7.203680172805278
19.590993630073726
16.987132757165718
-16.2133406980252
-4.147806438811546
7.5883640868199365
3.612479329580122
-16.298849202133468
0.8108828330586206
-12.932145054544698
-1.6110549119091289
-17.11063047975906
-11.226480103534469
18.80959861123941
19.861069707867067
-1.2779351378711077
-18.012543786863144
19.28800807978582
-1.7106864601802982
-8.324350761657788
18.51361800597556
-1.5835898111705617
2.288146660770913
-7.571938849252868
-14.959254911788214
-17.37788654341051
2.818202933154325
-14.64614939431057
-2.0863826866730726
-0.3312299367667926
-15.090955808103509
7.062545194360101
-8.444408458221284
5.864795857418276
-9.65757975770095
-1.270234621776396
-9.51613965333108
-11.697311944426097
15.409820940190357
16.748784782604453
11.338376968474229
-10.586128515972142
4.155346408420705
-15.908672877123816
-2.3391231111828468
-2.0541259971522585
-12.56458113812057
-10.070740447255094
-18.80170254962602
19.364133824460062
-16.62699788926337
19.91042661077725
-16.56620206193943
-6.879327672056474
-16.104782925422928
17.55910299790478
11.015314680890778
15.007027787549248
14.284321107746493
9.422726592886864
16.129343230858197
-4.506816122019973
19.05994991919541
13.684117721766157
-13.983645918126491
2.794429555109602
3.7424041531237435
12.103992385414443
-14.893109155341442
-14.31876054381731
-2.2053697501231397
0.2861269953930119
14.058404892786854
17.046148129805715
-1.0961147179109432
8.066089159305925
15.893249423792597
-4.324221308012625
-16.12701320293821
2.4890923590116962
5.338726986923859
-10.148557018988726
7.626645494974127
-11.679337054815143
17.07375425315722
6.887980274418521
-3.786315267088135
14.814730493904278
12.918488958725533
3.9361472972309777
16.840255151755642
8.514724623338282
-10.928587819880477
13.128262521770523
-6.643298347163862
13.096867411499403
5.643089101731672
7.127544469684924
6.153341473295221
7.596613957812291
-15.933391990696801
11.173259577931432
-0.7528147046828266
2.6152018836498456
0.44747682696364066
-5.276772607366276
19.35299485134061
19.322577694569645
12.347187335960001
-16.3047095053996
-8.56662698060589
-18.9784487205725
0.8122085637383059
5.159363458606407
-1.4552908619302585
-13.415415199935033
19.84930677720157
1.5213946973471657
15.809066671650328
-5.159492543784282
1.9892168681074267
19.654916709644723
16.995540594182387
5.668045861699245
15.853132462948992
0.8689831147953129
14.18636447797261
11.020897157559535
-17.954585196669374
-16.2783374130507
-12.375672149873044
-1.376667836829352
2.4959761276022334
14.518534044466087
-8.998496937571186
19.423539069498645
5.022764918728896
1.856945816281467
-13.237788295573072
-5.156834446425865
5.783048714194802
11.11584862396844
1.4062939362838058
-8.6097205741539
-5.874473025697098
4.146925144061356
-3.086079547584319
-11.320968457542154
0.25452242328088914
6.367344012948163
-0.4523416686309858
11.529342085259081
-18.92690321000024
-7.796153888028687
-6.076454421178417
-0.6294334121493534
10.827581541113425
12.497834189789707
-14.889170023647718
-6.683892770552632
17.313995591841433
4.3686697214163885
-15.585146773272363
15.010907804012056
9.984960026988908
16.38836331626115
-18.772817894408877
-16.065302916925774
17.334671607461523
-10.543593951826216
-19.849882364034784
6.825329871148128
19.308872950973488
-1.261504149672522
-0.3381678913582533
0.5863482661893258
8.76074940921854
18.909289956792286
10.466445208962583
10.952528898685326
-4.069160746709649
3.7621221632567696
-14.495218880729324
14.226941031261767
-0.98987044539426
14.810468759097255
-14.960787315531118
-13.72727076222012
1.1647804302056919
-9.012795515033707
11.78620568932864
2.1471202646996446
10.425360694362872
0.18920707718390162
6.844582074614394
2.6499200840511996
6.089905283080977
-0.4312038502215323
4.852920054703809
14.088426148823224
-11.99006900647487
18.84458781783627
3.508248713456833
5.566578855794106
-7.876122484653276
-17.242732705582
2.081877789480057
7.9818864512789
17.89646199754693
-15.139939228291691
-13.465582525892184
-18.31915042985296
10.52207868559773
-14.203229801652114
-3.620127571635141
8.745096053137857
7.60000093557624
3.2581714558901425
18.323332447011296
-10.12735552861499
-8.597595744624545
-19.98853297546393
1.0839952042916607
-0.6512724605065969
-16.22444086567799
3.8184865140121005
-16.877027969557226
-18.35332637897858
-18.243623684970775
1.1068969055243159
19.737491703276547
17.4297742235227
11.405556611713024
0.582299049116596
7.640788945322441
-11.804076858160034
1.7796169868861043
-6.709392539010871
2.32734280128534
14.446114241190187
19.17078403655151
7.7505467751808155
-10.128627230624954
-11.601841490210436
-0.4895039908871013
8.447524886433566
19.571426146150877
15.34341009116774
9.591967972684621
-13.063847374635863
17.9533649689588
5.627054216619612
-1.8176642408210526
14.81231919222055
-3.6148462422338703
-8.402373651818849
2.7678396547137005
-4.678342617654483
10.564522268546241
7.939403979353084
3.252447608909492
2.855855094812128
10.901555122192018
10.226172882950465
-12.302126849764337
14.146306166072911
17.992329666541714
13.740931288429536
-0.26282664561358615
-8.585425187055776
-18.193097194999126
-13.525774394704214
10.107982190393944
-11.757063711179088
14.145499090523302
7.784609023372742
9.474814837199766
8.786180427619179
0.2051870733062664
-2.7921285494211254
15.9224984493639
18.587820460853457
14.531084879320339
-13.838195976785833
-10.846160573552691
18.230781688531494
-11.6531937949759
13.326984232361092
12.11505253378958
2.642993447591458
-11.73928770624662
-12.210580014512118
0.848997293278785
3.270119445105763
-16.50387421121868
13.832447371658922
4.672438853515885
11.700941784425567
16.919305137385003
-13.593497812356045
7.921354356027031
10.101187472228283
-9.930996223473523
-10.298238493735408
8.197660059358217
-18.747671517678192
-18.314852019937177
-16.957783661476313
14.63523376971822
1.8876999287767688
-7.220393981544158
6.711274367903911
-3.7072727996034374
18.205957015013354
4.53878256458788
18.553379856477157
-5.762384310868738
-6.745424363017904
8.712523289521812
11.185650889556705
-7.566636427998773
-16.839020973957375
5.2193245335000995
8.303602646272733
7.8375688708980995
-2.72455591097064
-15.405268009203073
6.024339185618103
9.721635717200247
-10.692752109901779
-10.005988079979398
6.2501817734141625
-3.944327031917922
7.875933261914021
-18.38799765483119
-6.145814832781692
14.07374804977512
5.387246493582182
-9.120949965719252
-6.499828592937291
14.812360888368005
2.6987573593958025
14.740692474455528
4.835542281227468
-0.31176802476627685
10.228403748526631
9.04093457354691
16.143051364551894
3.75445347494356
-7.791737176144554
-2.253523287350454
2.3751637703651163
5.624739166387236
14.35975543759038
3.133807410600614
12.278921917701496
16.254076115692953
9.24090040906449
5.0110706535013705
-5.953246486032246
17.946443371725273
-14.957632141309496
10.697521932105957
-5.011168691584356
-19.713471842358118
0.5740693835582107
-10.064464951856301
-13.994199970406624
-13.158082021846255
-1.77732263187783
6.433812233831194
-0.3268793718744263
17.243428425766034
-13.961841513027071
-0.3075196330989769
13.524114085024806
-15.698384814978379
6.483474896279336
-6.421929888957765
7.122770486095241
-0.45517760688270315
16.639504418699538
17.817300668482183
-9.227628717823357
-11.40008836198675
-7.6862712335605785
18.791034654235112
19.754760580739493
15.889420972087457
6.23039189786158
-7.814104658177264
-11.30517047613643
3.0886762240037235
-13.028140821331494
13.245110323434986
17.401004997506043
-12.889115794544125
13.438766036388316
-18.25629734206209
-10.72382556132142
-8.199186733565579
-15.776312904429318
14.27218571417255
-10.114872776521487
6.299930570093771
2.3279630140464107
-7.518924196149271
8.282908417648734
-9.98762831362301
18.22722974034017
-19.253357971635356
3.721218436936489
18.096611290688635
7.652276357355355
-11.260769986876685
-7.429962091261766
-12.689719188770457
-14.155105673992923
-4.0100874281713175
11.268682696018686
-18.25096689138823
13.366744871692092
-9.166508855145548
10.687266436320996
11.644630892250284
-10.10723190744275
-2.4987304906389056
-16.851520151954148
-1.7898038395093678
5.623404996003892
0.25129741007539863
9.871124900579783
10.393336764165095
1.23118684019191
-6.491161247496592
17.468792855389253
12.081572827404678
15.786643621191423
5.982352445780354
-6.5038488237048995
6.968986165245916
17.36889226669237
3.859010783371467
11.154768256125163
2.2904048733422258
3.6518406752584056
4.114400470257404
-10.062613219905131
9.748282369942523
-10.863404307371356
-17.581588357101303
8.585377119035979
19.461254202229526
0.6827210858040935
2.122175903537965
-3.862710886704626
19.952868409704998
12.162179912776232
4.325714918450085
-17.09616599443138
-18.76279563304567
11.488440563728286
13.307782684866432
-16.05418677340529
10.333977289333415
17.120211414981455
-4.407833396173109
9.967898232736772
-11.615649578241708
7.2828873597503865
-3.9364126008767357
-10.763725766815533
-18.581068505650826
15.296569661303444
17.122125956087963
16.190083940119735
-16.044008440182388
12.654439734655455
3.8229612252732004
7.641746221192982
-6.815265949321416
12.341095735709189
-16.86474277617332
-13.425170333166117
-10.119568679849419
2.7307701403536413
-12.961294932246608
-13.072540028911618
15.618087014224344
19.861463134026096
-7.2655236142172175
8.872085313190368
-7.519512882263122
-14.003390057340477
-19.350099722503572
12.02983983641301
14.592726638385145
8.46210116251525
-12.00094943811382
-9.29994439512198
14.695149563369164
10.496737857144026
-11.897000753637652
-6.0778449532419145
16.046797552996594
6.9316827182516825
9.278784831937234
-6.47884436536283
7.9518117134968875
2.4046578355372326
-19.340837836350254
6.344986257648824
-11.128935611852956
-3.5116926882137243
-16.338016541943144
10.953736682603914
3.4472821251701475
-15.937190697192026
17.666950072485
-16.08081936107022
16.867700397118533
-18.254489560759858
16.098098506815283
-8.069735414527246
8.262398175644936
-12.089596702191393
-3.164678546573146
-18.134437442022012
15.385202381218505
4.08345481409593
-15.752385182510302
16.039679213209254
-3.9816814537603236
7.436103929135008
8.220661119163388
-14.488065497056528
2.1042742048267016
12.660700365869047
-8.752955251974171
-13.955045506929839
-17.79885909764079
-3.562515715682075
-16.7316768347812
18.101579326023398
-0.2924432188913144
9.75750438144177
19.502007284659655
12.375813418925844
-1.7509291717020936
16.273237190080685
4.103159161412364
-17.234506812429107
-7.986680769654662
-3.329115767458589
2.818073389933801
-10.111276816615389
12.275396902787953
-1.7710971926224417
9.112420649506667
5.132802849205543
13.981495434406163
19.790182673418272
-9.264951970478844
-10.7824492719725
-14.85885011405065
-2.9683399472554193
5.939299609300988
-17.772772801195508
2.8364361516296484
0.8030925469211994
-9.217583339246378
-19.79880038614507
0.26110876183910037
-19.44357730021766
-9.452091403880868
-8.535557248316277
0.6396532572945404
18.009307329730063
-10.3702438658596
12.292572264570587
18.72422638648434
-13.53847019293795
-17.59405288576671
9.969362402564393
17.08829929316863
-12.552971084646675
0.27439026559265756
-11.594913329726877
-18.51285146600597
-11.64606087331531
13.193621710986257
-4.783551699670179
-6.62287536079587
3.3566626283105307
16.213498760921894
-16.782720543282622
14.162044593865907
-11.514345609196038
4.856900410613264
5.2586620242459325
10.717690005978447
-6.538990217142565
7.97693009850488
16.50585353113437
-14.485066488082508
-5.56704191476879
11.484928829594686
6.465460300486917
8.693863688328523
12.865746524577723
0.08478905379186585
-11.076574983695409
-7.790254332120913
7.226737977041058
12.252906073804475
-10.419211043170451
-8.522151570460599
7.0180101276430165
-11.6045495330734
4.288745409822255
-17.025807936152265
-6.391133633671293
-12.431652719091698
-6.573831761064897
-13.824310962953739
-9.25279755080997
-19.509431342550272
1.0386743217404302
12.2084960351727
-17.210451915317684
5.087828232798142
-15.438936138783257
5.359477600226661
-6.659587691163864
-11.508294003951637
17.439805939276482
-3.056538563747658
1.0551772914855917
-11.220967061737408
7.908864175893573
3.9751834764893736
-5.414861593552702
-7.2035229809174375
11.528025709183666
5.208727245633071
13.028005174085713
3.1648508890174156
-1.3966838004439026
17.378365833917712
-3.932904598478707
-11.102749587397064
1.9011789592214399
16.542727003092637
14.5945750621254
6.868177433511811
-3.513417400421666
4.860291496250355
0.9667220177102145
-0.23563761136248118
1.334467691511616
-16.259318206619106
-19.737484363479687
-3.714532838419281
-19.460872241897103
-19.308887761443625
-1.520088036843596
-4.411177841668188
-3.2338088434175702
-17.409087502798663
18.311692517092432
0.05112611493602515
-18.31943572912472
-19.278217095142942
-0.15270298660004755
-10.159320517489538
-17.28350126667154
-2.4322129179513006
2.025535319355857
4.8800360825099816
-1.3685866697690194
19.15762760640397
12.765562023793237
6.397163467334032
-17.118395906956042
-15.439886883346672
16.16634960612963
-14.072262783887517
-2.5512498927830976
15.909873256491743
11.006837858464248
-4.260824776049908
18.94086098127117
13.248615283412406
5.499118249041356
-10.33105067456404
6.828985860193669
1.4352564614346193
-17.39527884864959
7.750734293262273
0.24162682645672007
7.095968351318518
13.088832989224692
7.90093358335244
6.096995740252819
-1.249905821058789
-9.992678735224509
-12.907518910971598
-9.803416127424152
-0.5216659954973863
13.175585716988778
12.054311140486163
-16.509732805764003
-14.629273139606426
-15.283630429733059
-2.706689429819132
-17.543256141087124
-3.680690463431013
-16.543966678651817
15.59790416874597
16.039441820050925
-4.391247911311286
10.239274745537102
13.798663307001362
-6.487291343108495
-10.689588681187532
-18.079171603345713
-10.9803447825157
5.1715962896177246
9.245615869559668
-7.616539698028975
17.4034033886484
9.530831363928641
15.073065535284812
-18.359264479518835
-0.5628861993904941
-19.8650237344726
15.890486948789317
-18.49461829534688
-2.63588686865409
12.603653103537589
17.36381884256459
-0.7400323785927476
-4.4764331835441595
-10.008030682019143
10.67865374186663
4.897752343927706
18.76167224017997
-2.8910936515513654
15.543087907983256
-11.46941624005196
3.6189188772425993
17.799172300783127
-7.374846138215814
3.7519345761175984
-8.39324821382272
17.524330304926835
-12.947947626828702
-5.497181727465401
18.2692363750989
-10.936924536521143
-16.426083028228625
19.259454648800947
-9.163870194534361
13.979945582522333
-19.49220015524636
17.955369541228137
7.23223896087859
-12.140339767030088
15.349570448126649
-3.031858378039299
-5.860297818975045
1.8611071936858217
-10.562999693436922
-2.5743420591701884
5.038144193951691
10.681346080451565
4.643594768524132
8.552746273776947
13.80398264992914
16.82940343692367
14.072751749634605
16.531403014396638
-14.539829991135704
12.601047445546143
-8.979435676331704
1.6793552167754235
10.477708395686154
0.10978565453130784
-13.716829165930866
13.97574835408988
-7.418808412974936
9.669006819323286
-18.765929509684625
-1.316899626149013
0.3903910140254183
1.7576226984859709
-6.694819721530605
12.636502891120244
-16.019030369689382
-15.878188517646654
-14.26698464141368
6.5825415573137
19.531824235268942
-17.428373019599682
2.1199364310982105
-8.087487899243202
-14.130784253908836
16.500711078004628
-5.42644617091662
-19.309813774797206
-10.153857388578675
-18.032990256658668
-9.64619465762512
0.273961578222508
-1.6119955335635794
-13.042900585362801
2.150076321508383
-14.168614497996614
-1.545532889545779
17.62936995664399
6.499346787771103
15.669744226759377
0.8248314863528527
-13.024917026360017
2.49099677484962
19.51210118983888
9.326970761002677
-9.49844890160855
-9.279242619682137
-16.16384173627936
-19.029793558242982
-16.519350790014613
2.0760536835686736
19.661567278262694
17.497971158810557
-12.167439931580141
-4.256822098036693
12.557551791844965
1.088357597632445
-14.825383044889637
-13.657367807950704
-18.77136363505013
7.247234205068516
-16.081676195506404
19.28488728370391
17.542908633313836
15.33703920852816
-0.14543559748365098
16.67847558084103
-9.895946018719442
-8.675645347494472
19.8328109124219
3.3162879648482857
-18.410420610893084
-18.387583047757158
5.229341110324107
-15.716812704486408
18.69277319103493
-12.001499466201526
14.814367699069386
-2.1428425096281742
-15.57855308697266
2.138138328440654
6.179522625455451
16.242755915659572
-14.898276770468946
8.236478212549962
2.166052395167558
16.76692760062035
-8.530933978849458
-5.392876067686423
-13.858634824162577
18.46645687617132
9.794453190379272
-12.8335806358732
12.815567316018914
-15.139468755102383
-13.610933457140849
17.623211137239316
-1.0171791282072284
-6.966334705196729
6.739040601517878
5.839148508497981
5.7639024251952335
-5.685123757964234
-11.936991740946766
0.4733083944467218
-18.563697772326645
5.5622459028078985
16.89714071149504
7.889021273168492
-0.2990593486560016
3.326222345638719
-6.674736993433399
6.193558515548794
-18.67220924732603
15.891690423955104
-14.828870536838252
0.5600618874839292
17.598335706018666
4.380631575527328
3.0281903741322083
5.413957273924929
2.518129473848866
-17.485931675911395
-17.539397456619255
15.944249156429834
-15.909704178826969
15.3374659608154
-18.789727912278217
2.0370942813250856
12.194895127449506
-3.821064826454762
5.1990905444273565
-9.367805105438713
7.936996349052201
-17.309430609066304
2.710743240963481
13.379010170748664
-18.545273876164813
14.660191149026744
6.660783527581458
-3.722830743919033
8.774113882785173
-15.187744340673772
0.2639309584615326
-7.931998574340678
8.108470233078286
-12.152669183427221
3.6184407907765532
13.604636667999387
1.1815976387901017
11.26015998448733
1.7182139816771524
-0.07162513232253787
-17.36519216891697
9.735722058684217
-10.716411778000822
10.037374402483856
-4.974762398696271
-17.718044004953356
3.785784085824627
19.976779798557985
-13.504957812953794
-19.298704424131596
2.3871878246582696
-2.7123355526718953
-13.22247933195493
13.069815691125385
9.475581640729231
-14.013203838219269
16.78188707638497
-2.207643417184329
-4.272722373419789
-7.1610240938350955
-2.12590644405093
-18.15350602986919
2.794278796651348
19.225713747444424
10.824705349318464
13.604107711400331
-18.474905549149227
-19.813982248950992
-10.988912554953295
-12.246669204041023
14.636646499147858
-10.923116089088598
-12.123491210691139
-6.136849316988693
-14.547568615643316
13.05024122462985
19.391540077124546
-10.513929585435582
0.6672843785767313
-8.846742675225023
2.446739708031359
-3.9716855072234196
-6.464026568745517
7.886506310207544
-0.8129735439101395
6.173139551048401
-7.399018480152693
10.319850720775662
19.808004711935382
4.131288538929002
-13.64248982117449
-8.46414470955462
17.35371475912722
-7.042974449286707
-7.480468282227836
11.110297099380283
7.332898081094012
-1.6299839917402679
-19.223191396154462
15.595233898746379
19.316232223197375
16.609678594077963
12.760329795189179
-9.28074220587308
7.530648612839688
13.408530156509649
12.516069067600114
-8.364522961821876
6.418823495528745
-17.25579636428713
10.111041962160712
12.781778698104176
16.55456467565172
5.388067787176421
0.848313837046824
-4.133113380216704
-18.401486645336043
-11.594990559669856
-19.918801633894443
-1.8270556649568235
13.201222559923906
-0.6265288194333607
10.10836672775083
9.259290272879547
14.15335884620832
15.316749729532035
8.591005903862982
-12.189033253483018
2.1327604667189526
6.446232373685056
-3.6387625201254217
7.41431123229799
-13.464632822460988
-4.903656857128503
17.40583131566445
11.38618497323975
16.4965563802711
14.632591499514845
13.507143361210375
14.995649874660359
-18.322391322561053
-15.498957579939411
17.503526083460457
11.99968452752244
-5.631391399117867
1.5904234698137465
17.774373419632383
-4.434123415111838
1.1867782877681705
-10.687648247764123
-16.651374660894803
-7.036647822390204
-3.747260550112003
11.997389337468384
13.18215139113829
15.623981779652837
11.863901977237994
11.45744056268342
18.351715547569725
8.919489452956533
1.5881416038818728
2.7246627760779454
-1.588010633452413
-1.9644257990992777
-12.284481760401649
-4.771644150678057
-9.717185008081364
9.650652012732856
14.381413088957721
0.7546549552512332
16.164103297984028
16.59569060670212
-5.3577133946489965
-11.322473481051713
2.395046152465593
10.01501185618412
-0.2901370477667342
5.4995222892841085
-8.229500929333025
11.763974816662994
-9.954588796950343
7.2045449343462025
15.594059594125305
3.613046016089573
-9.569145076816842
-3.503113755901012
2.2528000318245347
-5.98148183561821
-16.688058167205448
-5.617722461790674
-1.0040217587566573
-12.257764596847544
-15.712534499490612
-7.441354734527232
-19.136697059101216
4.38067883298212
-17.47307334285333
-9.533827614679522
-18.36349658766441
5.360105312652852
-3.3242550003364855
18.859841936016146
15.020433842891336
-8.59830040429121
8.30454150988318
-5.094997952288583
4.159195030941177
-1.0498049767357287
-15.854854467511515
-2.0576900757211156
-9.977825245574362
-3.013745635058296
14.219830675405262
12.985495131713833
2.6345139942876195
-10.762563826674052
-9.493931645613621
0.25097516204584736
-13.498936418526014
6.498685528313992
-2.448179861062023
15.253198127019843
0.19650257491220913
-1.5361539476373878
-7.87756346632753
8.406897530180398
11.387941727629855
3.142826549095016
-5.821632337997142
12.522945309153378
-9.773975668238503
19.86194202904447
7.5891332620790735
-6.081671439080196
11.314856401008534
-14.56382858421092
-15.674241628280484
-5.367830952646848
-4.531095621664797
13.715924419341505
5.0594737556583915
16.129138391784537
6.043054506740496
2.88696715517046
-9.098715266101651
-9.584866542663445
19.188187721300388
14.654210458017232
0.4184515374262716
-6.2960249324574935
-6.8720149310921474
0.3224052083084601
-10.997119588058112
11.354831504810086
9.975091034955938
-10.466032624389348
13.031817658109716
-8.4059359308778
18.4628509310333
-3.6964322510599317
-11.218223595071644
-11.392641612260043
19.764667166004955
-13.370469535212287
-18.454860768112077
18.256282790785704
9.50159376573464
16.42122151068402
9.306408167570073
4.427502990661594
-3.8330397056812657
-0.955263635329004
-10.706386123711438
-15.204257161624927
8.040755354529736
1.946119648808093
12.28660466131781
-14.497915574084267
-2.356204406095511
8.459998203162002
-8.73553436536807
-1.0232021902360202
-1.3895865904003593
-15.548538385733783
-3.475700126428002
0.5154796055429536
-14.082798695759022
-12.23657404851398
16.13357324002302
-15.432055523991806
-11.710505417054131
-16.838113601103075
-5.0580895097444625
-16.63217166307134
15.41327331992396
-6.714784996463443
-6.33731706996695
2.2533803005519424
-4.022610428347221
-14.91245650761083
3.0724133415742187
-13.47939712370206
-19.039508916283197
-16.922464596883636
3.4408792496712195
-2.630088356488045
15.490270583624557
-2.884723255980237
-2.2110586605536326
-8.159247402693017
16.202590819826696
-0.5304915834657322
-18.664634930025393
18.7749415666199
-5.985309989947583
6.0602752352199865
-4.036000177672712
-16.304578305145117
-16.354112379416694
4.174984220027191
-15.390404953358846
19.421382427795713
8.946283843994955
-12.355319036177903
-19.21284576348393
3.708282351810336
-1.1005207121749834
-9.79622684837488
2.5375423213521486
13.677349682170977
-14.201684736559997
10.798082616123356
10.872426214256215
11.375924578077104
17.509453624121754
15.98462892652875
-11.225709281154082
6.028962203346239
10.141793176543267
-8.22496062614202
0.5295422104729006
1.8660032569194662
-12.25409976342457
14.971932430763793
-5.526199808749791
-1.7713565574125383
-15.819425702084509
-8.46759247969743
-18.543889900896062
2.5388566376607287
13.59046517179435
15.41820414962443
1.5898372262087577
11.183827635226415
-6.616465965523135
-11.021329313954311
12.382929746027045
-9.648428320863939
-13.894190466926952
-10.65095061942364
-14.44218316910559
-11.152288759874356
-12.191152959831193
-16.659124185114926
-6.554398004120511
19.525457125216995
-11.48431255700643
17.61218113004424
-15.096139669378395
-17.760157527273087
1.3376302166798517
13.623724243176234
-18.808926878507222
-4.7467664098390685
-9.449256722611432
-0.7444476042616266
16.808744537594045
2.027311867009793
-0.8926239811903471
-17.177765926550315
6.469051176774517
-14.193345711269076
-13.564609673243769
13.284223628525396
-4.410182375163018
-17.159610118378602
-10.420989463329779
18.966377628228805
-9.962547050954438
8.098935308414301
16.801560594739648
-3.858183294884576
-7.949565965530976
-18.970949665088312
13.167378998421754
-9.72116027781424
-2.0334110155775775
14.548175854833254
-17.08522868152263
3.7558505122363997
18.373431913734194
-8.33617909666553
0.9772660776743436
-19.604060694550274
-15.987930944318972
18.817536266844854
-0.3260532477754339
-2.935540252214672
-3.9144407158052275
19.836989604774693
-5.986538894563495
-4.414869969415559
-14.167831927148962
-17.64067619631679
12.897362862191606
-18.523281208802373
0.9744476778900371
-1.4449576006579967
7.76694808692362
14.842848629659471
-9.492959663617246
11.337246583742449
11.161453639691217
0.7588034650800353
8.212262556712354
-16.362079250772886
-2.020445178638866
-5.6702889376452035
-15.667139410076004
-0.41187210221738724
-19.233701711506768
-14.358282129427508
16.51316426956666
18.054391698684597
-2.1856536267939433
-3.0261935272139766
-1.348288238700146
-3.778064078600597
9.988609614402534
-7.252488429599268
-8.32092690986688
10.346513385996122
-11.751382973189086
7.087736673635657
8.417703113123576
-15.399377064624439
-14.563764542381312
-5.269351407899499
10.917251003480889
14.1623159406914
-17.699669546558194
16.86256530941985
-8.297511456037437
16.563972541956538
-2.8423635622609495
14.217063463610963
9.64938708760759
18.70526923138818
10.383141829685457
10.616195001270846
-5.210760580670076
-7.872267526732584
-13.035837725549895
-15.36876184156801
2.687436844044832
-6.006950110676161
15.360783077903186
-8.973186258557764
-14.814197289886764
15.850171784945445
-19.928000416075875
0.012401630061020796
-12.069919901297768
-16.603211526444362
15.793372583410388
2.9972923736787322
2.153135067288943
10.415648256768357
0.05163165122661795
-15.846189593866363
-8.419148294387991
-16.208369373712678
-15.282404020366695
6.7641540074577975
-5.6399811287806365
-13.965549190852865
8.101971583605177
-13.720050557605727
14.532747942042555
-12.018705927324135
0.39209073301833186
7.729525399217408
-13.56578969431764
-11.164873408313692
-10.289143798473862
9.229094915083444
16.14251887835698
10.278261322752513
-9.536582091182835
3.6488918075362555
4.300909433967718
12.741521843838086
-15.5739594981807
11.007253724215367
18.253646356415047
11.619601366763579
10.709434985422558
4.024187645191326
-19.565695404250793
3.717174202192183
-2.7549974590183197
-17.11786042553781
8.324282553757605
17.4461658417338
7.127773024297461
10.082118215736173
3.20324500434765
-5.250125749068314
8.078893465262471
-13.343273801055142
18.624415328566812
-3.463763132397247
17.298894509070294
-5.2412010181165325
-17.326146599077784
-0.2832702028664329
7.497848336023132
-3.331578866694368
-1.5524983412087643
-17.79136218847728
6.171431647594293
5.605158563310248
-4.131480847294547
-13.864549475512057
1.7113223716040835
1.587996390259665
-8.753302425709313
-5.524871474918278
6.6863023941360495
9.42929031886585
-0.08154879524580494
3.622359533992288
0.842402256541682
17.55052280594569
-1.8314041685579099
-17.623281410442505
3.429339710281493
-7.141963062279139
17.94549234746328
-0.9132373584523847
-15.947959200413582
1.2474880689905063
-4.445883207173162
3.2389379867582093
10.52888193879668
-2.8260815091306135
-2.897175773146216
-18.889676768689
17.486237399680334
0.9615648492693118
-11.434630797894947
2.019004369395109
-16.192484252825906
0.11518768007084645
13.221009320820677
0.2743000211604141
17.473348390616927
-1.8315347175981955
4.931075365864977
-4.308453518645617
-13.93322939838363
-14.418176410998665
2.9205389785661353
-2.7782340340352754
-7.5026671044005155
-8.988460487640983
-16.65060811403692
6.348724300758807
17.55050962185728
14.484000349448237
17.056674038791286
-8.104612971418135
-17.15376162246059
-16.475743868730856
19.915312578690248
-10.936248787511392
-17.556378631742298
12.238399696379467
2.3690897407119316
-0.12020378018108957
-4.408499582483731
-1.9234870897626735
-15.927426443726315
-15.100394155001236
-12.603509858656219
0.49507655241529136
-7.5321686880116125
-7.800621308298815
12.748814696792728
8.969165953281852
11.758360036937571
9.60173109949465
19.984399013998797
-2.4659188673582833
-15.087130248724755
9.620439730915376
-7.659547277083325
8.105677745900323
-14.55235249186563
-5.283566318917865
17.172852069957607
8.474320326264863
13.818983206772074
-5.312083245963063
-13.394958124767555
-10.458766066537963
19.87626627985903
-0.5679523216704823
-3.894977041113407
-13.727215759220343
-6.603175008488304
6.256164865143063
17.72079278166344
15.791627865923871
-8.255241867085132
16.731178717192577
14.241432266898535
-9.005962355374715
-12.623009950401812
-6.847929141016799
1.4887858324248207
1.366182471138977
-17.167407439919543
7.061089554028754
9.576784051100312
7.401251653877292
1.1432718673223796
9.496618451122302
-1.9028431564370365
-15.62592895768644
-18.963423188032166
16.23044470173005
-3.827214648732415
-19.646792996951437
10.745694339211372
-2.476236525765035
13.738382383395432
1.7060160041354564
-18.299259162651353
0.9112380628812566
-15.813290627365802
6.256182559400081
10.533178376950922
-3.1723738279752887
-10.179385209689729
18.582036818275427
-5.487132248584485
-16.135295967008435
-1.1203119618028303
15.589272363320696
-9.349037567407281
-16.441954409730975
-12.336879334418182
8.183696595740294
2.0009682895355674
15.831470096539348
-14.303131154891155
1.7720482628152077
10.269076969352419
-18.379565084142314
-1.6173912590155126
-11.201098466188109
17.783154643261085
-2.9077678980118193
1.4616324592266565
-14.456574565169756
9.662681025174624
-10.1055148178231
3.501338978074209
-5.56321840168061
11.63400901144989
-13.922375949994983
-8.422652897736178
-14.430676535594094
12.612265577116418
-6.694224645748971
5.456489402646092
-0.7084658190174764
-2.9092388206807485
-12.799734487283718
8.372745962574477
-0.07604600800419448
4.281097435178292
-8.723068762169856
-9.322901340531446
12.898635917450207
0.23366207539189077
18.99809189913904
5.95856283928709
-9.863968723098564
-19.170119017154313
-5.901594233600026
-9.247699881166916
-17.96720798198375
5.628671785302309
-16.981860043267258
13.678092929034229
-9.615720836280204
-18.458146336589685
-8.078005615358578
0.14566758852166117
-10.013936547723915
8.96794528310808
15.380805633149627
8.001944123130798
13.341738203282532
6.5311209040872455
-2.3161222119648883
-6.331992458771914
12.595856005516609
1.8537202991504564
2.8109969030232733
19.90259221422434
-19.09165207411086
3.3149988002027584
-3.261258874869675
0.20346843726493447
-9.11978535931949
-14.439114839251337
-9.536099115279928
4.5857938897219555
0.33137526659843175
7.951822768356816
9.988178283773973
-17.743635564325228
8.610189308107703
-2.9698096243632897
0.7688961645254224
1.9247721742965531
0.33770897661602817
12.757970448894632
-8.61825065658726
-16.38638384383062
16.88783762711558
14.902248439440484
14.911643223103894
12.18437117233995
-11.686278062594475
-9.053076072691582
-4.672416191124773
8.863460593201829
8.227951805664002
-16.91344645528501
8.611200580407782
14.830219357846481
1.0741577871593293
-5.97540789101477
17.378907355755118
11.615309502675512
11.528242437778502
-11.825139739183568
12.998117518653409
12.936149010871972
-9.184321822273489
-1.4727911601785593
-11.028551728428626
-4.863888167911288
16.87635787637145
-18.62320367396599
-0.7589882267797492
-8.302426065998834
-7.27942373858879
-4.0595172102524515
-19.04082189834191
2.3590696124920107
16.59942487559811
18.214723889312552
-1.7617466985750383
10.071511035589687
12.306601630794837
6.263341949994317
5.671097364260401
1.3684942708857442
-14.293667171096484
-16.08752891297193
17.31010507343938
8.93276478586051
15.070277394704299
-14.08044009453353
-5.228355803393313
-18.831678911093043
17.181156445495475
-12.83594191597118
-8.540088507640814
9.823945858294184
11.11636821165726
-13.262044240893838
-17.006013344855337
-10.763969743408355
5.743583325005176
-5.6146318992392175
-7.553403644540033
-16.143887837183794
-11.628756518351796
-5.463745688800525
-10.74097542446184
17.116940034715846
-7.727273384225196
-10.750566929722169
-17.218614824583085
0.23187534323346526
-6.188142760881314
6.246958853924539
-16.51675614175142
13.435796056936027
-18.587816702676378
-18.86057539093599
-10.949068347283832
18.500132317208944
-15.880642950690271
9.179289622760724
9.679267621105538
3.8444731873336444
11.570280730750206
-19.880723967427905
8.85078622496939
8.341142249339086
16.30129064439617
15.315175243326316
7.121962613937761
4.332545317856873
3.640903354454469
-0.8551244766129287
0.20927383026364055
5.653826068512224
14.753413242156277
14.897735576264978
0.6697153826485867
-12.405842150772681
17.744572180683264
18.313107512372383
12.356630502075404
-2.321884447539837
-3.9751293665385923
13.228745608828298
0.6530323539503691
-7.3782919036763595
14.689209831060488
-11.68981619351515
3.804079610965889
13.929136598696616
-17.135278815230393
-15.851807848521485
7.221795236751468
-1.5649832201617002
-18.027470277453865
19.951175031406805
-18.62394258379339
-1.7357283184071868
-3.4961396196854864
3.1372330411086544
-16.217312624743432
-18.615042525237126
-17.62300315487476
7.309891417535567
-18.62602831040401
-18.96574933609174
-16.34814659777063
-8.279730459257113
-7.265269263064695
-7.343157950182322
2.635630648338605
7.1504529414387505
-1.0321687507526498
13.668014795509407
18.336087101089056
-16.003431847344437
-0.20739497179298638
-17.03393592430045
12.16553391627064
-4.542260949605414
14.495497414119775
-14.371418224101745
19.667386452577098
-7.331121603044055
3.7850298193829133
-14.018820267195942
-14.579540681142884
-5.888187484169137
0.1891450492160196
-7.369323714651115
4.62406185556673
3.8916507934648408
-5.478519337166215
-6.568775252319972
2.574124323110997
15.703582982641102
-10.26514550508725
17.340153407137024
-0.4861882384078484
16.209623214983957
-13.987490001252274
2.4742423827019664
-5.99361697329703
12.390608160978985
-15.192358570949388
-14.200411494234316
-5.467771115847185
-15.185662308631812
5.319543511314201
-0.5167295009040558
-13.774852289345706
4.957324792973473
-11.86356785958981
-5.829622405185511
16.62631032891761
6.750902155356435
-11.313228789983922
8.648862336588657
-3.9712443856547033
1.0041412397325047
5.258287850284113
-5.600994829115402
-8.09394010741281
-13.112057989245343
15.950295350714185
15.200240900293807
14.51324852889448
0.5839657466949362
10.046967967122828
11.816165028873733
-12.582660790262953
13.700067225634704
-14.141375107130209
-3.9077585754678132
-3.1576750379823935
2.6277896912459653
4.4738688758566525
-12.896323950521795
13.457732666546349
-8.879283444611769
15.988386290266988
0.47311341372921945
9.716910453836714
-11.919431512480227
14.28629164089682
-7.598868787759496
-3.3488375600809626
-14.015082019010062
-0.8012108041593251
11.705972849272527
-2.9303349254356164
-19.186704367007987
1.8228103614542164
14.209777011612175
-19.143806821830648
-1.5632588663665814
2.8187384767279546
-10.867261365986067
7.096461795816154
7.619644205317357
-5.252165167969638
-0.229330420312035
-1.3004280148715708
15.953012943999155
-14.702462641150582
-0.42024737751274444
15.530239555483675
11.307016461184816
6.09873047469646
-9.088064056189813
-13.726823981521218
18.53138519255164
12.564429767222414
16.70858973135966
-4.589298278710427
-6.3830270130327005
5.840220703660414
8.24773525060058
3.340988368851953
7.080256997011695
18.72518643294233
-10.99526751319777
-4.394262026621494
-11.077145994099169
9.567922361363038
-8.078317605817965
18.813230097527686
7.023063965422125
1.4507873963509752
-5.420514576552463
-9.589639497748554
17.25119526561869
7.7649569567446655
-18.28067674525706
-9.788468498686246
-19.250299043523356
14.040544319629731
17.1049193236964
-0.6018263277303184
5.615811308493331
13.300002741140283
-7.052922984598183
-0.9173809469860252
6.457122357473079
-11.786442570738199
-9.974838056219202
-8.530043265552681
2.095968488715556
11.822423878632932
-4.49125627656899
0.41448423656223454
-10.286546411653394
-19.289055796425632
-4.148999475086818
-3.8439816832970592
0.5263174998125848
-18.42195995439559
8.283805634225075
-13.49585411591062
19.7361753907169
-4.723021104468387
-0.509277628764579
-10.046901081536275
-15.992158896184954
-17.78200381379168
5.246963198411013
15.953896342637528
9.54264267489743
-15.476276728081334
-0.38386458214577956
11.95411001049425
-7.527086743401767
10.766676556187402
-8.57681148010428
11.966366653609136
15.816986052099814
4.550014386119507
3.978874976771163
-0.9612836577692185
16.61687777347779
-4.868260708971995
19.813964482210864
16.685495736511285
3.094365571951773
19.638213799008085
1.1257711059569644
12.522665498768909
4.910821711727195
-16.359416738152362
18.71096829535452
-16.05425494701525
-11.735595486955845
-16.374950922627633
-14.171839179327934
13.267819126245335
7.0659207541533995
5.02093727485083
-18.025866791095826
-9.25686795591551
14.344147194305648
-2.8311859364312824
5.7051725531278095
4.561133870236294
19.461154796710744
2.880935242833708
11.738360369876467
-19.448872882779916
-4.595174685375923
13.373682484459444
0.9659604343897854
-6.628661722676297
-8.41883202556799
-9.635154628479562
-14.450584677446345
14.177377810212015
14.292062704499116
8.600264467369627
15.828793717394632
-1.0152601298721748
18.183881077354627
7.558040589321436
0.47940074453634196
10.567621609028507
-10.214293466892453
9.541275657859167
-11.854478586834624
13.862610992189339
-6.644708765990428
-17.535743074129996
-2.126184355538932
9.180660283987486
-19.163586601401267
-13.961682952716572
16.61012050212605
8.186548551834491
11.139568759592684
-4.429243523014318
14.454011964666222
-13.723051326595472
12.293744918719398
-5.910466188470739
-12.983479108451661
11.936998415433013
-19.83861762676994
14.311746804277455
-16.694575510213156
-19.235457737024923
16.85310924045949
-4.988333862534692
8.31566743817282
-2.4463202291106825
14.779154962980677
16.657381503857387
-15.600202053123922
-0.24272245104723922
-13.565236063933428
7.225550666583523
-7.230195045512474
-4.339814437831432
-14.452699391443481
16.338899146220783
18.774168264653973
-14.157529188718204
19.80786391913236
-12.760873730773667
-11.827255048126455
6.457851483793348
13.2538412102016
10.54159565524413
9.239987966615647
16.47274323090491
-14.626940503519466
11.065532934482484
-13.154531024179338
5.050116400099288
9.994834075978897
1.3745777930168224
3.8949204101450334
17.12225249517668
-18.299140409768036
5.689619183909844
16.190626711037083
1.2033926714467391
3.4996575529609117
-17.781573059030954
-4.280940178340401
-12.634432834843942
-17.446658954888253
14.244219425502088
-3.6772873889767297
-8.018106381945667
-10.0926590103807
2.278123401461567
-6.642777002302594
-18.988968170516827
17.272823993764817
14.43412986209502
17.663616358262942
-4.402180397879771
-11.96173893450348
-7.2697872263494325
-15.337501462325399
-5.849604891514598
16.597831320789567
-17.397220000478157
9.956583833127937
-14.627065226985332
15.725781196596238
-15.626021664256795
-14.277328293024647
-5.1233669049163755
1.7831646153567746
-5.745709093274769
15.944336358135828
-2.987899278240029
4.437972866878045
-18.6825321546373
-6.828063831347153
-3.715935035771384
7.218002248471294
18.09174035781448
11.685306526613665
-2.043150240981383
19.507605578390503
4.413084961898338
19.83228652439083
10.37434945482702
-18.479257378553648
1.488370911328115
-18.30400870501611
-11.80179999683148
5.546714297617129
-19.00362964936381
3.9773794097753488
-13.207591641244845
-4.674227658689407
18.245827173965182
3.87171866433156
-16.999342787440646
-17.083621188663866
15.862737214593622
7.679318267248302
19.657380904841112
17.068634855934853
13.053462026805974
-4.87381931154677
13.638221337202175
-8.061228086072521
15.922722030690927
-12.54866802241946
12.761420743524155
-6.878504581792718
-15.802240888216247
-5.733127614432041
-11.681224661749754
5.12795040025232
16.35656193967862
-8.44216966628994
1.7401050401593068
10.306893953834756
6.381667476834547
15.877961942071906
-13.592461481985909
12.52310618317128
2.4912740098860695
5.943991436680605
0.5851786686134304
-8.387607411004318
-13.61230330614951
13.73422465135387
19.460529308947933
-0.7744539456221311
-8.125939168354503
-18.180701067250936
-3.3210497836948676
6.03918256929154
-19.773079747782113
19.515125542096378
-16.866473095513964
2.7955917550015563
12.712536794875135
-8.71215438085294
16.203191754953906
15.82808040727712
13.6876402411186
13.418961404679727
-17.128447326104475
8.52650226396371
-17.099957429263352
3.6796861589534124
-9.824667597660568
3.167739904916651
-5.687585126299485
12.550153636691107
0.9836323605087074
1.6338564995599114
4.745581290829488
16.059349968528586
19.684230051989957
-2.1794792647499364
-4.123078155470864
11.441357142087384
-8.867895057401864
-16.30940613817543
12.68861298620908
6.687738631114147
-2.4053256262771647
14.819284576712008
7.0472128838587835
-18.893484461760917
19.459644986639987
2.672948166170194
14.543852990373352
-3.4422445783710174
11.903152285790721
7.1486257939586935
-1.130098257037325
-8.205992362982538
3.0217452404349814
-14.618419125387758
-1.84842423826872
-11.28529598398714
16.192115039587193
10.522730920240985
-15.75315502316771
-8.78986991675105
-2.2339615648980136
19.798815701316485
14.561323462865431
-8.480077988079637
0.2359529717827229
13.19101819833024
13.468534289635507
1.1052559788950553
-13.223026025341845
-4.344175877360886
11.230175699804484
3.466064271875137
4.465942236073971
17.35702338846599
14.086317837155917
1.718801135532182
13.995618750666992
-4.327342114006495
12.759629111504374
-5.183263054783719
-3.4455164041632216
15.137315453856317
15.465205677166118
8.767513776243142
-19.64376637976114
7.13547926623346
0.46182160831030217
6.964455340596555
-8.803951952706717
5.748034433474018
13.205963203079726
19.808785296861885
4.295872069526684
2.236832574044204
-7.893366725210358
-16.27192624230195
18.858785869585
13.063833120064217
-8.139957372921733
-17.07061181511107
14.604599460629593
5.900776562026916
1.9339073156740767
3.9610518884558097
-16.539447490090957
14.13611977104275
7.6832930447692895
9.739152594182912
-12.393343506087081
6.536629913347131
-13.965442140079421
6.695086036561616
10.270243967418939
-5.725860431344273
-14.372510436847001
-10.145890759525225
12.902065083922956
-1.5972885775453847
-0.7484051725341523
4.812525982254229
14.83404358152088
-13.782521801713298
-9.317460769397258
14.517618380039657
10.1677895740714
-19.7423137618394
18.628146749156677
15.30365775200434
0.6706311699362999
4.883915128307894
-16.80858657330479
6.808773983123324
-5.221114456985392
13.685074220765927
-9.60133812857601
-16.070109838866816
-7.088619641082584
2.880096634713869
-4.135206681906315
6.956569137542115
-12.2351113984042
-16.584459320758434
0.3858899537893592
-7.573838922847633
-0.7218779795175614
-5.911380079370847
-14.049425089417484
15.673933819959409
2.925888355354033
-10.304292714969737
-16.83404792488918
-16.967768240087086
-10.879439365483483
10.813433307142063
16.42291528708958
-5.703392965257944
-9.506360271321341
-3.5237636600158737
-11.521949004881336
-5.523318935817279
6.56192661476101
1.2791902967292543
-5.638837540422106
-18.903556370908994
-17.756096292292366
5.041940741208979
-6.174528314060783
13.344792905215137
-3.272606253261614
-0.6525692126459468
-12.572921922739312
-13.912093120786162
11.936581324567022
-0.05063682959521998
11.255540567225086
-17.85384032502663
-5.561087776897393
-2.906805368246985
14.204032694396922
-6.791398716315005
-5.681884848062321
-13.124552020312015
14.403890950590728
-2.10212497503127
1.0599454875181458
17.918308709019612
-5.127651434684362
19.963560534066282
16.846773279176823
14.9635753439415
-13.48941425178323
-12.33133239390305
-0.23154921779904925
-1.5372239554364313
-14.926249776087449
-6.53141777424886
12.360407860004067
12.573191044281877
-11.071000089091449
-2.0835313405538116
17.246138985309692
16.950636526473843
-17.518985617085555
-4.707974648660853
-3.172374516663936
-19.114113566020038
1.2475734946860797
13.667228875666083
3.604033454519527
6.459072072490546
-13.938481348084206
10.633080296372711
-8.753738563128657
-9.813894309442293
12.339551959391251
9.084338944813094
-15.270548588442946
-9.55805246378925
-19.22414690310331
-8.083337988382361
15.534660446183807
1.0555366721743908
-16.466084115249128
-10.943262238755217
1.3933587458115184
-8.181741397635665
-1.2100213999614837
3.0314767544631884
-7.619229513316451
17.109279246436138
16.492548642512418
-12.516242059052027
-15.153989366943978
1.0683022155031097
2.310137881241161
-18.066123217514107
-10.747615596753931
-2.953246410051001
-0.6476076074954698
-17.342354351297793
8.514153290286913
5.845350221852218
-5.302002757976677
-1.1340114688878735
-16.864369227133356
17.64034009095277
-16.989481248661992
-2.0846800980439752
14.416950745224767
-1.659308843476886
-1.6482929198935565
-12.224844583108903
-14.690009922221762
11.174009896368567
-1.8679817259997655
13.99326095574996
12.271574466941885
-15.231402762318226
6.6395817276527325
-14.858131670984154
1.2446362150686632
-12.008213331382954
11.985767158265244
-3.24341410736125
3.3441321033314253
2.571962253827323
-14.783793968516235
-11.411720087608197
2.7520297434515975
-3.867349848077808
16.206554665016668
-16.4059914647435
-10.77176949822826
18.2597120747663
3.4354903103433934
5.348428973670266
-1.8533570047268633
2.9542910931002666
17.39673098111411
10.76613507921714
10.380691968927707
-3.958645330027867
16.269380786956233
-17.508707729553823
-17.61917928486205
5.917947751056527
-1.4449467070568502
-16.617207793137915
0.7446838696694869
-10.006692925451572
9.229052584559703
-1.4987758525302333
-2.263606765782523
-12.477612958764634
11.027262689672828
-10.600370205672354
-0.66694582345594
-4.3197542768099915
13.76344149080299
18.39950511219253
6.704293721072496
-0.01846701438994458
-19.770422487890848
-7.673190177338171
-14.904898045937713
-7.988704483151583
11.23425794954651
-9.744606298519365
13.493866286881264
2.340788453561938
-16.982916920326957
-4.731893521716906
-13.485660872763745
-5.473229972726475
-19.407476212696075
9.180657593663181
-14.899342634722451
10.43150774128901
-11.515002015548795
14.872173431977266
9.02332720358703
19.345899847112598
14.55225455032219
-13.197323261724435
7.167444317661619
15.683308726298826
-8.69631519631203
-13.424638232805934
2.4387909421254115
-1.5753912500445324
0.47185662317230737
0.003733098186266659
10.991922831690278
-15.86848752744164
11.760144864291195
-16.404237265656633
-16.151754472228305
-15.560334852735483
2.3362669099590185
-16.804798285263086
10.829716367848853
-19.266521192218665
0.3064490072257158
-10.40972867624555
-5.744237313282943
1.3676971951638563
19.405407313556196
-2.6019256531865125
4.253428886483114
16.152295320107285
19.953379425017253
-8.250861994629823
-2.240735515884026
7.888827427099091
14.370284759816919
7.037132080438155
-17.97956243641331
-16.674086025152274
8.552357207579206
-18.035028366921786
-19.00587858771493
-1.5013997826683863
-14.362352921984428
-12.650004820091802
-6.429866219596789
13.050375548953312
-9.432629317197181
8.234181507729026
6.650277803105542
-18.573589890299033
3.904498424247059
-16.391152117546362
18.92798748448559
-19.40055860882241
-10.359427851773821
-18.990516660739296
-12.048137646663179
6.580023679395083
10.724399832502893
-1.1382592864236258
14.866914890712934
17.375057403543238
5.240745978674607
-18.435414148693564
15.201042729130961
-4.991572688867919
2.4268555016349147
0.4974761106515331
11.318290939929526
-3.3120524964194296
3.9143939971398254
-15.761420163853149
-19.300402752200988
-2.257641089154667
-0.829592566121061
-3.84797750006614
-4.680160442237039
-0.21497636107650564
-5.982220380302632
4.65986932278685
7.057944782413003
-4.463924075446757
8.279402176670185
-7.940357692585378
15.334847591435839
-18.688511998816466
-11.301656600776354
14.908511353327569
19.2970019192069
12.105637801186603
2.641959238199295
-9.845881069273563
-13.632600160109662
1.8393305436052714
-3.2839741728272855
8.692315791644923
-16.734898089177687
-11.275815880818612
-19.52038493183909
1.763649868738419
-7.053099374651737
9.401683023941153
5.725586093782503
12.421790428928674
10.665107158059676
-3.572666346606507
-3.555243706738608
-11.236423502437084
-7.442512286874457
0.5805096105958043
-7.298491943752353
17.691882704869727
8.364843511616783
12.890447029849142
-15.959510752592788
-13.071407375766434
10.092260870977455
2.618648655387993
3.856177475375926
-2.0861557823988903
8.523385092737023
-11.079982116921716
-17.711340004571138
18.521873184779857
-5.280112752260994
12.43240975194712
-15.744496142693393
-7.76483808169678
9.389200468642592
-4.025956273134037
12.080485435062265
10.753540674617529
19.388413320384274
-16.577967551752128
7.244651015621734
10.87257066775306
-14.725033596120007
18.7429841529609
12.202488481503046
-0.11299128973233508
12.56185812187718
-14.650764346482417
-5.036773049311538
14.88287785121608
10.909838394296951
-5.8480303673588185
9.696846979600537
-4.412467843750868
-0.9360305878239004
-16.197147770704774
-11.8999922123472
7.607989384986041
-19.727511020018618
5.15291135973866
5.535154745361083
-13.492732931019148
-16.128551547259825
6.557226736260418
6.1647823809705
17.530704820743843
-0.4753548819122386
-3.649787395615313
-0.3202364602311256
-1.5235966314679672
2.830166902384647
-7.912580611813581
10.801271410120968
-10.747212225559494
-2.4301870739734426
-17.20310939670556
-5.417955020286559
6.326345128778815
16.088715757967826
6.8855699686021055
-12.256670418440345
-13.000263279929847
15.393771814884616
-17.51350045326884
-13.613676505163795
-12.154452764151875
-0.8999914565039333
12.328412435261718
10.094176002214393
-12.796825075257466
9.50036345825395
15.344925966394115
-6.757341082305274
-19.646167807581783
-5.387145694461793
14.953182008195235
-4.290373371495843
14.012364610508364
16.32401505128052
0.2572541274163882
-5.555463296372064
-13.95687030051092
-2.3794351298274243
6.33550105729811
-11.395051750207523
-12.982257262107147
17.606560335266593
8.668744476304752
3.854806898271761
5.28588578278605
-5.95181061621329
12.899331995882484
17.42354827462416
-19.404667586203136
8.549260783851867
13.054613122940047
0.314463666455449
10.851369836404707
6.100059022293202
-4.1209103240248
5.2005791142258175
2.202022825272497
-18.537800278261287
-3.160301646468575
5.837671448316179
14.285071146268585
6.046547441617665
2.7339806994044906
2.9353000812473127
9.087096636328539
4.6079704653870515
8.2956175476915
0.5625644872799427
-8.511090997874874
1.2681158171939728
-7.871248871924577
7.204601844544825
-15.730785340513336
16.92185225250246
-17.359360742965805
11.427914461893948
8.437732785370805
-8.0997966212562
15.737802638103446
15.526234334941975
-16.971275388484308
11.924495017944604
17.79555343786174
18.43611834269724
-19.02396335374639
-13.124405176133752
-1.353010162270408
-6.403711423857752
13.278500382809057
10.139166210562529
-8.901082832572818
-2.5543345593658806
7.993127016098693
8.807413029789345
11.957708798449929
-16.06610081399176
-16.55174007576996
-14.11896745328117
12.986263447989828
-2.842677128027688
1.1981000251532947
10.951672533514468
12.73301182944563
-17.038450587235822
10.185950585384404
10.570456377601364
-8.161349856111585
1.5227710268189512
4.709959389355667
-4.888156954514965
1.6723295466429917
-19.225247513817592
-0.9007206858208541
-19.037889884388086
10.545505677364496
13.153598068817715
6.179363774844848
14.889360837378902
-0.6335851286815242
3.6582172868720164
12.104534136526055
14.197556997620964
14.879204573663472
0.0742159157236486
-7.131246033918428
-4.527997724269115
-14.990326059133817
-16.397802431366504
18.713576834595507
14.077840220963893
-1.8506974540947283
8.251031164781018
2.675144371082201
18.394035886202587
-19.514898222219394
15.802960104200032
-3.6260146707021335
-2.5444394947446334
9.800950954451512
-9.175938648678086
-10.817359283146875
1.6403761806617858
-8.641644818511121
5.194248111073172
-6.827333521921135
-1.3530150775067504
16.49408273892781
-8.26735332400193
19.95526405677751
6.6705930998495155
-10.684047510566458
-9.640479044271487
4.525170307710383
1.8395003806626953
17.19823620015425
4.480783394150279
-17.08532046069203
16.343204324542157
19.183663155465645
-2.980073822130617
13.549375746251513
12.514033575637477
-6.401620796758953
8.45112149109486
-5.6604742409393225
11.393991155036009
4.811952046986537
-16.454034713978846
17.5991172605936
8.135166151517744
11.47743210159014
3.083878562873007
12.703539523707555
-4.576842197643796
-3.5092570946330817
9.107962519167447
-14.602012403651926
-6.526510482070766
-4.069117674691558
-16.660344178119914
-10.487001959966374
6.215546520800935
6.723194094339231
10.345681572515495
6.577123389214641
5.2302110846412795
15.306480814920263
-18.011750009364636
-13.489682859615627
-3.3245302185296097
-7.776917716215884
16.152622747577816
-16.648196305443193
-13.996573291249405
18.851774683721786
-2.4725290263886635
-8.043212965801597
-5.618825327110111
13.862065169832633
8.391686203744936
-1.4309846416419667
-6.924220049895208
-6.6517391320214045
19.2727665722823
8.953420696635753
15.208441570480176
6.470695247980181
-5.005176961687049
-2.283094919929141
-10.308810264520023
-14.843286472872483
-19.456938731411682
11.613711360782744
7.021434414004133
-15.317610144146801
9.64837272857634
5.529787855844344
9.520440885362945
-0.9349691838496454
-12.14320296099543
-14.587355598425017
18.13437125423598
8.947069918108834
-9.6091248939466
-5.34152876766707
-10.674473561138962
-8.666829295602586
-8.667207844595367
-1.267137120554942
0.32502117249153883
-16.8616912232876
17.09330302519905
13.5132707672796
3.4171368623626996
19.825691356566395
19.80954975663964
-18.28431408254334
10.751459202062946
16.73683543065237
-11.58030964994821
-0.41767357480051004
12.966921156582494
9.92551362924285
-4.6559507276891345
13.27119841930837
0.8751958410538272
-0.21261621199647607
4.25252962331048
-10.078650145583916
-3.8440712908990733
-16.304220434064646
-2.035121858597897
6.946975933535832
3.3940604472516966
6.268407247102353
-15.36934187441811
-1.4681405607918663
-6.596370221005113
-14.706555800819142
13.784220219271191
18.14807869398245
2.417737605126856
14.18360568139964
-16.343398661171477
-2.776509531325555
-19.516272956057033
-11.165239452305563
19.34100407743439
16.90813585013146
10.711564274114753
-7.276821607928291
-14.18332949540079
-6.798370885665346
17.79671351135893
-11.747564144567232
-9.751105545218927
-5.917541686288846
-15.492376697024358
1.9132544061382006
4.11051953856412
16.75683251476366
-5.388098336024306
-7.170883504436922
5.95990873154733
5.0146394919823365
19.865429264123712
-1.2217586155599065
14.833658185047334
-12.414791453307945
14.049763187099522
17.683459614505942
-2.7106625640083877
9.960379617407249
-19.161074995244526
-13.890491405790112
-5.6207129929082456
1.592848779041315
-16.314712117750783
-17.555160143456195
-15.746275196677132
0.4260480163730982
13.261486681886076
-15.135364577210737
3.5963734235863924
-17.240070191964673
4.2574981133680225
6.826774291431349
15.423602007436962
-11.575213682063549
7.835542034930391
15.103416742516778
-6.058935807031936
9.874173585546533
18.36758342474335
-13.71845898948643
-0.8748263297626906
2.1809627434197907
5.134778592569475
17.471762916154823
5.74238266177958
3.264186464471237
-0.45809623158594803
-9.950184186471649
17.25322020603641
2.4226803439401507
1.7336766629105114
-17.66364489028962
-9.400563859498202
-4.325026629885201
-17.098151789588094
-11.748261856961282
-10.529596693968939
1.5750826045232849
6.466461569461131
10.646832812771155
4.806472419596336
7.711562199882529
1.5076093029620097
-7.931477447287602
6.165492530748114
-4.095190822125669
-19.556463068087567
10.810377809155657
13.184645125488231
18.014906099378088
4.21669401896116
-11.129731099269362
-5.027297301109739
-17.31855394834752
17.07575177216878
-7.921595339562625
-1.7299177551287457
4.414498589768613
4.612138359797129
12.930206910119033
11.514905178129432
14.709247890078302
19.090377571404403
-5.609345212264255
-8.205720388457829
-8.542450280895757
11.019953426831407
9.070620846062067
-7.7005929134072915
12.576114433589659
6.707760936277811
4.117423785861153
9.122463219362015
18.777399374705674
1.1090787721768152
2.7618141666629192
-4.567164829407396
0.27534842642756985
-12.839708270362324
-9.009681094206755
-9.329889631432376
11.702559774982934
18.31979687234471
10.427898883054631
-17.06913088137344
-7.6656181702846915
0.6440508816581882
-17.32999198694046
18.936538443958923
-4.787130100195856
-17.20731638671696
11.270939046516464
3.44777858064176
-5.718288281984659
13.62127444347368
9.76259912785327
5.820438846937801
6.497742665020084
-10.582303427475143
9.495076290303373
11.403644991964171
-19.821235896321376
12.932894048132837
3.5220254202675214
5.454843783655164
-4.414211258588958
-8.978519793681784
-15.438673658960397
-10.96681132506609
-8.645385155934786
-10.801434469347626
-5.208352922518987
-17.467499267152505
7.876752784927838
-6.110930236383174
0.19183509093109308
17.34638005662157
13.948916500107487
11.391506969260512
-18.99796350616613
11.293862469250492
-6.700527813097121
-1.9736707403023388
-1.4775803198553632
-1.1950371674233011
19.594891371578015
7.41361715681769
-17.377122685617344
-1.2304610589836429
8.212197514295966
11.31600326873675
12.207286749491146
18.463884509600113
-11.396146388048374
-6.765788807545693
13.011518140162039
19.111822953768808
4.008358732860813
-4.362601416004242
-5.762456847554876
18.941407820301954
-15.434963493424787
7.2617500401060795
1.626791265250155
-17.313226032209506
-5.695765752752653
17.149933897639485
-4.396823550286143
-12.708974038185303
-16.163849576362693
-12.490315898552256
1.1052821731074367
5.424486779853538
-15.524337894998204
8.304335247996562
7.377573428800332
-1.5973615586685668
11.154974989952162
3.230688756907764
-13.998092278249343
-0.30047159230518616
-8.103310533160224
0.21575237975818595
-14.120457373194384
19.313730649648562
14.938683023091606
-1.8692273222187197
3.069208129833747
-6.900245908325925
0.7329144166263006
3.4314030442633836
3.398944892372839
-9.522200195427555
-6.104404990089897
11.368861699394479
5.605688609093427
-15.32463474401602
-1.599163019511888
-18.780523893659954
12.495228321904627
9.17597465981185
8.507749214777029
-13.984344976200735
6.016751395899309
10.560315047969127
2.8301825410465113
-11.587970000357103
-6.66486888338785
-11.037733397480816
-15.656695621969963
-19.771938687095908
-13.880584493797322
-16.027836984653785
19.127033665241683
3.4223914242072695
0.7622400920402796
-2.425295687651424
4.020358389615954
-18.106997734133632
11.939865782200204
-5.366409042284129
9.377145166651285
-10.794277196553143
-10.77757370596303
-2.2844380443009804
10.913451185608661
-10.461120940278192
16.83375096258809
3.615306990252826
6.876217080413337
7.998177191926281
-6.027557299492852
10.791040962869847
-5.815249258785563
-16.342038216367282
16.699023658603124
5.5318444440747
10.567013989547295
12.35479612617523
-0.4205477565503557
10.434787223089245
-16.500897537417345
-3.4494686390141283
-0.8251479455634012
1.1841656892105767
2.872035305268632
-7.837450091515862
-11.66427672815077
17.52405208915365
-6.705060729026329
-8.566664067890253
5.376072768292612
-16.15375350485424
-4.3196291109563525
-9.072449356481238
-11.473113384248826
19.794441680233852
10.737099757706737
-2.167777309726521
18.801234775714526
-17.620009396838505
8.336230168867772
-2.015231483948398
-5.378381239074219
-8.696403274779838
7.186069584690351
-10.138439528288314
-19.396844272022307
-3.131057373770865
4.004204417200093
8.604199110865451
-2.0162579968680596
2.278736872513619
-13.680435409103877
-6.909469204914149
4.450533940838174
-4.214648051733043
-6.996949108348964
9.435522644584037
-1.0024768342863446
-8.106487716471577
-8.187733893157155
-19.789934150581967
-10.862575706506554
-14.196003029339455
-12.394654274065644
-9.776443870231759
5.9061414330824
-9.990782334042283
-0.9720460715155319
4.279364498470699
-15.686751837764618
5.4784691018247855
8.200640213268304
-9.260271514373407
10.320644800949609
-18.14812235884598
-10.01039812719453
-10.113362720592512
16.30150652815251
7.610610331785772
9.59370336190532
8.295381449619924
18.120820170870914
12.415404822295272
-19.75246774494868
-7.915494672616052
15.068631536797668
14.270200343557427
17.420680314397607
10.015756294400884
8.203348712363976
-8.133259645689046
-7.268211234336208
8.864720739689194
3.5476189405448046
-5.490429110120969
-13.985372794407432
-9.16030312740892
16.640848448131045
19.345831565566954
-6.5258939932286
15.442519395012383
3.2842919002407243
-17.91928108241774
3.09918606701531
-12.103385991061701
-12.427819163997608
12.707543000870778
17.1465685709815
16.371580328983782
6.3438216634127045
16.40799604666229
10.913334445816155
5.4541148534104025
18.663604900111686
17.28795983599791
5.32089615998143
2.950376742211482
13.413201968026549
0.5342967965919279
3.239646969128856
-17.06000565899464
-3.8370098834540833
-9.765772150570706
13.094075321815033
8.19278821444739
16.712909786647145
-16.17885048916017
4.070339724445024
13.086083727318439
-7.5782544141241495
7.356305436504339
11.568823660655795
-0.45885256730763757
15.19945965780331
8.609895170033738
8.507945265685585
10.776017213960628
-5.394971438595926
-9.369215920561032
-1.5891796329167747
4.245379136965475
-6.532426668943954
0.8851214963778276
14.550186866123418
5.168596890411624
-6.384162568574144
-6.730670796841704
-12.19234772981375
-19.560317828113305
-16.820145669199228
9.861494806690551
-8.018431195319152
2.7566006952066857
12.26316300330135
1.2992472644983621
-16.60624585813291
7.109995676397528
13.155420951214793
-19.782398261398058
-5.532850541452664
-1.312568448724729
5.300674655700078
-5.518713950914037
-5.715225746852376
-2.74260109696559
-17.752909028573715
-13.497372046458178
-15.192487903709821
-6.534860630450012
-16.097076124264767
8.952844570777224
12.628375698783188
8.541804957953794
6.197025008709463
-10.764468289793726
-19.10906896553818
-12.22569184556578
8.489542993070721
-5.243868460504109
17.95316754364557
12.101687622664613
14.537008176046271
8.349349865561244
11.8745518642984
-1.813831517475574
-14.530785421763571
19.20803863564192
12.09222807562017
12.136950915929738
-19.39701516090516
-13.390147106944159
12.890228829952271
-1.6646726064469952
5.276038411301297
18.275220702184036
-4.850742355753862
7.584774256369592
-9.387363464178238
6.022878643670751
12.087608641093908
18.020620604188437
-16.56956763145353
-18.6939606498113
-12.52348630056574
-0.7795415274380062
19.542417572176085
15.465335503528308
15.809752615125753
6.588962479062879
-14.336779260403695
-1.4278589900941085
-3.120867904753762
-17.23656475712977
-16.16188233985738
-17.585256780892344
-3.997968555401833
-3.6284732237726622
8.830013547379014
8.578749325819373
-14.865431573028207
-8.005508699428283
-0.6750658120405788
14.74977249924023
-14.442536565901003
-4.9454824955807695
-7.780469241939652
6.081884040145596
4.9087801332639245
15.194922918135624
12.171847766267824
15.430670392248928
3.2648814760827847
1.2294756187053153
13.267524793423433
-8.316724032967745
18.68752143807339
15.06249627689337
0.781791801055828
8.535649753065076
-3.182052336387386
8.052263875551965
2.82757790742183
3.9023082198311307
16.81843018863477
15.925773743974133
14.10445386308566
-4.876068938997445
-7.845746198370724
8.10797955364962
-1.8313367033683257
8.75774040844864
12.980850850714901
17.75959217540131
-15.921444047444702
16.256619624175357
11.171035292186563
-7.60729985823485
-15.550005395209311
-2.765267966729617
6.868658776220293
-15.246207530919428
12.62989668509615
3.0004562776440515
-2.3730311771833144
-10.4807534177532
-16.933348509765445
2.415171904778113
-19.670316018859808
-5.897398062649945
0.8414404481564617
-9.637957705404897
-1.498258182687362
16.819695149706476
6.37929923904586
5.111909569421616
14.135674405579238
-6.840374409576606
-15.290231347516219
-9.844293454327344
-1.481059087479487
-8.240853483000098
-16.343041045715356
-0.24275198350893135
17.25047333148114
-7.597058979511186
-6.453466156634796
12.765688052444276
15.284590460769039
-5.27767177881687
-19.708608053278837
2.917979971501058
-9.873839388125543
3.2092302198233753
0.6829928303987423
-8.175211048001296
-8.735459605780434
9.38774342832119
1.2106817890666441
18.578491027613204
-10.048855018713812
14.595564922027712
-3.97181638830725
-12.398181017747664
9.044535139586209
-1.2775341300783012
19.949596202354492
-2.795828545522202
-0.05433088481925097
-11.096042437260692
16.15380588717636
-13.954073605219858
1.5032939008106503
16.865715944433163
-6.153384600286325
14.622699046903769
5.8648155102685635
-19.62546857812034
-0.7495632188270349
10.815948837646143
17.1213955111879
-10.809501299208373
19.009521973076076
-16.803408785837956
11.762223992792066
13.167504191006898
16.09671393434325
8.603283472542174
4.045841453723284
6.551628442961821
-2.251210636804288
-19.79111359946745
11.773577685720213
-15.098203038848194
16.386731945358484
1.0439542120735297
-13.03459755529557
-5.357022692712995
-5.428597099796683
9.585584309742675
-16.441142835308725
-5.943086819566723
7.840893070665331
-10.803179608551448
-9.358152087058222
0.09978345883198259
-3.244976940646996
15.718040277473271
18.605786064264677
-17.49210799390142
-7.211054029149704
-8.844474249465275
-14.383533537082108
11.731670410668663
10.286753530336238
8.2627677733024
19.80664506047971
0.1067535150107517
-8.06128759629881
-11.88627391871426
-1.5788735366883522
-14.182661188566609
2.6389063760480767
12.734237247821362
5.713531679217269
3.434467391700622
-7.281774907396489
1.1360541888610989
8.686920294508312
16.17134792981777
0.6950004725075516
1.8941131556261972
-13.00666471061897
16.991975128625107
13.899025224603761
16.993035121185443
-6.527015874652546
-1.1066482082532048
13.566943795005344
4.6845988165271955
19.225027281860065
11.992744502181253
1.8104386919800248
15.987927878966076
10.176625870460391
15.811367577116322
-19.98445617195598
5.36651816311544
14.602696165906167
-9.968298777004598
9.849534515942743
-3.15500649846172
-6.153029279024032
-15.715744628646426
10.572856052538981
-17.801773605751553
-14.828333206223995
14.047861069541817
7.038642004703863
10.694550373637558
5.23526054585275
9.0827484910205
5.400003900077422
-3.8422209555714346
14.81922335018205
4.55828810826339
11.856341758778044
-12.741676442212867
-2.8964768752388608
19.393984976074897
-7.752699285106601
-18.997385358476706
14.98231203922851
-15.318057120572067
16.58611650489697
10.546067960820519
18.24440273354029
14.254707091787246
-12.371440134180997
-5.712322346825744
-6.471210981708557
-1.4054226541623862
1.8004050482630376
-2.799872993331011
13.095478337760163
10.071051455978367
-16.191631824219744
-5.766501141318937
14.586083711579825
-3.493694911095673
17.558186448482232
-9.447115131764313
-7.590410897343967
8.632365084095916
1.6850639685649398
16.269810948632504
-9.771344374124155
-1.6544925330025784
19.87361210016884
-8.921217803066082
3.9397092478463804
12.768316041629014
-9.38256442001797
-3.1635399705536287
-17.539789134264666
-19.534020955177386
18.700290866700733
8.53796724603022
-12.103295433720023
-3.27980867185374
7.622669216863187
5.411405195738421
0.27696557288614443
12.060707889846114
-19.080257711895765
19.434025325886658
-0.31773964535896937
11.044014002417441
-12.349276664836886
16.68735568524275
-18.48631420481835
6.625793947505446
-4.8609382129467384
-13.259695790394467
-9.86279653469271
-0.8174716821309431
0.33391992157852
-2.003902831318104
10.563270428537983
-0.21903619748787406
11.049154683798545
-4.394571087852267
-13.70239930109971
6.487426477710908
-12.2376041316073
3.179807598394305
7.52769048185273
-7.876378307862971
3.2678864160453713
12.39883683033603
8.578615997066017
-11.235062347916092
-1.661107078126566
-7.361355029769413
13.029918664759464
-16.80977786783897
-19.052689681633197
5.607096082794513
17.636150058156588
-3.5684623802302227
3.487887269354353
-17.08917519748168
14.470865842972842
-3.8652956412540753
-4.399792236083462
-18.75152078254084
12.845503978495962
11.191159076585517
-10.52145151669226
19.572966791626307
-15.879951748512076
15.514225848636023
-18.96217169154996
14.338901320866853
-17.35445428378953
19.908937210188085
17.42205387955623
10.584581936304154
16.318843142015687
12.176848293825508
-6.911932049223886
-18.667190848720775
-0.2273691207763946
17.32960343712005
-6.333975954216392
-3.186676451524008
7.881777230998747
-8.07781657283754
15.870139456948074
2.1566574663886904
16.057884210173697
3.178949981441047
-18.179774287537576
-1.7205598609536281
-12.822324005059219
9.844955983973215
-6.646136885605628
-17.723733057522875
19.425252583379667
12.071354591985724
19.333778466311443
-7.187264696260804
-15.546496403165397
14.958209727860861
7.063135198807807
11.004185509653812
-9.292901261463594
-18.054317595778386
-19.675561738554322
-15.32575656190247
-16.76349124794661
4.237797701501815
6.121628865791973
-10.117100407135231
-17.364036371569107
-17.13495896951592
-10.67201326999053
14.378737589387406
-10.210106270888755
0.5449505716358019
0.2665659068857451
-10.16331193973186
-15.207388318332518
-3.98771365922056
3.2404476237817335
11.219570621747941
-13.121004131930615
6.205770394227024
-4.75161517927865
14.663944526719412
-1.2268259172845895
10.653174236060579
-1.584382780794634
2.082287394238989
16.56582188889196
1.8061757296619803
-17.582095618004253
-8.739928403840524
-0.4717552109070269
-5.66719344570493
5.062803603096096
7.497018142554694
-4.023428092229825
17.482414516548694
-2.5455843952771744
-7.394723298165449
-17.50987745330374
2.3088894735648466
13.392130947188562
16.81485921902788
9.928900941682105
18.157082856181084
15.180494228231495
6.028754317087156
7.179946792566728
18.787382269937282
-13.655080843065978
-1.8030110674215791
-8.094667186820072
-12.780692235597538
-11.329104941957224
7.634745384129346
13.105605989722676
-18.510291089057596
5.244142199000148
7.625588286165733
16.363145693108244
-1.1894870535961104
-4.877011072516924
4.163858987553063
-17.983515255638046
4.143747166016489
1.3010691826740555
-13.226425840560019
9.629951166006737
-4.032754071377429
10.210002088417674
8.949088556401211
-11.258013383576447
3.0064831516959423
-15.69352241976448
0.07095912776154734
-4.921854810480157
16.0763588250813
11.8454422747551
-6.7720658881712446
-6.475641066493264
0.9867876934229791
-11.10171624260511
-10.503702992026733
-14.540623884536128
-5.726740948673177
6.521187683809796
7.9800902404679235
-7.848413513705044
-7.72973962142434
2.1011845120188823
3.1982820583768756
-14.275786343709388
-17.25345245644476
18.365743062962338
18.565706135274667
3.3495806899142586
16.56610030171087
11.669341683690504
5.429876003717897
-6.740229245524766
-8.947487755214777
-4.242764175974658
-18.726087292136246
-0.1268015590732645
9.36962498118784
-6.512667866470148
17.198215983296564
7.663762727995529
7.94676943248783
-0.23233605459181206
11.64930351884999
12.352347674201987
12.216182871143594
13.814669794563919
19.8262328798008
-6.520528387428595
15.789634774054
7.683682192024804
-9.250923701484584
15.769131347085114
-17.085215570881548
-9.579418966520716
4.0414801738994655
-6.213244744111064
-6.83368258415744
-6.552733911830316
0.3057167475525482
10.811123058801368
5.7123806266425845
0.7553017268012319
15.24043232429026
-2.1658867804698865
13.858595970868457
-14.84606179230784
-10.082084762220681
17.132366243706628
7.623534162440009
14.643646445997348
-18.627194001098747
-13.109544406755326
17.744487338873142
0.4470374851738015
13.15633411995784
8.934044098549268
-11.566607491240868
6.063129164724504
15.248553150299742
12.391842868556495
4.474724054482323
12.224715833951983
15.336679942075179
-2.3772252971767536
-5.621851445299434
0.4595451718177266
12.645872995772592
5.238371409275796
0.19779365458866138
-1.0998446454808928
-6.3884790908804945
7.453277828046403
-4.612435779699894
17.17889552266952
-13.813283593266785
0.28576863126343
-19.690474842679194
-16.699989363091902
7.129289925653296
7.573532343888232
-13.042668745100979
-6.826150305756503
-10.052337141328396
-16.58811523470142
-1.30971601503283
15.180028854530747
-18.866476813214845
2.105372352053422
-18.75351060022114
9.147074097319837
-0.08093554258176283
-12.915537042547127
-14.659842248061231
3.007034170639706
10.22457335650195
14.46400556954329
16.044942947692668
-1.222359703457986
17.67033275959193
18.553487243943884
-4.410020290700341
-19.102934003328276
16.65428284505397
9.788794398337373
-7.909128572586241
4.401982511159325
-3.1832441362424007
-8.516497726238317
-9.200447448690433
-3.991479231875946
-14.871499402967734
-3.764029446035316
1.015681231554435
13.402014291176933
-0.8015277676485653
5.716178628913443
0.8659526547561853
1.559500409433081
19.453824903704046
-1.2367809491333972
12.846770367982359
-10.83709837364195
-2.5118940725460703
19.31625544216567
11.486000544133695
18.65060663136658
-6.200660605402151
-17.129749672605183
-9.602514655759844
10.648047595628608
6.402997269754458
16.366946291779733
-2.693264457781112
-16.00624107845856
9.957570697874218
-7.409748497546724
3.8724041436221093
7.997616339410062
-4.712296578841983
7.469748916133575
-1.625214389593765
-17.07588456611759
-0.5744330163589595
18.860734331793473
7.189205363580669
-3.2405159814371522
8.76885526360158
-4.773342182816304
3.929757605804589
8.12867662546434
4.476773415876465
-13.052089218987767
3.0129546840432226
-19.692705091588337
10.749092621383937
-0.20045813560823333
10.771790097978027
-19.368858980014735
-1.2127937404014517
-0.7954817516651538
19.367980954757805
11.55083465721992
-0.22558949636294656
-11.986640899185982
-11.696355466668056
-8.386274489186718
-18.552693471519774
-18.376778688100824
19.074312805666338
-6.264207916157808
-1.274728659719461
-19.548383979437464
1.4392079789664827
-15.442268811796156
-7.246852777742916
-5.485662939635443
-7.927583054247691
0.4240253686817326
8.774549092937157
18.720321478611844
-19.480573085674347
10.69298048501301
-7.585867659616849
6.034942540695575
-12.203569551465097
1.9566951296723154
16.309649645963873
-4.641057930238631
-17.833366476972618
6.014228603938857
-18.8431863044327
-16.209070139110807
-19.76186820499597
1.331302930614406
-0.947497951493542
11.791139339486925
-0.8724865523501499
-7.778631103453417
-2.4935643701682437
2.229907441857879
-15.641114567494